0 0.7140625 0.7109375 0.5828125 0.7109375 0.5828125000000001 0.8921875 0.7140625000000002 0.8921875
0 0.7265625000000002 0.9078125 0.6562500000000002 0.9078125 0.6562500000000002 0.9953125 0.7265625000000002 0.9953125
0 0.865625 0.6656250000000001 0.7921875 0.6656250000000001 0.7921875 0.7328125000000002 0.865625 0.7328125000000002
0 0.91875 0.4750000000000002 0.753125 0.4750000000000002 0.753125 0.6750000000000002 0.91875 0.6750000000000002
0 0.9953125 0.3343750000000001 0.8765625 0.3343750000000001 0.8765625 0.5671875000000002 0.9953125 0.5671875000000002
0 0.996875 0.13906250000000012 0.8375 0.1390625000000001 0.8375 0.3500000000000001 0.996875 0.3500000000000001
0 0.884375 0.2687500000000001 0.725 0.2687500000000001 0.725 0.4687500000000001 0.884375 0.46875000000000017
0 0.8921875 0.0578125000000001 0.725 0.057812500000000086 0.725 0.2640625000000001 0.8921875 0.2640625000000001
0 0.6093750000000001 0.6296875 0.490625 0.6296875 0.4906250000000001 0.79375 0.6093750000000002 0.79375
0 0.7265625 0.1546875000000001 0.575 0.1546875000000001 0.575 0.3500000000000001 0.7265625 0.3500000000000001
0 0.78125 8.572527594031472e-17 0.61875 7.577502069724248e-17 0.61875 0.1546875000000001 0.78125 0.1546875000000001
0 0.621875 0.040625000000000064 0.4671875 0.04062500000000006 0.4671875 0.2218750000000001 0.621875 0.2218750000000001
0 0.5796875 0.2062500000000001 0.459375 0.2062500000000001 0.459375 0.34062500000000007 0.5796875 0.34062500000000007
0 0.640625 7.089556860688975e-17 0.5171875 6.333720164340217e-17 0.5171875 0.04687500000000007 0.640625 0.046875000000000076
0 0.5171875 5.807504742831589e-17 0.43125 5.281289321322961e-17 0.43125 0.09218750000000006 0.5171875 0.09218750000000006
0 0.4859375 0.07343750000000006 0.359375 0.07343750000000004 0.359375 0.24843750000000003 0.4859375 0.2484375000000001
0 0.459375 0.22656250000000008 0.3828125 0.22656250000000008 0.3828125 0.2843750000000001 0.459375 0.2843750000000001
0 0.509375 0.2843750000000001 0.3828125 0.2843750000000001 0.38281250000000006 0.4328125 0.509375 0.4328125
0 0.4671875 0.4328125 0.3515625000000001 0.4328125 0.3515625000000001 0.578125 0.4671875 0.578125
0 0.3703125000000001 0.5 0.27812500000000007 0.5 0.27812500000000007 0.6078125 0.3703125000000001 0.6078125
0 0.34843750000000007 0.4328125 0.2406250000000001 0.4328125 0.2406250000000001 0.5921875 0.34843750000000007 0.5921875
0 0.32031250000000006 0.340625 0.2125 0.340625 0.21250000000000005 0.4796875 0.3203125000000001 0.4796875
0 0.2390625000000001 0.4171875 0.14687500000000003 0.4171875 0.14687500000000006 0.5515625 0.2390625000000001 0.5515625
0 0.40625 0.35625000000000007 0.3125 0.35625 0.31250000000000006 0.4484375 0.40625 0.4484375
0 0.39375 0.20156250000000003 0.28125 0.2015625 0.28125 0.35625000000000007 0.39375 0.35625000000000007
0 0.3015625 0.18125000000000005 0.2015625 0.18125000000000005 0.2015625 0.3203125 0.3015625 0.3203125
0 0.3515625 0.015625000000000035 0.24375 0.015625000000000028 0.24375 0.19531250000000006 0.3515625 0.19531250000000006
0 0.4328125 4.5445877312108814e-17 0.309375 3.788751034862124e-17 0.309375 0.10312500000000005 0.4328125 0.10312500000000005
1 0.996875 0.7375000000000002 0.7296875000000002 0.7375000000000002 0.7296875000000002 0.9953125 0.996875 0.9953125
1 0.996875 0.6703125000000002 0.865625 0.6703125000000002 0.865625 0.7421875000000002 0.996875 0.7421875000000002
1 0.996875 0.5671875000000002 0.9265625 0.5671875000000002 0.9265625 0.6703125000000002 0.996875 0.6703125000000002
1 0.4906250000000001 0.6140625 7.520096751014216e-17 0.6140625 9.854579711888858e-17 0.9953125 0.4906250000000002 0.9953125
1 0.7578125 0.4390625000000001 0.471875 0.4390625 0.471875 0.6296875000000001 0.7578125 0.6296875000000002
1 0.7265625 0.3453125000000001 0.509375 0.3453125000000001 0.509375 0.4437500000000001 0.7265625 0.4437500000000002
1 0.7734375 0.6343750000000001 0.6109375 0.634375 0.6109375 0.7171875000000001 0.7734375 0.7171875000000002
1 0.7921875 0.6656250000000001 0.70625 0.665625 0.70625 0.9484375 0.7921875000000002 0.9484375
1 0.6562500000000002 0.8921875 0.4937500000000002 0.8921875 0.4937500000000002 0.9953125 0.6562500000000002 0.9953125
1 0.5875000000000001 0.79375 0.48750000000000016 0.79375 0.48750000000000016 0.8921875 0.5875000000000001 0.8921875
1 0.471875 0.5765625 0.37187500000000007 0.5765625 0.37187500000000007 0.61875 0.471875 0.61875
1 0.14687500000000006 0.46875 5.740531871003217e-17 0.46875 6.630314311008718e-17 0.6140625 0.1468750000000001 0.6140625
1 0.2468750000000001 0.546875 0.1468750000000001 0.546875 0.1468750000000001 0.6140625 0.2468750000000001 0.6140625
1 0.2671875000000001 0.5828125 0.24375000000000008 0.5828125 0.24375000000000008 0.6078125 0.2671875000000001 0.6078125
1 0.14687500000000003 8.993499931238376e-18 0 0 2.812860616791577e-17 0.459375 0.14687500000000003 0.459375
1 0.246875 2.4110233858213517e-17 0.146875 1.798699986247675e-17 0.146875 0.17500000000000002 0.246875 0.17500000000000004
1 0.3015625 3.310373378945189e-17 0.2390625 2.9276712542116413e-17 0.2390625 0.020312500000000032 0.3015625 0.02031250000000004
1 0.20156250000000003 0.18125000000000002 0.1515625 0.18125 0.15156250000000002 0.41875 0.2015625000000001 0.41875
1 0.22343750000000004 0.3203125 0.2046875 0.3203125 0.20468750000000005 0.365625 0.2234375000000001 0.365625