0 0.9203125 0.4843750000000001 0.709375 0.484375 0.7093750000000001 0.8578125 0.9203125 0.8578125
0 0.7921875000000002 0.7640625000000001 0.6984375000000002 0.7640625 0.6984375000000002 0.8640625 0.7921875000000002 0.8640625
0 0.8421875 0.3531250000000001 0.6828125 0.3531250000000001 0.6828125 0.5796875000000001 0.8421875 0.5796875000000001
0 0.8796875 0.4000000000000002 0.8375 0.4000000000000002 0.8375 0.48437500000000017 0.8796875 0.48437500000000017
0 0.871875 0.3468750000000001 0.8296875 0.3468750000000001 0.8296875 0.4156250000000002 0.871875 0.4156250000000002
0 0.85625 0.3156250000000001 0.796875 0.3156250000000001 0.796875 0.3890625000000001 0.85625 0.3890625000000001
0 0.890625 0.2640625000000001 0.8421875 0.2640625000000001 0.8421875 0.33281250000000007 0.890625 0.33281250000000007
0 0.8875 0.20468750000000008 0.83125 0.20468750000000008 0.83125 0.2687500000000001 0.8875 0.2687500000000001
0 0.85625 0.1687500000000001 0.81875 0.1687500000000001 0.81875 0.2156250000000001 0.85625 0.2156250000000001
0 0.8453125 0.22656250000000008 0.7921875 0.22656250000000008 0.7921875 0.2953125000000001 0.8453125 0.2953125000000001
0 0.8421875 0.2843750000000001 0.8 0.2843750000000001 0.8 0.3156250000000001 0.8421875 0.3156250000000001
0 0.7890625 0.2796875000000001 0.7328125 0.2796875000000001 0.7328125 0.3531250000000001 0.7890625 0.3531250000000001
0 0.7734375 0.24218750000000008 0.7359375 0.24218750000000008 0.7359375 0.27812500000000007 0.7734375 0.27812500000000007
0 0.815625 0.1687500000000001 0.725 0.1687500000000001 0.725 0.2890625000000001 0.815625 0.2890625000000001
0 0.7328125 0.17968750000000008 0.6828125 0.17968750000000008 0.6828125 0.2578125000000001 0.7328125 0.2578125000000001
0 0.7359375 0.2578125000000001 0.69375 0.2578125000000001 0.69375 0.3421875000000001 0.7359375 0.3421875000000001
0 0.7281250000000001 0.7109375000000001 0.6453125 0.7109375 0.6453125000000001 0.815625 0.7281250000000001 0.815625
0 0.7140625 0.5953125 0.6578125 0.5953125 0.6578125 0.7109375 0.7140625 0.7109375
0 0.6765625 0.5375 0.63125 0.5375 0.63125 0.5953125 0.6765625 0.5953125
0 0.6875 0.4375 0.6109375 0.4375 0.6109375 0.53125 0.6875 0.53125
0 0.6875 0.3843750000000001 0.65625 0.3843750000000001 0.65625 0.43125 0.6875 0.43125
0 0.6640625 0.3046875000000001 0.565625 0.3046875000000001 0.565625 0.4421875 0.6640625 0.4421875
0 0.6453125 0.2734375000000001 0.584375 0.2734375000000001 0.584375 0.3312500000000001 0.6453125 0.3312500000000001
0 0.6796875 0.17343750000000008 0.5890625 0.17343750000000008 0.5890625 0.2796875000000001 0.6796875 0.2796875000000001
0 0.69375 0.24218750000000008 0.653125 0.24218750000000008 0.653125 0.3000000000000001 0.69375 0.3000000000000001
0 0.6796875 0.2890625000000001 0.6453125 0.2890625000000001 0.6453125 0.3312500000000001 0.6796875 0.3312500000000001
0 0.7203125 0.3218750000000001 0.6640625 0.3218750000000001 0.6640625 0.37968750000000007 0.7203125 0.37968750000000007
0 0.615625 0.43125 0.58125 0.43125 0.58125 0.4953125 0.615625 0.4953125
0 0.5765625 0.3906250000000001 0.490625 0.3906250000000001 0.490625 0.50625 0.5765625 0.50625
0 0.634375 0.5046875 0.5515625 0.5046875 0.5515625 0.6 0.634375 0.6
0 0.6375 0.584375 0.58125 0.584375 0.58125 0.6578125 0.6375 0.6578125
0 0.6984375 0.5734375 0.5359375 0.5734375 0.5359375000000001 0.753125 0.6984375000000002 0.753125
0 0.6500000000000001 0.7375 0.5515625000000002 0.7375 0.5515625000000002 0.853125 0.6500000000000001 0.853125
0 0.6578125000000001 0.6890625 0.6046875 0.6890625 0.6046875 0.7421875 0.6578125000000001 0.7421875
0 0.5546875000000002 0.7484375 0.5015625000000001 0.7484375 0.5015625000000001 0.821875 0.5546875000000002 0.821875
0 0.5765625000000001 0.6 0.453125 0.6 0.4531250000000001 0.853125 0.5765625000000002 0.853125
0 0.5515625 0.5484375 0.46875 0.5484375 0.46875 0.6328125 0.5515625 0.6328125
0 0.5859375 0.453125 0.43125 0.453125 0.43125 0.5578125 0.5859375 0.5578125
0 0.5578125 0.3312500000000001 0.3890625 0.3312500000000001 0.38906250000000003 0.4796875 0.5578125 0.4796875
0 0.6 0.2218750000000001 0.5328125 0.2218750000000001 0.5328125 0.3531250000000001 0.6 0.3531250000000001
0 0.5703125 0.17812500000000006 0.4875 0.17812500000000003 0.4875 0.2843750000000001 0.5703125 0.2843750000000001
0 0.6 0.15781250000000008 0.5578125 0.15781250000000008 0.5578125 0.2156250000000001 0.6 0.2156250000000001
0 0.3546875 0.13750000000000004 0.3125 0.13750000000000004 0.3125 0.26875 0.3546875 0.26875
0 0.384375 0.14843750000000006 0.34375 0.14843750000000006 0.34375 0.23281250000000003 0.384375 0.2328125000000001
0 0.434375 0.14218750000000005 0.3578125 0.14218750000000005 0.3578125 0.21093750000000006 0.434375 0.21093750000000008
0 0.5171875 0.13281250000000006 0.4 0.13281250000000006 0.4 0.2062500000000001 0.5171875 0.2062500000000001
0 0.5203125 0.17968750000000006 0.3359375 0.17968750000000006 0.3359375 0.30625 0.5203125 0.3062500000000001
0 0.5015625 0.28437500000000004 0.346875 0.284375 0.346875 0.34687500000000004 0.5015625 0.3468750000000001
0 0.528125 0.28906250000000006 0.328125 0.2890625 0.32812500000000006 0.384375 0.528125 0.3843750000000001
0 0.4953125000000001 0.615625 0.3937500000000001 0.615625 0.3937500000000001 0.7578125 0.49531250000000016 0.7578125
0 0.4640625 0.4890625 0.3734375000000001 0.4890625 0.3734375000000001 0.615625 0.4640625 0.615625
0 0.4265625 0.37968750000000007 0.3515625000000001 0.3796875 0.3515625000000001 0.5 0.4265625 0.5
0 0.4796875 0.33125000000000004 0.34375 0.33125 0.34375000000000006 0.38906250000000003 0.4796875 0.3890625000000001
0 0.5390625 0.3109375000000001 0.4265625 0.3109375000000001 0.4265625 0.3625000000000001 0.5390625 0.3625000000000001
0 0.321875 0.246875 0.15937500000000004 0.246875 0.15937500000000004 0.4265625 0.3218750000000001 0.4265625
0 0.3203125000000001 0.40625 0.2531250000000001 0.40625 0.2531250000000001 0.5796875 0.3203125000000001 0.5796875
0 0.3968750000000001 0.5734375 0.2875000000000001 0.5734375 0.2875000000000001 0.66875 0.3968750000000001 0.66875
0 0.41093750000000007 0.5953125 0.2796875000000001 0.5953125 0.2796875000000001 0.8578125 0.4109375000000002 0.8578125
0 0.4000000000000001 0.6375 0.30156250000000007 0.6375 0.30156250000000007 0.8640625 0.4000000000000002 0.8640625
0 0.3468750000000001 0.646875 0.2984375000000001 0.646875 0.2984375000000001 0.8953125 0.3468750000000001 0.8953125
0 0.30937500000000007 0.5953125 0.2687500000000001 0.5953125 0.2687500000000001 0.7890625 0.30937500000000007 0.7890625
0 0.2953125000000001 0.584375 0.2578125000000001 0.584375 0.2578125000000001 0.8734375 0.2953125000000001 0.8734375
0 0.2718750000000001 0.5890625 0.2296875000000001 0.5890625 0.2296875000000001 0.86875 0.2718750000000001 0.86875
0 0.2562500000000001 0.6 0.17343750000000008 0.6 0.17343750000000008 0.8734375 0.2562500000000001 0.8734375
0 0.2500000000000001 0.4734375 0.21250000000000008 0.4734375 0.21250000000000008 0.56875 0.2500000000000001 0.56875
0 0.2484375000000001 0.3953125 0.2078125000000001 0.3953125 0.2078125000000001 0.4734375 0.2484375000000001 0.4734375
0 0.21875000000000008 0.4421875 0.18437500000000004 0.4421875 0.18437500000000004 0.5109375 0.21875000000000008 0.5109375
0 0.2500000000000001 0.5578125 0.2234375000000001 0.5578125 0.2234375000000001 0.621875 0.2500000000000001 0.621875
0 0.2078125 0.2421875 0.15468750000000003 0.2421875 0.15468750000000003 0.33125 0.2078125 0.33125
0 0.18437500000000004 0.2265625 0.10625000000000004 0.2265625 0.10625000000000004 0.284375 0.18437500000000004 0.284375
0 0.203125 0.16250000000000003 0.1546875 0.1625 0.15468750000000003 0.2421875 0.203125 0.2421875
0 0.15468750000000003 0.1578125 0.1203125 0.1578125 0.12031250000000002 0.215625 0.15468750000000003 0.215625
0 0.253125 0.16250000000000003 0.2078125 0.16250000000000003 0.2078125 0.2421875 0.253125 0.2421875
0 0.290625 0.16875000000000004 0.2453125 0.16875000000000004 0.2453125 0.23125 0.290625 0.23125
0 0.271875 0.23125 0.234375 0.23125 0.234375 0.2890625 0.271875 0.2890625
0 0.240625 0.2265625 0.2078125 0.2265625 0.2078125 0.278125 0.240625 0.278125
0 0.16250000000000003 0.2890625 0.11250000000000004 0.2890625 0.11250000000000004 0.3265625 0.16250000000000003 0.3265625
0 0.16250000000000003 0.3265625 0.11718750000000004 0.3265625 0.11718750000000004 0.384375 0.16250000000000003 0.384375
0 0.31718750000000007 0.3 0.10625000000000004 0.3 0.10625000000000004 0.446875 0.31718750000000007 0.446875
0 0.22656250000000008 0.384375 0.08593750000000004 0.384375 0.08593750000000007 0.7109375 0.22656250000000008 0.7109375
0 0.2000000000000001 0.5484375 0.06718750000000007 0.5484375 0.06718750000000008 0.80625 0.2000000000000001 0.80625
0 0.16562500000000008 0.7578125 0.07187500000000009 0.7578125 0.0718750000000001 0.8734375 0.16562500000000008 0.8734375
0 0.4671875000000002 0.7578125 0.4078125000000002 0.7578125 0.4078125000000002 0.8375 0.4671875000000002 0.8375
0 0.42656250000000007 0.7109375 0.3765625000000001 0.7109375 0.3765625000000001 0.7890625 0.4265625000000002 0.7890625
0 0.3921875000000001 0.6578125 0.3515625000000001 0.6578125 0.3515625000000001 0.73125 0.3921875000000001 0.73125
0 0.403125 0.5796875 0.3437500000000001 0.5796875 0.3437500000000001 0.6578125 0.403125 0.6578125
0 0.5125 0.6109375 0.471875 0.6109375 0.471875 0.684375 0.5125 0.684375
0 0.38125000000000003 0.353125 0.2796875 0.353125 0.27968750000000003 0.5734375 0.3812500000000001 0.5734375