0 0.3703125000000001 0.7328125 0.1859375000000001 0.7328125 0.1859375000000001 0.896875 0.3703125000000001 0.896875
0 0.221875 0.10937500000000003 0.03593750000000001 0.109375 0.035937500000000025 0.278125 0.221875 0.278125
0 0.12031250000000009 0.6390625 7.826258450801054e-17 0.6390625 8.802148868871601e-17 0.7984375 0.12031250000000009 0.7984375
0 0.55625 0.19062500000000004 0.09531250000000002 0.190625 0.09531250000000005 0.525 0.55625 0.525
0 0.4625 0.32812500000000006 0.2625 0.328125 0.26250000000000007 0.415625 0.4625 0.415625
0 0.3781250000000001 0.4 0.2875000000000001 0.4 0.2875000000000001 0.4875 0.3781250000000001 0.4875
0 0.26250000000000007 0.409375 0.09531250000000005 0.409375 0.09531250000000005 0.56875 0.26250000000000007 0.56875
0 0.50625 0.4203125 0.3781250000000001 0.4203125 0.3781250000000001 0.6171875 0.50625 0.6171875
0 0.5421875 0.525 0.4796875 0.525 0.4796875 0.634375 0.5421875 0.634375
0 0.5828125 0.31718750000000007 0.503125 0.31718750000000007 0.503125 0.409375 0.5828125 0.409375
0 0.5609375 0.2562500000000001 0.4375 0.2562500000000001 0.4375 0.3828125000000001 0.5609375 0.3828125000000001
0 0.4578125 0.2515625 0.3421875 0.2515625 0.3421875 0.33906250000000004 0.4578125 0.3390625000000001
0 0.3890625000000001 0.540625 0.3265625000000001 0.540625 0.3265625000000001 0.628125 0.3890625000000001 0.628125
0 0.3859375000000001 0.65625 0.3234375000000001 0.65625 0.3234375000000001 0.7328125 0.3859375000000001 0.7328125
0 0.2843750000000001 0.6609375 0.1937500000000001 0.6609375 0.1937500000000001 0.759375 0.2843750000000001 0.759375
0 0.1859375000000001 0.7109375 0.11718750000000008 0.7109375 0.11718750000000008 0.78125 0.1859375000000001 0.78125
0 0.19687500000000008 0.590625 0.1281250000000001 0.590625 0.1281250000000001 0.6890625 0.19687500000000008 0.6890625
0 0.3156250000000001 0.6125 0.21093750000000008 0.6125 0.21093750000000008 0.7109375 0.3156250000000001 0.7109375
0 0.4250000000000001 0.5625 0.2734375000000001 0.5625 0.2734375000000001 0.7375 0.42500000000000016 0.7375
0 0.44062500000000016 0.7546875 0.3781250000000001 0.7546875 0.3781250000000001 0.803125 0.44062500000000016 0.803125
0 0.4296875000000001 0.634375 0.3671875000000001 0.634375 0.3671875000000001 0.7546875 0.42968750000000017 0.7546875
0 0.4875000000000001 0.634375 0.41875 0.634375 0.41875000000000007 0.7484375 0.48750000000000016 0.7484375
0 0.5062500000000001 0.7 0.4375 0.7 0.4375000000000001 0.7875 0.5062500000000002 0.7875
0 0.6250000000000001 0.7046875 0.509375 0.7046875 0.5093750000000001 0.86875 0.6250000000000002 0.86875
0 0.8875 0.51875 0.6765625 0.51875 0.6765625 0.6937500000000001 0.8875 0.6937500000000002
0 0.734375 0.3500000000000001 0.6359375 0.3500000000000001 0.6359375 0.5406250000000001 0.734375 0.5406250000000001
0 0.821875 0.3500000000000001 0.69375 0.3500000000000001 0.69375 0.4531250000000001 0.821875 0.45312500000000017
0 0.6578125 0.3281250000000001 0.5453125 0.3281250000000001 0.5453125 0.584375 0.6578125 0.584375
0 0.6546875000000001 0.20312500000000006 0.08281250000000002 0.203125 0.08281250000000005 0.809375 0.6546875000000002 0.809375
0 0.978125 8.754311103279908e-17 0.4515625 5.5300457023997667e-17 0.4515625 0.4156250000000001 0.978125 0.4156250000000002
0 0.8734375 0.2296875000000001 0.7390625 0.2296875000000001 0.7390625 0.37187500000000007 0.8734375 0.37187500000000007
0 0.9015625 0.2562500000000001 0.7671875 0.2562500000000001 0.7671875 0.3609375000000001 0.9015625 0.3609375000000001
0 0.8078125 0.021875000000000092 0.684375 0.021875000000000082 0.684375 0.12031250000000009 0.8078125 0.12031250000000009
0 0.9859375 0.03906250000000012 0.865625 0.03906250000000011 0.865625 0.2140625000000001 0.9859375 0.2140625000000001
0 0.9125 0.3218750000000001 0.840625 0.3218750000000001 0.840625 0.37187500000000007 0.9125 0.37187500000000007
0 0.934375 0.2687500000000001 0.884375 0.2687500000000001 0.884375 0.2906250000000001 0.934375 0.2906250000000001
0 0.840625 0.12031250000000009 0.7015625 0.12031250000000009 0.7015625 0.2234375000000001 0.840625 0.2234375000000001
0 0.7171875 0.048437500000000085 0.6265625 0.04843750000000008 0.6265625 0.1859375000000001 0.7171875 0.1859375000000001
0 0.8546875 0.3937500000000001 0.7703125 0.3937500000000001 0.7703125 0.46406250000000016 0.8546875 0.46406250000000016