0 0.7234375 0.3765625000000001 0.5859375 0.3765625000000001 0.5859375 0.671875 0.7234375 0.671875
0 0.8140625 0.3609375000000001 0.6625 0.3609375000000001 0.6625000000000001 0.7328125000000001 0.8140625 0.7328125000000002
0 0.7125 0.33281250000000007 0.6515625 0.33281250000000007 0.6515625 0.4375 0.7125 0.4375
0 0.6296875 0.3390625000000001 0.50625 0.3390625000000001 0.50625 0.4640625 0.6296875 0.4640625
0 0.6078125 0.44375 0.5125 0.44375 0.5125 0.553125 0.6078125 0.553125
0 0.5859375 0.5796875 0.50625 0.5796875 0.50625 0.721875 0.5859375 0.721875
0 0.690625 0.6453125 0.553125 0.6453125 0.5531250000000001 0.8578125 0.6906250000000002 0.8578125
0 0.5859375000000002 0.7703125 0.5203125000000002 0.7703125 0.5203125000000002 0.846875 0.5859375000000002 0.846875
0 0.5531250000000001 0.7046875 0.425 0.7046875 0.4250000000000001 0.853125 0.5531250000000002 0.853125
0 0.484375 0.60625 0.41875 0.60625 0.41875 0.69375 0.484375 0.69375
0 0.534375 0.48125 0.440625 0.48125 0.440625 0.56875 0.534375 0.56875
0 0.5390625 0.4109375 0.459375 0.4109375 0.459375 0.4875 0.5390625 0.4875
0 0.4625 0.4484375 0.41875 0.4484375 0.41875 0.5625 0.4625 0.5625
0 0.41875 0.4484375 0.3281250000000001 0.4484375 0.3281250000000001 0.5578125 0.41875 0.5578125
0 0.41875 0.590625 0.3390625000000001 0.590625 0.3390625000000001 0.678125 0.41875 0.678125
0 0.43281250000000016 0.7484375 0.3890625000000001 0.7484375 0.3890625000000001 0.853125 0.43281250000000016 0.853125
0 0.3968750000000001 0.6171875 0.26250000000000007 0.6171875 0.26250000000000007 0.853125 0.3968750000000001 0.853125
0 0.2984375000000001 0.634375 0.2296875000000001 0.634375 0.2296875000000001 0.7921875 0.2984375000000001 0.7921875
0 0.3281250000000001 0.671875 0.2906250000000001 0.671875 0.2906250000000001 0.7265625 0.3281250000000001 0.7265625
0 0.3343750000000001 0.4375 0.2000000000000001 0.4375 0.2000000000000001 0.634375 0.3343750000000001 0.634375
0 0.2656250000000001 0.378125 0.12031250000000004 0.378125 0.12031250000000007 0.6078125 0.2656250000000001 0.6078125
0 0.4546875 0.30000000000000004 0.221875 0.3 0.22187500000000004 0.4703125 0.4546875 0.4703125