0 0.4640625 0.36875 0.3375000000000001 0.36875 0.3375000000000001 0.61875 0.4640625 0.61875
0 0.5734375 0.3984375000000001 0.45625 0.3984375000000001 0.45625 0.63125 0.5734375 0.63125
0 0.5703125 0.2078125000000001 0.4625 0.2078125000000001 0.4625 0.4171875 0.5703125 0.4171875
0 0.559375 6.037126017671717e-17 0.4265625 5.223884002612928e-17 0.4265625 0.2328125000000001 0.559375 0.2328125000000001
0 0.4703125 0.15468750000000003 0.3328125 0.15468750000000003 0.33281250000000007 0.38750000000000007 0.4703125 0.38750000000000007
0 0.4125 0.08906250000000004 0.296875 0.08906250000000004 0.296875 0.2984375 0.4125 0.2984375000000001
0 0.3531250000000001 0.3875 0.2796875000000001 0.3875 0.2796875000000001 0.553125 0.3531250000000001 0.553125
0 0.40312500000000007 0.546875 0.2640625000000001 0.546875 0.2640625000000001 0.7859375 0.4031250000000002 0.7859375
0 0.503125 0.6125 0.44375 0.6125 0.44375 0.7203125 0.503125 0.7203125
0 0.5593750000000001 0.6484375 0.446875 0.6484375 0.4468750000000001 0.8578125 0.5593750000000002 0.8578125
0 0.46406250000000016 0.74375 0.34062500000000007 0.74375 0.34062500000000007 0.953125 0.46406250000000016 0.953125
0 0.5140625000000002 0.8515625 0.40625000000000017 0.8515625 0.40625000000000017 0.99375 0.5140625000000002 0.99375
0 0.3625000000000001 0.7796875 0.2968750000000001 0.7796875 0.2968750000000001 0.940625 0.3625000000000001 0.940625
0 0.4265625 0.33281250000000007 0.3375 0.3328125 0.3375 0.4109375 0.4265625 0.4109375