0 0.996875 1.094528076737947e-16 0.790625 9.682363755758761e-17 0.790625 0.21875000000000008 0.996875 0.21875000000000008
0 0.996875 0.2453125000000001 0.7875 0.2453125000000001 0.7875 0.47968750000000016 0.996875 0.47968750000000016
0 0.996875 0.49531250000000016 0.790625 0.49531250000000016 0.790625 0.7234375000000002 0.996875 0.7234375000000002
0 0.996875 0.7500000000000002 0.8171875 0.7500000000000002 0.8171875 0.9953125 0.996875 0.9953125
0 0.7828125000000001 0.48906250000000007 0.49375 0.4890625 0.4937500000000001 0.7343750000000001 0.7828125000000001 0.7343750000000002
0 0.7875 0.23437500000000008 0.503125 0.23437500000000008 0.503125 0.47343750000000007 0.7875 0.4734375000000002
0 0.6703125 0.05781250000000008 0.54375 0.057812500000000065 0.54375 0.17031250000000006 0.6703125 0.1703125000000001
0 0.6546875 7.166097285635683e-17 0.515625 6.31458505810354e-17 0.515625 0.05781250000000008 0.6546875 0.057812500000000086
0 0.7453125 8.438581850374731e-17 0.6328125 7.749718025854345e-17 0.6328125 0.09062500000000008 0.7453125 0.0906250000000001
0 0.771875 0.05312500000000009 0.6703125 0.05312500000000009 0.6703125 0.14843750000000008 0.771875 0.14843750000000008
0 0.5796875 0.07968750000000006 0.4984375 0.07968750000000006 0.4984375 0.15468750000000006 0.5796875 0.1546875000000001
0 0.546875 0.15000000000000008 0.5015625 0.15000000000000005 0.5015625 0.20312500000000008 0.546875 0.20312500000000008
0 0.64375 0.15468750000000006 0.5359375 0.15468750000000003 0.5359375 0.21250000000000008 0.64375 0.21250000000000008
0 0.7046875 0.1437500000000001 0.6375 0.1437500000000001 0.6375 0.21250000000000008 0.7046875 0.21250000000000008
0 0.7828125 0.10156250000000008 0.7 0.10156250000000008 0.7 0.2015625000000001 0.7828125 0.2015625000000001
0 0.6328125000000002 0.8359375 0.5390625000000002 0.8359375 0.5390625000000002 0.8890625 0.6328125000000002 0.8890625
0 0.7156250000000002 0.8625 0.6296875000000002 0.8625 0.6296875000000002 0.9265625 0.7156250000000002 0.9265625
0 0.7906250000000001 0.7984375000000001 0.7484375000000002 0.7984375000000001 0.7484375000000002 0.9046875 0.7906250000000001 0.9046875
0 0.7531250000000002 0.803125 0.6968750000000001 0.803125 0.6968750000000001 0.925 0.7531250000000002 0.925
0 0.7828125000000001 0.93125 0.7234375000000002 0.93125 0.7234375000000002 0.9953125 0.7828125000000001 0.9953125
0 0.7343750000000002 0.915625 0.6484375000000002 0.915625 0.6484375000000002 0.9953125 0.7343750000000002 0.9953125
0 0.5609375000000002 0.8671875 0.4984375000000002 0.8671875 0.4984375000000002 0.9515625 0.5609375000000002 0.9515625
0 0.7937500000000002 0.7562500000000001 0.5015625000000001 0.75625 0.5015625000000001 0.9953125 0.7937500000000002 0.9953125
0 0.4984375000000002 0.75625 0.2062500000000001 0.75625 0.2062500000000001 0.9953125 0.4984375000000002 0.9953125
0 0.19531250000000003 1.1959441397923371e-17 0 0 1.3394574365674177e-17 0.21875 0.19531250000000006 0.21875
0 0.4953125 4.4393446469091554e-17 0.2296875 2.812860616791577e-17 0.2296875 0.21250000000000005 0.4953125 0.21250000000000008
0 0.49375 0.3078125000000001 0.4609375 0.3078125000000001 0.4609375 0.43125 0.49375 0.43125
0 0.4953125 0.2453125000000001 0.4390625 0.2453125000000001 0.4390625 0.30937500000000007 0.4953125 0.30937500000000007
0 0.303125 0.25 0.221875 0.25 0.221875 0.3140625 0.303125 0.3140625
0 0.27031250000000007 0.3515625 0.209375 0.3515625 0.20937500000000003 0.478125 0.27031250000000007 0.478125
0 0.490625 0.4 0.4078125 0.4 0.4078125 0.4796875 0.490625 0.4796875
0 0.415625 0.29218750000000004 0.359375 0.2921875 0.35937500000000006 0.4046875 0.415625 0.4046875
0 0.34843750000000007 0.31875 0.284375 0.31875 0.28437500000000004 0.409375 0.34843750000000007 0.409375
0 0.37500000000000006 0.30312500000000003 0.3375 0.303125 0.3375 0.38281250000000006 0.3750000000000001 0.3828125000000001
0 0.3937500000000001 0.4 0.34843750000000007 0.4 0.34843750000000007 0.4796875 0.3937500000000001 0.4796875
0 0.490625 0.24531250000000004 0.2140625 0.2453125 0.21406250000000004 0.4734375 0.490625 0.4734375
0 0.3703125000000001 0.5265625 0.3218750000000001 0.5265625 0.3218750000000001 0.6015625 0.3703125000000001 0.6015625
0 0.409375 0.5 0.36406250000000007 0.5 0.36406250000000007 0.553125 0.409375 0.553125
0 0.471875 0.5046875 0.4046875 0.5046875 0.4046875 0.575 0.471875 0.575
0 0.490625 0.5796875 0.45625 0.5796875 0.45625 0.64375 0.490625 0.64375
0 0.490625 0.50625 0.471875 0.50625 0.471875 0.596875 0.490625 0.596875
0 0.4578125 0.575 0.4125 0.575 0.4125 0.6390625 0.4578125 0.6390625
0 0.434375 0.5375 0.3968750000000001 0.5375 0.3968750000000001 0.5796875 0.434375 0.5796875
0 0.415625 0.575 0.35625000000000007 0.575 0.35625000000000007 0.6390625 0.415625 0.6390625
0 0.415625 0.628125 0.3593750000000001 0.628125 0.3593750000000001 0.6859375 0.415625 0.6859375
0 0.4203125 0.68125 0.3531250000000001 0.68125 0.3531250000000001 0.71875 0.4203125 0.71875
0 0.46875 0.659375 0.4265625 0.659375 0.4265625 0.7234375 0.46875 0.7234375
0 0.4984375 0.6390625 0.453125 0.6390625 0.453125 0.71875 0.4984375 0.71875
0 0.3671875000000001 0.575 0.3140625000000001 0.575 0.3140625000000001 0.6484375 0.3671875000000001 0.6484375
0 0.27031250000000007 0.5 0.2328125000000001 0.5 0.2328125000000001 0.5578125 0.27031250000000007 0.5578125
0 0.2968750000000001 0.5203125 0.2593750000000001 0.5203125 0.2593750000000001 0.590625 0.2968750000000001 0.590625
0 0.3375000000000001 0.4953125 0.2921875000000001 0.4953125 0.2921875000000001 0.559375 0.3375000000000001 0.559375
0 0.3187500000000001 0.5640625 0.2765625000000001 0.5640625 0.2765625000000001 0.6328125 0.3187500000000001 0.6328125
0 0.36406250000000007 0.584375 0.3156250000000001 0.584375 0.3156250000000001 0.64375 0.36406250000000007 0.64375
0 0.2921875000000001 0.5796875 0.2328125000000001 0.5796875 0.2328125000000001 0.6390625 0.2921875000000001 0.6390625
0 0.27812500000000007 0.6234375 0.2296875000000001 0.6234375 0.2296875000000001 0.6765625 0.27812500000000007 0.6765625
0 0.27812500000000007 0.665625 0.2218750000000001 0.665625 0.2218750000000001 0.7234375 0.27812500000000007 0.7234375
0 0.3000000000000001 0.65 0.2656250000000001 0.65 0.2656250000000001 0.7296875 0.3000000000000001 0.7296875
0 0.33281250000000007 0.6390625 0.2921875000000001 0.6390625 0.2921875000000001 0.71875 0.33281250000000007 0.71875
0 0.19062500000000004 0.2453125 3.004211679158351e-17 0.2453125 4.439344646909155e-17 0.4796875 0.19062500000000004 0.4796875
0 0.2140625000000001 0.4890625 5.989288252080025e-17 0.4890625 7.558366963487572e-17 0.7453125 0.2140625000000001 0.7453125
0 0.1906250000000001 0.75625 9.26139141855186e-17 0.75625 1.072522704565768e-16 0.9953125 0.19062500000000013 0.9953125