0 0.996875 0.6687500000000002 0.86875 0.6687500000000002 0.86875 0.86875 0.996875 0.86875
0 0.9625 0.5781250000000002 0.8515625 0.5781250000000002 0.8515625 0.6984375000000002 0.9625 0.6984375000000002
0 0.9203125 0.37187500000000007 0.8015625 0.37187500000000007 0.8015625 0.5421875000000002 0.9203125 0.5421875000000002
0 0.86875 0.4625000000000002 0.746875 0.4625000000000002 0.746875 0.6062500000000002 0.86875 0.6062500000000002
0 0.7921875 0.3828125000000001 0.6875 0.3828125000000001 0.6875 0.503125 0.7921875 0.5031250000000002
0 0.7953125 0.2796875000000001 0.6671875 0.2796875000000001 0.6671875 0.4453125000000001 0.7953125 0.44531250000000017
0 0.621875 0.21250000000000008 0.4578125 0.21250000000000008 0.4578125 0.5265625 0.621875 0.5265625
0 0.69375 0.4234375 0.559375 0.4234375 0.559375 0.5609375 0.69375 0.5609375
0 0.68125 0.53125 0.5484375 0.53125 0.5484375 0.675 0.68125 0.675
0 0.8578125 0.6968750000000001 0.7359375 0.6968750000000001 0.7359375000000001 0.8578125 0.8578125 0.8578125
0 0.8640625 0.6000000000000002 0.778125 0.6000000000000002 0.778125 0.7031250000000002 0.8640625 0.7031250000000002
0 0.5484375 0.38281250000000006 0.3234375000000001 0.3828125 0.3234375000000001 0.709375 0.5484375 0.709375
0 0.4578125 0.05156250000000003 0.0796875 0.0515625 0.07968750000000002 0.39375000000000004 0.4578125 0.3937500000000001
0 0.34062500000000007 0.371875 0.14531250000000004 0.371875 0.14531250000000007 0.6625 0.34062500000000007 0.6625
0 0.2296875000000001 0.6859375 0.07343750000000009 0.6859375 0.0734375000000001 0.9078125 0.2296875000000001 0.9078125
0 0.3750000000000001 0.7890625 0.2500000000000001 0.7890625 0.2500000000000001 0.99375 0.3750000000000001 0.99375
0 0.34062500000000007 0.7484375 0.21250000000000008 0.7484375 0.21250000000000008 0.94375 0.34062500000000007 0.94375
0 0.5828125000000002 0.7953125 0.4031250000000002 0.7953125 0.4031250000000002 0.9953125 0.5828125000000002 0.9953125
0 0.7218750000000002 0.8234375 0.5875000000000001 0.8234375 0.5875000000000001 0.99375 0.7218750000000002 0.99375
0 0.6421875000000001 0.7953125 0.5828125000000002 0.7953125 0.5828125000000002 0.8578125 0.6421875000000001 0.8578125
0 0.7953125000000002 0.8234375 0.6765625000000002 0.8234375 0.6765625000000002 0.8796875 0.7953125000000002 0.8796875
0 0.996875 0.8296875 0.80625 0.8296875 0.80625 0.8921875 0.996875 0.8921875