0 0.20000000000000004 0.296875 3.6356701849687046e-17 0.296875 5.65442389293817e-17 0.6265625 0.2000000000000001 0.6265625
0 0.3984375000000001 0.37343750000000003 0.17343750000000005 0.3734375 0.17343750000000008 0.6984375 0.3984375000000001 0.6984375
0 0.45 0.20312500000000006 0.246875 0.203125 0.24687500000000004 0.4890625 0.45 0.4890625
0 0.3 0.11562500000000002 0.1125 0.115625 0.11250000000000002 0.3625 0.3 0.3625
0 0.478125 0.043750000000000046 0.315625 0.04375000000000003 0.315625 0.26875000000000004 0.478125 0.2687500000000001
0 0.7 0.07812500000000008 0.540625 0.07812500000000007 0.540625 0.2593750000000001 0.7 0.2593750000000001
0 0.8578125 0.0828125000000001 0.6921875 0.0828125000000001 0.6921875 0.3187500000000001 0.8578125 0.3187500000000001
0 0.6484375 0.13750000000000007 0.4421875 0.13750000000000004 0.4421875 0.3234375000000001 0.6484375 0.3234375000000001
0 0.8984375 0.2968750000000001 0.6890625 0.2968750000000001 0.6890625 0.48906250000000007 0.8984375 0.4890625000000002
0 0.6921875 0.3187500000000001 0.48125 0.3187500000000001 0.48125 0.4609375 0.6921875 0.4609375
0 0.65625 0.4125 0.4015625 0.4125 0.4015625 0.6921875 0.65625 0.6921875
0 0.8875 0.4453125000000001 0.63125 0.4453125 0.63125 0.7031250000000001 0.8875 0.7031250000000002
0 0.821875 0.6546875000000001 0.5328125 0.6546875 0.5328125000000001 0.9953125 0.821875 0.9953125
0 0.4703125000000001 0.5984375 0.20312500000000008 0.5984375 0.20312500000000008 0.9671875 0.4703125000000002 0.9671875