0 0.9953125 0.7890625000000002 0.9328125 0.7890625000000002 0.9328125 0.959375 0.9953125 0.959375
0 0.7781250000000002 0.7937500000000001 0.5968750000000002 0.79375 0.5968750000000002 0.95 0.7781250000000002 0.95
0 0.9953125 0.7187500000000001 0.7 0.71875 0.7000000000000001 0.934375 0.9953125 0.934375
0 0.1187500000000001 0.7546875 0.003125000000000093 0.7546875 0.0031250000000001056 0.965625 0.11875000000000013 0.965625
0 0.1625000000000001 0.6734375 0.004687500000000082 0.6734375 0.00468750000000009 0.809375 0.1625000000000001 0.809375
0 0.10312500000000006 0.5234375 0.004687500000000064 0.5234375 0.0046875000000000736 0.678125 0.10312500000000009 0.678125
0 0.2609375000000001 0.553125 0.09531250000000006 0.553125 0.09531250000000008 0.6828125 0.2609375000000001 0.6828125
0 0.36406250000000007 0.5328125 0.2218750000000001 0.5328125 0.2218750000000001 0.6578125 0.36406250000000007 0.6578125
0 0.4703125 0.5234375 0.3515625000000001 0.5234375 0.3515625000000001 0.653125 0.4703125 0.653125
0 0.5015625 0.4078125 0.4109375 0.4078125 0.4109375 0.5734375 0.5015625 0.5734375
0 0.4234375 0.38750000000000007 0.3437500000000001 0.3875 0.3437500000000001 0.471875 0.4234375 0.471875
0 0.43125 0.28593750000000007 0.35625 0.2859375 0.35625000000000007 0.38750000000000007 0.43125 0.38750000000000007
0 0.3437500000000001 0.4078125 0.2484375000000001 0.4078125 0.2484375000000001 0.4921875 0.3437500000000001 0.4921875
0 0.4078125 0.4875 0.2843750000000001 0.4875 0.2843750000000001 0.5828125 0.4078125 0.5828125
0 0.26562500000000006 0.28125 0.10000000000000005 0.28125 0.10000000000000005 0.5171875 0.2656250000000001 0.5171875
0 0.2250000000000001 0.4984375 0.07187500000000006 0.4984375 0.07187500000000006 0.5890625 0.2250000000000001 0.5890625
0 0.11093750000000005 0.3265625 0.00312500000000004 0.3265625 0.0031250000000000526 0.528125 0.11093750000000005 0.528125
0 0.6484375 0.5828125 0.5609375 0.5828125 0.5609375 0.6828125 0.6484375 0.6828125
0 0.565625 0.503125 0.5015625 0.503125 0.5015625 0.5828125 0.565625 0.5828125
0 0.578125 0.4734375 0.51875 0.4734375 0.51875 0.51875 0.578125 0.51875
0 0.5265625 0.5828125 0.459375 0.5828125 0.459375 0.678125 0.5265625 0.678125
0 0.565625 0.5984375 0.509375 0.5984375 0.509375 0.6984375 0.565625 0.6984375
0 0.5218750000000002 0.7296875 0.4656250000000002 0.7296875 0.4656250000000002 0.7796875 0.5218750000000002 0.7796875
0 0.5140625 0.66875 0.434375 0.66875 0.434375 0.71875 0.5140625 0.71875
0 0.45 0.6328125 0.39531250000000007 0.6328125 0.39531250000000007 0.678125 0.45 0.678125
0 0.4828125000000001 0.61875 0.2890625000000001 0.61875 0.2890625000000001 0.8 0.4828125000000002 0.8
0 0.3843750000000001 0.678125 0.22656250000000008 0.678125 0.22656250000000008 0.859375 0.3843750000000001 0.859375
0 0.3515625000000001 0.753125 0.11875000000000009 0.753125 0.1187500000000001 0.9953125 0.3515625000000001 0.9953125
0 0.6046875000000002 0.809375 0.3156250000000001 0.809375 0.3156250000000001 0.984375 0.6046875000000002 0.984375
0 0.996875 0.6078125000000002 0.746875 0.6078125000000002 0.7468750000000001 0.7640625000000002 0.996875 0.7640625000000002
0 0.7796875 0.3218750000000001 0.6296875 0.3218750000000001 0.6296875 0.5578125 0.7796875 0.5578125000000002
0 0.8109375 0.4218750000000001 0.7203125 0.421875 0.7203125 0.5734375 0.8109375 0.5734375000000002
0 0.940625 0.41718750000000016 0.7984375 0.41718750000000016 0.7984375 0.6781250000000002 0.940625 0.6781250000000002
0 0.9953125 0.2765625000000001 0.925 0.2765625000000001 0.925 0.5984375000000002 0.9953125 0.5984375000000002
0 0.9796875 0.004687500000000103 0.7078125 0.004687500000000086 0.7078125 0.4328125000000001 0.9796875 0.43281250000000016
0 0.996875 1.0103336092965664e-16 0.653125 7.99847440693115e-17 0.653125 0.3468750000000001 0.996875 0.3468750000000001
0 0.7 0.16093750000000007 0.4546875 0.16093750000000004 0.4546875 0.471875 0.7 0.471875
0 0.996875 0.321875 0.3515625 0.321875 0.35156250000000006 0.9 0.996875 0.9
0 0.490625 3.9035616722821886e-17 0.146875 1.798699986247675e-17 0.14687500000000003 0.4171875 0.490625 0.4171875
0 0.2125 1.511673392697514e-17 0.034375 4.2097233720690266e-18 0.03437500000000001 0.19531250000000003 0.2125 0.19531250000000006
0 0.14218750000000002 0.115625 1.4159978615141272e-17 0.115625 2.7650228511998833e-17 0.3359375 0.14218750000000005 0.3359375
0 0.7359375 7.386151007357473e-17 0.4703125 5.759666977239896e-17 0.4703125 0.21093750000000008 0.7359375 0.21093750000000008