0 0.8296875 0.565625 0.3500000000000001 0.565625 0.3500000000000001 0.99375 0.8296875 0.99375
0 0.7593750000000001 0.4046875000000001 0.2765625000000001 0.4046875 0.2765625000000001 0.99375 0.7593750000000001 0.99375
0 0.7031250000000001 0.32812500000000006 0.2140625 0.328125 0.21406250000000004 0.99375 0.7031250000000002 0.99375
0 0.4859375000000001 0.32812500000000006 0.12343750000000005 0.328125 0.12343750000000006 0.8984375 0.4859375000000002 0.8984375
0 0.49375 0.25625000000000003 0.07968750000000002 0.25625 0.07968750000000005 0.7203125 0.49375 0.7203125
0 0.5171875 0.14375000000000002 0.1203125 0.14375 0.12031250000000002 0.38750000000000007 0.5171875 0.38750000000000007
0 0.6265625 4.9368574090627673e-17 0.1796875 2.2005372172179003e-17 0.17968750000000003 0.33906250000000004 0.6265625 0.3390625000000001
0 0.15000000000000008 0.2203125 0.04062500000000002 0.2203125 0.04062500000000006 0.7140625 0.15000000000000008 0.7140625
0 0.17343750000000002 1.511673392697514e-17 0.0734375 8.993499931238374e-18 0.07343750000000002 0.2203125 0.17343750000000005 0.2203125
0 0.10625000000000002 6.505936120470316e-18 0 0 1.9996186017327874e-17 0.3265625 0.10625000000000004 0.3265625
0 0.996875 1.0533875983290906e-16 0.7234375 8.859554187581634e-17 0.7234375 0.4828125000000001 0.996875 0.4828125000000002