0 0.9953125 0.4796875000000001 0.578125 0.4796875 0.5781250000000001 0.9640625 0.9953125 0.9640625
0 0.6046875 0.4140625 5.070803152719509e-17 0.4140625 7.682745154025973e-17 0.840625 0.6046875000000002 0.840625
0 0.9953125 0.2453125000000001 0.5328125 0.2453125000000001 0.5328125 0.5562500000000001 0.9953125 0.5562500000000001
0 0.9953125 0.10625000000000011 0.790625 0.1062500000000001 0.790625 0.2984375000000001 0.9953125 0.2984375000000001
0 0.9953125 1.115576693598292e-16 0.8265625 1.0122471199202341e-16 0.8265625 0.14687500000000012 0.9953125 0.14687500000000014
0 0.896875 9.653661096403746e-17 0.6796875 8.323771212954667e-17 0.6796875 0.10156250000000008 0.896875 0.10156250000000008
0 0.790625 0.05312500000000005 6.505936120470313e-18 0.053125 3.367778697655222e-17 0.49687500000000007 0.790625 0.4968750000000002
0 0.421875 0.13437500000000002 0.031250000000000014 0.134375 0.031250000000000035 0.4984375 0.421875 0.4984375
0 0.434375 3.530427100666979e-17 0.1421875 1.741294667537643e-17 0.14218750000000002 0.21718750000000003 0.434375 0.2171875000000001
0 0.6890625 4.2192909251873654e-17 0 0 8.419446744138056e-18 0.13750000000000004 0.6890625 0.1375000000000001
0 0.14218750000000002 8.706473337688216e-18 0 0 1.1959441397923371e-17 0.1953125 0.14218750000000005 0.1953125
0 0.06718750000000004 0.209375 0.004687500000000025 0.209375 0.004687500000000039 0.4359375 0.06718750000000004 0.4359375
0 0.20468750000000008 0.4625 5.663991446056509e-17 0.4625 7.979339300694473e-17 0.840625 0.20468750000000008 0.840625