0 0.996875 0.85 0.890625 0.85 0.890625 0.99375 0.996875 0.99375
0 0.9140625 0.81875 0.7718750000000002 0.81875 0.7718750000000002 0.9875 0.9140625 0.9875
0 0.7265625000000002 0.921875 0.6531250000000002 0.921875 0.6531250000000002 0.99375 0.7265625000000002 0.99375
0 0.6765625000000002 0.85 0.5828125000000002 0.85 0.5828125000000002 0.99375 0.6765625000000002 0.99375
0 0.5890625000000002 0.8109375 0.4937500000000002 0.8109375 0.4937500000000002 0.99375 0.5890625000000002 0.99375
0 0.6640625000000001 0.565625 0.509375 0.565625 0.5093750000000001 0.8515625 0.6640625000000002 0.8515625
0 0.6796875 0.12343750000000006 0.528125 0.12343750000000005 0.528125 0.3437500000000001 0.6796875 0.3437500000000001
0 0.7359375 0.2796875000000001 0.5984375 0.2796875000000001 0.5984375 0.5328125000000001 0.7359375 0.5328125000000001
0 0.7765625 0.40312500000000007 0.6984375 0.403125 0.6984375 0.7281250000000001 0.7765625000000002 0.7281250000000001
0 0.740625 8.285501000481311e-17 0.6125 7.500961644777538e-17 0.6125 0.1296875000000001 0.740625 0.1296875000000001
0 0.9265625 9.873714818125535e-17 0.6859375 8.400311637901375e-17 0.6859375 0.4218750000000001 0.9265625 0.42187500000000017
0 0.9 0.3843750000000001 0.7625 0.3843750000000001 0.7625 0.5984375000000002 0.9 0.5984375000000002
0 0.8875 0.5328125000000001 0.7890625 0.5328125000000001 0.7890625 0.6953125000000002 0.8875 0.6953125000000002
0 0.99375 0.2718750000000001 0.8625 0.2718750000000001 0.8625 0.83125 0.99375 0.83125
0 0.784375 0.2921875000000001 0.53125 0.2921875000000001 0.5312500000000001 0.83125 0.7843750000000002 0.83125
0 0.85625 0.6828125 0.6828125 0.6828125 0.6828125 0.975 0.85625 0.975
0 0.4046875000000001 0.603125 0.2593750000000001 0.603125 0.2593750000000001 0.909375 0.4046875000000002 0.909375
0 0.540625 0.3515625000000001 0.428125 0.3515625000000001 0.428125 0.5921875 0.540625 0.5921875
0 0.5578125 0.571875 0.4109375 0.571875 0.41093750000000007 0.903125 0.5578125000000002 0.903125
0 0.7718750000000002 0.8109375 0.4546875000000002 0.8109375 0.4546875000000002 0.99375 0.7718750000000002 0.99375
0 0.5265625 4.955992515299445e-17 0.2828125 3.463454228838608e-17 0.2828125 0.6359375 0.5265625 0.6359375
0 0.384375 0.06562500000000003 0.103125 0.06562500000000002 0.10312500000000005 0.6359375 0.3843750000000001 0.6359375
0 0.3265625 3.329508485181867e-17 0.2171875 2.659779766898158e-17 0.2171875 0.12343750000000005 0.3265625 0.12343750000000005
0 0.2171875 1.329889883449079e-17 0 0 7.175664838754023e-18 0.11718750000000003 0.2171875 0.11718750000000004
0 0.05781250000000003 0.1296875 1.5882138176442238e-17 0.1296875 2.5066989170047385e-17 0.2796875 0.057812500000000044 0.2796875
0 0.12812500000000004 0.246875 0.025000000000000033 0.246875 0.02500000000000004 0.3828125 0.12812500000000004 0.3828125
0 0.17343750000000008 0.3703125 0.04531250000000005 0.3703125 0.04531250000000006 0.6234375 0.17343750000000008 0.6234375
0 0.22656250000000008 0.409375 0.16875000000000004 0.409375 0.16875000000000007 0.578125 0.22656250000000008 0.578125
0 0.2984375000000001 0.3890625 0.17968750000000006 0.3890625 0.17968750000000006 0.66875 0.2984375000000001 0.66875
0 0.2656250000000001 0.565625 0.1609375000000001 0.565625 0.1609375000000001 0.753125 0.2656250000000001 0.753125
0 0.06406250000000008 0.5265625 6.448530801760282e-17 0.5265625 7.921933981984441e-17 0.7671875 0.06406250000000009 0.7671875
0 0.028125000000000094 0.721875 8.840419081344957e-17 0.721875 9.596255777693713e-17 0.8453125 0.0281250000000001 0.8453125
0 0.05156250000000011 0.83125 1.0179876517912373e-16 0.83125 1.1174902042219599e-16 0.99375 0.05156250000000011 0.99375
0 0.1828125000000001 0.6171875 0.039062500000000076 0.6171875 0.0390625000000001 0.9609375 0.18281250000000013 0.9609375
0 0.2656250000000001 0.85625 0.1765625000000001 0.85625 0.17656250000000012 0.99375 0.2656250000000001 0.99375
0 0.2750000000000001 0.753125 0.1859375000000001 0.753125 0.1859375000000001 0.903125 0.2750000000000001 0.903125
0 0.4109375000000002 0.771875 0.26250000000000007 0.771875 0.26250000000000007 0.99375 0.4109375000000002 0.99375
0 0.05156250000000005 0.3640625 4.4584797531458325e-17 0.3640625 5.4917754899264124e-17 0.5328125 0.05156250000000007 0.5328125