0 0.9453125 0.40937500000000016 0.7796875 0.40937500000000016 0.7796875 0.6890625000000001 0.9453125 0.6890625000000001
0 0.728125 0.026562500000000083 0.6265625 0.02656250000000008 0.6265625 0.2406250000000001 0.728125 0.2406250000000001
0 0.7578125 0.1687500000000001 0.7171875 0.1687500000000001 0.7171875 0.2406250000000001 0.7578125 0.2406250000000001
0 0.775 0.1468750000000001 0.7140625 0.1468750000000001 0.7140625 0.3062500000000001 0.775 0.3062500000000001
0 0.821875 0.2843750000000001 0.725 0.2843750000000001 0.725 0.3765625000000001 0.821875 0.3765625000000001
0 0.865625 0.2890625000000001 0.76875 0.2890625000000001 0.76875 0.4156250000000002 0.865625 0.4156250000000002
0 0.8625 0.3500000000000001 0.7671875 0.3500000000000001 0.7671875 0.4593750000000002 0.8625 0.4593750000000002
0 0.8 0.4593750000000001 0.6921875 0.459375 0.6921875 0.6671875 0.8 0.6671875000000002
0 0.790625 0.5796875000000001 0.7328125 0.5796875000000001 0.7328125 0.6671875000000002 0.790625 0.6671875000000002
0 0.7390625 0.6390625000000001 0.703125 0.6390625 0.703125 0.7156250000000001 0.7390625 0.7156250000000002
0 0.7171875 0.4375 0.503125 0.4375 0.503125 0.5515625 0.7171875 0.5515625
0 0.7640625 0.31718750000000007 0.6125 0.31718750000000007 0.6125 0.4375000000000001 0.7640625 0.43750000000000017
0 0.7578125 0.23437500000000008 0.6671875 0.23437500000000008 0.6671875 0.3609375000000001 0.7578125 0.3609375000000001
0 0.6921875 0.14218750000000008 0.228125 0.14218750000000005 0.22812500000000005 0.4203125 0.6921875 0.4203125
0 0.634375 0.08125000000000006 0.29375 0.08125000000000004 0.29375 0.2515625 0.634375 0.2515625000000001
0 0.35468750000000004 0.14843750000000003 0.1484375 0.1484375 0.14843750000000003 0.4109375 0.3546875000000001 0.4109375
0 0.28593750000000007 0.3828125 0.22812500000000008 0.3828125 0.22812500000000008 0.4921875 0.28593750000000007 0.4921875
0 0.2609375000000001 0.496875 0.22812500000000008 0.496875 0.22812500000000008 0.5796875 0.2609375000000001 0.5796875
0 0.22812500000000008 0.4375 0.12343750000000005 0.4375 0.12343750000000006 0.584375 0.22812500000000008 0.584375
0 0.2000000000000001 0.5578125 0.08750000000000006 0.5578125 0.08750000000000008 0.715625 0.2000000000000001 0.715625
0 0.09843750000000008 0.5296875 0.021875000000000068 0.5296875 0.02187500000000007 0.6390625 0.0984375000000001 0.6390625
0 0.2718750000000001 0.590625 0.18125000000000008 0.590625 0.18125000000000008 0.7328125 0.2718750000000001 0.7328125
0 0.28593750000000007 0.5296875 0.23593750000000008 0.5296875 0.23593750000000008 0.6390625 0.28593750000000007 0.6390625
0 0.3375000000000001 0.6015625 0.2687500000000001 0.6015625 0.2687500000000001 0.74375 0.3375000000000001 0.74375
0 0.46093750000000017 0.74375 0.3078125000000001 0.74375 0.3078125000000001 0.8421875 0.46093750000000017 0.8421875
0 0.4234375000000001 0.6234375 0.3046875000000001 0.6234375 0.3046875000000001 0.7875 0.4234375000000002 0.7875
0 0.6375000000000001 0.65625 0.5296875 0.65625 0.5296875000000001 0.890625 0.6375000000000002 0.890625
0 0.5359375000000001 0.7 0.4890625 0.7 0.48906250000000007 0.83125 0.5359375000000002 0.83125
0 0.6562500000000001 0.6671875 0.5828125 0.6671875 0.5828125000000001 0.83125 0.6562500000000002 0.83125
0 0.6234375 0.678125 0.61875 0.678125 0.61875 0.6828125 0.6234375 0.6828125
0 0.7031250000000001 0.678125 0.634375 0.678125 0.6343750000000001 0.7328125 0.7031250000000002 0.7328125
0 0.79375 0.4312500000000001 0.6890625 0.43125 0.6890625 0.7046875000000001 0.79375 0.7046875000000001
0 0.70625 0.4859375 0.5875 0.4859375 0.5875000000000001 0.7265625 0.7062500000000002 0.7265625
0 0.6171875000000001 0.5515625 0.425 0.5515625 0.4250000000000001 0.7375 0.6171875000000002 0.7375
0 0.5046875 0.4921875 0.403125 0.4921875 0.403125 0.6015625 0.5046875 0.6015625
0 0.5296875 0.3390625000000001 0.3921875 0.3390625000000001 0.3921875 0.4859375 0.5296875 0.4859375
0 0.56875 0.3343750000000001 0.5109375 0.3343750000000001 0.5109375 0.4328125 0.56875 0.4328125
0 0.640625 0.3781250000000001 0.565625 0.3781250000000001 0.565625 0.44375 0.640625 0.44375
0 0.403125 0.43125 0.2906250000000001 0.43125 0.2906250000000001 0.6125 0.403125 0.6125
0 0.34843750000000007 0.409375 0.23593750000000008 0.409375 0.23593750000000008 0.525 0.34843750000000007 0.525