0 0.996875 0.5578125000000002 0.859375 0.5578125000000002 0.859375 0.80625 0.996875 0.80625
0 0.953125 0.7562500000000002 0.8015625 0.7562500000000002 0.8015625 0.9671875 0.953125 0.9671875
0 0.996875 0.8234375 0.953125 0.8234375 0.953125 0.99375 0.996875 0.99375
0 0.8921875 0.95 0.884375 0.95 0.884375 0.95625 0.8921875 0.95625
0 0.978125 0.9625 0.88125 0.9625 0.88125 0.9953125 0.978125 0.9953125
0 0.85625 0.90625 0.7437500000000001 0.90625 0.7437500000000001 0.99375 0.85625 0.99375
0 0.8015625 0.7906250000000001 0.6546875000000002 0.790625 0.6546875000000002 0.9953125 0.8015625 0.9953125
0 0.7234375000000001 0.6015625 0.571875 0.6015625 0.5718750000000001 0.8453125 0.7234375000000002 0.8453125
0 0.7515625000000001 0.7296875 0.7015625000000002 0.7296875 0.7015625000000002 0.7906250000000001 0.7515625000000001 0.7906250000000001
0 0.859375 0.5421875000000002 0.7265625 0.5421875000000002 0.7265625000000001 0.7687500000000002 0.859375 0.7687500000000002
0 0.971875 0.41406250000000017 0.809375 0.41406250000000017 0.809375 0.6796875000000002 0.971875 0.6796875000000002
0 0.996875 0.30937500000000007 0.9203125 0.30937500000000007 0.9203125 0.4750000000000002 0.996875 0.4750000000000002
0 0.996875 0.46406250000000016 0.953125 0.46406250000000016 0.953125 0.5687500000000002 0.996875 0.5687500000000002
0 0.9390625 0.2375000000000001 0.7734375 0.2375000000000001 0.7734375 0.4703125000000002 0.9390625 0.4703125000000002
0 0.996875 0.010937500000000119 0.95 0.010937500000000117 0.95 0.2093750000000001 0.996875 0.2093750000000001
0 0.946875 0.017187500000000105 0.7921875 0.017187500000000095 0.7921875 0.2484375000000001 0.946875 0.2484375000000001
0 0.834375 0.17187500000000008 0.7265625 0.17187500000000008 0.7265625 0.38750000000000007 0.834375 0.38750000000000007
0 0.8203125 0.40937500000000016 0.759375 0.40937500000000016 0.759375 0.5359375000000002 0.8203125 0.5359375000000002
0 0.78125 0.3531250000000001 0.61875 0.3531250000000001 0.61875 0.596875 0.78125 0.5968750000000002
0 0.665625 0.475 0.55 0.475 0.55 0.61875 0.665625 0.61875
0 0.6578125 0.2812500000000001 0.5109375 0.2812500000000001 0.5109375 0.48125 0.6578125 0.48125
0 0.7375 0.2656250000000001 0.6546875 0.2656250000000001 0.6546875 0.38750000000000007 0.7375 0.38750000000000007
0 0.6765625 0.1765625000000001 0.59375 0.1765625000000001 0.59375 0.3046875000000001 0.6765625 0.3046875000000001
0 0.7703125 0.10468750000000009 0.6578125 0.10468750000000009 0.6578125 0.2765625000000001 0.7703125 0.2765625000000001
0 0.79375 8.955229718765019e-17 0.66875 8.189825469297925e-17 0.66875 0.11562500000000009 0.79375 0.11562500000000009
0 0.6734375 7.079989307570636e-17 0.4828125 5.912747827133314e-17 0.4828125 0.13281250000000006 0.6734375 0.13281250000000008
0 0.64375 0.06718750000000008 0.478125 0.06718750000000007 0.478125 0.2828125000000001 0.64375 0.2828125000000001
0 0.5140625 0.3375000000000001 0.425 0.3375000000000001 0.425 0.4421875 0.5140625 0.4421875
0 0.546875 0.409375 0.4609375 0.409375 0.4609375 0.603125 0.546875 0.603125
0 0.5359375000000001 0.58125 0.4609375 0.58125 0.4609375000000001 0.746875 0.5359375000000002 0.746875
0 0.6125 0.61875 0.5046875 0.61875 0.5046875000000001 0.8671875 0.6125000000000002 0.8671875
0 0.6546875000000002 0.8953125 0.5140625000000002 0.8953125 0.5140625000000002 0.99375 0.6546875000000002 0.99375
0 0.6218750000000002 0.8296875 0.5000000000000002 0.8296875 0.5000000000000002 0.934375 0.6218750000000002 0.934375
0 0.5437500000000002 0.840625 0.42500000000000016 0.840625 0.42500000000000016 0.9953125 0.5437500000000002 0.9953125
0 0.5109375 0.603125 0.3343750000000001 0.603125 0.3343750000000001 0.8625 0.5109375000000002 0.8625
0 0.478125 0.403125 0.3453125000000001 0.403125 0.3453125000000001 0.625 0.478125 0.625
0 0.425 0.33125000000000004 0.2734375 0.33125 0.27343750000000006 0.575 0.425 0.575
0 0.403125 0.13281250000000006 0.284375 0.13281250000000006 0.284375 0.353125 0.403125 0.3531250000000001
0 0.5109375 0.2875000000000001 0.403125 0.2875000000000001 0.403125 0.3703125000000001 0.5109375 0.3703125000000001
0 0.4921875 0.09375000000000006 0.3921875 0.09375000000000004 0.3921875 0.29375000000000007 0.4921875 0.29375000000000007
0 0.49375 0.060937500000000054 0.4 0.06093750000000005 0.4 0.12656250000000005 0.49375 0.12656250000000005
0 0.4890625 0.006250000000000056 0.4 0.00625000000000005 0.4 0.06718750000000005 0.4890625 0.06718750000000007
0 0.38125 0.00625000000000004 0.2703125 0.006250000000000033 0.2703125 0.056250000000000036 0.38125 0.05625000000000004
0 0.38125 0.050000000000000044 0.2765625 0.050000000000000044 0.2765625 0.15937500000000004 0.38125 0.15937500000000004
0 0.30625 0.06562500000000003 0.1875 0.06562500000000002 0.18750000000000003 0.2375 0.30625 0.2375
0 0.2453125 2.2292398765729163e-17 0.11875 1.4542680739874818e-17 0.11875 0.14375000000000002 0.2453125 0.14375000000000004
0 0.14375000000000002 0.054687500000000014 0.010937500000000006 0.0546875 0.010937500000000017 0.2375 0.14375000000000004 0.2375
0 0.07500000000000001 4.592425496802575e-18 0 0 6.6972871828370884e-18 0.109375 0.07500000000000002 0.109375
0 0.115625 0.004687500000000012 0.0796875 0.004687500000000009 0.0796875 0.06093750000000001 0.115625 0.06093750000000002
0 0.09375000000000003 0.2 2.4492935982947065e-17 0.2 3.59739997249535e-17 0.3875 0.09375000000000004 0.3875
0 0.19843750000000004 0.24375 0.09687500000000002 0.24375 0.09687500000000003 0.3765625 0.19843750000000004 0.3765625
0 0.2203125 0.14375000000000002 0.1328125 0.14375 0.13281250000000003 0.2875 0.2203125 0.2875
0 0.2875 0.23125 0.215625 0.23125 0.215625 0.2984375 0.2875 0.2984375
0 0.30625 0.29375 0.19062500000000004 0.29375 0.19062500000000004 0.4484375 0.3062500000000001 0.4484375
0 0.2812500000000001 0.459375 0.17343750000000005 0.459375 0.17343750000000008 0.625 0.2812500000000001 0.625
0 0.3281250000000001 0.5359375 0.2453125000000001 0.5359375 0.2453125000000001 0.7125 0.3281250000000001 0.7125
0 0.2515625000000001 0.6359375 0.14062500000000008 0.6359375 0.14062500000000008 0.8015625 0.2515625000000001 0.8015625
0 0.3140625000000001 0.71875 0.19531250000000008 0.71875 0.1953125000000001 0.9125 0.3140625000000001 0.9125
0 0.4203125000000002 0.81875 0.2734375000000001 0.81875 0.2734375000000001 0.9953125 0.4203125000000002 0.9953125
0 0.2921875000000001 0.9171875 0.19531250000000014 0.9171875 0.19531250000000014 0.99375 0.2921875000000001 0.99375
0 0.1875000000000001 0.8625 0.05468750000000011 0.8625 0.05468750000000011 0.9953125 0.18750000000000014 0.9953125
0 0.1984375000000001 0.7953125 0.10468750000000009 0.7953125 0.10468750000000011 0.9234375 0.19843750000000013 0.9234375
0 0.13281250000000008 0.6515625 0.003125000000000079 0.6515625 0.003125000000000091 0.834375 0.13281250000000008 0.834375
0 0.09375000000000011 0.840625 1.0294687155332437e-16 0.840625 1.1241874914047968e-16 0.9953125 0.09375000000000011 0.9953125
0 0.0281250000000001 0.75625 9.26139141855186e-17 0.75625 1.0007660561782278e-16 0.878125 0.02812500000000011 0.878125
0 0.17343750000000008 0.5296875 0.07656250000000006 0.5296875 0.07656250000000007 0.6796875 0.17343750000000008 0.6796875
0 0.20156250000000003 0.359375 0.08593750000000004 0.359375 0.08593750000000006 0.540625 0.2015625000000001 0.540625
0 0.07187500000000005 0.3484375 4.267128690779059e-17 0.3484375 5.750099424121557e-17 0.590625 0.07187500000000006 0.590625
0 0.06875000000000007 0.58125 7.11825952004399e-17 0.58125 7.692312707144312e-17 0.675 0.06875000000000009 0.675
0 0.9953125 6.09453133638175e-17 0 0 6.084963783263412e-17 0.99375 0.9953125 0.99375