0 0.996875 0.6218750000000002 0.9078125 0.6218750000000002 0.9078125 0.828125 0.996875 0.828125
0 0.996875 0.4500000000000002 0.8921875 0.4500000000000002 0.8921875 0.6500000000000001 0.996875 0.6500000000000001
0 0.996875 0.7000000000000002 0.7828125 0.7000000000000002 0.7828125000000001 0.99375 0.996875 0.99375
0 0.996875 0.9 0.9328125 0.9 0.9328125 0.99375 0.996875 0.99375
0 0.903125 0.85 0.7718750000000002 0.85 0.7718750000000002 0.99375 0.903125 0.99375
0 0.9140625 0.5109375000000002 0.8109375 0.5109375000000002 0.8109375 0.6890625000000001 0.9140625 0.6890625000000001
0 0.796875 0.55 0.7 0.55 0.7 0.7109375000000001 0.796875 0.7109375000000002
0 0.7171875000000001 0.4 0.5 0.4 0.5000000000000001 0.771875 0.7171875000000002 0.771875
0 0.6609375 0.50625 0.55625 0.50625 0.55625 0.6453125 0.6609375 0.6453125
0 0.7859375000000001 0.7109375000000001 0.571875 0.7109375 0.5718750000000001 0.9953125 0.7859375000000002 0.9953125
0 0.8828125 0.4000000000000002 0.746875 0.4000000000000002 0.746875 0.6062500000000002 0.8828125 0.6062500000000002
0 0.8078125 0.27812500000000007 0.6828125 0.27812500000000007 0.6828125 0.4671875000000001 0.8078125 0.4671875000000002
0 0.9078125 0.19375000000000012 0.7890625 0.1937500000000001 0.7890625 0.3890625000000001 0.9078125 0.3890625000000001
0 0.9640625 0.22812500000000008 0.89375 0.22812500000000008 0.89375 0.4109375000000002 0.9640625 0.4109375000000002
0 0.996875 0.19531250000000014 0.953125 0.19531250000000014 0.953125 0.31718750000000007 0.996875 0.31718750000000007
0 0.846875 0.1390625000000001 0.7390625 0.1390625000000001 0.7390625 0.2671875000000001 0.846875 0.2671875000000001
0 0.91875 0.0046875000000001065 0.8140625 0.0046875000000001 0.8140625 0.1890625000000001 0.91875 0.18906250000000013
0 0.996875 0.017187500000000116 0.925 0.017187500000000112 0.925 0.17812500000000014 0.996875 0.17812500000000014
0 0.95 0.16093750000000012 0.8921875 0.1609375000000001 0.8921875 0.2171875000000001 0.95 0.2171875000000001
0 0.771875 7.854961110156071e-17 0.5109375 6.257179739393508e-17 0.5109375 0.4437500000000001 0.771875 0.4437500000000002
0 0.8546875 9.481445140273649e-17 0.69375 8.495987169084762e-17 0.69375 0.0609375000000001 0.8546875 0.06093750000000011
0 0.6421875 7.060854201333958e-17 0.5109375 6.257179739393508e-17 0.5109375 0.05625000000000008 0.6421875 0.05625000000000009
0 0.5609375 0.02812500000000006 0.4859375 0.028125000000000056 0.4859375 0.15625000000000006 0.5609375 0.15625000000000008
0 0.5109375 5.683126552293186e-17 0.4171875 5.109073365192864e-17 0.4171875 0.06718750000000005 0.5109375 0.06718750000000007
0 0.5390625 3.9322643316372043e-17 0.103125 1.262917011620708e-17 0.10312500000000005 0.6328125 0.5390625 0.6328125
0 0.4609375000000001 0.634375 0.1781250000000001 0.634375 0.17812500000000012 0.9953125 0.46093750000000017 0.9953125
0 0.5937500000000002 0.834375 0.4546875000000002 0.834375 0.4546875000000002 0.9953125 0.5937500000000002 0.9953125
0 0.5796875000000001 0.6828125 0.4546875 0.6828125 0.4546875000000001 0.8671875 0.5796875000000001 0.8671875
0 0.55 0.4328125 0.3781250000000001 0.4328125 0.3781250000000001 0.7390625 0.5500000000000002 0.7390625
0 0.2078125000000001 0.6390625 0.11875000000000009 0.6390625 0.11875000000000009 0.771875 0.2078125000000001 0.771875
0 0.1921875000000001 0.778125 0.10000000000000009 0.778125 0.10000000000000009 0.9 0.1921875000000001 0.9
0 0.11718750000000011 0.79375 9.720633968232116e-17 0.79375 1.094528076737947e-16 0.99375 0.11718750000000014 0.99375
0 0.2000000000000001 0.7234375 0.03593750000000009 0.7234375 0.03593750000000011 0.9953125 0.2000000000000001 0.9953125
0 0.2640625000000001 0.421875 0.11875000000000005 0.421875 0.11875000000000006 0.671875 0.2640625000000001 0.671875
0 0.16406250000000006 0.5109375 0.028125000000000067 0.5109375 0.028125000000000077 0.7609375 0.16406250000000008 0.7609375
0 0.046875000000000076 0.4828125 5.912747827133314e-17 0.4828125 7.921933981984441e-17 0.8109375 0.0468750000000001 0.8109375
0 0.11875000000000005 0.35625 0.004687500000000043 0.35625 0.004687500000000054 0.5171875 0.11875000000000005 0.5171875
0 0.10781250000000005 0.1953125 0.018750000000000024 0.1953125 0.018750000000000034 0.3734375 0.10781250000000005 0.3734375
0 0.03593750000000003 0.15625 1.9135106236677395e-17 0.15625 3.1668600821701084e-17 0.3609375 0.035937500000000046 0.3609375
0 0.1921875 1.1768090335556599e-17 0 0 1.2533494585023693e-17 0.2046875 0.19218750000000004 0.2046875