0 0.996875 0.6500000000000001 0.9359375 0.6500000000000001 0.9359375 0.89375 0.996875 0.89375
0 0.996875 0.86875 0.9703125 0.86875 0.9703125 0.9109375 0.996875 0.9109375
0 0.996875 0.9046875 0.95 0.9046875 0.95 0.99375 0.996875 0.99375
0 0.959375 0.8046875 0.8734375 0.8046875 0.8734375 0.959375 0.959375 0.959375
0 0.9359375 0.8515625 0.7937500000000002 0.8515625 0.7937500000000002 0.99375 0.9359375 0.99375
0 0.9671875 0.5890625000000002 0.84375 0.5890625000000002 0.84375 0.803125 0.9671875 0.803125
0 0.8640625 0.7203125000000001 0.7765625 0.7203125000000001 0.7765625 0.940625 0.8640625 0.940625
0 0.1562500000000001 0.8515625 0.0265625000000001 0.8515625 0.02656250000000011 0.99375 0.15625000000000014 0.99375
0 0.4734375 0.5171875 0.34062500000000007 0.5171875 0.34062500000000007 0.690625 0.4734375 0.690625
0 0.5390625000000001 0.61875 0.446875 0.61875 0.4468750000000001 0.74375 0.5390625000000002 0.74375
0 0.6375000000000001 0.709375 0.534375 0.709375 0.534375 0.9296875 0.6375000000000002 0.9296875
0 0.6828125000000002 0.8640625 0.5765625000000002 0.8640625 0.5765625000000002 0.9953125 0.6828125000000002 0.9953125
0 0.7000000000000002 0.803125 0.6296875000000002 0.803125 0.6296875000000002 0.9046875 0.7000000000000002 0.9046875
0 0.7296875 0.6546875000000001 0.590625 0.6546875 0.5906250000000001 0.8328125 0.7296875000000002 0.8328125
0 0.5734375000000002 0.9109375 0.5062500000000002 0.9109375 0.5062500000000002 0.99375 0.5734375000000002 0.99375
0 0.5343750000000002 0.821875 0.46093750000000017 0.821875 0.46093750000000017 0.9640625 0.5343750000000002 0.9640625
0 0.4343750000000002 0.74375 0.3609375000000001 0.74375 0.3609375000000001 0.9234375 0.4343750000000002 0.9234375
0 0.5062500000000001 0.7203125 0.4265625 0.7203125 0.42656250000000007 0.8578125 0.5062500000000002 0.8578125
0 0.2765625000000001 0.50625 0.12968750000000004 0.50625 0.12968750000000007 0.684375 0.2765625000000001 0.684375
0 0.2000000000000001 0.625 0.1296875000000001 0.625 0.1296875000000001 0.7203125 0.2000000000000001 0.7203125
0 0.34062500000000007 0.5484375 0.27031250000000007 0.5484375 0.27031250000000007 0.709375 0.34062500000000007 0.709375
0 0.3578125000000001 0.678125 0.3109375000000001 0.678125 0.3109375000000001 0.75 0.3578125000000001 0.75
0 0.2765625000000001 0.3921875 0.2000000000000001 0.3921875 0.2000000000000001 0.50625 0.2765625000000001 0.50625
0 0.3703125000000001 0.37500000000000006 0.2734375000000001 0.375 0.2734375000000001 0.559375 0.3703125000000001 0.559375
0 0.4640625 0.33281250000000007 0.3609375 0.3328125 0.3609375 0.5125 0.4640625 0.5125
0 0.5171875 0.3515625000000001 0.396875 0.3515625000000001 0.39687500000000003 0.559375 0.5171875 0.559375
0 0.5734375 0.559375 0.490625 0.559375 0.490625 0.684375 0.5734375 0.684375
0 0.6171875 0.4875 0.5265625 0.4875 0.5265625 0.625 0.6171875 0.625
0 0.65 0.559375 0.5640625 0.559375 0.5640625 0.684375 0.65 0.684375
0 0.75 0.5828125000000001 0.6703125 0.5828125 0.6703125 0.7140625 0.75 0.7140625000000002
0 0.7859375 0.4531250000000001 0.7 0.453125 0.7 0.6015625000000001 0.7859375 0.6015625000000002
0 0.790625 0.3750000000000001 0.7171875 0.3750000000000001 0.7171875 0.4703125000000001 0.790625 0.4703125000000002
0 0.8109375 0.33281250000000007 0.7578125 0.33281250000000007 0.7578125 0.44062500000000016 0.8109375 0.44062500000000016
0 0.8171875 0.2328125000000001 0.7640625 0.2328125000000001 0.7640625 0.36406250000000007 0.8171875 0.36406250000000007
0 0.84375 0.15000000000000008 0.753125 0.15000000000000008 0.753125 0.2984375000000001 0.84375 0.2984375000000001
0 0.7703125 0.22031250000000008 0.69375 0.22031250000000008 0.69375 0.3750000000000001 0.7703125 0.3750000000000001
0 0.75 0.1437500000000001 0.703125 0.1437500000000001 0.703125 0.2328125000000001 0.75 0.2328125000000001
0 0.7109375 0.09531250000000008 0.634375 0.09531250000000006 0.634375 0.22656250000000008 0.7109375 0.22656250000000008
0 0.690625 0.19687500000000008 0.59375 0.19687500000000008 0.59375 0.3687500000000001 0.690625 0.3687500000000001
0 0.70625 0.3156250000000001 0.603125 0.3156250000000001 0.603125 0.48125 0.70625 0.48125
0 0.37031250000000004 0.23281250000000003 0.2765625 0.2328125 0.27656250000000004 0.39375000000000004 0.3703125000000001 0.3937500000000001
0 0.29687500000000006 0.315625 0.253125 0.315625 0.25312500000000004 0.421875 0.2968750000000001 0.421875
0 0.446875 0.2500000000000001 0.3703125 0.2500000000000001 0.3703125 0.3453125000000001 0.446875 0.3453125000000001
0 0.5078125 0.2078125000000001 0.4375 0.2078125000000001 0.4375 0.38750000000000007 0.5078125 0.38750000000000007
0 0.590625 0.22656250000000008 0.4875 0.22656250000000008 0.4875 0.38750000000000007 0.590625 0.38750000000000007
0 0.603125 0.11875000000000006 0.5171875 0.11875000000000005 0.5171875 0.24375000000000008 0.603125 0.24375000000000008
0 0.640625 0.04687500000000007 0.5703125 0.04687500000000007 0.5703125 0.1906250000000001 0.640625 0.1906250000000001
0 0.5875 0.012500000000000067 0.5171875 0.012500000000000061 0.5171875 0.12500000000000006 0.5875 0.12500000000000008
0 0.5171875 0.08437500000000006 0.453125 0.08437500000000005 0.453125 0.17968750000000006 0.5171875 0.17968750000000006
0 0.5203125 0.16093750000000004 0.4765625 0.16093750000000004 0.4765625 0.22031250000000008 0.5203125 0.22031250000000008
0 0.4671875 0.13750000000000004 0.39375 0.13750000000000004 0.39375 0.2562500000000001 0.4671875 0.2562500000000001
0 0.4203125 0.08281250000000004 0.346875 0.08281250000000004 0.346875 0.19062500000000004 0.4203125 0.19062500000000004
0 0.49375 0.02968750000000005 0.3796875 0.029687500000000044 0.3796875 0.13750000000000004 0.49375 0.13750000000000004
0 0.39375 0.19062500000000004 0.3234375 0.19062500000000004 0.3234375 0.27343750000000006 0.39375 0.2734375000000001