0 0.753125 0.3031250000000001 0.4546875 0.3031250000000001 0.4546875000000001 0.99375 0.7531250000000002 0.99375
0 0.8625 0.48750000000000016 0.7421875 0.48750000000000016 0.7421875000000001 0.8453125 0.8625 0.8453125
0 0.996875 0.8640625 0.8359375 0.8640625 0.8359375 0.9953125 0.996875 0.9953125
0 0.9875 0.6968750000000001 0.840625 0.6968750000000001 0.840625 0.953125 0.9875 0.953125
0 0.996875 0.3578125000000001 0.853125 0.3578125000000001 0.853125 0.7796875000000002 0.996875 0.7796875000000002
0 0.996875 0.11250000000000011 0.6359375 0.11250000000000009 0.6359375 0.5062500000000001 0.996875 0.5062500000000002
0 0.996875 1.1921171185450015e-16 0.95 1.1634144591899854e-16 0.95 0.20312500000000008 0.996875 0.20312500000000008
0 0.9640625 1.0658254173829309e-16 0.7765625 9.510147799628666e-17 0.7765625 0.1484375000000001 0.9640625 0.14843750000000014
0 0.7890625 8.907391953173328e-17 0.665625 8.15155525682457e-17 0.665625 0.1671875000000001 0.7890625 0.1671875000000001
0 0.6796875 6.946043563913895e-17 0.4546875 5.568315914873122e-17 0.4546875 0.3984375000000001 0.6796875 0.3984375000000001
0 0.528125 0.3156250000000001 0.4484375 0.3156250000000001 0.4484375 0.5125 0.528125 0.5125
0 0.4781250000000001 0.49375 0.29375000000000007 0.49375 0.29375000000000007 0.7625 0.4781250000000002 0.7625
0 0.4781250000000001 0.65 0.38750000000000007 0.65 0.38750000000000007 0.9296875 0.4781250000000002 0.9296875
0 0.5109375 0.4640625 0.475 0.4640625 0.475 0.5484375 0.5109375 0.5484375
0 0.46875 4.860316984116058e-17 0.325 3.980102097228898e-17 0.325 0.20312500000000006 0.46875 0.20312500000000008
0 0.478125 0.08906250000000004 0.2203125 0.08906250000000002 0.22031250000000005 0.49375 0.478125 0.49375
0 0.3343750000000001 0.446875 0.25468750000000007 0.446875 0.25468750000000007 0.7140625 0.3343750000000001 0.7140625
0 0.3109375000000001 0.6078125 0.11093750000000009 0.6078125 0.1109375000000001 0.99375 0.3109375000000001 0.99375
0 0.40156250000000016 0.8578125 0.2812500000000001 0.8578125 0.2812500000000001 0.99375 0.40156250000000016 0.99375
0 0.3906250000000001 0.75 0.3109375000000001 0.75 0.3109375000000001 0.875 0.3906250000000001 0.875
0 0.2406250000000001 0.453125 5.5491808086364444e-17 0.453125 7.912366428866102e-17 0.8390625 0.2406250000000001 0.8390625
0 0.11718750000000011 0.7859375 9.62495843704873e-17 0.7859375 1.0897443001787776e-16 0.99375 0.11718750000000014 0.99375
0 0.29687500000000006 0.08906250000000003 0.140625 0.08906250000000002 0.14062500000000006 0.559375 0.2968750000000001 0.559375
0 0.20000000000000004 1.5021058395791758e-17 0.0453125 5.549180808636444e-18 0.045312500000000026 0.4578125 0.2000000000000001 0.4578125
0 0.3171875 2.803293063673238e-17 0.140625 1.7221595613009655e-17 0.140625 0.12500000000000003 0.3171875 0.12500000000000006
0 0.09062500000000001 5.549180808636445e-18 0 0 7.654042494670958e-18 0.125 0.09062500000000002 0.125
0 0.09375000000000003 0.125 1.5308084989341915e-17 0.125 3.3486435914185435e-17 0.421875 0.09375000000000004 0.421875
0 0.12343750000000006 0.375 4.592425496802575e-17 0.375 5.79793718971325e-17 0.571875 0.12343750000000009 0.571875