0 0.80625 0.24843750000000003 0.29375 0.2484375 0.29375000000000007 0.9234375 0.80625 0.9234375
0 0.978125 0.5109375 0.684375 0.5109375 0.6843750000000001 0.94375 0.978125 0.94375
0 0.996875 0.85625 0.7718750000000002 0.85625 0.7718750000000002 0.9953125 0.996875 0.9953125
0 0.7031250000000002 0.8453125 0.32500000000000007 0.8453125 0.32500000000000007 0.9953125 0.7031250000000002 0.9953125
0 0.3468750000000001 0.4109375 5.032532940246154e-17 0.4109375 8.132420150587893e-17 0.9171875 0.3468750000000001 0.9171875
0 0.5140625 4.448912200027494e-17 0.2125 2.6023744481881253e-17 0.2125 0.35625000000000007 0.5140625 0.35625000000000007
0 0.8609375 0.05156250000000009 0.5015625 0.05156250000000007 0.5015625 0.4375000000000001 0.8609375 0.43750000000000017
0 0.9234375 0.0468750000000001 0.734375 0.04687500000000009 0.734375 0.5265625000000002 0.9234375 0.5265625000000002
0 0.09218750000000002 0.03125000000000001 3.827021247335479e-18 0.03125 2.908536147974964e-17 0.44375 0.09218750000000005 0.44375
0 0.234375 1.5977813707625624e-17 0.0265625 3.2529680602351567e-18 0.026562500000000017 0.246875 0.234375 0.246875
0 0.28125 2.688482426253174e-17 0.1578125 1.932645729904417e-17 0.1578125 0.056250000000000036 0.28125 0.05625000000000004
0 0.7015625 7.108691966925652e-17 0.459375 5.625721233583154e-17 0.459375 0.07656250000000007 0.7015625 0.07656250000000009
0 0.8953125 9.854579711888858e-17 0.7140625 8.744743550161569e-17 0.7140625 0.0828125000000001 0.8953125 0.08281250000000011
0 0.9953125 1.1557604166953146e-16 0.8921875 1.0926145661142792e-16 0.8921875 0.0875000000000001 0.9953125 0.0875000000000001
0 0.065625 4.018372309702252e-18 0 0 2.4875638107680615e-18 0.04062500000000001 0.065625 0.04062500000000001