0 0.8484375 0.1750000000000001 0.5578125 0.1750000000000001 0.5578125 0.47343750000000007 0.8484375 0.4734375000000002
0 0.953125 0.4781250000000002 0.7859375 0.4781250000000002 0.7859375000000001 0.7812500000000002 0.953125 0.7812500000000002
0 0.4109375 0.19375000000000003 0.315625 0.19375000000000003 0.31562500000000004 0.38281250000000006 0.4109375 0.3828125000000001
0 0.5625 0.14062500000000006 0.4828125 0.14062500000000006 0.4828125 0.25468750000000007 0.5625 0.25468750000000007
0 0.5015625 0.24375000000000008 0.3703125 0.24375000000000008 0.37031250000000004 0.3828125000000001 0.5015625 0.3828125000000001
0 0.5546875 0.2390625000000001 0.475 0.2390625000000001 0.475 0.3625000000000001 0.5546875 0.3625000000000001
0 0.6015625 0.3437500000000001 0.4859375 0.3437500000000001 0.4859375 0.4921875 0.6015625 0.4921875
0 0.765625 0.3781250000000001 0.65 0.3781250000000001 0.65 0.5171875000000001 0.765625 0.5171875000000001
0 0.8203125 0.47187500000000016 0.7453125 0.47187500000000016 0.7453125 0.6218750000000002 0.8203125 0.6218750000000002
0 0.871875 0.5625000000000002 0.7734375 0.5625000000000002 0.7734375 0.6921875000000002 0.871875 0.6921875000000002
0 0.7484375 0.5078125000000001 0.665625 0.5078125 0.665625 0.6015625000000001 0.7484375 0.6015625000000002
0 0.76875 0.5828125000000001 0.65 0.5828125 0.6500000000000001 0.7468750000000001 0.7687500000000002 0.7468750000000002
0 0.7734375000000001 0.6609375000000001 0.678125 0.6609375 0.6781250000000001 0.7812500000000001 0.7734375000000002 0.7812500000000002
0 0.7046875000000001 0.73125 0.5937500000000002 0.73125 0.5937500000000002 0.8953125 0.7046875000000001 0.8953125
0 0.6609375000000001 0.6421875 0.5375 0.6421875 0.5375000000000001 0.7859375 0.6609375000000002 0.7859375
0 0.6375 0.5625 0.5375 0.5625 0.5375 0.646875 0.6375 0.646875
0 0.6578125 0.4328125 0.5578125 0.4328125 0.5578125 0.5671875 0.6578125 0.5671875
0 0.5625 0.4625 0.43125 0.4625 0.43125 0.63125 0.5625 0.63125
0 0.4828125 0.37812500000000004 0.3390625000000001 0.378125 0.3390625000000001 0.521875 0.4828125 0.521875
0 0.40625 0.4734375 0.26250000000000007 0.4734375 0.26250000000000007 0.6375 0.40625 0.6375
0 0.4421875 0.528125 0.3984375000000001 0.528125 0.3984375000000001 0.603125 0.4421875 0.603125
0 0.35468750000000004 0.328125 0.2265625 0.328125 0.22656250000000006 0.503125 0.3546875000000001 0.503125
0 0.3000000000000001 0.378125 0.19218750000000004 0.378125 0.19218750000000004 0.5125 0.3000000000000001 0.5125
0 0.20312500000000008 0.4921875 0.08750000000000006 0.4921875 0.08750000000000008 0.6375 0.20312500000000008 0.6375
0 0.2593750000000001 0.571875 0.1359375000000001 0.571875 0.1359375000000001 0.7109375 0.2593750000000001 0.7109375
0 0.26250000000000007 0.553125 0.20312500000000008 0.553125 0.20312500000000008 0.603125 0.26250000000000007 0.603125
0 0.1359375000000001 0.5625 0.07187500000000006 0.5625 0.07187500000000008 0.6765625 0.1359375000000001 0.6765625
0 0.5265625 0.63125 0.403125 0.63125 0.40312500000000007 0.75625 0.5265625000000002 0.75625
0 0.5937500000000002 0.73125 0.4625000000000002 0.73125 0.4625000000000002 0.9109375 0.5937500000000002 0.9109375
0 0.4750000000000002 0.73125 0.3515625000000001 0.73125 0.3515625000000001 0.8703125 0.4750000000000002 0.8703125
0 0.4421875000000002 0.7921875 0.3312500000000001 0.7921875 0.3312500000000001 0.9015625 0.4421875000000002 0.9015625
0 0.3984375000000001 0.6421875 0.2906250000000001 0.6421875 0.2906250000000001 0.7859375 0.3984375000000001 0.7859375
0 0.3062500000000001 0.6921875 0.19531250000000008 0.6921875 0.19531250000000008 0.85625 0.3062500000000001 0.85625
0 0.2078125000000001 0.7171875 0.09531250000000009 0.7171875 0.0953125000000001 0.85625 0.2078125000000001 0.85625
0 0.17187500000000008 0.6765625 0.05156250000000009 0.6765625 0.05156250000000009 0.80625 0.17187500000000008 0.80625
0 0.2515625000000001 0.8203125 0.16406250000000008 0.8203125 0.16406250000000008 0.8859375 0.2515625000000001 0.8859375