0 0.971875 0.7390625000000002 0.7593750000000001 0.7390625000000002 0.7593750000000001 0.8859375 0.971875 0.8859375
0 0.996875 0.6484375000000002 0.884375 0.6484375000000002 0.884375 0.7906250000000001 0.996875 0.7906250000000001
0 0.996875 0.5734375000000002 0.9015625 0.5734375000000002 0.9015625 0.6703125000000002 0.996875 0.6703125000000002
0 0.996875 0.34062500000000007 0.8640625 0.34062500000000007 0.8640625 0.6140625000000002 0.996875 0.6140625000000002
0 0.996875 0.2218750000000001 0.853125 0.2218750000000001 0.853125 0.5218750000000002 0.996875 0.5218750000000002
0 0.90625 0.4203125000000001 0.6828125 0.4203125 0.6828125 0.6703125000000001 0.90625 0.6703125000000002
0 0.8609375 0.5171875000000001 0.7703125 0.5171875000000001 0.7703125 0.6421875000000001 0.8609375 0.6421875000000001
0 0.821875 0.6359375 0.6984375 0.6359375 0.6984375 0.81875 0.821875 0.81875
0 0.81875 0.6375000000000002 0.7625 0.6375000000000002 0.7625000000000001 0.7281250000000001 0.81875 0.7281250000000001
0 0.7593750000000001 0.7328125000000001 0.6578125000000001 0.7328125 0.6578125000000001 0.8921875 0.7593750000000001 0.8921875
0 0.878125 0.88125 0.7312500000000002 0.88125 0.7312500000000002 0.99375 0.878125 0.99375
0 0.9328125 0.8421875 0.821875 0.8421875 0.821875 0.9953125 0.9328125 0.9953125
0 0.7703125000000002 0.8875 0.6687500000000002 0.8875 0.6687500000000002 0.9953125 0.7703125000000002 0.9953125
0 0.6609375000000001 0.7109375 0.5796875 0.7109375 0.5796875000000001 0.853125 0.6609375000000002 0.853125
0 0.6718750000000002 0.8125 0.5843750000000002 0.8125 0.5843750000000002 0.99375 0.6718750000000002 0.99375
0 0.6156250000000002 0.9265625 0.5593750000000002 0.9265625 0.5593750000000002 0.99375 0.6156250000000002 0.99375
0 0.5937500000000002 0.7390625 0.5281250000000002 0.7390625 0.5281250000000002 0.93125 0.5937500000000002 0.93125
0 0.5562500000000001 0.853125 0.47968750000000016 0.853125 0.47968750000000016 0.9953125 0.5562500000000001 0.9953125
0 0.5281250000000002 0.75 0.4578125000000002 0.75 0.4578125000000002 0.9375 0.5281250000000002 0.9375
0 0.4781250000000002 0.825 0.39531250000000007 0.825 0.39531250000000007 0.9953125 0.4781250000000002 0.9953125
0 0.4515625000000002 0.771875 0.3703125000000001 0.771875 0.3703125000000001 0.909375 0.4515625000000002 0.909375
0 0.5390625000000001 0.653125 0.434375 0.653125 0.43437500000000007 0.846875 0.5390625000000002 0.846875
0 0.6359375 0.6640625 0.553125 0.6640625 0.5531250000000001 0.7671875 0.6359375000000002 0.7671875
0 0.6812500000000001 0.5625 0.5453125 0.5625 0.5453125000000001 0.778125 0.6812500000000001 0.778125
0 0.68125 0.4140625 0.61875 0.4140625 0.61875 0.5515625 0.68125 0.5515625
0 0.615625 0.36406250000000007 0.5109375 0.36406250000000007 0.5109375 0.5171875 0.615625 0.5171875
0 0.61875 0.5 0.53125 0.5 0.53125 0.61875 0.61875 0.61875
0 0.559375 0.5234375 0.44375 0.5234375 0.44375 0.665625 0.559375 0.665625
0 0.528125 0.4203125 0.440625 0.4203125 0.440625 0.5515625 0.528125 0.5515625
0 0.4859375 0.34062500000000007 0.3984375 0.34062500000000007 0.39843750000000006 0.478125 0.4859375 0.478125
0 0.3984375000000001 0.38593750000000004 0.3218750000000001 0.3859375 0.3218750000000001 0.50625 0.3984375000000001 0.50625
0 0.4546875 0.465625 0.3781250000000001 0.465625 0.3781250000000001 0.596875 0.4546875 0.596875
0 0.4515625000000001 0.596875 0.3609375000000001 0.596875 0.3609375000000001 0.74375 0.4515625000000002 0.74375
0 0.39531250000000007 0.6875 0.28593750000000007 0.6875 0.28593750000000007 0.8515625 0.39531250000000007 0.8515625
0 0.3609375000000001 0.8015625 0.2515625000000001 0.8015625 0.2515625000000001 0.971875 0.3609375000000001 0.971875
0 0.3078125000000001 0.625 0.22031250000000008 0.625 0.22031250000000008 0.784375 0.3078125000000001 0.784375
0 0.29375000000000007 0.540625 0.21250000000000008 0.540625 0.21250000000000008 0.6484375 0.29375000000000007 0.6484375
0 0.38750000000000007 0.5109375 0.2906250000000001 0.5109375 0.2906250000000001 0.6765625 0.38750000000000007 0.6765625
0 0.2734375000000001 0.4375 0.16406250000000006 0.4375 0.16406250000000006 0.5859375 0.2734375000000001 0.5859375
0 0.353125 0.30625 0.26875 0.30625 0.26875000000000004 0.5171875 0.3531250000000001 0.5171875
0 0.853125 0.2500000000000001 0.7796875 0.2500000000000001 0.7796875 0.4265625000000002 0.853125 0.4265625000000002
0 0.7984375 0.30156250000000007 0.728125 0.30156250000000007 0.728125 0.4031250000000002 0.7984375 0.4031250000000002
0 0.996875 0.2156250000000001 0.85625 0.2156250000000001 0.85625 0.5171875000000001 0.996875 0.5171875000000001
0 0.821875 9.443174927800294e-17 0.7203125 8.82128397510828e-17 0.7203125 0.16406250000000008 0.821875 0.16406250000000008
0 0.8671875 0.0796875000000001 0.7 0.07968750000000009 0.7 0.3687500000000001 0.8671875 0.3687500000000001
0 0.7484375 0.21093750000000008 0.6015625 0.21093750000000008 0.6015625 0.3703125000000001 0.7484375 0.3703125000000001
0 0.88125 0.18125000000000008 0.796875 0.18125000000000008 0.796875 0.2500000000000001 0.88125 0.2500000000000001
0 0.678125 0.2390625000000001 0.584375 0.2390625000000001 0.584375 0.3859375000000001 0.678125 0.3859375000000001
0 0.7484375 0.3531250000000001 0.64375 0.3531250000000001 0.64375 0.46562500000000007 0.7484375 0.4656250000000002
0 0.5703125 0.2156250000000001 0.503125 0.2156250000000001 0.503125 0.27812500000000007 0.5703125 0.27812500000000007
0 0.584375 0.2671875000000001 0.553125 0.2671875000000001 0.553125 0.3125000000000001 0.584375 0.3125000000000001
0 0.5640625 0.2734375000000001 0.49375 0.2734375000000001 0.49375 0.3531250000000001 0.5640625 0.3531250000000001
0 0.615625 0.3234375000000001 0.5453125 0.3234375000000001 0.5453125 0.403125 0.615625 0.403125
0 0.678125 0.3812500000000001 0.6125 0.3812500000000001 0.6125 0.540625 0.678125 0.540625
0 0.496875 0.2453125000000001 0.4203125 0.2453125000000001 0.4203125 0.3359375000000001 0.496875 0.3359375000000001
0 0.759375 0.028125000000000067 0.325 0.028125000000000046 0.32500000000000007 0.36406250000000007 0.759375 0.36406250000000007
0 0.33593750000000006 0.19375000000000003 0.209375 0.19375000000000003 0.20937500000000003 0.5453125 0.3359375000000001 0.5453125
0 0.21718750000000003 0.2953125 0.13281250000000006 0.2953125 0.13281250000000006 0.4609375 0.2171875000000001 0.4609375
0 0.1921875 1.1768090335556599e-17 0 0 2.784157957436561e-17 0.4546875 0.19218750000000004 0.4546875
0 0.4796875 3.941831884755543e-17 0.1640625 2.0091861548511263e-17 0.16406250000000003 0.31875000000000003 0.4796875 0.3187500000000001
0 0.2250000000000001 0.4671875 0.021875000000000054 0.4671875 0.021875000000000068 0.6828125 0.2250000000000001 0.6828125
0 0.14062500000000008 0.603125 7.386151007357474e-17 0.603125 7.979339300694474e-17 0.7 0.14062500000000008 0.7
0 0.2734375000000001 0.69375 0.07031250000000008 0.69375 0.0703125000000001 0.846875 0.2734375000000001 0.846875
0 0.0390625000000001 0.7 8.572527594031472e-17 0.7 9.337931843498567e-17 0.825 0.0390625000000001 0.825
0 0.2515625000000001 0.8015625 0.007812500000000097 0.8015625 0.007812500000000108 0.94375 0.2515625000000001 0.94375
0 0.2234375000000001 0.9203125 0.11875000000000013 0.9203125 0.11875000000000013 0.99375 0.2234375000000001 0.99375
0 0.3984375000000001 0.8921875 0.2171875000000001 0.8921875 0.2171875000000001 0.99375 0.3984375000000001 0.99375
0 0.05625000000000011 0.8921875 1.0926145661142792e-16 0.8921875 1.1481063742006435e-16 0.9828125 0.05625000000000011 0.9828125
0 0.88125 0.8875 0.7484375000000002 0.8875 0.7484375000000002 0.9953125 0.88125 0.9953125