0 0.6312500000000001 0.6671875 0.5375 0.6671875 0.5375000000000001 0.7828125 0.6312500000000002 0.7828125
0 0.7375 0.5515625000000001 0.5875 0.5515625 0.5875 0.7250000000000001 0.7375 0.7250000000000002
0 0.8796875 0.5296875000000001 0.70625 0.5296875 0.70625 0.6937500000000001 0.8796875 0.6937500000000002
0 0.83125 0.4484375000000001 0.69375 0.4484375 0.69375 0.5468750000000001 0.83125 0.5468750000000002
0 0.90625 0.42187500000000017 0.8046875 0.42187500000000017 0.8046875 0.5296875000000002 0.90625 0.5296875000000002
0 0.8265625 0.3687500000000001 0.70625 0.3687500000000001 0.70625 0.4484375000000001 0.8265625 0.44843750000000016
0 0.8265625 0.2140625000000001 0.675 0.2140625000000001 0.675 0.3609375000000001 0.8265625 0.3609375000000001
0 0.7328125 0.2718750000000001 0.578125 0.2718750000000001 0.578125 0.4093750000000001 0.7328125 0.40937500000000016
0 0.684375 0.2171875000000001 0.56875 0.2171875000000001 0.56875 0.2890625000000001 0.684375 0.2890625000000001
0 0.5515625 0.2312500000000001 0.4671875 0.2312500000000001 0.4671875 0.32500000000000007 0.5515625 0.32500000000000007
0 0.578125 0.3296875000000001 0.50625 0.3296875000000001 0.50625 0.421875 0.578125 0.421875
0 0.6984375 0.409375 0.5640625 0.409375 0.5640625 0.5734375 0.6984375 0.5734375
0 0.5921875 0.5109375 0.4234375 0.5109375 0.4234375 0.653125 0.5921875 0.653125
0 0.5562500000000001 0.640625 0.440625 0.640625 0.4406250000000001 0.7640625 0.5562500000000001 0.7640625
0 0.4453125 0.4625 0.2406250000000001 0.4625 0.2406250000000001 0.63125 0.4453125 0.63125
0 0.55625 0.3421875000000001 0.3875 0.3421875000000001 0.38750000000000007 0.515625 0.55625 0.515625
0 0.4796875 0.3031250000000001 0.36875 0.3031250000000001 0.36875 0.4140625 0.4796875 0.4140625
0 0.4625 0.20468750000000005 0.3515625 0.2046875 0.3515625 0.30156250000000007 0.4625 0.30156250000000007
0 0.38281250000000006 0.3609375 0.2484375 0.3609375 0.24843750000000003 0.48125 0.3828125000000001 0.48125