0 0.9953125 0.7250000000000002 0.7703125 0.7250000000000002 0.7703125000000001 0.9765625 0.9953125 0.9765625
0 0.9671875 0.9234375 0.7531250000000002 0.9234375 0.7531250000000002 0.9953125 0.9671875 0.9953125
0 0.996875 0.5171875000000001 0.75 0.5171875000000001 0.7500000000000001 0.7968750000000002 0.996875 0.7968750000000002
0 0.975 0.2375000000000001 0.715625 0.2375000000000001 0.715625 0.5359375000000001 0.975 0.5359375000000002
0 0.903125 0.1859375000000001 0.728125 0.1859375000000001 0.728125 0.33281250000000007 0.903125 0.33281250000000007
0 0.778125 0.01875000000000008 0.4859375 0.018750000000000062 0.4859375 0.3125000000000001 0.778125 0.3125000000000001
0 0.7609375 0.2890625000000001 0.44375 0.2890625000000001 0.44375 0.5921875000000001 0.7609375 0.5921875000000002
0 0.7828125000000001 0.5687500000000001 0.48125 0.56875 0.48125000000000007 0.815625 0.7828125000000001 0.815625
0 0.7328125000000002 0.7578125000000001 0.4437500000000002 0.7578125 0.4437500000000002 0.9953125 0.7328125000000002 0.9953125
0 0.4937500000000002 0.8859375 0.2140625000000001 0.8859375 0.2140625000000001 0.9953125 0.4937500000000002 0.9953125
0 0.5234375000000001 0.6125 0.2765625000000001 0.6125 0.2765625000000001 0.8921875 0.5234375000000002 0.8921875
0 0.30937500000000007 0.6203125 7.596637175960925e-17 0.6203125 9.577120671457036e-17 0.94375 0.30937500000000007 0.94375
0 0.1250000000000001 0.9046875 1.1079226511036212e-16 0.9046875 1.1624577038781518e-16 0.99375 0.12500000000000014 0.99375
0 0.24375000000000008 0.9234375 0.12656250000000013 0.9234375 0.12656250000000013 0.9953125 0.24375000000000008 0.9953125
0 0.05781250000000008 0.625 7.654042494670958e-17 0.625 8.524689828439779e-17 0.7671875 0.057812500000000086 0.7671875
0 0.17187500000000006 0.346875 4.247993584542381e-17 0.346875 6.046693570790056e-17 0.640625 0.17187500000000008 0.640625
0 0.4390625 0.30312500000000003 0.19218750000000004 0.303125 0.19218750000000007 0.6265625 0.4390625 0.6265625
0 0.4984375 0.20000000000000004 0.3390625 0.2 0.3390625 0.35625000000000007 0.4984375 0.35625000000000007
0 0.5265625 4.831614324761042e-17 0.2625 3.214697847761802e-17 0.2625 0.20312500000000006 0.5265625 0.20312500000000008
0 0.33906250000000004 0.11406250000000002 0.029687500000000012 0.1140625 0.029687500000000033 0.421875 0.3390625000000001 0.421875
0 0.3140625 0.06250000000000003 0.1296875 0.06250000000000003 0.1296875 0.15625000000000003 0.3140625 0.15625000000000006
0 0.09687500000000002 0.014062500000000006 1.7221595613009655e-18 0.0140625 2.171834557862884e-17 0.340625 0.09687500000000004 0.340625