0 0.6125000000000002 0.759375 0.44531250000000017 0.759375 0.44531250000000017 0.99375 0.6125000000000002 0.99375
0 0.4625000000000002 0.7859375 0.3390625000000001 0.7859375 0.3390625000000001 0.99375 0.4625000000000002 0.99375
0 0.4484375000000001 0.6140625 0.2984375000000001 0.6140625 0.2984375000000001 0.99375 0.44843750000000016 0.99375
0 0.2562500000000001 0.834375 0.1296875000000001 0.834375 0.12968750000000012 0.99375 0.2562500000000001 0.99375
0 0.11718750000000003 0.020312500000000008 2.487563810768061e-18 0.0203125 1.6360515832359172e-17 0.246875 0.11718750000000004 0.246875
0 0.09375000000000001 5.7405318710032185e-18 0 0 7.55836696348757e-18 0.1234375 0.09375000000000003 0.1234375
0 0.09218750000000003 0.171875 2.1048616860345134e-17 0.171875 2.994644126040012e-17 0.3171875 0.09218750000000005 0.3171875
0 0.315625 0.234375 0.12656250000000005 0.234375 0.12656250000000005 0.3375 0.315625 0.3375
0 0.284375 2.5736717888331097e-17 0.1359375 1.6647542425909335e-17 0.13593750000000002 0.2484375 0.284375 0.2484375
0 0.384375 4.11404784088564e-17 0.2875 3.5208595475486407e-17 0.2875 0.20000000000000004 0.384375 0.2000000000000001
0 0.4765625 5.223884002612929e-17 0.3765625 4.6115606030392526e-17 0.3765625 0.18593750000000003 0.4765625 0.18593750000000003
0 0.5515625000000001 0.6890625 0.5203125 0.6890625 0.5203125000000001 0.7515625 0.5515625000000002 0.7515625
0 0.546875 0.503125 0.5265625 0.503125 0.5265625 0.565625 0.546875 0.565625
0 0.6203125 0.3937500000000001 0.5921875 0.3937500000000001 0.5921875 0.4625 0.6203125 0.4625
0 0.5265625 0.37968750000000007 0.496875 0.37968750000000007 0.496875 0.46875 0.5265625 0.46875
0 0.5109375 0.2562500000000001 0.4859375 0.2562500000000001 0.4859375 0.3046875000000001 0.5109375 0.3046875000000001
0 0.4859375 0.24218750000000008 0.4546875 0.24218750000000008 0.4546875 0.31718750000000007 0.4859375 0.31718750000000007
0 0.4625 0.2890625000000001 0.43125 0.2890625000000001 0.43125 0.3656250000000001 0.4625 0.3656250000000001
0 0.4765625 0.3515625000000001 0.4515625 0.3515625000000001 0.4515625 0.4140625 0.4765625 0.4140625
0 0.46875 0.428125 0.4453125 0.428125 0.4453125 0.496875 0.46875 0.496875
0 0.465625 0.565625 0.4390625 0.565625 0.4390625 0.628125 0.465625 0.628125
0 0.4515625 0.6078125 0.43125 0.6078125 0.43125 0.66875 0.4515625 0.66875
0 0.4390625 0.5109375 0.4140625 0.5109375 0.4140625 0.559375 0.4390625 0.559375
0 0.4453125 0.4484375 0.4203125 0.4484375 0.4203125 0.5171875 0.4453125 0.5171875
0 0.4546875 0.37968750000000007 0.4203125 0.37968750000000007 0.4203125 0.4484375 0.4546875 0.4484375
0 0.43125 0.3109375000000001 0.4078125 0.3109375000000001 0.4078125 0.37968750000000007 0.43125 0.37968750000000007
0 0.4421875 0.2484375000000001 0.4203125 0.2484375000000001 0.4203125 0.2968750000000001 0.4421875 0.2968750000000001
0 0.4171875 0.2406250000000001 0.390625 0.2406250000000001 0.390625 0.3312500000000001 0.4171875 0.3312500000000001
0 0.2640625000000001 0.4140625 0.23593750000000008 0.4140625 0.23593750000000008 0.5109375 0.2640625000000001 0.5109375
0 0.2875000000000001 0.4890625 0.2640625000000001 0.4890625 0.2640625000000001 0.5515625 0.2875000000000001 0.5515625
0 0.3109375000000001 0.5171875 0.2906250000000001 0.5171875 0.2906250000000001 0.565625 0.3109375000000001 0.565625
0 0.31718750000000007 0.565625 0.2968750000000001 0.565625 0.2968750000000001 0.60625 0.31718750000000007 0.60625
0 0.3453125000000001 0.5234375 0.3140625000000001 0.5234375 0.3140625000000001 0.5796875 0.3453125000000001 0.5796875
0 0.3453125000000001 0.5796875 0.3187500000000001 0.5796875 0.3187500000000001 0.640625 0.3453125000000001 0.640625
0 0.3687500000000001 0.5734375 0.34843750000000007 0.5734375 0.34843750000000007 0.621875 0.3687500000000001 0.621875
0 0.3843750000000001 0.5453125 0.3593750000000001 0.5453125 0.3593750000000001 0.59375 0.3843750000000001 0.59375
0 0.428125 0.53125 0.3843750000000001 0.53125 0.3843750000000001 0.634375 0.428125 0.634375
0 0.3703125000000001 0.4890625 0.3390625000000001 0.4890625 0.3390625000000001 0.565625 0.3703125000000001 0.565625
0 0.38750000000000007 0.490625 0.3593750000000001 0.490625 0.3593750000000001 0.5390625 0.38750000000000007 0.5390625
0 0.3937500000000001 0.428125 0.3656250000000001 0.428125 0.3656250000000001 0.496875 0.3937500000000001 0.496875
0 0.41875 0.428125 0.3968750000000001 0.428125 0.3968750000000001 0.5109375 0.41875 0.5109375
0 0.4 0.3734375000000001 0.3734375000000001 0.3734375000000001 0.3734375000000001 0.421875 0.4 0.421875
0 0.403125 0.3375000000000001 0.3828125 0.3375000000000001 0.38281250000000006 0.37968750000000007 0.403125 0.37968750000000007
0 0.384375 0.32500000000000007 0.3625 0.325 0.36250000000000004 0.38593750000000004 0.3843750000000001 0.3859375000000001
0 0.3859375 0.2484375000000001 0.365625 0.2484375000000001 0.365625 0.31718750000000007 0.3859375 0.31718750000000007
0 0.390625 0.17343750000000005 0.3703125 0.17343750000000005 0.3703125 0.24218750000000008 0.390625 0.24218750000000008
0 0.4 0.13125000000000003 0.3796875 0.13125000000000003 0.3796875 0.18593750000000003 0.4 0.18593750000000003
0 0.3671875 0.20000000000000004 0.3421875 0.2 0.3421875 0.24843750000000003 0.3671875 0.2484375000000001
0 0.3421875 0.17187500000000006 0.31875 0.17187500000000006 0.31875 0.228125 0.3421875 0.228125
0 0.315625 0.13750000000000004 0.290625 0.13750000000000004 0.290625 0.2 0.315625 0.2
0 0.3453125 0.2203125 0.31875 0.2203125 0.31875 0.2828125 0.3453125 0.2828125
0 0.3625 0.2484375 0.3453125 0.2484375 0.3453125 0.2828125 0.3625 0.2828125
0 0.3671875 0.2828125 0.3421875 0.2828125 0.3421875 0.35156250000000006 0.3671875 0.3515625000000001
0 0.3453125 0.2890625 0.321875 0.2890625 0.321875 0.3453125 0.3453125 0.3453125
0 0.3531250000000001 0.3796875 0.32500000000000007 0.3796875 0.32500000000000007 0.4625 0.3531250000000001 0.4625
0 0.37343750000000003 0.3453125 0.3453125 0.3453125 0.3453125 0.434375 0.3734375000000001 0.434375
0 0.3656250000000001 0.434375 0.3359375000000001 0.434375 0.3359375000000001 0.496875 0.3656250000000001 0.496875
0 0.3390625000000001 0.4140625 0.3078125000000001 0.4140625 0.3078125000000001 0.4828125 0.3390625000000001 0.4828125
0 0.33593750000000006 0.3234375 0.3046875 0.3234375 0.30468750000000006 0.4 0.3359375000000001 0.4
0 0.30781250000000004 0.3515625 0.28125 0.3515625 0.28125000000000006 0.428125 0.3078125000000001 0.428125
0 0.2953125 0.303125 0.2703125 0.303125 0.2703125 0.359375 0.2953125 0.359375
0 0.3109375000000001 0.428125 0.2875000000000001 0.428125 0.2875000000000001 0.46875 0.3109375000000001 0.46875
0 0.2968750000000001 0.45625 0.2796875000000001 0.45625 0.2796875000000001 0.5046875 0.2968750000000001 0.5046875
0 0.3312500000000001 0.4546875 0.2968750000000001 0.4546875 0.2968750000000001 0.5109375 0.3312500000000001 0.5109375
0 0.08906250000000009 0.634375 7.768853132091022e-17 0.634375 9.32836429038023e-17 0.8890625 0.08906250000000011 0.8890625
0 0.2562500000000001 0.6828125 0.04531250000000009 0.6828125 0.0453125000000001 0.896875 0.2562500000000001 0.896875
0 0.11562500000000012 0.765625 0.06406250000000009 0.765625 0.0640625000000001 0.93125 0.11562500000000013 0.93125
0 0.2843750000000001 0.6625 0.06562500000000009 0.6625 0.0656250000000001 0.8203125 0.2843750000000001 0.8203125
0 0.2250000000000001 0.73125 0.04375000000000009 0.73125 0.043750000000000094 0.8140625 0.2250000000000001 0.8140625
0 0.2734375000000001 0.725 0.08906250000000009 0.725 0.08906250000000009 0.7859375 0.2734375000000001 0.7859375
0 0.18906250000000008 0.6765625 0.0750000000000001 0.6765625 0.0750000000000001 0.7375 0.18906250000000008 0.7375
0 0.2843750000000001 0.6421875 0.1781250000000001 0.6421875 0.1781250000000001 0.703125 0.2843750000000001 0.703125
0 0.10937500000000008 0.565625 0.0031250000000000696 0.565625 0.0031250000000000765 0.675 0.10937500000000008 0.675
0 0.1609375000000001 0.628125 0.014062500000000078 0.628125 0.014062500000000084 0.725 0.1609375000000001 0.725
0 0.12031250000000007 0.4828125 0.014062500000000061 0.4828125 0.014062500000000071 0.6625 0.12031250000000009 0.6625
0 0.14375000000000007 0.4 4.898587196589413e-17 0.4 5.87447761465996e-17 0.559375 0.1437500000000001 0.559375
0 0.14687500000000006 0.325 3.980102097228898e-17 0.325 5.79793718971325e-17 0.621875 0.1468750000000001 0.621875
0 0.2062500000000001 0.525 0.057812500000000065 0.525 0.057812500000000065 0.59375 0.2062500000000001 0.59375
0 0.23593750000000008 0.4140625 0.14687500000000003 0.4140625 0.14687500000000003 0.5109375 0.23593750000000008 0.5109375
0 0.2609375000000001 0.365625 0.16406250000000006 0.365625 0.16406250000000006 0.5375 0.2609375000000001 0.5375
0 0.21250000000000008 0.4 0.15000000000000005 0.4 0.15000000000000005 0.5375 0.21250000000000008 0.5375
0 0.2953125000000001 0.5375 0.2015625000000001 0.5375 0.2015625000000001 0.59375 0.2953125000000001 0.59375
0 0.29375000000000007 0.59375 0.21250000000000008 0.59375 0.21250000000000008 0.634375 0.29375000000000007 0.634375