0 0.4625000000000001 0.496875 0.29375000000000007 0.496875 0.29375000000000007 0.746875 0.4625000000000002 0.746875
0 0.8046875 0.8265625 0.5687500000000002 0.8265625 0.5687500000000002 0.990625 0.8046875 0.990625
0 0.9953125 0.6890625000000001 0.8265625 0.6890625000000001 0.8265625 0.8484375 0.9953125 0.8484375
0 0.83125 0.6984375000000002 0.7421875 0.6984375000000002 0.7421875000000001 0.8140625 0.83125 0.8140625
0 0.925 0.5734375000000002 0.7875 0.5734375000000002 0.7875 0.7156250000000002 0.925 0.7156250000000002
0 0.7390625000000001 0.6718750000000001 0.534375 0.671875 0.534375 0.8265625 0.7390625000000002 0.8265625
0 0.81875 0.5781250000000001 0.68125 0.578125 0.6812500000000001 0.7375 0.81875 0.7375000000000002
0 0.9953125 0.5343750000000002 0.903125 0.5343750000000002 0.903125 0.7031250000000002 0.9953125 0.7031250000000002
0 0.915625 0.8046875 0.7328125000000002 0.8046875 0.7328125000000002 0.896875 0.915625 0.896875
0 0.5343750000000002 0.7640625 0.21875000000000008 0.7640625 0.21875000000000008 0.9953125 0.5343750000000002 0.9953125
0 0.6312500000000002 0.7828125 0.4625000000000002 0.7828125 0.4625000000000002 0.9953125 0.6312500000000002 0.9953125
0 0.32500000000000007 0.778125 0.17343750000000008 0.778125 0.1734375000000001 0.9375 0.32500000000000007 0.9375
0 0.1593750000000001 0.7375 0.03593750000000009 0.7375 0.0359375000000001 0.8625 0.1593750000000001 0.8625
0 0.2453125000000001 0.7421875 0.10312500000000009 0.7421875 0.10312500000000009 0.8359375 0.2453125000000001 0.8359375
0 0.2093750000000001 0.8265625 0.09375000000000011 0.8265625 0.09375000000000011 0.9734375 0.2093750000000001 0.9734375
0 0.3078125000000001 0.5515625 0.13437500000000008 0.5515625 0.13437500000000008 0.75625 0.3078125000000001 0.75625
0 0.14218750000000008 0.559375 6.850368032730508e-17 0.559375 7.969771747576135e-17 0.7421875 0.14218750000000008 0.7421875
0 0.2093750000000001 0.503125 0.06718750000000007 0.503125 0.06718750000000008 0.7390625 0.2093750000000001 0.7390625
0 0.421875 0.39531250000000007 0.17343750000000005 0.3953125 0.17343750000000008 0.55625 0.421875 0.55625
0 0.5421875 0.409375 0.421875 0.409375 0.421875 0.525 0.5421875 0.525
0 0.56875 0.5375 0.4625 0.5375 0.4625 0.6359375 0.56875 0.6359375
0 0.6531250000000001 0.5828125 0.4671875 0.5828125 0.4671875000000001 0.76875 0.6531250000000002 0.76875
0 0.70625 0.421875 0.515625 0.421875 0.515625 0.5953125 0.70625 0.5953125
0 0.81875 0.2843750000000001 0.640625 0.2843750000000001 0.640625 0.5296875000000001 0.81875 0.5296875000000002
0 0.8171875 0.4750000000000001 0.6890625 0.475 0.6890625 0.6265625000000001 0.8171875 0.6265625000000001
0 0.996875 0.4359375000000002 0.81875 0.4359375000000002 0.81875 0.6937500000000002 0.996875 0.6937500000000002
0 0.9953125 0.3375000000000001 0.8453125 0.3375000000000001 0.8453125 0.47187500000000016 0.9953125 0.47187500000000016
0 0.95625 0.23593750000000008 0.821875 0.23593750000000008 0.821875 0.3515625000000001 0.95625 0.3515625000000001
0 0.9296875 0.1593750000000001 0.725 0.1593750000000001 0.725 0.2890625000000001 0.9296875 0.2890625000000001
0 0.840625 0.0671875000000001 0.6765625 0.0671875000000001 0.6765625 0.20468750000000008 0.840625 0.20468750000000008
0 0.6796875 0.009375000000000074 0.515625 0.009375000000000064 0.515625 0.13281250000000006 0.6796875 0.13281250000000008
0 0.5203125 0.021875000000000054 0.3421875 0.021875000000000044 0.3421875 0.14687500000000003 0.5203125 0.14687500000000003
0 0.50625 0.10781250000000005 0.325 0.10781250000000005 0.32500000000000007 0.3921875 0.50625 0.3921875000000001
0 0.7109375 0.2453125000000001 0.453125 0.2453125000000001 0.453125 0.440625 0.7109375 0.440625
0 0.725 0.12968750000000007 0.50625 0.12968750000000004 0.50625 0.2531250000000001 0.725 0.2531250000000001
0 0.346875 0.10781250000000002 0.178125 0.1078125 0.17812500000000003 0.2765625 0.346875 0.2765625
0 0.284375 0.209375 0.08437500000000002 0.209375 0.08437500000000003 0.3296875 0.284375 0.3296875
0 0.19218750000000004 0.271875 0.014062500000000033 0.271875 0.014062500000000047 0.484375 0.19218750000000004 0.484375
0 0.18593750000000006 0.378125 4.63069570927593e-17 0.378125 5.855342508423283e-17 0.578125 0.1859375000000001 0.578125
0 0.4453125 0.29687500000000006 0.15625000000000006 0.296875 0.15625000000000006 0.546875 0.4453125 0.546875