0 0.9953125 0.3437500000000001 0.809375 0.3437500000000001 0.809375 0.5875000000000001 0.9953125 0.5875000000000001
0 0.928125 0.5531250000000001 0.659375 0.553125 0.659375 0.6921875000000001 0.928125 0.6921875000000002
0 0.928125 0.6671875000000002 0.7265625 0.6671875000000002 0.7265625000000001 0.8265625 0.928125 0.8265625
0 0.753125 0.6250000000000001 0.571875 0.625 0.5718750000000001 0.7453125 0.7531250000000002 0.7453125000000002
0 0.7421875000000002 0.7500000000000001 0.5625000000000002 0.75 0.5625000000000002 0.8734375 0.7421875000000002 0.8734375
0 0.5734375 0.6140625 0.3359375000000001 0.6140625 0.3359375000000001 0.7875 0.5734375000000002 0.7875
0 0.6546875 0.50625 0.484375 0.50625 0.484375 0.640625 0.6546875 0.640625
0 0.8296875 0.3593750000000001 0.6234375 0.3593750000000001 0.6234375 0.5593750000000001 0.8296875 0.5593750000000002
0 0.9953125 0.1593750000000001 0.7109375 0.1593750000000001 0.7109375 0.35625000000000007 0.9953125 0.35625000000000007
0 0.7578125 0.1937500000000001 0.659375 0.1937500000000001 0.659375 0.2593750000000001 0.7578125 0.2593750000000001
0 0.715625 0.2750000000000001 0.6703125 0.2750000000000001 0.6703125 0.3203125000000001 0.715625 0.3203125000000001
0 0.7484375 0.3203125000000001 0.609375 0.3203125000000001 0.609375 0.4062500000000001 0.7484375 0.40625000000000017
0 0.70625 0.3703125000000001 0.4484375 0.3703125000000001 0.4484375 0.5375 0.70625 0.5375
0 0.675 0.1937500000000001 0.5671875 0.1937500000000001 0.5671875 0.3671875000000001 0.675 0.3671875000000001
0 0.5828125 0.17031250000000006 0.2984375 0.17031250000000003 0.2984375 0.4015625 0.5828125 0.4015625
0 0.4484375 0.11562500000000005 0.26875 0.11562500000000005 0.26875 0.23906250000000004 0.4484375 0.2390625000000001
0 0.2828125 0.10000000000000002 0.01562500000000001 0.1 0.015625000000000024 0.3359375 0.2828125 0.3359375
0 0.309375 0.2390625 0.2421875 0.2390625 0.2421875 0.3359375 0.309375 0.3359375
0 0.3609375 0.3359375 0.2109375 0.3359375 0.21093750000000006 0.4328125 0.3609375000000001 0.4328125
0 0.23750000000000004 0.3015625 3.693075503678737e-17 0.3015625 5.204748896376252e-17 0.5484375 0.2375000000000001 0.5484375
0 0.4015625 0.4171875 0.06718750000000004 0.4171875 0.06718750000000007 0.6875 0.4015625 0.6875
0 0.44375 0.39375000000000004 0.2828125000000001 0.39375 0.2828125000000001 0.4984375 0.44375 0.4984375
0 0.484375 0.49375 0.38750000000000007 0.49375 0.38750000000000007 0.5984375 0.484375 0.5984375
0 0.4953125 0.540625 0.4234375 0.540625 0.4234375 0.625 0.4953125 0.625
0 0.4750000000000002 0.7609375 0.3203125000000001 0.7609375 0.3203125000000001 0.8765625 0.4750000000000002 0.8765625
0 0.5671875000000002 0.75 0.46875000000000017 0.75 0.46875000000000017 0.85 0.5671875000000002 0.85
0 0.3296875000000001 0.6796875 8.323771212954667e-17 0.6796875 1.0045930774255631e-16 0.9609375 0.3296875000000001 0.9609375
0 0.21093750000000008 0.65 0.06250000000000008 0.65 0.06250000000000008 0.75 0.21093750000000008 0.75
0 0.13437500000000008 0.6109375 0.07187500000000006 0.6109375 0.07187500000000008 0.6609375 0.13437500000000008 0.6609375