0 0.996875 0.4703125000000002 0.8640625 0.4703125000000002 0.8640625 0.7468750000000002 0.996875 0.7468750000000002
0 0.996875 0.7296875000000002 0.9171875 0.7296875000000002 0.9171875 0.909375 0.996875 0.909375
0 0.996875 0.8671875 0.834375 0.8671875 0.834375 0.99375 0.996875 0.99375
0 0.9265625 0.6265625000000001 0.7625 0.6265625000000001 0.7625000000000001 0.8859375 0.9265625 0.8859375
0 0.996875 0.32500000000000007 0.878125 0.32500000000000007 0.878125 0.5000000000000002 0.996875 0.5000000000000002
0 0.925 0.30156250000000007 0.86875 0.30156250000000007 0.86875 0.42187500000000017 0.925 0.42187500000000017
0 0.8953125 0.3312500000000001 0.859375 0.3312500000000001 0.859375 0.4390625000000002 0.8953125 0.4390625000000002
0 0.871875 0.2953125000000001 0.771875 0.2953125000000001 0.771875 0.4703125000000002 0.871875 0.4703125000000002
0 0.89375 0.4281250000000002 0.765625 0.4281250000000002 0.765625 0.5968750000000002 0.89375 0.5968750000000002
0 0.8609375 0.5781250000000002 0.765625 0.5781250000000002 0.765625 0.6687500000000002 0.8609375 0.6687500000000002
0 0.76875 0.5250000000000001 0.65625 0.525 0.65625 0.6875000000000001 0.76875 0.6875000000000002
0 0.825 0.7828125000000001 0.6796875000000002 0.7828125 0.6796875000000002 0.99375 0.825 0.99375
0 0.6968750000000001 0.8140625 0.5671875000000002 0.8140625 0.5671875000000002 0.99375 0.6968750000000001 0.99375
0 0.7093750000000001 0.6265625 0.5671875 0.6265625 0.5671875000000001 0.85 0.7093750000000002 0.85
0 0.74375 0.40312500000000007 0.6578125 0.403125 0.6578125 0.51875 0.74375 0.5187500000000002
0 0.7828125 0.3375000000000001 0.709375 0.3375000000000001 0.709375 0.5062500000000001 0.7828125 0.5062500000000002
0 0.7828125 0.2531250000000001 0.7328125 0.2531250000000001 0.7328125 0.3437500000000001 0.7828125 0.3437500000000001
0 0.7390625 0.23593750000000008 0.6640625 0.23593750000000008 0.6640625 0.3625000000000001 0.7390625 0.3625000000000001
0 0.703125 0.20468750000000008 0.6671875 0.20468750000000008 0.6671875 0.2406250000000001 0.703125 0.2406250000000001
0 0.6640625 0.15625000000000008 0.590625 0.15625000000000008 0.590625 0.3078125000000001 0.6640625 0.3078125000000001
0 0.6796875 0.30156250000000007 0.5875 0.30156250000000007 0.5875 0.4453125 0.6796875 0.4453125
0 0.6640625 0.440625 0.578125 0.440625 0.578125 0.5671875 0.6640625 0.5671875
0 0.646875 0.4890625 0.521875 0.4890625 0.521875 0.6515625 0.646875 0.6515625
0 0.590625 0.65625 0.534375 0.65625 0.534375 0.7234375 0.590625 0.7234375
0 0.5703125000000002 0.7296875 0.4656250000000002 0.7296875 0.4656250000000002 0.8984375 0.5703125000000002 0.8984375
0 0.5843750000000002 0.85 0.3921875000000001 0.85 0.3921875000000001 0.99375 0.5843750000000002 0.99375
0 0.3890625000000001 0.7953125 0.17187500000000008 0.7953125 0.1718750000000001 0.99375 0.3890625000000001 0.99375
0 0.16250000000000012 0.740625 0.010937500000000091 0.740625 0.010937500000000107 0.99375 0.16250000000000014 0.99375
0 0.2312500000000001 0.5359375 0.10156250000000004 0.5359375 0.10156250000000007 0.7828125 0.2312500000000001 0.7828125
0 0.3593750000000001 0.5359375 0.20468750000000008 0.5359375 0.20468750000000008 0.8015625 0.3593750000000001 0.8015625
0 0.4625000000000001 0.65 0.3359375000000001 0.65 0.3359375000000001 0.8796875 0.4625000000000002 0.8796875
0 0.09843750000000008 0.565625 6.926908457677216e-17 0.565625 8.438581850374731e-17 0.8125 0.0984375000000001 0.8125
0 0.09218750000000006 0.51875 6.352855270576895e-17 0.51875 6.907773351440539e-17 0.609375 0.09218750000000006 0.609375
0 0.22812500000000008 0.4390625 0.09531250000000005 0.4390625 0.09531250000000005 0.584375 0.22812500000000008 0.584375
0 0.33281250000000007 0.4578125 0.23437500000000008 0.4578125 0.23437500000000008 0.5609375 0.33281250000000007 0.5609375
0 0.3921875000000001 0.415625 0.31718750000000007 0.415625 0.31718750000000007 0.5546875 0.3921875000000001 0.5546875
0 0.453125 0.51875 0.3609375000000001 0.51875 0.3609375000000001 0.675 0.453125 0.675
0 0.534375 0.5671875 0.4390625 0.5671875 0.4390625000000001 0.7359375 0.5343750000000002 0.7359375
0 0.5546875 0.4578125 0.475 0.4578125 0.475 0.565625 0.5546875 0.565625
0 0.6046875 0.32500000000000007 0.515625 0.32500000000000007 0.515625 0.4703125 0.6046875 0.4703125
0 0.58125 0.23593750000000008 0.4953125 0.23593750000000008 0.4953125 0.35625000000000007 0.58125 0.35625000000000007
0 0.596875 0.1750000000000001 0.5515625 0.1750000000000001 0.5515625 0.2828125000000001 0.596875 0.2828125000000001
0 0.5484375 0.13906250000000006 0.478125 0.13906250000000003 0.478125 0.2531250000000001 0.5484375 0.2531250000000001
0 0.51875 0.34843750000000007 0.46875 0.34843750000000007 0.46875 0.4640625 0.51875 0.4640625
0 0.4796875 0.446875 0.3968750000000001 0.446875 0.3968750000000001 0.5734375 0.4796875 0.5734375
0 0.4390625 0.35625000000000007 0.36875 0.35625000000000007 0.36875 0.4515625 0.4390625 0.4515625
0 0.4921875 0.2468750000000001 0.3953125 0.2468750000000001 0.39531250000000007 0.434375 0.4921875 0.434375
0 0.4796875 0.15625000000000006 0.4234375 0.15625000000000006 0.4234375 0.2531250000000001 0.4796875 0.2531250000000001
0 0.41875 0.13281250000000006 0.3703125 0.13281250000000006 0.3703125 0.2406250000000001 0.41875 0.2406250000000001
0 0.4 0.18750000000000006 0.3234375 0.18750000000000006 0.3234375 0.33125000000000004 0.4 0.3312500000000001
0 0.35625 0.16875000000000004 0.3140625 0.16875000000000004 0.3140625 0.246875 0.35625 0.246875
0 0.3140625 0.16250000000000003 0.2375 0.16250000000000003 0.2375 0.246875 0.3140625 0.246875
0 0.3078125 0.2296875 0.225 0.2296875 0.225 0.35625 0.3078125 0.35625
0 0.34062500000000007 0.325 0.278125 0.325 0.27812500000000007 0.440625 0.34062500000000007 0.440625
0 0.3296875 0.240625 0.296875 0.240625 0.296875 0.33125 0.3296875 0.33125
0 0.3062500000000001 0.396875 0.2312500000000001 0.396875 0.2312500000000001 0.4703125 0.3062500000000001 0.4703125
0 0.24843750000000003 0.35 0.15937500000000004 0.35 0.15937500000000004 0.4515625 0.2484375000000001 0.4515625
0 0.19218750000000004 0.325 0.12187500000000004 0.325 0.12187500000000004 0.409375 0.19218750000000004 0.409375
0 0.2203125 0.2234375 0.11562500000000005 0.2234375 0.11562500000000005 0.3375 0.2203125 0.3375
0 0.234375 0.1921875 0.14843750000000006 0.1921875 0.14843750000000006 0.253125 0.234375 0.253125
0 0.17187500000000003 0.1515625 0.10625 0.1515625 0.10625000000000002 0.2296875 0.17187500000000006 0.2296875
0 0.11562500000000002 0.175 0.059375000000000025 0.175 0.059375000000000025 0.240625 0.11562500000000005 0.240625
0 0.12500000000000006 0.2359375 0.05312500000000002 0.2359375 0.05312500000000003 0.35625 0.12500000000000006 0.35625
0 0.07656250000000005 0.2953125 0.006250000000000036 0.2953125 0.006250000000000043 0.403125 0.07656250000000005 0.403125
0 0.05937500000000003 0.2046875 2.5066989170047385e-17 0.2046875 3.5782648662586727e-17 0.3796875 0.059375000000000046 0.3796875
0 0.07968750000000005 0.3796875 4.649830815512607e-17 0.3796875 5.4917754899264124e-17 0.5171875 0.07968750000000006 0.5171875
0 0.15468750000000003 0.3671875 0.07968750000000005 0.3671875 0.07968750000000005 0.50625 0.15468750000000003 0.50625
0 0.9671875 0.12031250000000013 0.9109375 0.12031250000000013 0.9109375 0.17500000000000013 0.9671875 0.17500000000000013
0 0.928125 0.1328125000000001 0.871875 0.13281250000000008 0.871875 0.16875000000000012 0.928125 0.16875000000000012
0 0.94375 0.04843750000000011 0.8953125 0.04843750000000011 0.8953125 0.1265625000000001 0.94375 0.12656250000000013
0 0.8953125 0.05937500000000011 0.8421875 0.05937500000000011 0.8421875 0.13281250000000008 0.8953125 0.13281250000000008
0 0.86875 0.0593750000000001 0.7765625 0.05937500000000009 0.7765625 0.1750000000000001 0.86875 0.1750000000000001
0 0.7859375 0.05468750000000009 0.7328125 0.05468750000000009 0.7328125 0.13281250000000008 0.7859375 0.13281250000000008
0 0.8484375 9.921552583717228e-17 0.771875 9.452742480918633e-17 0.771875 0.0843750000000001 0.8484375 0.08437500000000012
0 0.646875 7.271340369937409e-17 0.540625 6.620746757890377e-17 0.540625 0.09687500000000007 0.646875 0.09687500000000009
0 0.4921875 0.023437500000000056 0.415625 0.02343750000000005 0.415625 0.04843750000000006 0.4921875 0.04843750000000006
0 0.234375 0.05468750000000002 0.2046875 0.05468750000000002 0.2046875 0.09687500000000002 0.234375 0.09687500000000002
0 0.2734375 0.03593750000000003 0.234375 0.03593750000000003 0.234375 0.09062500000000004 0.2734375 0.09062500000000004
0 0.3203125 0.04218750000000004 0.2734375 0.04218750000000003 0.2734375 0.08437500000000005 0.3203125 0.08437500000000005
0 0.06875 0.059375 7.271340369937409e-18 0.059375 1.3968627552774498e-17 0.16875 0.06875000000000002 0.16875