0 0.7703125 0.1359375000000001 0.6734375 0.1359375000000001 0.6734375 0.3843750000000001 0.7703125 0.3843750000000001
0 0.8359375 0.2656250000000001 0.5890625 0.2656250000000001 0.5890625 0.5093750000000001 0.8359375 0.5093750000000001
0 0.95625 0.3843750000000001 0.5546875 0.3843750000000001 0.5546875000000001 0.840625 0.95625 0.840625
0 0.8125 0.8765625 0.7156250000000002 0.8765625 0.7156250000000002 0.99375 0.8125 0.99375
0 0.9125 0.89375 0.8296875 0.89375 0.8296875 0.99375 0.9125 0.99375
0 0.996875 0.8875 0.9625 0.8875 0.9625 0.99375 0.996875 0.99375
0 0.6859375000000002 0.834375 0.6187500000000001 0.834375 0.6187500000000001 0.9296875 0.6859375000000002 0.9296875
0 0.6328125000000002 0.8171875 0.5859375000000002 0.8171875 0.5859375000000002 0.9296875 0.6328125000000002 0.9296875
0 0.5656250000000002 0.853125 0.4984375000000002 0.853125 0.4984375000000002 0.9125 0.5656250000000002 0.9125
0 0.2468750000000001 0.4015625 0.14062500000000006 0.4015625 0.14062500000000006 0.615625 0.2468750000000001 0.615625
0 0.415625 0.4015625 0.19843750000000004 0.4015625 0.19843750000000007 0.6984375 0.415625 0.6984375
0 0.4921875000000001 0.6046875 0.30156250000000007 0.6046875 0.30156250000000007 0.8234375 0.49218750000000017 0.8234375
0 0.4750000000000002 0.8234375 0.4078125000000002 0.8234375 0.4078125000000002 0.940625 0.4750000000000002 0.940625
0 0.4921875 0.19531250000000006 0.29375 0.19531250000000006 0.29375000000000007 0.4265625 0.4921875 0.4265625
0 0.14062500000000006 0.2484375 0.07031250000000003 0.2484375 0.07031250000000003 0.378125 0.14062500000000006 0.378125
0 0.2515625 0.08906250000000002 1.0907010554906114e-17 0.0890625 4.4967499656191874e-17 0.6453125 0.2515625000000001 0.6453125