0 0.9953125 0.7578125000000002 0.9625 0.7578125000000002 0.9625 0.8375 0.9953125 0.8375
0 0.8953125 0.7265625000000002 0.85 0.7265625000000002 0.85 0.7781250000000002 0.8953125 0.7781250000000002
0 0.840625 0.7203125000000001 0.78125 0.7203125000000001 0.7812500000000001 0.8109375 0.840625 0.8109375
0 0.7546875000000001 0.6843750000000001 0.70625 0.684375 0.70625 0.7468750000000001 0.7546875000000002 0.7468750000000002
0 0.6828125 0.6953125 0.634375 0.6953125 0.6343750000000001 0.7640625 0.6828125000000002 0.7640625
0 0.6875000000000002 0.7890625 0.6609375000000002 0.7890625 0.6609375000000002 0.83125 0.6875000000000002 0.83125
0 0.5734375000000002 0.8421875 0.5359375000000002 0.8421875 0.5359375000000002 0.8953125 0.5734375000000002 0.8953125
0 0.7359375 0.5687500000000001 0.671875 0.56875 0.671875 0.6468750000000001 0.7359375 0.6468750000000002
0 0.765625 0.6000000000000002 0.728125 0.6000000000000002 0.728125 0.6687500000000002 0.765625 0.6687500000000002
0 0.8375 0.5843750000000002 0.8 0.5843750000000002 0.8 0.6203125000000002 0.8375 0.6203125000000002
0 0.9140625 0.5734375000000002 0.85 0.5734375000000002 0.85 0.6312500000000002 0.9140625 0.6312500000000002
0 0.928125 0.5375000000000002 0.875 0.5375000000000002 0.875 0.5890625000000002 0.928125 0.5890625000000002
0 0.996875 0.5265625000000002 0.940625 0.5265625000000002 0.940625 0.5953125000000001 0.996875 0.5953125000000001
0 0.965625 0.49531250000000016 0.90625 0.49531250000000016 0.90625 0.5468750000000002 0.965625 0.5468750000000002
0 0.8859375 0.4906250000000002 0.8265625 0.4906250000000002 0.8265625 0.5484375000000001 0.8859375 0.5484375000000001
0 0.903125 0.5109375000000002 0.8765625 0.5109375000000002 0.8765625 0.5421875000000002 0.903125 0.5421875000000002
0 0.925 0.46875000000000017 0.875 0.46875000000000017 0.875 0.5265625000000002 0.925 0.5265625000000002
0 0.8640625 0.5421875000000002 0.81875 0.5421875000000002 0.81875 0.5890625000000002 0.8640625 0.5890625000000002
0 0.815625 0.5265625000000002 0.7703125 0.5265625000000002 0.7703125 0.5781250000000002 0.815625 0.5781250000000002
0 0.759375 0.5062500000000001 0.70625 0.50625 0.70625 0.5484375000000001 0.759375 0.5484375000000001
0 0.7921875 0.4625000000000002 0.7515625 0.4625000000000002 0.7515625 0.5000000000000002 0.7921875 0.5000000000000002
0 0.9546875 0.3218750000000001 0.8875 0.3218750000000001 0.8875 0.3734375000000001 0.9546875 0.3734375000000001
0 0.996875 0.3687500000000001 0.9328125 0.3687500000000001 0.9328125 0.43750000000000017 0.996875 0.43750000000000017
0 0.9625 0.22031250000000008 0.9171875 0.22031250000000008 0.9171875 0.2843750000000001 0.9625 0.2843750000000001
0 0.996875 0.2687500000000001 0.9546875 0.2687500000000001 0.9546875 0.3312500000000001 0.996875 0.3312500000000001
0 0.90625 0.2578125000000001 0.85625 0.2578125000000001 0.85625 0.3000000000000001 0.90625 0.3000000000000001
0 0.909375 0.3109375000000001 0.875 0.3109375000000001 0.875 0.3578125000000001 0.909375 0.3578125000000001
0 0.9515625 0.3218750000000001 0.8984375 0.3218750000000001 0.8984375 0.36406250000000007 0.9515625 0.36406250000000007
0 0.796875 0.27812500000000007 0.7546875 0.27812500000000007 0.7546875 0.3421875000000001 0.796875 0.3421875000000001
0 0.875 0.16406250000000008 0.8375 0.16406250000000008 0.8375 0.2156250000000001 0.875 0.2156250000000001
0 0.9703125 0.1109375000000001 0.8984375 0.11093750000000009 0.8984375 0.20468750000000008 0.9703125 0.20468750000000008
0 0.871875 0.12656250000000008 0.8375 0.12656250000000008 0.8375 0.17343750000000008 0.871875 0.17343750000000008
0 0.928125 0.07343750000000011 0.86875 0.07343750000000011 0.86875 0.12187500000000011 0.928125 0.12187500000000014
0 0.834375 0.11093750000000009 0.78125 0.11093750000000009 0.78125 0.1531250000000001 0.834375 0.1531250000000001
0 0.8421875 0.14843750000000008 0.7890625 0.14843750000000008 0.7890625 0.2062500000000001 0.8421875 0.2062500000000001
0 0.7921875 0.10000000000000009 0.74375 0.10000000000000009 0.74375 0.1843750000000001 0.7921875 0.1843750000000001
0 0.8046875 0.07968750000000009 0.7734375 0.07968750000000009 0.7734375 0.11093750000000009 0.8046875 0.11093750000000009
0 0.740625 0.07343750000000009 0.6875 0.07343750000000009 0.6875 0.1312500000000001 0.740625 0.1312500000000001
0 0.78125 0.0312500000000001 0.73125 0.03125000000000009 0.73125 0.07968750000000009 0.78125 0.07968750000000009
0 0.821875 9.739769074468794e-17 0.76875 9.414472268445279e-17 0.76875 0.020312500000000098 0.821875 0.0203125000000001
0 0.6671875 0.19531250000000008 0.634375 0.19531250000000008 0.634375 0.2578125000000001 0.6671875 0.2578125000000001
0 0.7140625 0.22656250000000008 0.66875 0.22656250000000008 0.66875 0.27812500000000007 0.7140625 0.27812500000000007
0 0.690625 0.26250000000000007 0.6421875 0.26250000000000007 0.6421875 0.3265625000000001 0.690625 0.3265625000000001
0 0.7625 0.24218750000000008 0.7203125 0.24218750000000008 0.7203125 0.27812500000000007 0.7625 0.27812500000000007
0 0.7328125 0.2687500000000001 0.6953125 0.2687500000000001 0.6953125 0.2953125000000001 0.7328125 0.2953125000000001
0 0.6828125 0.3109375000000001 0.615625 0.3109375000000001 0.615625 0.4 0.6828125 0.4
0 0.6375 0.2843750000000001 0.6046875 0.2843750000000001 0.6046875 0.3203125000000001 0.6375 0.3203125000000001
0 0.6 0.2640625000000001 0.5546875 0.2640625000000001 0.5546875 0.3062500000000001 0.6 0.3062500000000001
0 0.6078125 0.3046875000000001 0.5625 0.3046875000000001 0.5625 0.3687500000000001 0.6078125 0.3687500000000001
0 0.6375 0.3781250000000001 0.5890625 0.3781250000000001 0.5890625 0.4265625 0.6375 0.4265625
0 0.69375 0.4109375 0.61875 0.4109375 0.61875 0.4625 0.69375 0.4625
0 0.74375 0.37968750000000007 0.690625 0.37968750000000007 0.690625 0.4531250000000001 0.74375 0.45312500000000017
0 0.69375 0.46875 0.6453125 0.46875 0.6453125 0.515625 0.69375 0.515625
0 0.69375 0.515625 0.615625 0.515625 0.615625 0.584375 0.69375 0.584375
0 0.634375 0.46875 0.584375 0.46875 0.584375 0.53125 0.634375 0.53125
0 0.6109375 0.4265625 0.5703125 0.4265625 0.5703125 0.5 0.6109375 0.5
0 0.578125 0.453125 0.528125 0.453125 0.528125 0.5 0.578125 0.5
0 0.5328125 0.4375 0.46875 0.4375 0.46875 0.5109375 0.5328125 0.5109375
0 0.5515625 0.515625 0.509375 0.515625 0.509375 0.5734375 0.5515625 0.5734375
0 0.603125 0.5 0.5359375 0.5 0.5359375 0.56875 0.603125 0.56875
0 0.5765625 0.5640625 0.5359375 0.5640625 0.5359375 0.615625 0.5765625 0.615625
0 0.6 0.578125 0.5578125 0.578125 0.5578125 0.6421875 0.6 0.6421875
0 0.540625 0.5890625 0.503125 0.5890625 0.503125 0.6375 0.540625 0.6375
0 0.5328125 0.63125 0.4875 0.63125 0.4875 0.684375 0.5328125 0.684375
0 0.4875 0.621875 0.45 0.621875 0.45 0.6734375 0.4875 0.6734375
0 0.471875 0.46875 0.434375 0.46875 0.434375 0.515625 0.471875 0.515625
0 0.4453125 0.43125 0.415625 0.43125 0.415625 0.4796875 0.4453125 0.4796875
0 0.415625 0.4578125 0.3921875000000001 0.4578125 0.3921875000000001 0.484375 0.415625 0.484375
0 0.4609375 0.3843750000000001 0.4109375 0.3843750000000001 0.4109375 0.4421875 0.4609375 0.4421875
0 0.4984375 0.3906250000000001 0.4609375 0.3906250000000001 0.4609375 0.4484375 0.4984375 0.4484375
0 0.525 0.4421875 0.471875 0.4421875 0.471875 0.5046875 0.525 0.5046875
0 0.490625 0.3203125000000001 0.4421875 0.3203125000000001 0.4421875 0.3687500000000001 0.490625 0.3687500000000001
0 0.4984375 0.2687500000000001 0.4453125 0.2687500000000001 0.4453125 0.3156250000000001 0.4984375 0.3156250000000001
0 0.5359375 0.3000000000000001 0.490625 0.3000000000000001 0.490625 0.3578125000000001 0.5359375 0.3578125000000001
0 0.5359375 0.26250000000000007 0.4984375 0.26250000000000007 0.4984375 0.3000000000000001 0.5359375 0.3000000000000001
0 0.4984375 0.2000000000000001 0.453125 0.2000000000000001 0.453125 0.26250000000000007 0.4984375 0.26250000000000007
0 0.546875 0.2062500000000001 0.5015625 0.2062500000000001 0.5015625 0.2640625000000001 0.546875 0.2640625000000001
0 0.6375 0.14843750000000008 0.6046875 0.14843750000000008 0.6046875 0.2062500000000001 0.6375 0.2062500000000001
0 0.5859375 0.06406250000000006 0.540625 0.06406250000000006 0.540625 0.13281250000000006 0.5859375 0.13281250000000008
0 0.6375 0.015625000000000076 0.5890625 0.015625000000000073 0.5890625 0.06406250000000008 0.6375 0.06406250000000009
0 0.675 7.854961110156071e-17 0.6078125 7.443556326067507e-17 0.6078125 0.031250000000000076 0.675 0.031250000000000076
0 0.5921875 0.004687500000000069 0.54375 0.004687500000000067 0.54375 0.057812500000000065 0.5921875 0.057812500000000065
0 0.45625 0.12656250000000005 0.415625 0.12656250000000005 0.415625 0.18906250000000005 0.45625 0.18906250000000005
0 0.471875 0.14218750000000005 0.45625 0.14218750000000005 0.45625 0.16250000000000003 0.471875 0.16250000000000003
0 0.4234375 0.15781250000000005 0.3671875 0.15781250000000005 0.3671875 0.22656250000000008 0.4234375 0.22656250000000008
0 0.3703125 0.14843750000000006 0.3203125 0.14843750000000006 0.3203125 0.19062500000000004 0.3703125 0.19062500000000004
0 0.2875 0.19531250000000006 0.25625 0.19531250000000006 0.25625 0.2265625 0.2875 0.2265625
0 0.290625 0.11093750000000005 0.2421875 0.11093750000000005 0.2421875 0.15312500000000004 0.290625 0.15312500000000004
0 0.3171875 0.10468750000000004 0.2828125 0.10468750000000004 0.2828125 0.14218750000000005 0.3171875 0.14218750000000005
0 0.2828125 0.08906250000000003 0.253125 0.08906250000000002 0.253125 0.11562500000000005 0.2828125 0.11562500000000005
0 0.4046875 0.05312500000000005 0.3671875 0.05312500000000005 0.3671875 0.08437500000000005 0.4046875 0.08437500000000005
0 0.4375 0.04843750000000005 0.4046875 0.04843750000000004 0.4046875 0.09062500000000004 0.4375 0.09062500000000004
0 0.4796875 0.07500000000000005 0.434375 0.07500000000000004 0.434375 0.10625000000000004 0.4796875 0.10625000000000004
0 0.4421875 5.1569111307845585e-17 0.4 4.898587196589413e-17 0.4 0.03750000000000005 0.4421875 0.037500000000000054
0 0.471875 5.568315914873122e-17 0.4375 5.357829746269671e-17 0.4375 0.031250000000000056 0.471875 0.031250000000000056
0 0.3890625 4.487182412500848e-17 0.34375 4.209723372069027e-17 0.34375 0.026562500000000044 0.3890625 0.026562500000000044
0 0.3890625 4.4584797531458325e-17 0.3390625 4.152318053358994e-17 0.3390625 0.05312500000000005 0.3890625 0.05312500000000005
0 0.2484375 0.04687500000000003 0.2265625 0.04687500000000002 0.2265625 0.08437500000000002 0.2484375 0.08437500000000002
0 0.2828125 0.02187500000000003 0.2421875 0.021875000000000026 0.2421875 0.06406250000000004 0.2828125 0.06406250000000005
0 0.29375 3.4156164632469147e-17 0.2640625 3.2338329539984796e-17 0.2640625 0.05312500000000003 0.29375 0.05312500000000005
0 0.2515625 2.879833488619948e-17 0.21875 2.6789148731348354e-17 0.21875 0.04687500000000003 0.2515625 0.046875000000000035
0 0.2296875 0.021875000000000026 0.196875 0.021875000000000023 0.196875 0.06406250000000002 0.2296875 0.06406250000000002
0 0.21875 2.4684287045313837e-17 0.184375 2.2579425359279323e-17 0.184375 0.010937500000000025 0.21875 0.010937500000000027
0 0.2 2.2675100890462708e-17 0.1703125 2.085726579797836e-17 0.1703125 0.03750000000000002 0.2 0.03750000000000002
0 0.14375 0.057812500000000024 0.1015625 0.057812500000000024 0.1015625 0.121875 0.14375 0.121875
0 0.13906250000000003 0.1375 0.09843750000000002 0.1375 0.09843750000000002 0.20625 0.13906250000000003 0.20625
0 0.12500000000000003 0.1734375 0.08750000000000002 0.1734375 0.08750000000000002 0.2265625 0.12500000000000006 0.2265625
0 0.10937500000000004 0.2109375 0.05625000000000002 0.2109375 0.05625000000000002 0.2578125 0.10937500000000004 0.2578125
0 0.057812500000000024 0.2046875 0.004687500000000025 0.2046875 0.0046875000000000284 0.2578125 0.057812500000000024 0.2578125
0 0.010937500000000024 0.1640625 2.0091861548511263e-17 0.1640625 2.430158492058029e-17 0.2328125 0.010937500000000027 0.2328125
0 0.2718750000000001 0.46875 0.2218750000000001 0.46875 0.2218750000000001 0.546875 0.2718750000000001 0.546875
0 0.3437500000000001 0.5640625 0.29375000000000007 0.5640625 0.29375000000000007 0.6328125 0.3437500000000001 0.6328125
0 0.30937500000000007 0.6 0.2750000000000001 0.6 0.2750000000000001 0.6625 0.30937500000000007 0.6625
0 0.2828125000000001 0.5484375 0.22656250000000008 0.5484375 0.22656250000000008 0.6328125 0.2828125000000001 0.6328125
0 0.2296875000000001 0.6046875 0.2000000000000001 0.6046875 0.2000000000000001 0.6578125 0.2296875000000001 0.6578125
0 0.2796875000000001 0.6359375 0.2234375000000001 0.6359375 0.2234375000000001 0.684375 0.2796875000000001 0.684375
0 0.23437500000000008 0.5 0.19687500000000005 0.5 0.19687500000000008 0.5625 0.23437500000000008 0.5625
0 0.22656250000000008 0.4625 0.17031250000000003 0.4625 0.17031250000000003 0.5109375 0.22656250000000008 0.5109375
0 0.17031250000000003 0.484375 0.12500000000000006 0.484375 0.12500000000000006 0.5359375 0.17031250000000003 0.5359375
0 0.19687500000000008 0.515625 0.15156250000000004 0.515625 0.15156250000000007 0.5734375 0.19687500000000008 0.5734375
0 0.1859375000000001 0.5640625 0.13281250000000008 0.5640625 0.13281250000000008 0.6328125 0.1859375000000001 0.6328125
0 0.15156250000000007 0.53125 0.11406250000000004 0.53125 0.11406250000000007 0.5953125 0.1515625000000001 0.5953125
0 0.12500000000000006 0.484375 0.09062500000000007 0.484375 0.09062500000000007 0.5203125 0.12500000000000006 0.5203125
0 0.10625000000000004 0.453125 0.06406250000000005 0.453125 0.06406250000000005 0.5 0.10625000000000004 0.5
0 0.13125000000000003 0.453125 0.09843750000000004 0.453125 0.09843750000000005 0.484375 0.13125000000000003 0.484375
0 0.14375000000000004 0.4 0.09843750000000004 0.4 0.09843750000000005 0.4578125 0.14375000000000004 0.4578125
0 0.18125000000000005 0.3953125 0.14375000000000004 0.3953125 0.14375000000000004 0.4421875 0.18125000000000005 0.4421875
0 0.15000000000000005 0.3578125 0.11718750000000004 0.3578125 0.11718750000000004 0.3953125 0.15000000000000005 0.3953125
0 0.12812500000000004 0.3203125 0.09062500000000004 0.3203125 0.09062500000000004 0.384375 0.12812500000000004 0.384375
0 0.08750000000000004 0.26875 0.04531250000000003 0.26875 0.04531250000000004 0.3265625 0.08750000000000005 0.3265625
0 0.04218750000000003 0.2796875 0.018750000000000034 0.2796875 0.018750000000000037 0.315625 0.04218750000000003 0.315625
0 0.06875000000000005 0.315625 0.015625000000000038 0.315625 0.01562500000000004 0.3734375 0.06875000000000005 0.3734375
0 0.021875000000000033 0.2421875 2.9659414666849956e-17 0.2421875 3.4156164632469147e-17 0.315625 0.02187500000000004 0.315625
0 0.018750000000000044 0.3421875 4.190588265832349e-17 0.3421875 4.353236668844107e-17 0.36875 0.018750000000000044 0.36875
0 0.08750000000000005 0.3734375 0.050000000000000044 0.3734375 0.050000000000000044 0.4 0.08750000000000005 0.4
0 0.09062500000000004 0.4046875 0.04531250000000005 0.4046875 0.04531250000000005 0.453125 0.09062500000000004 0.453125
0 0.04218750000000006 0.4953125 6.065828677026735e-17 0.4953125 6.611179204772041e-17 0.584375 0.042187500000000065 0.584375
0 0.08281250000000007 0.56875 0.03750000000000007 0.56875 0.037500000000000075 0.63125 0.08281250000000007 0.63125
0 0.1468750000000001 0.590625 0.08281250000000007 0.590625 0.08281250000000008 0.6484375 0.1468750000000001 0.6484375
0 0.1359375000000001 0.6375 0.0750000000000001 0.6375 0.0750000000000001 0.6890625 0.1359375000000001 0.6890625
0 0.19687500000000008 0.63125 0.14062500000000008 0.63125 0.14062500000000008 0.684375 0.19687500000000008 0.684375
0 0.24218750000000008 0.684375 0.1859375000000001 0.684375 0.1859375000000001 0.753125 0.24218750000000008 0.753125
0 0.2796875000000001 0.6640625 0.2156250000000001 0.6640625 0.2156250000000001 0.715625 0.2796875000000001 0.715625
0 0.1843750000000001 0.7375 0.1359375000000001 0.7375 0.1359375000000001 0.80625 0.1843750000000001 0.80625
0 0.1281250000000001 0.73125 0.0906250000000001 0.73125 0.0906250000000001 0.7734375 0.1281250000000001 0.7734375
0 0.20468750000000008 0.815625 0.14843750000000008 0.815625 0.14843750000000008 0.86875 0.20468750000000008 0.86875
0 0.10937500000000008 0.7796875 0.0484375000000001 0.7796875 0.048437500000000105 0.8640625 0.10937500000000008 0.8640625
0 0.0562500000000001 0.7796875 9.54841801210202e-17 0.7796875 9.969390349308921e-17 0.8484375 0.05625000000000011 0.8484375
0 0.44531250000000017 0.86875 0.3968750000000001 0.86875 0.3968750000000001 0.9203125 0.44531250000000017 0.9203125
0 0.4109375000000002 0.83125 0.3703125000000001 0.83125 0.3703125000000001 0.9 0.4109375000000002 0.9
0 0.4000000000000002 0.76875 0.3359375000000001 0.76875 0.3359375000000001 0.853125 0.4000000000000002 0.853125
0 0.3703125000000001 0.83125 0.3203125000000001 0.83125 0.3203125000000001 0.8796875 0.3703125000000001 0.8796875
0 0.3921875000000001 0.8796875 0.33281250000000007 0.8796875 0.33281250000000007 0.921875 0.3921875000000001 0.921875
0 0.3218750000000001 0.86875 0.2578125000000001 0.86875 0.2578125000000001 0.915625 0.3218750000000001 0.915625
0 0.3203125000000001 0.80625 0.2609375000000001 0.80625 0.2609375000000001 0.875 0.3203125000000001 0.875
0 0.3312500000000001 0.7421875 0.2906250000000001 0.7421875 0.2906250000000001 0.8 0.3312500000000001 0.8
0 0.3656250000000001 0.7359375 0.33281250000000007 0.7359375 0.33281250000000007 0.784375 0.3656250000000001 0.784375
0 0.3593750000000001 0.70625 0.3062500000000001 0.70625 0.3062500000000001 0.7484375 0.3593750000000001 0.7484375
0 0.2953125000000001 0.7359375 0.2500000000000001 0.7359375 0.2500000000000001 0.784375 0.2953125000000001 0.784375
0 0.2640625000000001 0.7734375 0.20312500000000008 0.7734375 0.20312500000000008 0.846875 0.2640625000000001 0.846875