0 0.1921875 0.017187500000000015 0.1 0.017187500000000012 0.1 0.09843750000000002 0.1921875 0.09843750000000002
0 0.253125 2.3631856202296583e-17 0.1328125 1.6264840301175783e-17 0.1328125 0.04843750000000002 0.253125 0.048437500000000036
0 0.2875 0.010937500000000032 0.225 0.010937500000000027 0.225 0.06406250000000004 0.2875 0.06406250000000005
0 0.3828125 0.048437500000000036 0.26875 0.048437500000000036 0.26875 0.21093750000000006 0.3828125 0.21093750000000008
0 0.3171875 0.06562500000000003 0.225 0.06562500000000002 0.225 0.2171875 0.3171875 0.2171875
0 0.246875 0.05468750000000002 0.1953125 0.05468750000000002 0.19531250000000003 0.18906250000000005 0.246875 0.18906250000000005
0 0.225 0.07500000000000002 0.140625 0.07500000000000002 0.14062500000000003 0.2328125 0.225 0.2328125
0 0.15468750000000003 0.0921875 0.025000000000000012 0.0921875 0.025000000000000022 0.2328125 0.15468750000000003 0.2328125
0 0.103125 0.054687500000000014 0.010937500000000006 0.0546875 0.010937500000000013 0.15625 0.103125 0.15625
0 0.040625000000000015 0.11875 1.4542680739874818e-17 0.11875 2.114429239152852e-17 0.2265625 0.04062500000000002 0.2265625
0 0.140625 9.567553118338697e-18 0.015625 1.9135106236677394e-18 0.015625000000000003 0.06562500000000002 0.140625 0.06562500000000002
0 0.8125 0.010937500000000091 0.6765625 0.010937500000000083 0.6765625 0.12343750000000009 0.8125 0.12343750000000009
0 0.875 0.05937500000000011 0.834375 0.05937500000000011 0.834375 0.10312500000000009 0.875 0.10312500000000009
0 0.9015625 0.048437500000000105 0.8578125 0.0484375000000001 0.8578125 0.10312500000000009 0.9015625 0.10312500000000009
0 0.875 0.09218750000000012 0.8421875 0.09218750000000012 0.8421875 0.14062500000000008 0.875 0.14062500000000008
0 0.8390625 0.0656250000000001 0.80625 0.06562500000000009 0.80625 0.11875000000000009 0.8390625 0.11875000000000009
0 0.8421875 0.1140625000000001 0.8125 0.1140625000000001 0.8125 0.1468750000000001 0.8421875 0.1468750000000001
0 0.8015625 0.09687500000000009 0.775 0.09687500000000009 0.775 0.12500000000000008 0.8015625 0.12500000000000008
0 0.8203125 0.1296875000000001 0.79375 0.1296875000000001 0.79375 0.15625000000000008 0.8203125 0.15625000000000008
0 0.996875 0.09218750000000012 0.915625 0.09218750000000012 0.915625 0.18906250000000013 0.996875 0.18906250000000013
0 0.99375 0.16250000000000012 0.828125 0.1625000000000001 0.828125 0.3671875000000001 0.99375 0.3671875000000001
0 0.996875 0.24375000000000008 0.8609375 0.24375000000000008 0.8609375 0.4265625000000002 0.996875 0.4265625000000002
0 0.996875 0.3781250000000001 0.9453125 0.3781250000000001 0.9453125 0.4593750000000002 0.996875 0.4593750000000002
0 0.996875 0.43281250000000016 0.8421875 0.43281250000000016 0.8421875 0.6656250000000001 0.996875 0.6656250000000001
0 0.909375 0.3671875000000001 0.765625 0.3671875000000001 0.765625 0.6000000000000002 0.909375 0.6000000000000002
0 0.85625 0.32500000000000007 0.728125 0.32500000000000007 0.728125 0.5578125000000002 0.85625 0.5578125000000002
0 0.996875 0.6484375000000002 0.9484375 0.6484375000000002 0.9484375 0.7296875000000002 0.996875 0.7296875000000002
0 0.996875 0.7187500000000002 0.978125 0.7187500000000002 0.978125 0.7515625000000001 0.996875 0.7515625000000001
0 0.996875 0.6812500000000001 0.896875 0.6812500000000001 0.896875 0.9625 0.996875 0.9625
0 0.9921875 0.978125 0.6953125000000002 0.978125 0.6953125000000002 0.9953125 0.9921875 0.9953125
0 0.959375 0.896875 0.6906250000000002 0.896875 0.6906250000000002 0.9953125 0.959375 0.9953125
0 0.9453125 0.80625 0.6734375000000001 0.80625 0.6734375000000001 0.9078125 0.9453125 0.9078125
0 0.940625 0.7515625000000001 0.6437500000000002 0.7515625 0.6437500000000002 0.8375 0.940625 0.8375
0 0.9109375 0.6812500000000001 0.6546875 0.68125 0.6546875000000001 0.7890625000000001 0.9109375 0.7890625000000002
0 0.9015625 0.6156250000000001 0.6328125 0.615625 0.6328125000000001 0.7296875 0.9015625 0.7296875000000002
0 0.8125 0.6109375000000001 0.5875 0.6109375 0.5875000000000001 0.7343750000000001 0.8125 0.7343750000000002
0 0.8203125 0.5625000000000001 0.5296875 0.5625 0.5296875 0.6921875000000001 0.8203125 0.6921875000000002
0 0.5921875000000001 0.6921875 0.5296875 0.6921875 0.5296875000000001 0.740625 0.5921875000000002 0.740625
0 0.64375 0.6703125 0.5921875 0.6703125 0.5921875000000001 0.734375 0.6437500000000002 0.734375
0 0.6609375000000002 0.7359375 0.5921875000000002 0.7359375 0.5921875000000002 0.80625 0.6609375000000002 0.80625
0 0.6468750000000002 0.778125 0.6109375000000001 0.778125 0.6109375000000001 0.8546875 0.6468750000000002 0.8546875
0 0.6468750000000002 0.8375 0.5953125000000001 0.8375 0.5953125000000001 0.896875 0.6468750000000002 0.896875
0 0.6765625000000002 0.865625 0.6171875000000002 0.865625 0.6171875000000002 0.9296875 0.6765625000000002 0.9296875
0 0.7062500000000002 0.9140625 0.6687500000000002 0.9140625 0.6687500000000002 0.9734375 0.7062500000000002 0.9734375
0 0.6171875000000002 0.7953125 0.5625000000000002 0.7953125 0.5625000000000002 0.896875 0.6171875000000002 0.896875
0 0.6109375000000001 0.7359375 0.5109375000000002 0.7359375 0.5109375000000002 0.84375 0.6109375000000001 0.84375
0 0.534375 0.6703125 0.453125 0.6703125 0.4531250000000001 0.7890625 0.5343750000000002 0.7890625
0 0.60625 0.59375 0.4453125 0.59375 0.4453125 0.68125 0.60625 0.68125
0 0.5890625 0.525 0.4078125 0.525 0.4078125 0.6765625 0.5890625 0.6765625
0 0.4703125000000001 0.6484375 0.3859375000000001 0.6484375 0.3859375000000001 0.7671875 0.4703125000000002 0.7671875
0 0.4781250000000002 0.9296875 0.2234375000000001 0.9296875 0.2234375000000001 0.9953125 0.4781250000000002 0.9953125
0 0.47187500000000016 0.828125 0.1296875000000001 0.828125 0.12968750000000012 0.9953125 0.47187500000000016 0.9953125
0 0.14062500000000014 0.9671875 0.08906250000000011 0.9671875 0.08906250000000011 0.9953125 0.14062500000000014 0.9953125
0 0.42656250000000007 0.7140625 0.0984375000000001 0.7140625 0.0984375000000001 0.9515625 0.4265625000000002 0.9515625
0 0.12187500000000011 0.865625 0.03750000000000011 0.865625 0.03750000000000012 0.984375 0.12187500000000014 0.984375
0 0.1296875000000001 0.7890625 0.05625000000000009 0.7890625 0.0562500000000001 0.8703125 0.1296875000000001 0.8703125
0 0.1625000000000001 0.740625 0.09531250000000009 0.740625 0.09531250000000009 0.8046875 0.1625000000000001 0.8046875
0 0.2171875000000001 0.740625 0.16562500000000008 0.740625 0.16562500000000008 0.7734375 0.2171875000000001 0.7734375
0 0.11875000000000009 0.7296875 0.0671875000000001 0.7296875 0.0671875000000001 0.778125 0.11875000000000009 0.778125
0 0.0843750000000001 0.7515625 0.015625000000000094 0.7515625 0.015625000000000097 0.8328125 0.08437500000000012 0.8328125
0 0.0375000000000001 0.784375 9.605823330812052e-17 0.784375 1.013203875232068e-16 0.8703125 0.03750000000000011 0.8703125
0 0.05937500000000011 0.8484375 1.0390362686515824e-16 0.8484375 1.0887875448669438e-16 0.9296875 0.05937500000000011 0.9296875
0 0.4015625 0.665625 0.3234375000000001 0.665625 0.3234375000000001 0.71875 0.4015625 0.71875
0 0.4125 0.5734375 0.3390625000000001 0.5734375 0.3390625000000001 0.665625 0.4125 0.665625
0 0.4265625 0.5453125 0.3453125000000001 0.5453125 0.3453125000000001 0.5890625 0.4265625 0.5890625
0 0.35625000000000007 0.5453125 0.29375000000000007 0.5453125 0.29375000000000007 0.659375 0.35625000000000007 0.659375
0 0.4421875 0.459375 0.3578125000000001 0.459375 0.3578125000000001 0.540625 0.4421875 0.540625
0 0.5 0.459375 0.4125 0.459375 0.4125 0.5671875 0.5 0.5671875
0 0.5109375 0.4 0.4515625 0.4 0.4515625 0.465625 0.5109375 0.465625
0 0.54375 0.3578125000000001 0.48125 0.3578125000000001 0.48125 0.4171875 0.54375 0.4171875
0 0.55625 0.39531250000000007 0.5046875 0.39531250000000007 0.5046875 0.459375 0.55625 0.459375
0 0.64375 0.3734375000000001 0.503125 0.3734375000000001 0.503125 0.525 0.64375 0.525
0 0.709375 0.4484375 0.5921875 0.4484375 0.5921875 0.55625 0.709375 0.55625
0 0.728125 0.4546875000000001 0.621875 0.4546875 0.621875 0.5890625 0.728125 0.5890625000000002
0 0.7546875 0.3296875000000001 0.61875 0.3296875000000001 0.61875 0.4750000000000001 0.7546875 0.4750000000000002
0 0.8265625 0.2656250000000001 0.790625 0.2656250000000001 0.790625 0.32500000000000007 0.8265625 0.32500000000000007
0 0.815625 0.20468750000000008 0.771875 0.20468750000000008 0.771875 0.3031250000000001 0.815625 0.3031250000000001
0 0.765625 0.1625000000000001 0.7328125 0.1625000000000001 0.7328125 0.28593750000000007 0.765625 0.28593750000000007
0 0.746875 0.2218750000000001 0.7140625 0.2218750000000001 0.7140625 0.2812500000000001 0.746875 0.2812500000000001
0 0.73125 0.1843750000000001 0.6953125 0.1843750000000001 0.6953125 0.25468750000000007 0.73125 0.25468750000000007
0 0.70625 0.2375000000000001 0.621875 0.2375000000000001 0.621875 0.3359375000000001 0.70625 0.3359375000000001
0 0.73125 0.2812500000000001 0.66875 0.2812500000000001 0.66875 0.3515625000000001 0.73125 0.3515625000000001
0 0.7859375 0.2750000000000001 0.7171875 0.2750000000000001 0.7171875 0.3296875000000001 0.7859375 0.3296875000000001
0 0.6875 0.30937500000000007 0.5703125 0.30937500000000007 0.5703125 0.4171875 0.6875 0.4171875
0 0.60625 0.3140625000000001 0.5375 0.3140625000000001 0.5375 0.4109375 0.60625 0.4109375
0 0.5765625 0.2593750000000001 0.4453125 0.2593750000000001 0.4453125 0.3781250000000001 0.5765625 0.3781250000000001
0 0.5546875 0.3140625000000001 0.45625 0.3140625000000001 0.45625 0.40625 0.5546875 0.40625
0 0.459375 0.36718750000000006 0.3500000000000001 0.3671875 0.3500000000000001 0.5078125 0.459375 0.5078125
0 0.4078125 0.36718750000000006 0.3125000000000001 0.3671875 0.3125000000000001 0.525 0.4078125 0.525
0 0.3390625000000001 0.40625 0.3062500000000001 0.40625 0.3062500000000001 0.4484375 0.3390625000000001 0.4484375
0 0.3234375000000001 0.465625 0.2578125000000001 0.465625 0.2578125000000001 0.5296875 0.3234375000000001 0.5296875
0 0.3265625000000001 0.5296875 0.2609375000000001 0.5296875 0.2609375000000001 0.5671875 0.3265625000000001 0.5671875
0 0.2875000000000001 0.503125 0.2140625000000001 0.503125 0.2140625000000001 0.55625 0.2875000000000001 0.55625
0 0.2390625000000001 0.5625 0.18750000000000008 0.5625 0.18750000000000008 0.6 0.2390625000000001 0.6
0 0.3203125000000001 0.4921875 0.19843750000000004 0.4921875 0.19843750000000007 0.6046875 0.3203125000000001 0.6046875
0 0.3203125000000001 0.525 0.2015625000000001 0.525 0.2015625000000001 0.64375 0.3203125000000001 0.64375
0 0.29375000000000007 0.60625 0.2500000000000001 0.60625 0.2500000000000001 0.6546875 0.29375000000000007 0.6546875
0 0.6 0.17343750000000008 0.4453125 0.17343750000000005 0.4453125 0.3078125000000001 0.6 0.3078125000000001
0 0.6703125 0.2000000000000001 0.515625 0.2000000000000001 0.515625 0.2328125000000001 0.6703125 0.2328125000000001
0 0.6875 0.21093750000000008 0.521875 0.21093750000000008 0.521875 0.2593750000000001 0.6875 0.2593750000000001
0 0.690625 0.22656250000000008 0.559375 0.22656250000000008 0.559375 0.2921875000000001 0.690625 0.2921875000000001
0 0.4640625 0.3031250000000001 0.4421875 0.3031250000000001 0.4421875 0.3296875000000001 0.4640625 0.3296875000000001
0 0.4375 0.3296875 0.309375 0.3296875 0.30937500000000007 0.4046875 0.4375 0.4046875
0 0.4453125 0.3515625000000001 0.39375 0.3515625000000001 0.39375000000000004 0.3781250000000001 0.4453125 0.3781250000000001
0 0.2171875000000001 0.459375 0.16562500000000005 0.459375 0.16562500000000005 0.4921875 0.2171875000000001 0.4921875
0 0.3125000000000001 0.4328125 0.19843750000000004 0.4328125 0.19843750000000004 0.475 0.3125000000000001 0.475
0 0.2093750000000001 0.4921875 0.16562500000000005 0.4921875 0.16562500000000005 0.51875 0.2093750000000001 0.51875
0 0.19218750000000007 0.5234375 0.15156250000000004 0.5234375 0.15156250000000007 0.5515625 0.1921875000000001 0.5515625
0 0.22031250000000008 0.5296875 0.16250000000000003 0.5296875 0.16250000000000006 0.584375 0.22031250000000008 0.584375
0 0.771875 0.10312500000000009 0.75 0.10312500000000009 0.75 0.11875000000000009 0.771875 0.11875000000000009
0 0.7828125 0.11875000000000009 0.7578125 0.11875000000000009 0.7578125 0.1515625000000001 0.7828125 0.1515625000000001
0 0.7765625 0.1453125000000001 0.74375 0.1453125000000001 0.74375 0.18906250000000008 0.7765625 0.18906250000000008
0 0.75 0.09218750000000009 0.7203125 0.09218750000000009 0.7203125 0.12500000000000008 0.75 0.12500000000000008
0 0.74375 0.1296875000000001 0.7140625 0.1296875000000001 0.7140625 0.1625000000000001 0.74375 0.1625000000000001
0 0.725 0.1671875000000001 0.70625 0.1671875000000001 0.70625 0.1843750000000001 0.725 0.1843750000000001
0 0.7140625 0.11875000000000009 0.68125 0.11875000000000009 0.68125 0.1625000000000001 0.7140625 0.1625000000000001
0 0.70625 0.15625000000000008 0.684375 0.15625000000000008 0.684375 0.18906250000000008 0.70625 0.18906250000000008
0 0.6796875 0.1296875000000001 0.6578125 0.1296875000000001 0.6578125 0.15625000000000008 0.6796875 0.15625000000000008
0 0.6875 0.1687500000000001 0.6625 0.1687500000000001 0.6625 0.2062500000000001 0.6875 0.2062500000000001
0 0.703125 0.048437500000000085 0.621875 0.04843750000000008 0.621875 0.12500000000000008 0.703125 0.12500000000000008
0 0.659375 0.1359375000000001 0.6296875 0.1359375000000001 0.6296875 0.19531250000000008 0.659375 0.19531250000000008
0 0.61875 0.032812500000000064 0.4640625 0.03281250000000006 0.4640625 0.16250000000000006 0.61875 0.1625000000000001
0 0.4671875 0.11406250000000004 0.41875 0.11406250000000004 0.41875 0.16718750000000004 0.4671875 0.16718750000000004
0 0.45625 0.14062500000000006 0.415625 0.14062500000000006 0.415625 0.19375000000000003 0.45625 0.19375000000000003
0 0.515625 0.13437500000000005 0.453125 0.13437500000000005 0.453125 0.2218750000000001 0.515625 0.2218750000000001
0 0.5375 0.16250000000000003 0.5 0.16250000000000003 0.5 0.20468750000000008 0.5375 0.20468750000000008
0 0.5546875 0.14687500000000006 0.5328125 0.14687500000000003 0.5328125 0.18437500000000007 0.5546875 0.1843750000000001
0 0.5734375 0.14062500000000008 0.5484375 0.14062500000000008 0.5484375 0.17343750000000008 0.5734375 0.17343750000000008
0 0.6140625 0.14062500000000008 0.5765625 0.14062500000000008 0.5765625 0.18906250000000008 0.6140625 0.18906250000000008
0 0.6328125 0.1468750000000001 0.6 0.1468750000000001 0.6 0.19531250000000008 0.6328125 0.19531250000000008
0 0.646875 0.1671875000000001 0.6328125 0.1671875000000001 0.6328125 0.19531250000000008 0.646875 0.19531250000000008
0 0.503125 0.19375000000000003 0.4265625 0.19375000000000003 0.4265625 0.2812500000000001 0.503125 0.2812500000000001
0 0.4453125 0.33593750000000006 0.3125 0.3359375 0.31250000000000006 0.39531250000000007 0.4453125 0.39531250000000007
0 0.35 0.334375 0.29375 0.334375 0.29375 0.3625 0.35 0.3625
0 0.06250000000000004 0.340625 0.03281250000000004 0.340625 0.03281250000000004 0.3625 0.06250000000000004 0.3625
0 0.08750000000000005 0.3578125 0.06250000000000004 0.3578125 0.06250000000000004 0.36875 0.08750000000000005 0.36875
0 0.10781250000000005 0.3515625 0.08906250000000004 0.3515625 0.08906250000000004 0.3671875 0.10781250000000005 0.3671875
0 0.11875000000000005 0.346875 0.10781250000000005 0.346875 0.10781250000000005 0.3578125 0.11875000000000005 0.3578125
0 0.025000000000000043 0.35 4.286263797015736e-17 0.35 4.3915068813174614e-17 0.3671875 0.025000000000000043 0.3671875
0 0.03750000000000005 0.3734375 4.573290390565898e-17 0.3734375 4.898587196589413e-17 0.4265625 0.037500000000000054 0.4265625
0 0.06250000000000004 0.378125 0.029687500000000044 0.378125 0.02968750000000005 0.4265625 0.06250000000000004 0.4265625
0 0.08906250000000004 0.384375 0.05625000000000004 0.384375 0.05625000000000004 0.4375 0.08906250000000004 0.4375
0 0.14687500000000003 0.378125 0.07812500000000004 0.378125 0.07812500000000006 0.4546875 0.14687500000000003 0.4546875
0 0.16562500000000005 0.384375 0.13281250000000006 0.384375 0.13281250000000006 0.421875 0.16562500000000005 0.421875
0 0.19843750000000004 0.3890625 0.15156250000000004 0.3890625 0.15156250000000004 0.44375 0.19843750000000004 0.44375
0 0.2312500000000001 0.3796875 0.18437500000000004 0.3796875 0.18437500000000004 0.4171875 0.2312500000000001 0.4171875
0 0.26562500000000006 0.3578125 0.225 0.3578125 0.22500000000000003 0.3953125 0.2656250000000001 0.3953125
0 0.31718750000000007 0.35625 0.265625 0.35625 0.26562500000000006 0.384375 0.31718750000000007 0.384375
0 0.3062500000000001 0.378125 0.2656250000000001 0.378125 0.2656250000000001 0.4109375 0.3062500000000001 0.4109375
0 0.3046875000000001 0.415625 0.2687500000000001 0.415625 0.2687500000000001 0.4328125 0.3046875000000001 0.4328125
0 0.2578125000000001 0.39375 0.22031250000000008 0.39375 0.22031250000000008 0.421875 0.2578125000000001 0.421875
0 0.2609375000000001 0.415625 0.23593750000000008 0.415625 0.23593750000000008 0.4328125 0.2609375000000001 0.4328125
0 0.2171875000000001 0.4171875 0.19062500000000004 0.4171875 0.19062500000000004 0.4390625 0.2171875000000001 0.4390625
0 0.19218750000000004 0.4375 0.16250000000000003 0.4375 0.16250000000000003 0.4546875 0.19218750000000004 0.4546875
0 0.16562500000000005 0.4328125 0.12812500000000004 0.4328125 0.12812500000000004 0.459375 0.16562500000000005 0.459375
0 0.12500000000000006 0.4375 0.08125000000000004 0.4375 0.08125000000000006 0.48125 0.12500000000000006 0.48125
0 0.15468750000000003 0.465625 0.11406250000000004 0.465625 0.11406250000000004 0.503125 0.15468750000000003 0.503125
0 0.16562500000000005 0.48125 0.13593750000000004 0.48125 0.13593750000000004 0.5140625 0.16562500000000005 0.5140625
0 0.15468750000000006 0.51875 0.12500000000000006 0.51875 0.12500000000000006 0.5625 0.1546875000000001 0.5625
0 0.13281250000000006 0.4875 0.10000000000000005 0.4875 0.10000000000000006 0.546875 0.13281250000000008 0.546875
0 0.09531250000000006 0.465625 0.05156250000000007 0.465625 0.05156250000000007 0.5140625 0.09531250000000006 0.5140625
0 0.11093750000000005 0.4875 0.07031250000000007 0.4875 0.07031250000000007 0.525 0.11093750000000005 0.525
0 0.08125000000000006 0.4484375 0.03281250000000006 0.4484375 0.032812500000000064 0.503125 0.08125000000000007 0.503125
0 0.054687500000000056 0.428125 0.01875000000000005 0.428125 0.018750000000000055 0.4765625 0.05468750000000007 0.4765625
0 0.029687500000000054 0.4328125 5.300424427559639e-17 0.4328125 5.558748361754783e-17 0.475 0.029687500000000054 0.475