0 0.9953125 0.6296875000000002 0.9390625 0.6296875000000002 0.9390625 0.7921875000000002 0.9953125 0.7921875000000002
0 0.9125 0.6937500000000002 0.7828125 0.6937500000000002 0.7828125000000001 0.865625 0.9125 0.865625
0 0.9125 0.8546875 0.7937500000000002 0.8546875 0.7937500000000002 0.9015625 0.9125 0.9015625
0 0.9203125 0.5062500000000002 0.74375 0.5062500000000002 0.74375 0.6937500000000002 0.9203125 0.6937500000000002
0 0.8703125 0.5843750000000002 0.759375 0.5843750000000002 0.759375 0.7250000000000002 0.8703125 0.7250000000000002
0 0.9953125 0.49531250000000016 0.9125 0.49531250000000016 0.9125 0.5984375000000002 0.9953125 0.5984375000000002
0 0.996875 0.5468750000000002 0.9203125 0.5468750000000002 0.9203125 0.6453125000000002 0.996875 0.6453125000000002
0 0.996875 0.42187500000000017 0.9359375 0.42187500000000017 0.9359375 0.5000000000000002 0.996875 0.5000000000000002
0 0.9390625 0.40156250000000016 0.8171875 0.40156250000000016 0.8171875 0.4890625000000002 0.9390625 0.4890625000000002
0 0.9125 0.44843750000000016 0.7828125 0.44843750000000016 0.7828125 0.5781250000000002 0.9125 0.5781250000000002
0 0.759375 0.5359375000000001 0.640625 0.5359375 0.640625 0.7031250000000001 0.759375 0.7031250000000002
0 0.6796875 0.4734375 0.571875 0.4734375 0.571875 0.609375 0.6796875 0.609375
0 0.7328125 0.4328125000000001 0.640625 0.4328125 0.640625 0.5421875 0.7328125 0.5421875000000002
0 0.759375 0.37968750000000007 0.675 0.37968750000000007 0.675 0.5109375 0.759375 0.5109375000000002
0 0.621875 0.4171875 0.5078125 0.4171875 0.5078125 0.5578125 0.621875 0.5578125
0 0.565625 0.5578125 0.43125 0.5578125 0.4312500000000001 0.7296875 0.5656250000000002 0.7296875
0 0.675 0.6515625 0.5421875 0.6515625 0.5421875 0.828125 0.6750000000000002 0.828125
0 0.5875000000000001 0.7453125 0.4359375000000002 0.7453125 0.4359375000000002 0.890625 0.5875000000000001 0.890625
0 0.4359375000000002 0.7859375 0.3281250000000001 0.7859375 0.3281250000000001 0.890625 0.4359375000000002 0.890625
0 0.5000000000000001 0.63125 0.3593750000000001 0.63125 0.3593750000000001 0.7875 0.5000000000000002 0.7875
0 0.4703125 0.484375 0.3671875000000001 0.484375 0.3671875000000001 0.6359375 0.4703125 0.6359375
0 0.3859375000000001 0.578125 0.28593750000000007 0.578125 0.28593750000000007 0.71875 0.3859375000000001 0.71875
0 0.34062500000000007 0.4640625 0.19531250000000006 0.4640625 0.19531250000000006 0.6453125 0.34062500000000007 0.6453125
0 0.2828125000000001 0.6359375 0.14062500000000008 0.6359375 0.14062500000000008 0.84375 0.2828125000000001 0.84375
0 0.4203125 0.4171875 0.3281250000000001 0.4171875 0.3281250000000001 0.546875 0.4203125 0.546875
0 0.3125000000000001 0.4015625 0.2328125000000001 0.4015625 0.2328125000000001 0.4796875 0.3125000000000001 0.4796875
0 0.23593750000000008 0.453125 0.17187500000000006 0.453125 0.17187500000000006 0.5578125 0.23593750000000008 0.5578125
0 0.19531250000000008 0.553125 0.13437500000000008 0.553125 0.13437500000000008 0.6625 0.19531250000000008 0.6625
0 0.17187500000000006 0.4375 0.07656250000000005 0.4375 0.07656250000000006 0.5890625 0.17187500000000008 0.5890625
0 0.06875000000000006 0.453125 5.5491808086364444e-17 0.453125 6.438963248641943e-17 0.5984375 0.06875000000000006 0.5984375
0 0.13437500000000005 0.3859375 0.026562500000000044 0.3859375 0.02656250000000005 0.4796875 0.13437500000000005 0.4796875
0 0.20625000000000004 0.3390625 0.10312500000000005 0.3390625 0.10312500000000005 0.4578125 0.2062500000000001 0.4578125
0 0.15312500000000004 0.2609375 0.06093750000000002 0.2609375 0.06093750000000003 0.3703125 0.15312500000000004 0.3703125
0 0.03437500000000005 0.3328125 4.075777628412285e-17 0.3328125 4.8794520903527353e-17 0.4640625 0.03437500000000006 0.4640625
0 0.06093750000000003 0.2546875 3.119022316578415e-17 0.2546875 3.7313457161520915e-17 0.3546875 0.06093750000000005 0.3546875
0 0.12968750000000004 0.2140625 0.057812500000000024 0.2140625 0.05781250000000003 0.2859375 0.12968750000000004 0.2859375
0 0.1296875 0.171875 0.05312500000000002 0.171875 0.05312500000000002 0.2296875 0.12968750000000004 0.2296875
0 0.221875 0.15625000000000003 0.15625 0.15625 0.15625000000000003 0.21875 0.221875 0.21875
0 0.225 0.19843750000000002 0.16093750000000004 0.1984375 0.16093750000000004 0.28125 0.225 0.28125
0 0.184375 0.12500000000000003 0.134375 0.125 0.134375 0.1765625 0.184375 0.17656250000000004
0 0.225 0.06718750000000002 0.16875 0.06718750000000002 0.16875 0.12500000000000003 0.225 0.12500000000000006
0 0.3015625 0.06875000000000003 0.24375 0.06875000000000002 0.24375 0.14687500000000003 0.3015625 0.14687500000000003
0 0.375 0.10937500000000004 0.325 0.10937500000000004 0.325 0.14062500000000006 0.375 0.14062500000000006
0 0.3703125 0.15156250000000004 0.3046875 0.15156250000000004 0.3046875 0.18750000000000006 0.3703125 0.18750000000000006
0 0.39375 0.18281250000000004 0.3546875 0.18281250000000004 0.3546875 0.21406250000000004 0.39375 0.2140625000000001
0 0.43125 0.20312500000000006 0.3546875 0.203125 0.3546875 0.29687500000000006 0.43125 0.2968750000000001
0 0.4734375 0.19218750000000004 0.39375 0.19218750000000004 0.39375 0.3234375000000001 0.4734375 0.3234375000000001
0 0.584375 0.2296875000000001 0.5109375 0.2296875000000001 0.5109375 0.3125000000000001 0.584375 0.3125000000000001
0 0.6078125 0.12031250000000009 0.546875 0.12031250000000009 0.546875 0.20312500000000008 0.6078125 0.20312500000000008
0 0.5953125 0.06250000000000007 0.55 0.06250000000000007 0.55 0.12031250000000009 0.5953125 0.12031250000000009
0 0.5421875 0.07812500000000007 0.4765625 0.07812500000000007 0.4765625 0.13593750000000004 0.5421875 0.13593750000000004
0 0.5546875 0.12500000000000006 0.478125 0.12500000000000006 0.478125 0.2078125000000001 0.5546875 0.2078125000000001
0 0.4625 0.10937500000000004 0.39375 0.10937500000000004 0.39375 0.16718750000000004 0.4625 0.16718750000000004
0 0.75625 0.08906250000000009 0.6875 0.08906250000000009 0.6875 0.17187500000000008 0.75625 0.17187500000000008
0 0.8328125 0.12031250000000009 0.759375 0.12031250000000009 0.759375 0.17187500000000008 0.8328125 0.17187500000000008
0 0.790625 0.1609375000000001 0.7375 0.1609375000000001 0.7375 0.1984375000000001 0.790625 0.1984375000000001
0 0.7296875 0.17187500000000008 0.6765625 0.17187500000000008 0.6765625 0.2234375000000001 0.7296875 0.2234375000000001
0 0.8328125 0.1828125000000001 0.7796875 0.1828125000000001 0.7796875 0.2296875000000001 0.8328125 0.2296875000000001
0 0.9734375 0.15156250000000013 0.9078125 0.15156250000000013 0.9078125 0.2296875000000001 0.9734375 0.2296875000000001
0 0.6796875 0.2656250000000001 0.6140625 0.2656250000000001 0.6140625 0.3593750000000001 0.6796875 0.3593750000000001
0 0.825 0.28593750000000007 0.7640625 0.28593750000000007 0.7640625 0.3437500000000001 0.825 0.3437500000000001
0 0.9078125 0.2765625000000001 0.828125 0.2765625000000001 0.828125 0.3859375000000001 0.9078125 0.3859375000000001