0 0.6921875000000001 0.6625 0.609375 0.6625 0.6093750000000001 0.8875 0.6921875000000002 0.8875
0 0.784375 0.5937500000000001 0.6640625 0.59375 0.6640625000000001 0.7562500000000001 0.7843750000000002 0.7562500000000002
0 0.8328125 0.5312500000000002 0.75625 0.5312500000000002 0.7562500000000001 0.8 0.8328125 0.8
0 0.8 0.4375000000000001 0.6953125 0.4375 0.6953125 0.6250000000000001 0.8 0.6250000000000002
0 0.996875 0.875 0.9265625 0.875 0.9265625 0.99375 0.996875 0.99375
0 0.95625 0.7625000000000002 0.8328125 0.7625000000000002 0.8328125 0.99375 0.95625 0.99375
0 0.8890625 0.7437500000000001 0.7453125000000002 0.7437500000000001 0.7453125000000002 0.99375 0.8890625 0.99375
0 0.934375 0.13750000000000012 0.8390625 0.1375000000000001 0.8390625 0.6812500000000001 0.934375 0.6812500000000001
0 0.996875 0.1812500000000001 0.8765625 0.18125000000000008 0.8765625 0.40625000000000017 0.996875 0.40625000000000017
0 0.965625 0.1562500000000001 0.8953125 0.15625000000000008 0.8953125 0.5312500000000002 0.965625 0.5312500000000002
0 0.996875 0.2687500000000001 0.9625 0.2687500000000001 0.9625 0.4437500000000002 0.996875 0.4437500000000002
0 0.965625 0.24375000000000008 0.9109375 0.24375000000000008 0.9109375 0.6187500000000001 0.965625 0.6187500000000001
0 0.996875 0.26250000000000007 0.96875 0.26250000000000007 0.96875 0.6437500000000002 0.996875 0.6437500000000002
0 0.80625 0.11875000000000009 0.7296875 0.11875000000000009 0.7296875 0.26250000000000007 0.80625 0.26250000000000007
0 0.7296875 8.084582384996199e-17 0.590625 7.233070157464055e-17 0.590625 0.26250000000000007 0.7296875 0.26250000000000007
0 0.75625 0.2562500000000001 0.7140625 0.2562500000000001 0.7140625 0.3375000000000001 0.75625 0.3375000000000001
0 0.603125 0.4 0.575 0.4 0.575 0.45625 0.603125 0.45625
0 0.63125 0.3500000000000001 0.603125 0.3500000000000001 0.603125 0.425 0.63125 0.425
0 0.746875 0.1687500000000001 0.5625 0.1687500000000001 0.5625 0.51875 0.746875 0.5187500000000002
0 0.553125 0.2312500000000001 0.4609375 0.2312500000000001 0.4609375 0.4375 0.553125 0.4375
0 0.40625 0.26250000000000007 0.2546875 0.2625 0.25468750000000007 0.45 0.40625 0.45
0 0.5296875 5.57788346799146e-17 0.38125 4.6689659217492845e-17 0.38125 0.24375000000000008 0.5296875 0.24375000000000008
0 0.5421875 0.012500000000000058 0.39375 0.01250000000000005 0.39375 0.3375000000000001 0.5421875 0.3375000000000001
0 0.4265625 0.03125000000000005 0.346875 0.03125000000000004 0.346875 0.20000000000000004 0.4265625 0.2000000000000001
0 0.3578125 3.358211144536883e-17 0.190625 2.3344829608746423e-17 0.190625 0.10625000000000004 0.3578125 0.10625000000000004
0 0.2515625 2.4779962576497225e-17 0.153125 1.8752404111943846e-17 0.153125 0.23125 0.2515625 0.23125
0 0.165625 1.578646264525885e-17 0.0921875 1.1289712679639661e-17 0.0921875 0.16875 0.165625 0.16875
0 0.09218750000000003 0.1 0.0031250000000000123 0.1 0.0031250000000000245 0.29375 0.09218750000000005 0.29375
0 0.20312500000000006 0.15625000000000003 0.09843750000000002 0.15625 0.09843750000000004 0.55 0.20312500000000008 0.55
0 0.20312500000000006 0.2 0.057812500000000024 0.2 0.057812500000000044 0.5125 0.20312500000000008 0.5125
0 0.10156250000000004 0.275 0.040625000000000036 0.275 0.040625000000000036 0.39375 0.10156250000000004 0.39375
0 0.015625000000000028 0.2 2.4492935982947065e-17 0.2 2.9085361479749636e-17 0.275 0.015625000000000035 0.275
0 0.4125000000000002 0.8625 0.2828125000000001 0.8625 0.2828125000000001 0.99375 0.4125000000000002 0.99375
0 0.14218750000000008 0.7125 0.10156250000000008 0.7125 0.10156250000000008 0.8 0.14218750000000008 0.8
0 0.1687500000000001 0.8125 0.1390625000000001 0.8125 0.1390625000000001 0.8875 0.1687500000000001 0.8875
0 0.12031250000000009 0.80625 0.08593750000000008 0.80625 0.0859375000000001 0.8625 0.12031250000000009 0.8625
0 0.04062500000000012 0.925 0.006250000000000114 0.925 0.006250000000000118 0.99375 0.04062500000000012 0.99375
0 0.0640625000000001 0.95625 0.04218750000000012 0.95625 0.04218750000000012 0.99375 0.0640625000000001 0.99375
0 0.009375000000000116 0.925 1.1327982892113018e-16 0.925 1.1672414804373209e-16 0.98125 0.00937500000000012 0.98125
0 0.015625000000000104 0.8 9.797174393178826e-17 0.8 1.0141606305439018e-16 0.85625 0.015625000000000104 0.85625
0 0.04375000000000011 0.79375 0.0031250000000000973 0.79375 0.0031250000000001025 0.8875 0.04375000000000011 0.8875
0 0.021875000000000075 0.5875 7.1947999449907e-17 0.5875 7.500961644777537e-17 0.6375 0.02187500000000008 0.6375