0 0.17187500000000006 0.4265625 0.029687500000000054 0.4265625 0.029687500000000068 0.6234375 0.17187500000000008 0.6234375
0 0.2468750000000001 0.365625 0.14531250000000004 0.365625 0.14531250000000004 0.4921875 0.2468750000000001 0.4921875
0 0.33125000000000004 0.2234375 0.21875 0.2234375 0.21875000000000006 0.3828125 0.3312500000000001 0.3828125
0 0.36718750000000006 0.2515625 0.3234375 0.2515625 0.32343750000000004 0.36562500000000003 0.3671875000000001 0.3656250000000001
0 0.440625 0.13125000000000003 0.3421875 0.13125000000000003 0.3421875 0.25625000000000003 0.440625 0.2562500000000001
0 0.5125 0.18593750000000003 0.4328125 0.18593750000000003 0.4328125 0.2734375000000001 0.5125 0.2734375000000001
0 0.553125 0.2296875000000001 0.4546875 0.2296875000000001 0.4546875 0.3937500000000001 0.553125 0.3937500000000001
0 0.4515625 0.23593750000000008 0.371875 0.23593750000000008 0.371875 0.3234375000000001 0.4515625 0.3234375000000001
0 0.4765625 0.30156250000000007 0.3484375 0.3015625 0.34843750000000007 0.465625 0.4765625 0.465625
0 0.50625 0.3937500000000001 0.46875 0.3937500000000001 0.46875 0.4484375 0.50625 0.4484375
0 0.4078125 0.35468750000000004 0.3390625 0.3546875 0.33906250000000004 0.525 0.4078125 0.525
0 0.353125 0.35 0.24375 0.35 0.24375000000000005 0.5078125 0.3531250000000001 0.5078125
0 0.3265625000000001 0.4265625 0.17812500000000003 0.4265625 0.17812500000000006 0.628125 0.3265625000000001 0.628125
0 0.2375000000000001 0.56875 0.11718750000000008 0.56875 0.11718750000000008 0.7875 0.2375000000000001 0.7875
0 0.1281250000000001 0.60625 0.05937500000000007 0.60625 0.05937500000000008 0.7046875 0.1281250000000001 0.7046875
0 0.3421875000000001 0.65625 0.1859375000000001 0.65625 0.1859375000000001 0.8796875 0.3421875000000001 0.8796875
0 0.46875000000000017 0.7875 0.3125000000000001 0.7875 0.3125000000000001 0.9953125 0.46875000000000017 0.9953125
0 0.6078125000000002 0.9125 0.4656250000000002 0.9125 0.4656250000000002 0.9953125 0.6078125000000002 0.9953125
0 0.7171875000000002 0.83125 0.5718750000000001 0.83125 0.5718750000000001 0.9953125 0.7171875000000002 0.9953125
0 0.846875 0.8578125 0.7203125000000001 0.8578125 0.7203125000000001 0.9953125 0.846875 0.9953125
0 0.865625 0.7218750000000002 0.7265625 0.7218750000000002 0.7265625000000001 0.890625 0.865625 0.890625
0 0.9046875 0.5468750000000002 0.8 0.5468750000000002 0.8 0.7375000000000002 0.9046875 0.7375000000000002
0 0.8953125 0.3984375000000001 0.7609375 0.3984375000000001 0.7609375 0.5578125000000002 0.8953125 0.5578125000000002
0 0.7859375 0.3453125000000001 0.7171875 0.3453125000000001 0.7171875 0.4765625000000001 0.7859375 0.47656250000000017
0 0.8140625 0.51875 0.6765625 0.51875 0.6765625000000001 0.7375 0.8140625 0.7375000000000002
0 0.7421875000000001 0.628125 0.5859375 0.628125 0.5859375000000001 0.8640625 0.7421875000000002 0.8640625
0 0.6140625000000002 0.7546875 0.5531250000000002 0.7546875 0.5531250000000002 0.8578125 0.6140625000000002 0.8578125
0 0.5718750000000001 0.74375 0.43750000000000017 0.74375 0.43750000000000017 0.9296875 0.5718750000000001 0.9296875
0 0.6078125000000001 0.590625 0.4796875 0.590625 0.4796875000000001 0.7703125 0.6078125000000002 0.7703125
0 0.6765625 0.4703125 0.5671875 0.4703125 0.5671875 0.6453125 0.6765625 0.6453125
0 0.775 0.4750000000000001 0.6765625 0.475 0.6765625 0.5906250000000001 0.775 0.5906250000000002
0 0.7234375 0.31718750000000007 0.6078125 0.31718750000000007 0.6078125 0.4859375 0.7234375 0.4859375
0 0.6578125 0.3062500000000001 0.5859375 0.3062500000000001 0.5859375 0.415625 0.6578125 0.415625
0 0.596875 0.2734375000000001 0.5421875 0.2734375000000001 0.5421875 0.3609375000000001 0.596875 0.3609375000000001
0 0.6109375 0.3671875000000001 0.509375 0.3671875000000001 0.509375 0.5203125 0.6109375 0.5203125
0 0.571875 0.48125 0.5171875 0.48125 0.5171875 0.5953125 0.571875 0.5953125
0 0.534375 0.4421875 0.403125 0.4421875 0.403125 0.6390625 0.534375 0.6390625
0 0.41875 0.525 0.3421875000000001 0.525 0.3421875000000001 0.6234375 0.41875 0.6234375
0 0.47343750000000007 0.6234375 0.3281250000000001 0.6234375 0.3281250000000001 0.7875 0.4734375000000002 0.7875
0 0.34843750000000007 0.590625 0.2328125000000001 0.590625 0.2328125000000001 0.69375 0.34843750000000007 0.69375
0 0.3703125000000001 0.48125 0.3203125000000001 0.48125 0.3203125000000001 0.60625 0.3703125000000001 0.60625
1 0.9953125 9.739769074468794e-17 0.5953125 7.290475476174086e-17 0.5953125 0.3000000000000001 0.9953125 0.3000000000000001
1 0.996875 0.7375000000000002 0.8546875 0.7375000000000002 0.8546875 0.9953125 0.996875 0.9953125
1 0.996875 0.3062500000000001 0.9015625 0.3062500000000001 0.9015625 0.7375000000000002 0.996875 0.7375000000000002
1 0.903125 0.3062500000000001 0.7828125 0.3062500000000001 0.7828125 0.4046875000000002 0.903125 0.4046875000000002
1 0.6046875 6.113666442618428e-17 0.39375 4.8220467716427034e-17 0.39375 0.14218750000000008 0.6046875 0.14218750000000008
1 0.6 0.14843750000000006 0.4734375 0.14843750000000006 0.4734375 0.20312500000000008 0.6 0.20312500000000008
1 0.6 0.2015625000000001 0.5265625 0.2015625000000001 0.5265625 0.2734375000000001 0.6 0.2734375000000001
1 0.228125 1.3968627552774498e-17 0 0 1.703024455064288e-17 0.278125 0.228125 0.278125
1 0.3375 3.463454228838608e-17 0.228125 2.7937255105548996e-17 0.228125 0.25625 0.3375 0.25625
1 0.3921875 4.448912200027494e-17 0.334375 4.0949127346489623e-17 0.334375 0.13593750000000004 0.3921875 0.13593750000000004
1 0.14843750000000006 0.284375 3.482589335075286e-17 0.284375 4.420209540672478e-17 0.4375 0.14843750000000006 0.4375
1 0.21562500000000004 0.284375 0.15000000000000005 0.284375 0.15000000000000005 0.365625 0.2156250000000001 0.365625
1 0.19218750000000012 0.7921875 9.701498861995439e-17 0.7921875 1.0935713214261131e-16 0.99375 0.19218750000000012 0.99375
1 0.30937500000000007 0.9078125 0.19218750000000012 0.9078125 0.19218750000000012 0.9953125 0.30937500000000007 0.9953125
1 0.3343750000000001 0.9453125 0.3125000000000001 0.9453125 0.3125000000000001 0.9953125 0.3343750000000001 0.9953125
1 0.36406250000000007 0.9734375 0.3343750000000001 0.9734375 0.3343750000000001 0.9953125 0.36406250000000007 0.9953125
1 0.2296875000000001 0.83125 0.1921875000000001 0.83125 0.19218750000000012 0.9125 0.2296875000000001 0.9125
1 0.2656250000000001 0.875 0.2296875000000001 0.875 0.2296875000000001 0.9078125 0.2656250000000001 0.9078125
1 0.07968750000000009 0.671875 8.22809568177128e-17 0.671875 8.96479727188336e-17 0.7921875 0.07968750000000009 0.7921875
1 0.1281250000000001 0.7265625 0.08437500000000009 0.7265625 0.08437500000000009 0.7984375 0.1281250000000001 0.7984375
1 0.15625000000000008 0.759375 0.1281250000000001 0.759375 0.1281250000000001 0.7921875 0.15625000000000008 0.7921875
1 0.03593750000000008 0.628125 7.692312707144312e-17 0.628125 7.921933981984441e-17 0.665625 0.03593750000000008 0.665625
1 0.021875000000000075 0.6015625 7.367015901120797e-17 0.6015625 7.500961644777538e-17 0.6234375 0.02187500000000008 0.6234375
1 0.029687500000000068 0.4421875 5.415235064979703e-17 0.4421875 6.458098354878621e-17 0.6125 0.02968750000000008 0.6125