0 0.996875 0.7437500000000001 0.7937500000000002 0.7437500000000001 0.7937500000000002 0.99375 0.996875 0.99375
0 0.996875 0.928125 0.9125 0.928125 0.9125 0.99375 0.996875 0.99375
0 0.7906250000000001 0.86875 0.7062500000000002 0.86875 0.7062500000000002 0.99375 0.7906250000000001 0.99375
0 0.84375 0.8453125 0.7906250000000001 0.8453125 0.7906250000000001 0.99375 0.84375 0.99375
0 0.809375 0.7390625000000002 0.7703125000000002 0.7390625000000002 0.7703125000000002 0.828125 0.809375 0.828125
0 0.853125 0.7859375000000002 0.8234375 0.7859375000000002 0.8234375 0.928125 0.853125 0.928125
0 0.89375 0.5531250000000002 0.840625 0.5531250000000002 0.840625 0.7921875000000002 0.89375 0.7921875000000002
0 0.9109375 0.7140625000000002 0.8640625 0.7140625000000002 0.8640625 0.815625 0.9109375 0.815625
0 0.859375 0.5359375000000001 0.7 0.5359375 0.7 0.6968750000000001 0.859375 0.6968750000000001
0 0.7828125000000001 0.6781250000000001 0.5765625 0.678125 0.5765625000000001 0.99375 0.7828125000000001 0.99375
0 0.7765625 0.6187500000000001 0.5140625 0.61875 0.5140625000000001 0.99375 0.7765625000000002 0.99375
0 0.846875 0.6187500000000001 0.746875 0.6187500000000001 0.7468750000000001 0.7437500000000001 0.846875 0.7437500000000001
0 0.8671875 0.48750000000000016 0.796875 0.48750000000000016 0.796875 0.6250000000000002 0.8671875 0.6250000000000002
0 0.8765625 0.2562500000000001 0.7640625 0.2562500000000001 0.7640625 0.4046875000000002 0.8765625 0.4046875000000002
0 0.89375 0.3453125000000001 0.8671875 0.3453125000000001 0.8671875 0.44062500000000016 0.89375 0.44062500000000016
0 0.94375 0.4468750000000002 0.8859375 0.4468750000000002 0.8859375 0.5296875000000002 0.94375 0.5296875000000002
0 0.996875 0.4046875000000002 0.9125 0.4046875000000002 0.9125 0.5828125000000002 0.996875 0.5828125000000002
0 0.8171875 0.36406250000000007 0.7375 0.36406250000000007 0.7375 0.4656250000000002 0.8171875 0.4656250000000002
0 0.9359375 0.2375000000000001 0.89375 0.2375000000000001 0.89375 0.3812500000000001 0.9359375 0.3812500000000001
0 0.16718750000000007 0.328125 0.02031250000000004 0.328125 0.020312500000000053 0.559375 0.1671875000000001 0.559375
0 0.3234375 0.08281250000000004 0.25625 0.08281250000000002 0.25625 0.25 0.3234375 0.25
0 0.14375000000000004 0.2671875 0.07031250000000003 0.2671875 0.07031250000000003 0.4046875 0.14375000000000004 0.4046875
0 0.07656250000000006 0.3578125 4.3819393281991234e-17 0.3578125 5.3291270869146544e-17 0.5125 0.07656250000000006 0.5125
0 0.02343750000000009 0.571875 7.003448882623926e-17 0.571875 8.639500465859842e-17 0.8390625 0.023437500000000104 0.8390625
0 0.12031250000000009 0.6546875 0.02968750000000008 0.6546875 0.029687500000000096 0.875 0.12031250000000009 0.875
0 0.2500000000000001 0.571875 0.12343750000000009 0.571875 0.12343750000000009 0.88125 0.2500000000000001 0.88125
0 0.1734375000000001 0.7859375 0.0437500000000001 0.7859375 0.04375000000000011 0.99375 0.17343750000000013 0.99375
0 0.07031250000000011 0.821875 1.0065065880492308e-16 0.821875 1.1117496723509566e-16 0.99375 0.07031250000000011 0.99375
0 0.4234375000000001 0.5890625 0.1828125000000001 0.5890625 0.1828125000000001 0.99375 0.4234375000000002 0.99375
0 0.7640625000000001 0.012500000000000056 0.15625 0.012500000000000016 0.15625000000000006 0.76875 0.7640625000000002 0.7687500000000002
0 0.5234375000000001 0.703125 0.403125 0.703125 0.40312500000000007 0.99375 0.5234375000000002 0.99375