0 0.95 0.6546875000000001 0.703125 0.6546875 0.7031250000000001 0.8859375 0.95 0.8859375
0 0.996875 0.7421875000000002 0.9625 0.7421875000000002 0.9625 0.88125 0.996875 0.88125
0 0.9953125 0.44843750000000016 0.8578125 0.44843750000000016 0.8578125 0.7531250000000002 0.9953125 0.7531250000000002
0 0.996875 1.1031388745444518e-16 0.8046875 9.854579711888858e-17 0.8046875 0.41718750000000016 0.996875 0.41718750000000016
0 0.896875 0.12343750000000009 0.7125 0.12343750000000009 0.7125 0.4171875000000001 0.896875 0.41718750000000016
0 0.8734375 0.3765625000000001 0.66875 0.3765625000000001 0.66875 0.64375 0.8734375 0.6437500000000002
0 0.6890625000000001 0.5359375 0.465625 0.5359375 0.46562500000000007 0.85 0.6890625000000001 0.85
0 0.6656250000000001 0.840625 0.5156250000000002 0.840625 0.5156250000000002 0.8921875 0.6656250000000001 0.8921875
0 0.46562500000000007 0.5625 0.2500000000000001 0.5625 0.2500000000000001 0.8875 0.4656250000000002 0.8875
0 0.5765625 0.3296875 0.3421875 0.3296875 0.34218750000000003 0.65 0.5765625 0.65
0 0.7421875 0.1609375000000001 0.546875 0.1609375000000001 0.546875 0.4750000000000001 0.7421875 0.4750000000000002
0 0.615625 0.09375000000000006 0.41875 0.09375000000000004 0.41875 0.3359375000000001 0.615625 0.3359375000000001
0 0.6625 7.051286648215619e-17 0.4890625 5.989288252080025e-17 0.4890625 0.11875000000000006 0.6625 0.11875000000000009
0 0.8046875 8.936094612528342e-17 0.6546875 8.017609513167828e-17 0.6546875 0.10312500000000009 0.8046875 0.10312500000000009
0 0.465625 4.5732903905658965e-17 0.28125 3.444319122601931e-17 0.28125 0.15000000000000005 0.465625 0.15000000000000005
0 0.334375 0.015625000000000028 0.1234375 0.015625000000000017 0.12343750000000002 0.2421875 0.334375 0.2421875
0 0.415625 0.1296875 0.1734375 0.1296875 0.17343750000000002 0.44375 0.415625 0.44375
0 0.19218750000000004 0.221875 2.71718508560819e-17 0.221875 4.391506881317462e-17 0.4953125 0.19218750000000004 0.4953125
0 0.3500000000000001 0.396875 0.12656250000000005 0.396875 0.12656250000000008 0.65 0.3500000000000001 0.65
0 0.2531250000000001 0.6234375 7.634907388434281e-17 0.6234375 9.270958971670199e-17 0.890625 0.2531250000000001 0.890625