0 0.990625 0.6140625000000002 0.90625 0.6140625000000002 0.90625 0.9 0.990625 0.9
0 0.89375 0.3921875000000001 0.7796875 0.3921875000000001 0.7796875000000001 0.7796875000000002 0.89375 0.7796875000000002
0 0.959375 0.4703125000000002 0.8796875 0.4703125000000002 0.8796875 0.6250000000000002 0.959375 0.6250000000000002
0 0.996875 0.3937500000000001 0.8796875 0.3937500000000001 0.8796875 0.6437500000000002 0.996875 0.6437500000000002
0 0.89375 0.2796875000000001 0.8359375 0.2796875000000001 0.8359375 0.4343750000000002 0.89375 0.4343750000000002
0 0.896875 0.1781250000000001 0.8328125 0.1781250000000001 0.8328125 0.2921875000000001 0.896875 0.2921875000000001
0 0.95625 0.13750000000000012 0.8390625 0.1375000000000001 0.8390625 0.44062500000000016 0.95625 0.44062500000000016
0 0.753125 0.48125000000000007 0.671875 0.48125 0.671875 0.565625 0.753125 0.5656250000000002
0 0.7890625 0.4937500000000002 0.7359375 0.4937500000000002 0.7359375 0.5781250000000002 0.7890625 0.5781250000000002
0 0.7859375 0.5484375000000001 0.71875 0.5484375 0.71875 0.6843750000000001 0.7859375 0.6843750000000002
0 0.7296875 0.5484375000000001 0.6859375 0.5484375 0.6859375 0.6734375000000001 0.7296875 0.6734375000000001
0 0.703125 0.50625 0.621875 0.50625 0.621875 0.696875 0.703125 0.696875
0 0.7968750000000001 0.6734375000000001 0.7 0.6734375 0.7000000000000001 0.7921875 0.7968750000000002 0.7921875000000002
0 0.8359375 0.7375000000000002 0.7531250000000002 0.7375000000000002 0.7531250000000002 0.815625 0.8359375 0.815625
0 0.8890625 0.7859375000000002 0.803125 0.7859375000000002 0.803125 0.9515625 0.8890625 0.9515625
0 0.8328125 0.7921875000000002 0.7453125000000002 0.7921875000000002 0.7453125000000002 0.9640625 0.8328125 0.9640625
0 0.7562500000000002 0.7796875000000001 0.7156250000000002 0.7796875 0.7156250000000002 0.9046875 0.7562500000000002 0.9046875
0 0.7765625000000002 0.9234375 0.7000000000000002 0.9234375 0.7000000000000002 0.99375 0.7765625000000002 0.99375
0 0.721875 0.6609375 0.5921875 0.6609375 0.5921875000000001 0.9046875 0.7218750000000002 0.9046875
0 0.7156250000000002 0.7328125 0.5890625000000002 0.7328125 0.5890625000000002 0.9640625 0.7156250000000002 0.9640625
0 0.6687500000000002 0.74375 0.5625000000000002 0.74375 0.5625000000000002 0.9765625 0.6687500000000002 0.9765625
0 0.6312500000000002 0.828125 0.5453125000000002 0.828125 0.5453125000000002 0.9640625 0.6312500000000002 0.9640625
0 0.6359375 0.50625 0.39531250000000007 0.50625 0.39531250000000007 0.99375 0.6359375000000002 0.99375
0 0.6859375 0.440625 0.6359375 0.440625 0.6359375 0.50625 0.6859375 0.50625
0 0.84375 0.14843750000000006 0.5390625 0.14843750000000006 0.5390625 0.5062500000000001 0.84375 0.5062500000000002
0 0.8328125 0.0890625000000001 0.7765625 0.08906250000000009 0.7765625 0.2078125000000001 0.8328125 0.2078125000000001
0 0.71875 0.1609375000000001 0.6890625 0.1609375000000001 0.6890625 0.1843750000000001 0.71875 0.1843750000000001
0 0.6390625 0.17343750000000008 0.4078125 0.17343750000000005 0.4078125 0.3578125000000001 0.6390625 0.3578125000000001
0 0.6125 0.06562500000000006 0.4484375 0.06562500000000004 0.4484375 0.28593750000000007 0.6125 0.28593750000000007
0 0.521875 0.30312500000000003 0.3546875 0.303125 0.35468750000000004 0.50625 0.521875 0.50625
0 0.5453125 0.434375 0.515625 0.434375 0.515625 0.4765625 0.5453125 0.4765625
0 0.5484375 0.49375 0.528125 0.49375 0.528125 0.5234375 0.5484375 0.5234375
0 0.528125 0.49375 0.5046875 0.49375 0.5046875 0.553125 0.528125 0.553125
0 0.521875 0.5234375 0.4984375 0.5234375 0.4984375 0.565625 0.521875 0.565625
0 0.5015625 0.49375 0.475 0.49375 0.475 0.5421875 0.5015625 0.5421875
0 0.5046875 0.5296875 0.471875 0.5296875 0.471875 0.5828125 0.5046875 0.5828125
0 0.4515625 0.440625 0.4015625 0.440625 0.4015625 0.5234375 0.4515625 0.5234375
0 0.475 0.51875 0.4140625 0.51875 0.4140625 0.6203125 0.475 0.6203125
0 0.5421875 0.6796875 0.4109375 0.6796875 0.41093750000000007 0.7984375 0.5421875000000002 0.7984375
0 0.425 0.50625 0.3609375000000001 0.50625 0.3609375000000001 0.7015625 0.425 0.7015625
0 0.3843750000000001 0.3921875 0.3343750000000001 0.3921875 0.3343750000000001 0.4765625 0.3843750000000001 0.4765625
0 0.3546875000000001 0.38125 0.3046875000000001 0.38125 0.3046875000000001 0.5890625 0.3546875000000001 0.5890625
0 0.3343750000000001 0.63125 0.2671875000000001 0.63125 0.2671875000000001 0.86875 0.3343750000000001 0.86875
0 0.4015625000000001 0.7015625 0.30156250000000007 0.7015625 0.30156250000000007 0.815625 0.40156250000000016 0.815625
0 0.3812500000000001 0.7859375 0.3109375000000001 0.7859375 0.3109375000000001 0.928125 0.3812500000000001 0.928125
0 0.32500000000000007 0.8515625 0.2406250000000001 0.8515625 0.2406250000000001 0.9578125 0.32500000000000007 0.9578125
0 0.2906250000000001 0.9109375 0.22812500000000008 0.9109375 0.22812500000000008 0.99375 0.2906250000000001 0.99375
0 0.1500000000000001 0.8453125 0.050000000000000114 0.8453125 0.050000000000000114 0.99375 0.15000000000000013 0.99375
0 0.19062500000000013 0.934375 0.12343750000000013 0.934375 0.12343750000000013 0.99375 0.19062500000000013 0.99375
0 0.2468750000000001 0.6 7.347880794884119e-17 0.6 9.758904180705471e-17 0.99375 0.2468750000000001 0.99375
0 0.10625000000000004 0.125 1.5308084989341915e-17 0.125 4.592425496802575e-17 0.625 0.1062500000000001 0.625
0 0.19062500000000002 0.11250000000000002 0.1 0.1125 0.10000000000000002 0.25625 0.19062500000000004 0.25625
0 0.18125000000000008 0.375 0.03750000000000005 0.375 0.03750000000000006 0.5953125 0.18125000000000008 0.5953125
0 0.2140625000000001 0.4046875 0.16718750000000004 0.4046875 0.16718750000000004 0.4828125 0.2140625000000001 0.4828125
0 0.19062500000000004 0.3453125 0.14375000000000004 0.3453125 0.14375000000000004 0.4171875 0.19062500000000004 0.4171875
0 0.16093750000000004 0.2796875 0.11406250000000004 0.2796875 0.11406250000000004 0.3515625 0.16093750000000004 0.3515625
0 0.19843750000000004 0.203125 0.15468750000000003 0.203125 0.15468750000000003 0.2984375 0.19843750000000004 0.2984375
0 0.23125 0.19062500000000004 0.19062500000000004 0.19062500000000004 0.19062500000000004 0.25625 0.23125 0.25625
0 0.23437500000000008 0.428125 0.21093750000000008 0.428125 0.21093750000000008 0.4828125 0.23437500000000008 0.4828125
0 0.2484375000000001 0.4 0.2250000000000001 0.4 0.2250000000000001 0.459375 0.2484375000000001 0.459375
0 0.27812500000000007 0.3984375 0.2406250000000001 0.3984375 0.2406250000000001 0.4765625 0.27812500000000007 0.4765625
0 0.28437500000000004 0.303125 0.23125 0.303125 0.23125000000000004 0.4046875 0.2843750000000001 0.4046875
0 0.36718750000000006 0.27968750000000003 0.28125 0.2796875 0.28125000000000006 0.428125 0.3671875000000001 0.428125
0 0.34843750000000007 0.4171875 0.2750000000000001 0.4171875 0.2750000000000001 0.565625 0.34843750000000007 0.565625
0 0.2812500000000001 0.4875 0.18437500000000004 0.4875 0.18437500000000007 0.6546875 0.2812500000000001 0.6546875
0 0.3375000000000001 0.4875 0.2640625000000001 0.4875 0.2640625000000001 0.696875 0.3375000000000001 0.696875
0 0.27812500000000007 0.571875 0.12031250000000009 0.571875 0.12031250000000009 0.7625 0.27812500000000007 0.7625
0 0.2484375000000001 0.64375 0.1546875000000001 0.64375 0.1546875000000001 0.8390625 0.2484375000000001 0.8390625
0 0.1671875000000001 0.5953125 0.09062500000000007 0.5953125 0.09062500000000008 0.7078125 0.1671875000000001 0.7078125
0 0.11093750000000009 0.625 0.08437500000000006 0.625 0.08437500000000007 0.671875 0.11093750000000009 0.671875
0 0.2312500000000001 0.64375 0.08437500000000009 0.64375 0.0843750000000001 0.8640625 0.2312500000000001 0.8640625
0 0.4109375 0.14375000000000004 0.325 0.14375000000000004 0.325 0.30937500000000007 0.4109375 0.30937500000000007
0 0.228125 0.2734375 0.16093750000000004 0.2734375 0.16093750000000004 0.3453125 0.228125 0.3453125
0 0.23437500000000006 0.3328125 0.18437500000000004 0.3328125 0.18437500000000004 0.4171875 0.23437500000000008 0.4171875
0 0.4484375 0.16718750000000004 0.390625 0.16718750000000004 0.390625 0.2984375000000001 0.4484375 0.2984375000000001
0 0.3390625 0.14375000000000004 0.2484375 0.14375000000000004 0.2484375 0.2984375 0.3390625 0.2984375
0 0.2875 0.06562500000000003 0.2109375 0.06562500000000002 0.2109375 0.2015625 0.2875 0.2015625
0 0.3484375 0.023437500000000038 0.2640625 0.023437500000000035 0.2640625 0.16093750000000004 0.3484375 0.16093750000000004
0 0.4046875 0.08437500000000005 0.3484375 0.08437500000000005 0.3484375 0.17343750000000005 0.4046875 0.17343750000000005
0 0.371875 4.085345181530624e-17 0.2953125 3.6165350787320275e-17 0.2953125 0.09531250000000005 0.371875 0.09531250000000005
0 0.3 3.1668600821701084e-17 0.2171875 2.659779766898158e-17 0.2171875 0.08281250000000004 0.3 0.08281250000000004
0 0.2171875 2.458861151413045e-17 0.184375 2.2579425359279323e-17 0.184375 0.10156250000000004 0.2171875 0.10156250000000004
5 0.9859375 1.1117496723509566e-16 0.8296875 1.0160741411675695e-16 0.8296875 0.1484375000000001 0.9859375 0.14843750000000014
5 0.8296875 9.299661631025212e-17 0.6890625 8.438581850374731e-17 0.6890625 0.1609375000000001 0.8296875 0.1609375000000001
5 0.6765625 6.993881329505588e-17 0.465625 5.702261658529863e-17 0.465625 0.14843750000000006 0.6765625 0.14843750000000008
5 0.6890625 0.0828125000000001 0.66875 0.0828125000000001 0.66875 0.1312500000000001 0.6890625 0.1312500000000001
5 0.6890625 7.079989307570636e-17 0.4671875 5.72139676476654e-17 0.4671875 0.14218750000000008 0.6890625 0.14218750000000008
1 0.475 5.099505812074525e-17 0.3578125 4.3819393281991234e-17 0.3578125 0.14843750000000006 0.475 0.14843750000000006