0 0.36250000000000004 0.08281250000000004 0.146875 0.08281250000000002 0.14687500000000003 0.428125 0.3625000000000001 0.428125
0 0.5765625 0.31562500000000004 0.18437500000000004 0.315625 0.18437500000000004 0.490625 0.5765625 0.490625
0 0.415625 0.30937500000000007 0.31875 0.309375 0.31875000000000003 0.70625 0.415625 0.70625
0 0.5546875 0.4640625 0.4125 0.4640625 0.4125 0.6703125 0.5546875 0.6703125
0 0.596875 0.5875 0.3468750000000001 0.5875 0.3468750000000001 0.8765625 0.5968750000000002 0.8765625
0 0.4546875000000001 0.5 0.18437500000000004 0.5 0.18437500000000007 0.8859375 0.4546875000000002 0.8859375
0 0.2921875000000001 0.484375 0.10000000000000005 0.484375 0.10000000000000006 0.8875 0.2921875000000001 0.8875
0 0.18437500000000007 0.2015625 0.004687500000000025 0.2015625 0.0046875000000000475 0.578125 0.1843750000000001 0.578125
0 0.5703125 0.12500000000000006 0.428125 0.12500000000000006 0.428125 0.3515625000000001 0.5703125 0.3515625000000001
0 0.7390625 0.2218750000000001 0.496875 0.2218750000000001 0.496875 0.4171875000000001 0.7390625 0.41718750000000016
0 0.696875 0.1437500000000001 0.6390625 0.1437500000000001 0.6390625 0.2375000000000001 0.696875 0.2375000000000001
0 0.9921875 0.11406250000000011 0.7265625 0.1140625000000001 0.7265625 0.6390625000000002 0.9921875 0.6390625000000002
0 0.996875 0.3203125000000001 0.9046875 0.3203125000000001 0.9046875 0.4437500000000002 0.996875 0.4437500000000002
0 0.996875 0.5671875000000002 0.93125 0.5671875000000002 0.93125 0.6640625000000002 0.996875 0.6640625000000002
0 0.9390625 0.6093750000000002 0.86875 0.6093750000000002 0.86875 0.6812500000000001 0.9390625 0.6812500000000001
0 0.828125 0.6234375000000001 0.6625 0.6234375 0.6625000000000001 0.8203125 0.828125 0.8203125
0 0.6625000000000001 0.675 0.4046875 0.675 0.4046875000000001 0.8140625 0.6625000000000002 0.8140625
0 0.7187500000000001 0.721875 0.53125 0.721875 0.5312500000000001 0.8859375 0.7187500000000002 0.8859375
0 0.765625 0.4953125000000001 0.5609375 0.4953125 0.5609375 0.6859375000000001 0.765625 0.6859375000000002
0 0.7625 0.37187500000000007 0.5546875 0.37187500000000007 0.5546875 0.5000000000000001 0.7625 0.5000000000000002
0 0.5734375 0.32500000000000007 0.446875 0.32500000000000007 0.446875 0.4078125 0.5734375 0.4078125