0 0.5484375 0.2390625000000001 0.3734375 0.2390625000000001 0.37343750000000003 0.478125 0.5484375 0.478125
0 0.625 0.3375000000000001 0.5375 0.3375000000000001 0.5375 0.478125 0.625 0.478125
0 0.7625 0.2875000000000001 0.6203125 0.2875000000000001 0.6203125 0.4671875000000001 0.7625 0.4671875000000002
0 0.890625 0.2390625000000001 0.7484375 0.2390625000000001 0.7484375 0.4125000000000002 0.890625 0.4125000000000002
0 0.846875 0.10312500000000009 0.675 0.10312500000000009 0.675 0.3375000000000001 0.846875 0.3375000000000001
0 0.675 0.21250000000000008 0.5515625 0.21250000000000008 0.5515625 0.3421875000000001 0.675 0.3421875000000001
0 0.5984375 0.16406250000000006 0.4703125 0.16406250000000006 0.4703125 0.2890625000000001 0.5984375 0.2890625000000001
0 0.8609375 0.03906250000000009 0.653125 0.039062500000000076 0.653125 0.2671875000000001 0.8609375 0.2671875000000001
0 0.43125 0.07656250000000003 0.1390625 0.07656250000000002 0.13906250000000003 0.4453125 0.43125 0.4453125
0 0.37343750000000003 0.20625000000000004 0.15781250000000005 0.20625 0.15781250000000005 0.4625 0.3734375000000001 0.4625
0 0.37968750000000007 0.5109375 0.12812500000000004 0.5109375 0.12812500000000007 0.7390625 0.37968750000000007 0.7390625
0 0.5406250000000001 0.4015625 0.029687500000000044 0.4015625 0.02968750000000008 0.9078125 0.5406250000000001 0.9078125
0 0.5515625000000002 0.7609375 0.45312500000000017 0.7609375 0.45312500000000017 0.9015625 0.5515625000000002 0.9015625
0 0.6234375000000002 0.7875 0.5328125000000001 0.7875 0.5328125000000001 0.91875 0.6234375000000002 0.91875
0 0.7296875000000002 0.7937500000000001 0.6140625000000002 0.79375 0.6140625000000002 0.9234375 0.7296875000000002 0.9234375
0 0.7812500000000002 0.7609375 0.7000000000000002 0.7609375 0.7000000000000002 0.9078125 0.7812500000000002 0.9078125
0 0.8359375 0.690625 0.721875 0.690625 0.721875 0.8796875 0.8359375 0.8796875
0 0.9421875 0.6625000000000002 0.8171875 0.6625000000000002 0.8171875 0.8859375 0.9421875 0.8859375
0 0.89375 0.5375000000000002 0.740625 0.5375000000000002 0.7406250000000001 0.7390625000000002 0.89375 0.7390625000000002
0 0.7953125000000001 0.690625 0.7078125 0.690625 0.7078125000000001 0.7656250000000001 0.7953125000000002 0.7656250000000002
0 0.7296875 0.7015625000000001 0.653125 0.7015625 0.6531250000000001 0.7937500000000001 0.7296875000000002 0.7937500000000002
0 0.6796875000000001 0.7125 0.5703125 0.7125 0.5703125000000001 0.8421875 0.6796875000000002 0.8421875
0 0.6015625000000001 0.690625 0.54375 0.690625 0.5437500000000001 0.7984375 0.6015625000000002 0.7984375