0 0.9953125 0.7671875000000001 0.8875 0.7671875000000001 0.8875 0.9703125 0.9953125 0.9703125
0 0.996875 0.9203125 0.8765625 0.9203125 0.8765625 0.9953125 0.996875 0.9953125
0 0.9125 0.7921875 0.7187500000000002 0.7921875 0.7187500000000002 0.9953125 0.9125 0.9953125
0 0.7984375 0.5000000000000001 0.6828125 0.5 0.6828125 0.6781250000000001 0.7984375 0.6781250000000002
0 0.9765625 0.6781250000000002 0.8640625 0.6781250000000002 0.8640625 0.80625 0.9765625 0.80625
0 0.996875 0.48437500000000017 0.940625 0.48437500000000017 0.940625 0.7578125000000002 0.996875 0.7578125000000002
0 0.959375 0.47968750000000016 0.746875 0.47968750000000016 0.7468750000000001 0.8265625 0.959375 0.8265625
0 0.9796875 0.44062500000000016 0.8796875 0.44062500000000016 0.8796875 0.5500000000000002 0.9796875 0.5500000000000002
0 0.9 0.3859375000000001 0.8265625 0.3859375000000001 0.8265625 0.4703125000000002 0.9 0.4703125000000002
0 0.884375 0.4156250000000002 0.803125 0.4156250000000002 0.803125 0.49531250000000016 0.884375 0.49531250000000016
0 0.996875 0.19375000000000012 0.884375 0.1937500000000001 0.884375 0.4750000000000002 0.996875 0.4750000000000002
0 0.9953125 1.101225363920784e-16 0.803125 9.83544460565218e-17 0.803125 0.2234375000000001 0.9953125 0.2234375000000001
0 0.884375 0.1546875000000001 0.74375 0.1546875000000001 0.74375 0.3921875000000001 0.884375 0.3921875000000001
0 0.815625 0.2328125000000001 0.5828125 0.2328125000000001 0.5828125 0.5046875000000001 0.815625 0.5046875000000002
0 0.7265625 0.10468750000000009 0.659375 0.10468750000000009 0.659375 0.2375000000000001 0.7265625 0.2375000000000001
0 0.803125 8.534257381558118e-17 0.590625 7.233070157464055e-17 0.590625 0.1984375000000001 0.803125 0.1984375000000001
0 0.5625 6.247612186275169e-17 0.4578125 5.606586127346476e-17 0.4578125 0.09375000000000007 0.5625 0.09375000000000007
0 0.6796875 7.11825952004399e-17 0.4828125 5.912747827133314e-17 0.4828125 0.2375000000000001 0.6796875 0.2375000000000001
0 0.60625 0.15468750000000006 0.3890625 0.15468750000000003 0.38906250000000003 0.48125 0.60625 0.48125
0 0.6953125 0.4453125 0.5265625 0.4453125 0.5265625 0.6640625 0.6953125 0.6640625
0 0.7546875000000001 0.64375 0.590625 0.64375 0.5906250000000001 0.88125 0.7546875000000002 0.88125
0 0.6750000000000002 0.8359375 0.5781250000000002 0.8359375 0.5781250000000002 0.9703125 0.6750000000000002 0.9703125
0 0.8359375 0.93125 0.5906250000000002 0.93125 0.5906250000000002 0.9953125 0.8359375 0.9953125
0 0.5828125000000002 0.80625 0.3781250000000001 0.80625 0.3781250000000001 0.9953125 0.5828125000000002 0.9953125
0 0.55 0.634375 0.45 0.634375 0.45000000000000007 0.8265625 0.5500000000000002 0.8265625
0 0.5984375000000001 0.6640625 0.534375 0.6640625 0.534375 0.8265625 0.5984375000000002 0.8265625
0 0.5265625 0.5 0.33281250000000007 0.5 0.33281250000000007 0.7171875 0.5265625 0.7171875
0 0.4546875 0.4546875 0.3421875000000001 0.4546875 0.3421875000000001 0.525 0.4546875 0.525
0 0.3625000000000001 0.5390625 0.3140625000000001 0.5390625 0.3140625000000001 0.6984375 0.3625000000000001 0.6984375
0 0.2968750000000001 0.634375 0.20468750000000008 0.634375 0.20468750000000008 0.7578125 0.2968750000000001 0.7578125
0 0.2734375000000001 0.8265625 0.2000000000000001 0.8265625 0.2000000000000001 0.9953125 0.2734375000000001 0.9953125
0 0.40156250000000016 0.9203125 0.2406250000000001 0.9203125 0.2406250000000001 0.9953125 0.40156250000000016 0.9953125
0 0.4375000000000001 0.684375 0.2296875000000001 0.684375 0.2296875000000001 0.9265625 0.43750000000000017 0.9265625
0 0.2531250000000001 0.703125 0.03125000000000009 0.703125 0.031250000000000104 0.9953125 0.2531250000000001 0.9953125
0 0.05156250000000011 0.8765625 1.0734794598776019e-16 0.8765625 1.146192863576976e-16 0.9953125 0.05156250000000011 0.9953125
0 0.12812500000000007 0.525 6.429395695523604e-17 0.525 8.304636106717989e-17 0.83125 0.1281250000000001 0.83125
0 0.3531250000000001 0.415625 0.12812500000000004 0.415625 0.12812500000000007 0.678125 0.3531250000000001 0.678125
0 0.4140625 0.22812500000000005 0.2296875 0.228125 0.22968750000000004 0.4703125 0.4140625 0.4703125
0 0.421875 0.16875000000000004 0.3171875 0.16875000000000004 0.3171875 0.24218750000000006 0.421875 0.24218750000000008
0 0.4625 4.381939328199123e-17 0.253125 3.099887210341738e-17 0.253125 0.23281250000000003 0.4625 0.2328125000000001
0 0.2765625 0.17343750000000002 0.16875 0.1734375 0.16875 0.28125 0.2765625 0.28125
0 0.26875 0.09375000000000003 0.2125 0.09375000000000003 0.2125 0.18281250000000004 0.26875 0.18281250000000004
0 0.26093750000000004 0.2765625 0.2046875 0.2765625 0.20468750000000005 0.4359375 0.2609375000000001 0.4359375
0 0.21406250000000004 0.2078125 0.01718750000000003 0.2078125 0.017187500000000043 0.4953125 0.2140625000000001 0.4953125
0 0.051562500000000046 0.2125 2.6023744481881253e-17 0.2125 4.544587731210881e-17 0.5296875 0.05156250000000007 0.5296875
0 0.11250000000000002 0.1484375 0.012500000000000016 0.1484375 0.012500000000000022 0.2328125 0.11250000000000004 0.2328125
0 0.2375 0.03906250000000002 0.0921875 0.039062500000000014 0.0921875 0.2578125 0.2375 0.2578125
0 0.3125 2.6693473200164965e-17 0.1234375 1.511673392697514e-17 0.1234375 0.09843750000000004 0.3125 0.09843750000000004
0 0.128125 7.845393557037732e-18 0 0 9.663228649522084e-18 0.1578125 0.128125 0.1578125
0 0.02812500000000003 0.1640625 2.0091861548511263e-17 0.1640625 2.583239341951448e-17 0.2578125 0.028125000000000032 0.2578125
0 0.9953125 6.09453133638175e-17 0 0 6.09453133638175e-17 0.9953125 0.9953125 0.9953125