0 0.996875 0.5359375000000002 0.909375 0.5359375000000002 0.909375 0.9109375 0.996875 0.9109375
0 0.9171875 0.5421875000000002 0.7640625 0.5421875000000002 0.7640625000000001 0.7265625000000002 0.9171875 0.7265625000000002
0 0.996875 0.2500000000000001 0.95 0.2500000000000001 0.95 0.3750000000000001 0.996875 0.3750000000000001
0 0.996875 0.2140625000000001 0.8796875 0.2140625000000001 0.8796875 0.5296875000000002 0.996875 0.5296875000000002
0 0.89375 0.4578125000000002 0.8234375 0.4578125000000002 0.8234375 0.5421875000000002 0.89375 0.5421875000000002
0 0.996875 1.1815928101148291e-16 0.9328125 1.1423658423296405e-16 0.9328125 0.22031250000000008 0.996875 0.22031250000000008
0 0.996875 0.03593750000000012 0.9625 0.03593750000000012 0.9625 0.24375000000000008 0.996875 0.24375000000000008
0 0.95625 1.130884778587634e-16 0.890625 1.0907010554906115e-16 0.890625 0.2562500000000001 0.95625 0.2562500000000001
0 0.95 1.1289712679639661e-16 0.89375 1.094528076737947e-16 0.89375 0.3156250000000001 0.95 0.3156250000000001
0 0.9 1.0696524386302664e-16 0.846875 1.0371227580279147e-16 0.846875 0.3390625000000001 0.9 0.3390625000000001
0 0.859375 1.0160741411675698e-16 0.8 9.797174393178826e-17 0.8 0.3390625000000001 0.859375 0.3390625000000001
0 0.80625 9.337931843498569e-17 0.71875 8.802148868871601e-17 0.71875 0.0828125000000001 0.80625 0.0828125000000001
0 0.80625 8.467284509729747e-17 0.5765625 7.060854201333958e-17 0.5765625 0.2671875000000001 0.80625 0.2671875000000001
0 0.7203125 8.352473872309682e-17 0.64375 7.883663769511086e-17 0.64375 0.06562500000000009 0.7203125 0.06562500000000009
0 0.8 0.07187500000000009 0.6765625 0.07187500000000009 0.6765625 0.24375000000000008 0.8 0.24375000000000008
0 0.8859375 0.3453125000000001 0.7203125 0.3453125000000001 0.7203125 0.5531250000000001 0.8859375 0.5531250000000002
0 0.8265625 0.2328125000000001 0.7171875 0.2328125000000001 0.7171875 0.4171875000000001 0.8265625 0.41718750000000016
0 0.5671875 6.228477080038492e-17 0.45 5.5109105961630896e-17 0.45 0.2140625000000001 0.5671875 0.2140625000000001
0 0.6703125 0.17968750000000006 0.440625 0.17968750000000006 0.440625 0.5484375 0.6703125 0.5484375
0 0.7203125 0.1781250000000001 0.6265625 0.1781250000000001 0.6265625 0.3687500000000001 0.7203125 0.3687500000000001
0 0.7375 0.3625000000000001 0.640625 0.3625000000000001 0.640625 0.5593750000000001 0.7375 0.5593750000000002
0 0.703125 0.440625 0.6109375 0.440625 0.6109375 0.6125 0.703125 0.6125
0 0.7640625 0.565625 0.6765625 0.565625 0.6765625 0.7078125000000001 0.7640625 0.7078125000000002
0 0.9125 0.7093750000000002 0.846875 0.7093750000000002 0.846875 0.7984375000000001 0.9125 0.7984375000000001
0 0.996875 0.86875 0.9625 0.86875 0.9625 0.9828125 0.996875 0.9828125
0 0.6328125000000001 0.6078125 0.54375 0.6078125 0.5437500000000001 0.809375 0.6328125000000002 0.809375
0 0.6765625 0.571875 0.59375 0.571875 0.59375 0.7203125 0.6765625 0.7203125
0 0.6671875000000002 0.7625 0.5828125000000002 0.7625 0.5828125000000002 0.89375 0.6671875000000002 0.89375
0 0.5625000000000001 0.6609375 0.4734375 0.6609375 0.47343750000000007 0.85625 0.5625000000000002 0.85625
0 0.5937500000000002 0.803125 0.4937500000000002 0.803125 0.4937500000000002 0.99375 0.5937500000000002 0.99375
0 0.5875000000000001 0.89375 0.5078125000000002 0.89375 0.5078125000000002 0.9953125 0.5875000000000001 0.9953125
0 0.6468750000000002 0.86875 0.5468750000000002 0.86875 0.5468750000000002 0.946875 0.6468750000000002 0.946875
0 0.6609375000000002 0.928125 0.5906250000000002 0.928125 0.5906250000000002 0.9703125 0.6609375000000002 0.9703125
0 0.6437500000000002 0.934375 0.5906250000000002 0.934375 0.5906250000000002 0.99375 0.6437500000000002 0.99375
0 0.6828125000000002 0.7265625 0.5500000000000002 0.7265625 0.5500000000000002 0.99375 0.6828125000000002 0.99375
0 0.7531250000000002 0.875 0.6734375000000001 0.875 0.6734375000000001 0.9875 0.7531250000000002 0.9875
0 0.7406250000000002 0.8578125 0.6828125000000002 0.8578125 0.6828125000000002 0.959375 0.7406250000000002 0.959375
0 0.7906250000000001 0.7265625000000001 0.6296875000000002 0.7265625 0.6296875000000002 0.99375 0.7906250000000001 0.99375
0 0.8203125 0.89375 0.7531250000000002 0.89375 0.7531250000000002 0.9953125 0.8203125 0.9953125
0 0.84375 0.934375 0.7968750000000002 0.934375 0.7968750000000002 0.99375 0.84375 0.99375
0 0.85625 0.7500000000000001 0.6937500000000002 0.75 0.6937500000000002 0.946875 0.85625 0.946875
0 0.7328125000000001 0.7140625 0.653125 0.7140625 0.6531250000000001 0.7859375000000001 0.7328125000000002 0.7859375000000002
0 0.909375 0.6843750000000001 0.7 0.684375 0.7000000000000001 0.9640625 0.909375 0.9640625
0 0.9359375 0.7031250000000002 0.7703125 0.7031250000000002 0.7703125000000001 0.99375 0.9359375 0.99375
0 0.9796875 0.7265625000000002 0.8203125 0.7265625000000002 0.8203125 0.940625 0.9796875 0.940625
0 0.9765625 0.940625 0.9375 0.940625 0.9375 0.98125 0.9765625 0.98125
0 0.5203125000000002 0.8640625 0.4234375000000002 0.8640625 0.4234375000000002 0.9953125 0.5203125000000002 0.9953125
0 0.4906250000000002 0.934375 0.4031250000000002 0.934375 0.4031250000000002 0.99375 0.4906250000000002 0.99375
0 0.4734375000000002 0.7328125 0.3734375000000001 0.7328125 0.3734375000000001 0.9234375 0.4734375000000002 0.9234375
0 0.4937500000000001 0.51875 0.4140625 0.51875 0.4140625000000001 0.7328125 0.4937500000000002 0.7328125
0 0.5078125 0.446875 0.4109375 0.446875 0.4109375 0.565625 0.5078125 0.565625
0 0.4375 0.5 0.3578125000000001 0.5 0.3578125000000001 0.690625 0.4375 0.690625
0 0.4234375 0.31562500000000004 0.3234375 0.315625 0.32343750000000004 0.50625 0.4234375 0.50625
0 0.440625 0.27343750000000006 0.29375 0.2734375 0.29375000000000007 0.4109375 0.440625 0.4109375
0 0.4765625 0.04843750000000005 0.346875 0.04843750000000004 0.346875 0.30468750000000006 0.4765625 0.3046875000000001
0 0.34375 0.19687500000000005 0.2796875 0.19687500000000005 0.2796875 0.2984375 0.34375 0.2984375
0 0.440625 3.3964813570102376e-17 0.1140625 1.3968627552774498e-17 0.11406250000000002 0.26250000000000007 0.440625 0.26250000000000007
0 0.5265625 5.903180274014976e-17 0.4375 5.357829746269671e-17 0.4375 0.04218750000000006 0.5265625 0.042187500000000065
0 0.5796875 0.49375 0.4765625 0.49375 0.4765625 0.6671875 0.5796875 0.6671875
0 0.3968750000000001 0.6734375 0.3125000000000001 0.6734375 0.3125000000000001 0.8640625 0.3968750000000001 0.8640625
0 0.34062500000000007 0.690625 0.20312500000000008 0.690625 0.20312500000000008 0.85625 0.34062500000000007 0.85625
0 0.4000000000000002 0.9234375 0.3000000000000001 0.9234375 0.3000000000000001 0.99375 0.4000000000000002 0.99375
0 0.4000000000000002 0.8515625 0.31718750000000007 0.8515625 0.31718750000000007 0.934375 0.4000000000000002 0.934375
0 0.3203125000000001 0.8515625 0.2328125000000001 0.8515625 0.2328125000000001 0.99375 0.3203125000000001 0.99375
0 0.2234375000000001 0.953125 0.14687500000000014 0.953125 0.14687500000000014 0.99375 0.2234375000000001 0.99375
0 0.1265625000000001 0.9046875 0.050000000000000114 0.9046875 0.050000000000000114 0.99375 0.12656250000000013 0.99375
0 0.050000000000000114 0.8984375 1.1002686086089502e-16 0.8984375 1.1586306826308163e-16 0.99375 0.050000000000000114 0.99375
0 0.05312500000000011 0.834375 1.0218146730385728e-16 0.834375 1.0619983961355955e-16 0.9 0.05312500000000011 0.9
0 0.14375000000000002 0.14375 1.7604297737743203e-17 0.14375 3.913129225400527e-17 0.4953125 0.14375000000000004 0.4953125
0 0.040625000000000064 0.440625 5.3960999587430256e-17 0.440625 6.199774420683476e-17 0.571875 0.040625000000000064 0.571875
0 0.08281250000000007 0.4890625 0.04062500000000006 0.4890625 0.040625000000000064 0.6140625 0.08281250000000007 0.6140625
0 0.14375000000000007 0.459375 0.07656250000000006 0.459375 0.07656250000000006 0.584375 0.1437500000000001 0.584375
0 0.01406250000000008 0.5890625 7.213935051227377e-17 0.5890625 7.912366428866102e-17 0.703125 0.014062500000000089 0.703125
0 0.103125 6.31458505810354e-18 0 0 9.089175462421762e-18 0.1484375 0.103125 0.1484375
0 0.2859375 2.3823207264663357e-17 0.103125 1.262917011620708e-17 0.10312500000000002 0.303125 0.2859375 0.303125
0 0.3109375 0.023437500000000028 0.140625 0.023437500000000017 0.14062500000000003 0.2859375 0.3109375 0.2859375
0 0.31093750000000003 0.2625 0.2609375 0.2625 0.26093750000000004 0.36875 0.3109375000000001 0.36875
0 0.2062500000000001 0.5125 0.15000000000000005 0.5125 0.15000000000000008 0.61875 0.2062500000000001 0.61875
0 0.2671875000000001 0.565625 0.1937500000000001 0.565625 0.1937500000000001 0.7078125 0.2671875000000001 0.7078125
0 0.30937500000000007 0.525 0.24375000000000008 0.525 0.24375000000000008 0.64375 0.30937500000000007 0.64375
0 0.36406250000000007 0.6015625 0.31718750000000007 0.6015625 0.31718750000000007 0.703125 0.36406250000000007 0.703125
0 0.31718750000000007 0.6546875 0.2593750000000001 0.6546875 0.2593750000000001 0.696875 0.31718750000000007 0.696875
0 0.3843750000000001 0.4890625 0.3078125000000001 0.4890625 0.3078125000000001 0.6078125 0.3843750000000001 0.6078125
0 0.3296875000000001 0.3984375 0.2671875000000001 0.3984375 0.2671875000000001 0.5125 0.3296875000000001 0.5125
0 0.21093750000000006 0.328125 0.11406250000000004 0.328125 0.11406250000000004 0.4234375 0.21093750000000008 0.4234375
0 0.2500000000000001 0.375 0.2062500000000001 0.375 0.2062500000000001 0.428125 0.2500000000000001 0.428125
0 0.2640625000000001 0.4171875 0.24375000000000008 0.4171875 0.24375000000000008 0.453125 0.2640625000000001 0.453125
0 0.27031250000000007 0.453125 0.23593750000000008 0.453125 0.23593750000000008 0.5125 0.27031250000000007 0.5125
0 0.2671875000000001 0.5125 0.2296875000000001 0.5125 0.2296875000000001 0.559375 0.2671875000000001 0.559375
0 0.24375000000000008 0.5296875 0.22031250000000008 0.5296875 0.22031250000000008 0.565625 0.24375000000000008 0.565625
0 0.22656250000000008 0.5 0.19375000000000003 0.5 0.19375000000000006 0.559375 0.22656250000000008 0.559375
0 0.24375000000000008 0.428125 0.20312500000000008 0.428125 0.20312500000000008 0.49375 0.24375000000000008 0.49375
0 0.2000000000000001 0.4171875 0.17343750000000005 0.4171875 0.17343750000000005 0.4765625 0.2000000000000001 0.4765625
0 0.19687500000000005 0.4703125 0.15937500000000004 0.4703125 0.15937500000000004 0.5171875 0.19687500000000005 0.5171875
0 0.17343750000000005 0.421875 0.14687500000000003 0.421875 0.14687500000000003 0.4703125 0.17343750000000005 0.4703125
0 0.18281250000000002 0.09531250000000001 0.05312500000000002 0.0953125 0.05312500000000002 0.2015625 0.18281250000000004 0.2015625
0 0.08281250000000004 0.23125 0.02031250000000003 0.23125 0.02031250000000004 0.4109375 0.08281250000000004 0.4109375
0 0.19062500000000004 0.203125 0.05312500000000002 0.203125 0.05312500000000003 0.321875 0.19062500000000004 0.321875
0 0.2140625 0.2265625 0.13437500000000005 0.2265625 0.13437500000000005 0.3390625 0.2140625 0.3390625
0 0.29687500000000006 0.25625 0.15312500000000004 0.25625 0.15312500000000004 0.3875 0.2968750000000001 0.3875
0 0.1671875000000001 0.5765625 0.1375000000000001 0.5765625 0.1375000000000001 0.63125 0.1671875000000001 0.63125
0 0.1937500000000001 0.5953125 0.1593750000000001 0.5953125 0.1593750000000001 0.6484375 0.1937500000000001 0.6484375
0 0.18125000000000008 0.6375 0.13437500000000008 0.6375 0.13437500000000008 0.678125 0.18125000000000008 0.678125
0 0.20312500000000008 0.6609375 0.1765625000000001 0.6609375 0.1765625000000001 0.7140625 0.20312500000000008 0.7140625
0 0.1828125000000001 0.684375 0.1531250000000001 0.684375 0.1531250000000001 0.74375 0.1828125000000001 0.74375
0 0.15625000000000008 0.684375 0.12343750000000009 0.684375 0.12343750000000009 0.75 0.15625000000000008 0.75
0 0.1375000000000001 0.578125 0.10312500000000009 0.578125 0.10312500000000009 0.64375 0.1375000000000001 0.64375
0 0.10937500000000008 0.61875 0.07031250000000007 0.61875 0.07031250000000008 0.696875 0.10937500000000008 0.696875
0 0.07968750000000009 0.671875 0.04062500000000008 0.671875 0.040625000000000085 0.7265625 0.07968750000000009 0.7265625
0 0.07031250000000008 0.6375 0.03281250000000008 0.6375 0.032812500000000085 0.684375 0.07031250000000008 0.684375
0 0.07031250000000008 0.61875 0.012500000000000077 0.61875 0.01250000000000008 0.696875 0.07031250000000008 0.696875
0 0.04375000000000008 0.6796875 0.009375000000000083 0.6796875 0.009375000000000088 0.7390625 0.04375000000000009 0.7390625
0 0.09375000000000008 0.6796875 0.04062500000000008 0.6796875 0.040625000000000085 0.7390625 0.09375000000000008 0.7390625
0 0.029687500000000096 0.7140625 8.744743550161569e-17 0.7140625 9.108310568658439e-17 0.7734375 0.0296875000000001 0.7734375
0 0.043750000000000094 0.7625 0.003125000000000093 0.7625 0.0031250000000000978 0.8390625 0.0437500000000001 0.8390625
0 0.07968750000000009 0.7265625 0.03750000000000009 0.7265625 0.037500000000000096 0.7921875 0.07968750000000009 0.7921875
0 0.0937500000000001 0.7796875 0.05312500000000009 0.7796875 0.0531250000000001 0.8390625 0.09375000000000011 0.8390625
0 0.07343750000000011 0.828125 0.0406250000000001 0.828125 0.040625000000000105 0.86875 0.07343750000000011 0.86875
0 0.09062500000000011 0.8390625 0.0640625000000001 0.8390625 0.0640625000000001 0.89375 0.09062500000000011 0.89375
0 0.12343750000000009 0.796875 0.0906250000000001 0.796875 0.0906250000000001 0.875 0.12343750000000009 0.875
0 0.1375000000000001 0.834375 0.10312500000000009 0.834375 0.10312500000000009 0.9 0.1375000000000001 0.9
0 0.15625000000000008 0.7859375 0.12656250000000008 0.7859375 0.12656250000000008 0.8390625 0.15625000000000008 0.8390625
0 0.1828125000000001 0.815625 0.1468750000000001 0.815625 0.1468750000000001 0.86875 0.1828125000000001 0.86875
0 0.2171875000000001 0.8046875 0.17968750000000008 0.8046875 0.17968750000000008 0.8640625 0.2171875000000001 0.8640625
0 0.24375000000000008 0.8453125 0.2140625000000001 0.8453125 0.2140625000000001 0.9171875 0.24375000000000008 0.9171875
0 0.2140625000000001 0.875 0.18750000000000008 0.875 0.1875000000000001 0.934375 0.2140625000000001 0.934375
0 0.2406250000000001 0.9109375 0.2062500000000001 0.9109375 0.2062500000000001 0.9765625 0.2406250000000001 0.9765625
0 0.1828125000000001 0.88125 0.1671875000000001 0.88125 0.1671875000000001 0.934375 0.18281250000000013 0.934375
0 0.1671875000000001 0.86875 0.14062500000000008 0.86875 0.1406250000000001 0.9234375 0.16718750000000013 0.9234375
0 0.1562500000000001 0.9 0.12343750000000009 0.9 0.12343750000000012 0.959375 0.15625000000000014 0.959375
0 0.2078125000000001 0.7265625 0.1609375000000001 0.7265625 0.1609375000000001 0.809375 0.2078125000000001 0.809375
0 0.15625000000000008 0.684375 0.12343750000000009 0.684375 0.12343750000000009 0.74375 0.15625000000000008 0.74375
0 0.11718750000000008 0.7328125 0.08750000000000009 0.7328125 0.08750000000000009 0.7984375 0.11718750000000008 0.7984375
0 0.15000000000000008 0.75 0.12031250000000009 0.75 0.12031250000000009 0.796875 0.15000000000000008 0.796875
0 0.12343750000000009 0.690625 0.0906250000000001 0.690625 0.0906250000000001 0.74375 0.12343750000000009 0.74375