0 0.996875 0.2062500000000001 0.8875 0.2062500000000001 0.8875 0.9953125 0.996875 0.9953125
0 0.953125 0.2234375000000001 0.846875 0.2234375000000001 0.846875 0.5703125000000002 0.953125 0.5703125000000002
0 0.846875 0.4078125000000002 0.74375 0.4078125000000002 0.7437500000000001 0.99375 0.846875 0.99375
0 0.7656250000000001 0.4296875000000001 0.65 0.4296875 0.6500000000000001 0.99375 0.7656250000000002 0.99375
0 0.7000000000000001 0.2234375000000001 0.54375 0.2234375000000001 0.5437500000000001 0.9953125 0.7000000000000002 0.9953125
0 0.5765625000000001 0.2609375000000001 0.3828125 0.2609375000000001 0.38281250000000006 0.99375 0.5765625000000002 0.99375
0 0.5406250000000001 0.625 0.459375 0.625 0.4593750000000001 0.9953125 0.5406250000000001 0.9953125
0 0.4828125000000001 0.34843750000000007 0.2453125 0.3484375 0.24531250000000004 0.9953125 0.4828125000000002 0.9953125
0 0.503125 0.30000000000000004 0.19687500000000005 0.3 0.19687500000000008 0.9953125 0.5031250000000002 0.9953125
0 0.44218750000000007 0.16406250000000003 0.1359375 0.1640625 0.13593750000000007 0.9953125 0.4421875000000002 0.9953125
0 0.27812500000000007 0.3203125 3.922696778518866e-17 0.3203125 7.721015366499328e-17 0.940625 0.27812500000000007 0.940625
0 0.17187500000000008 0.7171875 0.11250000000000009 0.7171875 0.11250000000000009 0.8265625 0.17187500000000008 0.8265625
0 0.32500000000000007 0.18593750000000003 2.27707764216461e-17 0.1859375 5.13777602454788e-17 0.653125 0.32500000000000007 0.653125
0 0.29531250000000003 1.8082675393660138e-17 0 0 2.9276712542116413e-17 0.478125 0.2953125000000001 0.478125
0 0.09843750000000004 0.153125 1.8752404111943846e-17 0.153125 2.841563276146593e-17 0.3109375 0.09843750000000004 0.3109375
0 0.175 1.071565949253934e-17 0 0 1.0332957367805793e-17 0.16875 0.175 0.16875
0 0.371875 3.348643591418544e-17 0.175 2.143131898507868e-17 0.175 0.054687500000000035 0.371875 0.05468750000000004
0 0.6203125 5.606586127346476e-17 0.2953125 3.6165350787320275e-17 0.2953125 0.19062500000000007 0.6203125 0.1906250000000001
0 0.80625 7.701880260262651e-17 0.4515625 5.5300457023997667e-17 0.4515625 0.2984375000000001 0.80625 0.2984375000000001
0 0.996875 1.0371227580279148e-16 0.696875 8.534257381558118e-17 0.696875 0.4453125000000001 0.996875 0.44531250000000017