0 0.6109375000000001 0.515625 0.13750000000000004 0.515625 0.1375000000000001 0.9953125 0.6109375000000001 0.9953125
0 0.7296875 0.55 0.584375 0.55 0.5843750000000001 0.7375 0.7296875000000002 0.7375000000000002
0 0.8828125 0.2671875000000001 0.659375 0.2671875000000001 0.659375 0.58125 0.8828125 0.5812500000000002
0 0.9296875 0.4187500000000002 0.84375 0.4187500000000002 0.84375 0.7125000000000001 0.9296875 0.7125000000000001
0 0.996875 0.4187500000000002 0.875 0.4187500000000002 0.875 0.7421875000000002 0.996875 0.7421875000000002
0 0.9921875 0.7468750000000002 0.846875 0.7468750000000002 0.846875 0.909375 0.9921875 0.909375
0 0.98125 0.84375 0.878125 0.84375 0.878125 0.9953125 0.98125 0.9953125
0 0.8671875 0.8078125 0.7296875000000002 0.8078125 0.7296875000000002 0.9953125 0.8671875 0.9953125
0 0.7968750000000001 0.7125000000000001 0.596875 0.7125 0.596875 0.9953125 0.7968750000000002 0.9953125
0 0.6625000000000002 0.9390625 0.5843750000000002 0.9390625 0.5843750000000002 0.990625 0.6625000000000002 0.990625
0 0.8703125 0.6312500000000001 0.690625 0.63125 0.690625 0.803125 0.8703125 0.803125
0 0.7015625 0.10156250000000007 0.275 0.10156250000000004 0.275 0.6875 0.7015625 0.6875
0 0.7421875 0.1609375000000001 0.5890625 0.1609375000000001 0.5890625 0.2828125000000001 0.7421875 0.2828125000000001
0 0.6390625 0.07656250000000007 0.475 0.07656250000000006 0.475 0.2328125000000001 0.6390625 0.2328125000000001
0 0.9609375 0.01562500000000011 0.8828125 0.015625000000000104 0.8828125 0.07656250000000012 0.9609375 0.07656250000000012
0 0.646875 6.821665373375491e-17 0.4671875 5.72139676476654e-17 0.4671875 0.05625000000000008 0.646875 0.05625000000000009
0 0.4625 4.152318053358994e-17 0.215625 2.6406446606614805e-17 0.21562500000000004 0.459375 0.4625 0.459375
0 0.2468750000000001 0.409375 0.05468750000000004 0.409375 0.054687500000000076 0.878125 0.2468750000000001 0.878125
0 0.2 0.10625000000000002 1.3011872240940627e-17 0.10625 2.7554552980815448e-17 0.34375 0.2 0.34375
0 0.09375000000000004 0.2421875 2.9659414666849956e-17 0.2421875 4.4202095406724777e-17 0.4796875 0.09375000000000007 0.4796875
0 0.17187500000000006 0.353125 0.09843750000000004 0.353125 0.09843750000000004 0.425 0.17187500000000006 0.425