2 0.6109375000000001 0.30937500000000007 0.4234375 0.30937500000000007 0.4234375000000001 0.8765625 0.6109375000000001 0.8765625
0 0.95625 0.3687500000000001 0.7421875 0.3687500000000001 0.7421875000000001 0.8171875 0.95625 0.8171875
0 0.9046875 0.4000000000000001 0.690625 0.4 0.690625 0.84375 0.9046875 0.84375
0 0.6625000000000001 0.4484375 0.6 0.4484375 0.6000000000000001 0.821875 0.6625000000000002 0.821875
0 0.9375 0.47656250000000017 0.809375 0.47656250000000017 0.809375 0.8875 0.9375 0.8875
0 0.7828125000000001 0.5406250000000001 0.70625 0.540625 0.70625 0.8484375 0.7828125000000001 0.8484375
0 0.828125 0.4703125000000002 0.765625 0.4703125000000002 0.7656250000000001 0.95625 0.828125 0.95625
0 0.7578125000000001 0.5140625000000001 0.6390625 0.5140625 0.6390625000000001 0.9734375 0.7578125000000002 0.9734375
0 0.6765625 6.620746757890379e-17 0.4046875 4.955992515299445e-17 0.4046875 0.3031250000000001 0.6765625 0.3031250000000001
0 0.27656250000000004 0.05312500000000002 0.03281250000000001 0.053125 0.032812500000000036 0.48125 0.2765625000000001 0.48125
2 0.4453125 0.07656250000000005 0.2875 0.07656250000000005 0.28750000000000003 0.6171875 0.4453125 0.6171875
0 0.771875 0.18906250000000008 0.559375 0.18906250000000008 0.559375 0.5078125000000001 0.771875 0.5078125000000002
0 0.6984375 5.376964852506348e-17 0.1796875 2.2005372172179003e-17 0.1796875 0.09218750000000006 0.6984375 0.09218750000000009