0 0.9953125 8.103717491232877e-17 0.328125 4.0183723097022526e-17 0.32812500000000006 0.5562500000000001 0.9953125 0.5562500000000001
0 0.996875 0.4125000000000002 0.915625 0.4125000000000002 0.915625 0.5515625000000002 0.996875 0.5515625000000002
0 0.9078125 0.0828125000000001 0.7609375 0.0828125000000001 0.7609375 0.35625000000000007 0.9078125 0.35625000000000007
0 0.9953125 1.0964415873616147e-16 0.7953125 9.739769074468794e-17 0.7953125 0.5562500000000001 0.9953125 0.5562500000000001
0 0.4828125 2.956373913566657e-17 0 0 1.5786462645258852e-17 0.25781250000000006 0.4828125 0.2578125000000001
0 0.15468750000000003 0.1140625 0.007812500000000014 0.1140625 0.007812500000000023 0.2578125 0.15468750000000003 0.2578125
0 0.278125 0.2328125 0.16250000000000003 0.2328125 0.16250000000000003 0.3203125 0.278125 0.3203125
0 0.16250000000000003 0.1453125 0.09687500000000002 0.1453125 0.09687500000000002 0.2125 0.16250000000000003 0.2125
0 0.21718750000000003 0.20625 0.12031250000000004 0.20625 0.12031250000000004 0.396875 0.2171875000000001 0.396875
0 0.35156250000000006 0.309375 0.2046875 0.309375 0.20468750000000005 0.4328125 0.3515625000000001 0.4328125
0 0.3546875 0.253125 0.2859375 0.253125 0.2859375 0.29375 0.3546875 0.29375
0 0.4046875 0.27343750000000006 0.2703125 0.2734375 0.27031250000000007 0.4171875 0.4046875 0.4171875
0 0.4203125 0.22656250000000008 0.3671875 0.22656250000000008 0.3671875 0.2890625000000001 0.4203125 0.2890625000000001
0 0.14687500000000003 0.2421875 2.9659414666849956e-17 0.2421875 3.626102631850366e-17 0.35 0.14687500000000003 0.35
0 0.18593750000000003 0.3296875 0.050000000000000044 0.3296875 0.050000000000000044 0.38125 0.18593750000000003 0.38125
0 0.15468750000000003 0.35 0.07656250000000005 0.35 0.07656250000000005 0.4125 0.15468750000000003 0.4125
0 0.2890625000000001 0.3765625 0.11250000000000004 0.3765625 0.11250000000000007 0.5765625 0.2890625000000001 0.5765625
0 0.23593750000000008 0.5578125 0.16562500000000008 0.5578125 0.16562500000000008 0.6453125 0.23593750000000008 0.6453125
0 0.1859375000000001 0.5609375 0.1359375000000001 0.5609375 0.1359375000000001 0.6703125 0.1859375000000001 0.6703125
0 0.2984375000000001 0.603125 0.2328125000000001 0.603125 0.2328125000000001 0.675 0.2984375000000001 0.675
0 0.4546875 0.44375 0.28593750000000007 0.44375 0.28593750000000007 0.578125 0.4546875 0.578125
0 0.44375 0.3609375 0.3515625 0.3609375 0.35156250000000006 0.484375 0.44375 0.484375
0 0.478125 0.3921875000000001 0.409375 0.3921875000000001 0.409375 0.484375 0.478125 0.484375
0 0.571875 0.3921875000000001 0.471875 0.3921875000000001 0.471875 0.5203125 0.571875 0.5203125
0 0.5375 0.3515625000000001 0.421875 0.3515625000000001 0.421875 0.41875 0.5375 0.41875
0 0.703125 0.38750000000000007 0.5484375 0.38750000000000007 0.5484375 0.5265625 0.703125 0.5265625
0 0.6640625 0.4796875 0.609375 0.4796875 0.609375 0.55625 0.6640625 0.55625
0 0.6140625 0.46875 0.571875 0.46875 0.571875 0.5515625 0.6140625 0.5515625
0 0.590625 0.53125 0.471875 0.53125 0.471875 0.6140625 0.590625 0.6140625
0 0.6140625 0.5828125 0.528125 0.5828125 0.528125 0.7015625 0.6140625 0.7015625
0 0.7921875 0.6078125000000001 0.590625 0.6078125 0.5906250000000001 0.7781250000000001 0.7921875000000002 0.7781250000000002
0 0.7562500000000001 0.6234375000000001 0.60625 0.6234375 0.6062500000000001 0.9953125 0.7562500000000002 0.9953125
0 0.98125 0.8859375 0.7421875000000002 0.8859375 0.7421875000000002 0.9953125 0.98125 0.9953125
0 0.9734375 0.8046875 0.7562500000000002 0.8046875 0.7562500000000002 0.9125 0.9734375 0.9125
0 0.9953125 0.6750000000000002 0.8265625 0.6750000000000002 0.8265625 0.865625 0.9953125 0.865625
0 0.9109375 0.6140625000000002 0.784375 0.6140625000000002 0.784375 0.7781250000000002 0.9109375 0.7781250000000002
0 0.915625 0.5109375000000002 0.7484375 0.5109375000000002 0.7484375 0.6500000000000001 0.915625 0.6500000000000001
0 0.7609375 0.5312500000000001 0.5875 0.53125 0.5875 0.6390625000000001 0.7609375 0.6390625000000002
0 0.7609375 0.5000000000000001 0.703125 0.5 0.703125 0.6078125000000001 0.7609375 0.6078125000000002
0 0.996875 0.1859375000000001 0.2703125 0.18593750000000003 0.27031250000000007 0.9375 0.996875 0.9375
0 0.446875 2.7363201918448673e-17 0 0 2.7745904043182222e-17 0.453125 0.446875 0.453125
0 0.15000000000000008 0.309375 3.788751034862124e-17 0.309375 6.97474622326891e-17 0.8296875 0.15000000000000008 0.8296875
0 0.07343750000000009 0.721875 8.840419081344957e-17 0.721875 9.280526524788537e-17 0.79375 0.07343750000000009 0.79375
0 0.0421875000000001 0.7734375 9.47187758715531e-17 0.7734375 9.6919313088771e-17 0.809375 0.0421875000000001 0.809375
0 0.07656250000000009 0.659375 8.075014831877861e-17 0.659375 8.543824934676456e-17 0.7359375 0.07656250000000009 0.7359375
0 0.03437500000000008 0.5875 7.1947999449907e-17 0.5875 7.85496111015607e-17 0.6953125 0.034375000000000086 0.6953125
0 0.09687500000000007 0.5625 0.026562500000000065 0.5625 0.02656250000000008 0.68125 0.09687500000000009 0.68125
0 0.08906250000000011 0.8453125 1.0352092474042469e-16 0.8453125 1.0887875448669438e-16 0.9328125 0.08906250000000011 0.9328125
0 0.05468750000000011 0.921875 0.004687500000000113 0.921875 0.004687500000000115 0.9640625 0.05468750000000011 0.9640625
0 0.16250000000000014 0.9171875 1.123230736092963e-16 0.9171875 1.1710685016846565e-16 0.9953125 0.16250000000000014 0.9953125
0 0.27031250000000007 0.840625 0.12343750000000009 0.840625 0.12343750000000012 0.94375 0.27031250000000007 0.94375
0 0.22812500000000008 0.9328125 0.14687500000000014 0.9328125 0.14687500000000014 0.9953125 0.22812500000000008 0.9953125
0 0.32500000000000007 0.9125 0.2390625000000001 0.9125 0.2390625000000001 0.9953125 0.32500000000000007 0.9953125
0 0.4437500000000002 0.9234375 0.32500000000000007 0.9234375 0.32500000000000007 0.9953125 0.4437500000000002 0.9953125
0 0.34843750000000007 0.953125 0.2984375000000001 0.953125 0.2984375000000001 0.9953125 0.34843750000000007 0.9953125
0 0.1703125000000001 0.6453125 0.06250000000000008 0.6453125 0.0625000000000001 0.871875 0.1703125000000001 0.871875
0 0.5875000000000001 0.634375 0.1703125000000001 0.634375 0.17031250000000012 0.9953125 0.5875000000000001 0.9953125
0 0.9546875 0.8765625 0.7500000000000002 0.8765625 0.7500000000000002 0.9953125 0.9546875 0.9953125
0 0.9953125 0.871875 0.95 0.871875 0.95 0.9953125 0.9953125 0.9953125
0 0.996875 6.104098889500089e-17 0 0 6.09453133638175e-17 0.9953125 0.996875 0.9953125