0 0.6703125000000001 0.6453125 0.55 0.6453125 0.55 0.9453125 0.6703125000000002 0.9453125
0 0.6546875000000002 0.7703125 0.5562500000000001 0.7703125 0.5562500000000001 0.9078125 0.6546875000000002 0.9078125
0 0.6328125000000002 0.8796875 0.5890625000000002 0.8796875 0.5890625000000002 0.9296875 0.6328125000000002 0.9296875
0 0.7203125000000001 0.7984375 0.6656250000000001 0.7984375 0.6656250000000001 0.875 0.7203125000000001 0.875
0 0.846875 0.7703125000000001 0.6656250000000001 0.7703125 0.6656250000000001 0.9453125 0.846875 0.9453125
0 0.7125000000000001 0.7328125 0.6625000000000002 0.7328125 0.6625000000000002 0.765625 0.7125000000000001 0.765625
0 0.7781250000000001 0.6718750000000001 0.690625 0.671875 0.690625 0.8359375 0.7781250000000002 0.8359375
0 0.803125 0.7156250000000002 0.734375 0.7156250000000002 0.7343750000000001 0.8140625 0.803125 0.8140625
0 0.8953125 0.803125 0.8578125 0.803125 0.8578125 0.8640625 0.8953125 0.8640625
0 0.5531250000000002 0.8859375 0.5203125000000002 0.8859375 0.5203125000000002 0.934375 0.5531250000000002 0.934375
0 0.5671875000000002 0.846875 0.5421875000000002 0.846875 0.5421875000000002 0.896875 0.5671875000000002 0.896875
0 0.5234375000000002 0.890625 0.49531250000000016 0.890625 0.49531250000000016 0.934375 0.5234375000000002 0.934375
0 0.5265625000000002 0.934375 0.48750000000000016 0.934375 0.48750000000000016 0.978125 0.5265625000000002 0.978125
0 0.5500000000000002 0.9296875 0.5234375000000002 0.9296875 0.5234375000000002 0.978125 0.5500000000000002 0.978125
0 0.5671875000000002 0.9515625 0.5375000000000002 0.9515625 0.5375000000000002 0.9953125 0.5671875000000002 0.9953125
0 0.5921875000000002 0.95625 0.5671875000000002 0.95625 0.5671875000000002 0.9953125 0.5921875000000002 0.9953125
0 0.4906250000000002 0.9296875 0.4437500000000002 0.9296875 0.4437500000000002 0.984375 0.4906250000000002 0.984375
0 0.4656250000000002 0.9671875 0.42968750000000017 0.9671875 0.42968750000000017 0.9953125 0.4656250000000002 0.9953125
0 0.6187500000000001 0.6890625 0.5703125 0.6890625 0.5703125000000001 0.765625 0.6187500000000001 0.765625
0 0.64375 0.6390625 0.6140625 0.6390625 0.6140625 0.7109375 0.64375 0.7109375
0 0.61875 0.634375 0.5671875 0.634375 0.5671875 0.69375 0.61875 0.69375
0 0.996875 0.15312500000000012 0.9484375 0.15312500000000012 0.9484375 0.3500000000000001 0.996875 0.3500000000000001
0 0.9859375 0.2296875000000001 0.928125 0.2296875000000001 0.928125 0.3500000000000001 0.9859375 0.3500000000000001
0 0.9640625 0.2578125000000001 0.8796875 0.2578125000000001 0.8796875 0.4437500000000002 0.9640625 0.4437500000000002
0 0.9421875 0.2078125000000001 0.8765625 0.2078125000000001 0.8765625 0.33281250000000007 0.9421875 0.33281250000000007
0 0.928125 0.09375000000000011 0.8515625 0.09375000000000011 0.8515625 0.2796875000000001 0.928125 0.2796875000000001
0 0.95 0.05937500000000011 0.8703125 0.05937500000000011 0.8703125 0.2078125000000001 0.95 0.2078125000000001
0 0.959375 0.03281250000000012 0.8875 0.03281250000000011 0.8875 0.13125000000000012 0.959375 0.13125000000000014
0 0.996875 1.195944139792337e-16 0.95625 1.1710685016846565e-16 0.95625 0.07656250000000012 0.996875 0.07656250000000012
0 0.996875 0.07656250000000012 0.975 0.07656250000000012 0.975 0.14687500000000014 0.996875 0.14687500000000014
0 0.996875 0.15312500000000012 0.9484375 0.15312500000000012 0.9484375 0.3765625000000001 0.996875 0.3765625000000001
0 0.996875 0.3609375000000001 0.9421875 0.3609375000000001 0.9421875 0.4750000000000002 0.996875 0.4750000000000002
0 0.9515625 1.0897443001787775e-16 0.828125 1.0141606305439018e-16 0.828125 0.026562500000000107 0.9515625 0.02656250000000011
0 0.459375 0.08125000000000006 0.3609375 0.08125000000000004 0.3609375 0.22968750000000004 0.459375 0.2296875000000001
0 0.55625 0.16406250000000006 0.4734375 0.16406250000000006 0.4734375 0.23437500000000008 0.55625 0.23437500000000008
0 0.596875 0.08125000000000007 0.4796875 0.08125000000000007 0.4796875 0.16406250000000006 0.596875 0.16406250000000008
0 0.5921875 0.16406250000000006 0.4765625 0.16406250000000006 0.4765625 0.2671875000000001 0.5921875 0.2671875000000001
0 0.18281250000000002 0.08281250000000002 0.0953125 0.08281250000000002 0.09531250000000001 0.225 0.18281250000000004 0.225
0 0.08125000000000004 0.278125 0.0046875000000000345 0.278125 0.004687500000000043 0.415625 0.08125000000000004 0.415625
0 0.04687500000000004 0.2515625 3.080752104105061e-17 0.2515625 3.5495622069036564e-17 0.328125 0.04687500000000004 0.328125
0 0.09375000000000008 0.6125 0.04375000000000008 0.6125 0.04375000000000008 0.65 0.09375000000000008 0.65
0 0.10468750000000009 0.6609375 8.094149938114538e-17 0.6609375 8.591662700268149e-17 0.7421875 0.10468750000000009 0.7421875
0 0.1281250000000001 0.6453125 0.07031250000000008 0.6453125 0.07031250000000008 0.78125 0.1281250000000001 0.78125
0 0.08437500000000009 0.69375 0.06250000000000008 0.69375 0.06250000000000008 0.7703125 0.08437500000000009 0.7703125
0 0.0656250000000001 0.7 0.03281250000000009 0.7 0.0328125000000001 0.9078125 0.06562500000000011 0.9078125
0 0.04062500000000011 0.7984375 9.778039286942148e-17 0.7984375 1.0744362151894355e-16 0.95625 0.04062500000000012 0.95625
0 0.025000000000000105 0.78125 9.567553118338697e-17 0.78125 1.0199011624149052e-16 0.884375 0.025000000000000112 0.884375
0 0.0953125000000001 0.940625 0.05156250000000011 0.940625 0.05156250000000011 0.9953125 0.0953125000000001 0.9953125
0 0.12656250000000013 0.9078125 0.07656250000000012 0.9078125 0.07656250000000012 0.9953125 0.12656250000000013 0.9953125
0 0.05468750000000011 0.9453125 1.1576739273189822e-16 0.9453125 1.188290097297666e-16 0.9953125 0.05468750000000011 0.9953125
0 0.24375000000000008 0.896875 0.12656250000000008 0.896875 0.1265625000000001 0.984375 0.24375000000000008 0.984375
0 0.2765625000000001 0.8796875 0.18906250000000008 0.8796875 0.1890625000000001 0.9953125 0.2765625000000001 0.9953125
0 0.30937500000000007 0.9296875 0.2687500000000001 0.9296875 0.2687500000000001 0.9953125 0.30937500000000007 0.9953125
0 0.2984375000000001 0.875 0.2578125000000001 0.875 0.2578125000000001 0.9515625 0.2984375000000001 0.9515625
0 0.17031250000000014 0.9453125 0.14218750000000013 0.9453125 0.14218750000000013 0.9890625 0.17031250000000014 0.9890625
0 0.2000000000000001 0.9453125 0.16718750000000013 0.9453125 0.16718750000000013 0.9890625 0.2000000000000001 0.9890625
0 0.1890625000000001 0.86875 0.1593750000000001 0.86875 0.1593750000000001 0.9078125 0.18906250000000013 0.9078125
0 0.2078125000000001 0.8359375 0.1703125000000001 0.8359375 0.1703125000000001 0.8796875 0.2078125000000001 0.8796875
0 0.1671875000000001 0.8140625 0.11718750000000008 0.8140625 0.11718750000000011 0.9078125 0.16718750000000013 0.9078125
0 0.1750000000000001 0.7046875 0.1375000000000001 0.7046875 0.1375000000000001 0.846875 0.1750000000000001 0.846875
0 0.15000000000000008 0.7265625 0.09218750000000009 0.7265625 0.09218750000000009 0.7921875 0.15000000000000008 0.7921875
0 0.15625000000000008 0.69375 0.12343750000000009 0.69375 0.12343750000000009 0.759375 0.15625000000000008 0.759375
0 0.13906250000000012 0.846875 0.09062500000000011 0.846875 0.09062500000000011 0.984375 0.13906250000000014 0.984375
0 0.2296875000000001 0.5734375 0.1859375000000001 0.5734375 0.1859375000000001 0.628125 0.2296875000000001 0.628125
0 0.24375000000000008 0.51875 0.2140625000000001 0.51875 0.2140625000000001 0.5953125 0.24375000000000008 0.5953125
0 0.2765625000000001 0.525 0.2328125000000001 0.525 0.2328125000000001 0.6234375 0.2765625000000001 0.6234375
0 0.2984375000000001 0.5515625 0.2578125000000001 0.5515625 0.2578125000000001 0.6390625 0.2984375000000001 0.6390625
0 0.3062500000000001 0.7484375 0.2484375000000001 0.7484375 0.2484375000000001 0.809375 0.3062500000000001 0.809375
0 0.2984375000000001 0.7921875 0.24375000000000008 0.7921875 0.24375000000000008 0.8421875 0.2984375000000001 0.8421875
0 0.2796875000000001 0.846875 0.21093750000000008 0.846875 0.21093750000000008 0.890625 0.2796875000000001 0.890625
0 0.2406250000000001 0.78125 0.1859375000000001 0.78125 0.1859375000000001 0.8359375 0.2406250000000001 0.8359375
0 0.2078125000000001 0.7109375 0.1750000000000001 0.7109375 0.1750000000000001 0.7703125 0.2078125000000001 0.7703125
0 0.20312500000000008 0.6171875 0.10937500000000008 0.6171875 0.10937500000000008 0.6671875 0.20312500000000008 0.6671875
0 0.1781250000000001 0.56875 0.1062500000000001 0.56875 0.1062500000000001 0.6125 0.1781250000000001 0.6125
0 0.3609375000000001 0.8640625 0.3234375000000001 0.8640625 0.3234375000000001 0.9453125 0.3609375000000001 0.9453125
0 0.4031250000000002 0.875 0.35625000000000007 0.875 0.35625000000000007 0.940625 0.4031250000000002 0.940625
0 0.4359375000000002 0.83125 0.3968750000000001 0.83125 0.3968750000000001 0.896875 0.4359375000000002 0.896875
0 0.4156250000000002 0.78125 0.3609375000000001 0.78125 0.3609375000000001 0.86875 0.4156250000000002 0.86875
0 0.3750000000000001 0.765625 0.31718750000000007 0.765625 0.31718750000000007 0.8578125 0.3750000000000001 0.8578125
0 0.3281250000000001 0.7703125 0.2906250000000001 0.7703125 0.2906250000000001 0.8421875 0.3281250000000001 0.8421875
0 0.3671875000000001 0.7109375 0.3234375000000001 0.7109375 0.3234375000000001 0.7703125 0.3671875000000001 0.7703125
0 0.3265625000000001 0.7 0.2765625000000001 0.7 0.2765625000000001 0.759375 0.3265625000000001 0.759375
0 0.29375000000000007 0.678125 0.2656250000000001 0.678125 0.2656250000000001 0.721875 0.29375000000000007 0.721875
0 0.3281250000000001 0.6171875 0.2906250000000001 0.6171875 0.2906250000000001 0.7 0.3281250000000001 0.7
0 0.3390625000000001 0.6015625 0.31718750000000007 0.6015625 0.31718750000000007 0.65 0.3390625000000001 0.65
0 0.37187500000000007 0.60625 0.3390625000000001 0.60625 0.3390625000000001 0.6609375 0.37187500000000007 0.6609375
0 0.3671875000000001 0.65 0.3312500000000001 0.65 0.3312500000000001 0.715625 0.3671875000000001 0.715625
0 0.37187500000000007 0.5625 0.3234375000000001 0.5625 0.3234375000000001 0.6234375 0.37187500000000007 0.6234375
0 0.34843750000000007 0.503125 0.30937500000000007 0.503125 0.30937500000000007 0.5734375 0.34843750000000007 0.5734375
0 0.3046875000000001 0.496875 0.2656250000000001 0.496875 0.2656250000000001 0.5296875 0.3046875000000001 0.5296875
0 0.36406250000000007 0.4484375 0.3234375000000001 0.4484375 0.3234375000000001 0.51875 0.36406250000000007 0.51875
0 0.3859375000000001 0.4046875 0.34843750000000007 0.4046875 0.34843750000000007 0.48125 0.3859375000000001 0.48125
0 0.425 0.3890625000000001 0.3890625000000001 0.3890625000000001 0.3890625000000001 0.465625 0.425 0.465625
0 0.4625 0.409375 0.41875 0.409375 0.41875 0.48125 0.4625 0.48125
0 0.4765625 0.3546875000000001 0.428125 0.3546875000000001 0.428125 0.415625 0.4765625 0.415625
0 0.4984375 0.35625000000000007 0.471875 0.35625000000000007 0.471875 0.4109375 0.4984375 0.4109375
0 0.5234375 0.2953125000000001 0.484375 0.2953125000000001 0.484375 0.3828125000000001 0.5234375 0.3828125000000001
0 0.5375 0.3281250000000001 0.5203125 0.3281250000000001 0.5203125 0.3937500000000001 0.5375 0.3937500000000001
0 0.596875 0.2468750000000001 0.534375 0.2468750000000001 0.534375 0.3343750000000001 0.596875 0.3343750000000001
0 0.578125 0.33281250000000007 0.5375 0.33281250000000007 0.5375 0.4265625 0.578125 0.4265625
0 0.58125 0.4109375 0.5453125 0.4109375 0.5453125 0.4875 0.58125 0.4875
0 0.621875 0.4859375 0.5703125 0.4859375 0.5703125 0.5578125 0.621875 0.5578125
0 0.7015625 0.5578125 0.6515625 0.5578125 0.6515625 0.590625 0.7015625 0.590625
0 0.596875 0.540625 0.559375 0.540625 0.559375 0.5734375 0.596875 0.5734375
0 0.5703125000000001 0.7046875 0.534375 0.7046875 0.534375 0.7765625 0.5703125000000002 0.7765625
0 0.534375 0.7 0.5015625 0.7 0.5015625000000001 0.7765625 0.5343750000000002 0.7765625
0 0.5093750000000001 0.7265625 0.47187500000000016 0.7265625 0.47187500000000016 0.7984375 0.5093750000000001 0.7984375
0 0.5390625000000002 0.765625 0.5062500000000002 0.765625 0.5062500000000002 0.809375 0.5390625000000002 0.809375
0 0.5046875000000002 0.7921875 0.4656250000000002 0.7921875 0.4656250000000002 0.8421875 0.5046875000000002 0.8421875
0 0.46875000000000017 0.7875 0.4187500000000002 0.7875 0.4187500000000002 0.86875 0.46875000000000017 0.86875
0 0.4734375000000002 0.7328125 0.44062500000000016 0.7328125 0.44062500000000016 0.7875 0.4734375000000002 0.7875
0 0.4468750000000001 0.7 0.4 0.7 0.4000000000000001 0.78125 0.4468750000000002 0.78125
0 0.4046875000000002 0.7328125 0.37187500000000007 0.7328125 0.37187500000000007 0.78125 0.4046875000000002 0.78125
0 0.41875000000000007 0.65625 0.3703125000000001 0.65625 0.3703125000000001 0.7265625 0.4187500000000002 0.7265625
0 0.4328125 0.671875 0.4109375 0.671875 0.4109375 0.7109375 0.4328125 0.7109375
0 0.465625 0.65625 0.4359375 0.65625 0.4359375 0.7109375 0.465625 0.7109375
0 0.4984375 0.6171875 0.4546875 0.6171875 0.4546875 0.6890625 0.4984375 0.6890625
0 0.5125000000000001 0.6671875 0.4765625 0.6671875 0.4765625000000001 0.7265625 0.5125000000000002 0.7265625
0 0.53125 0.6171875 0.515625 0.6171875 0.515625 0.6390625 0.53125 0.6390625
0 0.53125 0.51875 0.4875 0.51875 0.4875 0.590625 0.53125 0.590625
0 0.5671875 0.503125 0.528125 0.503125 0.528125 0.56875 0.5671875 0.56875
0 0.55625 0.453125 0.5125 0.453125 0.5125 0.525 0.55625 0.525
0 0.5390625 0.3828125000000001 0.5015625 0.3828125000000001 0.5015625 0.4640625 0.5390625 0.4640625
0 0.4984375 0.4109375 0.4578125 0.4109375 0.4578125 0.4875 0.4984375 0.4875
0 0.509375 0.453125 0.46875 0.453125 0.46875 0.525 0.509375 0.525
0 0.4703125 0.475 0.4265625 0.475 0.4265625 0.525 0.4703125 0.525
0 0.490625 0.51875 0.446875 0.51875 0.446875 0.5734375 0.490625 0.5734375
0 0.446875 0.5140625 0.4078125 0.5140625 0.4078125 0.584375 0.446875 0.584375
0 0.4078125 0.5078125 0.3750000000000001 0.5078125 0.3750000000000001 0.5734375 0.4078125 0.5734375
0 0.4109375 0.48125 0.3890625000000001 0.48125 0.3890625000000001 0.5078125 0.4109375 0.5078125
0 0.3812500000000001 0.496875 0.3531250000000001 0.496875 0.3531250000000001 0.5515625 0.3812500000000001 0.5515625
0 0.46875 0.5625 0.4328125 0.5625 0.4328125 0.6234375 0.46875 0.6234375
0 0.50625 0.5796875 0.4734375 0.5796875 0.4734375 0.628125 0.50625 0.628125
0 0.4515625 0.60625 0.4109375 0.60625 0.4109375 0.671875 0.4515625 0.671875
0 0.4328125 0.584375 0.41875 0.584375 0.41875 0.60625 0.4328125 0.60625
0 0.421875 0.5796875 0.3781250000000001 0.5796875 0.3781250000000001 0.6453125 0.421875 0.6453125
0 0.928125 0.4312500000000002 0.8953125 0.4312500000000002 0.8953125 0.49218750000000017 0.928125 0.49218750000000017
0 0.9125 0.3890625000000001 0.884375 0.3890625000000001 0.884375 0.4437500000000002 0.9125 0.4437500000000002
0 0.8984375 0.3546875000000001 0.8796875 0.3546875000000001 0.8796875 0.3937500000000001 0.8984375 0.3937500000000001
0 0.9421875 0.47656250000000017 0.9203125 0.47656250000000017 0.9203125 0.5203125000000002 0.9421875 0.5203125000000002
0 0.9203125 0.4265625000000002 0.846875 0.4265625000000002 0.846875 0.5359375000000002 0.9203125 0.5359375000000002
0 0.8875 0.4859375000000002 0.8578125 0.4859375000000002 0.8578125 0.5296875000000002 0.8875 0.5296875000000002
0 0.8796875 0.46406250000000016 0.8296875 0.46406250000000016 0.8296875 0.5906250000000002 0.8796875 0.5906250000000002
0 0.8078125 0.5250000000000001 0.7453125 0.5250000000000001 0.7453125 0.5843750000000002 0.8078125 0.5843750000000002
0 0.8328125 0.5140625000000002 0.803125 0.5140625000000002 0.803125 0.5734375000000002 0.8328125 0.5734375000000002
0 0.728125 0.4921875000000001 0.6484375 0.4921875 0.6484375 0.5687500000000001 0.728125 0.5687500000000002
0 0.7453125 0.5406250000000001 0.7125 0.540625 0.7125 0.5796875000000001 0.7453125 0.5796875000000001
0 0.09375000000000006 0.4328125 0.06562500000000004 0.4328125 0.06562500000000006 0.53125 0.09375000000000007 0.53125
0 0.054687500000000056 0.453125 5.5491808086364444e-17 0.453125 5.855342508423283e-17 0.503125 0.05468750000000007 0.503125
0 0.043750000000000074 0.503125 6.161504208210122e-17 0.503125 6.859935585848846e-17 0.6171875 0.04375000000000008 0.6171875
0 0.07343750000000007 0.4703125 0.025000000000000057 0.4703125 0.02500000000000006 0.584375 0.07343750000000007 0.584375
0 0.14218750000000005 0.4203125 0.06875000000000005 0.4203125 0.06875000000000006 0.5359375 0.14218750000000005 0.5359375
0 0.7390625 0.04375000000000009 0.684375 0.04375000000000009 0.684375 0.42656250000000007 0.7390625 0.4265625000000002
0 0.825 0.043750000000000094 0.7234375 0.04375000000000009 0.7234375 0.51875 0.825 0.5187500000000002
0 0.8359375 0.0546875000000001 0.753125 0.05468750000000009 0.753125 0.4265625000000002 0.8359375 0.4265625000000002
0 0.890625 0.0765625000000001 0.8109375 0.07656250000000009 0.8109375 0.3984375000000001 0.890625 0.3984375000000001
0 0.709375 0.10937500000000008 0.625 0.10937500000000008 0.625 0.4484375 0.709375 0.4484375
0 0.70625 0.1312500000000001 0.66875 0.1312500000000001 0.66875 0.2671875000000001 0.70625 0.2671875000000001
0 0.6578125 0.1750000000000001 0.578125 0.1750000000000001 0.578125 0.3765625000000001 0.6578125 0.3765625000000001
0 0.665625 0.2671875000000001 0.5484375 0.2671875000000001 0.5484375 0.56875 0.665625 0.56875
0 0.7203125 0.3500000000000001 0.6 0.3500000000000001 0.6 0.503125 0.7203125 0.503125
0 0.7921875 9.194418546723489e-17 0.709375 8.687338231451536e-17 0.709375 0.05468750000000009 0.7921875 0.05468750000000009
0 0.23281250000000003 0.35 0.10156250000000004 0.35 0.10156250000000004 0.39375 0.2328125000000001 0.39375
0 0.3453125 0.2671875 0.3203125 0.2671875 0.32031250000000006 0.371875 0.3453125000000001 0.371875
0 0.403125 0.28437500000000004 0.3453125 0.284375 0.3453125 0.34375000000000006 0.403125 0.3437500000000001
0 0.4515625 0.2250000000000001 0.4296875 0.2250000000000001 0.4296875 0.30156250000000007 0.4515625 0.30156250000000007
0 0.471875 0.18593750000000003 0.44375 0.18593750000000003 0.44375 0.2843750000000001 0.471875 0.2843750000000001
0 0.221875 0.017187500000000026 0.1921875 0.017187500000000022 0.1921875 0.050000000000000024 0.221875 0.050000000000000024
0 0.29375 3.109454763460076e-17 0.2140625 2.6215095544248028e-17 0.2140625 0.04843750000000003 0.29375 0.048437500000000036
0 0.378125 4.142750500240656e-17 0.2984375 3.654805291205382e-17 0.2984375 0.08125000000000004 0.378125 0.08125000000000004
0 0.440625 4.9751276215361234e-17 0.371875 4.55415528432922e-17 0.371875 0.07656250000000005 0.440625 0.07656250000000005
0 0.2625 0.050000000000000024 0.153125 0.050000000000000024 0.153125 0.12656250000000002 0.2625 0.12656250000000005
0 0.2765625 0.08750000000000004 0.178125 0.08750000000000002 0.17812500000000003 0.19687500000000002 0.2765625 0.19687500000000005
0 0.3609375 0.09843750000000004 0.2515625 0.09843750000000002 0.2515625 0.2125 0.3609375 0.2125
0 0.10937500000000004 0.196875 0.06562500000000002 0.196875 0.06562500000000002 0.25625 0.10937500000000004 0.25625
0 0.2296875 0.225 0.08750000000000002 0.225 0.08750000000000004 0.3234375 0.2296875 0.3234375
0 0.3421875 0.2125 0.18906250000000005 0.2125 0.18906250000000005 0.3171875 0.3421875 0.3171875
0 0.3609375 0.13593750000000004 0.2734375 0.13593750000000004 0.2734375 0.3171875 0.3609375 0.3171875
0 0.33906250000000004 0.2953125 0.2375 0.2953125 0.23750000000000004 0.3828125 0.3390625000000001 0.3828125
0 0.4046875 0.27968750000000003 0.3390625 0.2796875 0.33906250000000004 0.36718750000000006 0.4046875 0.3671875000000001
0 0.21093750000000006 0.2671875 0.10937500000000004 0.2671875 0.10937500000000004 0.503125 0.21093750000000008 0.503125
0 0.2984375 0.35 0.18125000000000005 0.35 0.18125000000000005 0.453125 0.2984375000000001 0.453125
0 0.659375 0.7109375 0.5609375 0.7109375 0.5609375000000001 0.9234375 0.6593750000000002 0.9234375
0 0.6515625000000002 0.78125 0.5671875000000002 0.78125 0.5671875000000002 0.9015625 0.6515625000000002 0.9015625
3 0.70625 7.003448882623926e-17 0.4375 5.357829746269671e-17 0.4375 0.10937500000000007 0.70625 0.10937500000000008
3 0.715625 7.099124413807313e-17 0.44375 5.43437017121638e-17 0.44375 0.08750000000000006 0.715625 0.08750000000000009