0 0.17968750000000003 1.1002686086089503e-17 0 0 1.4255654146324658e-17 0.2328125 0.17968750000000006 0.2328125
0 0.3859375 3.252968060235157e-17 0.1453125 1.7795648800109975e-17 0.1453125 0.22812500000000005 0.3859375 0.22812500000000008
0 0.565625 5.501343043044751e-17 0.3328125 4.075777628412285e-17 0.3328125 0.23281250000000003 0.565625 0.2328125000000001
0 0.7703125 7.969771747576135e-17 0.53125 6.505936120470313e-17 0.53125 0.2375000000000001 0.7703125 0.2375000000000001
0 0.9 9.9885254555456e-17 0.73125 8.955229718765019e-17 0.73125 0.2218750000000001 0.9 0.2218750000000001
0 0.996875 1.1404523317059726e-16 0.865625 1.0600848855119278e-16 0.865625 0.2328125000000001 0.996875 0.2328125000000001
0 0.4125 0.39687500000000003 0.3187500000000001 0.396875 0.3187500000000001 0.465625 0.4125 0.465625
0 0.5203125 0.428125 0.4046875 0.428125 0.4046875 0.5453125 0.5203125 0.5453125
0 0.409375 0.45 0.3156250000000001 0.45 0.3156250000000001 0.534375 0.409375 0.534375
0 0.3859375000000001 0.4453125 0.2687500000000001 0.4453125 0.2687500000000001 0.5671875 0.3859375000000001 0.5671875
0 0.509375 0.5234375 0.4046875 0.5234375 0.4046875 0.6515625 0.509375 0.6515625
0 0.2656250000000001 0.625 0.1843750000000001 0.625 0.1843750000000001 0.69375 0.2656250000000001 0.69375
0 0.26250000000000007 0.6671875 0.11562500000000009 0.6671875 0.11562500000000009 0.725 0.26250000000000007 0.725
0 0.34843750000000007 0.6453125 0.27031250000000007 0.6453125 0.27031250000000007 0.703125 0.34843750000000007 0.703125
0 0.3812500000000001 0.6359375 0.3187500000000001 0.6359375 0.3187500000000001 0.73125 0.3812500000000001 0.73125
0 0.34843750000000007 0.5765625 0.2734375000000001 0.5765625 0.2734375000000001 0.671875 0.34843750000000007 0.671875
0 0.5921875000000001 0.7140625 0.5125 0.7140625 0.5125000000000001 0.79375 0.5921875000000002 0.79375
0 0.7421875000000002 0.8421875 0.6859375000000002 0.8421875 0.6859375000000002 0.9109375 0.7421875000000002 0.9109375
0 0.825 0.8828125 0.7500000000000002 0.8828125 0.7500000000000002 0.93125 0.825 0.93125
0 0.7406250000000002 0.89375 0.6593750000000002 0.89375 0.6593750000000002 0.93125 0.7406250000000002 0.93125
0 0.5015625000000001 0.8734375 0.4421875000000002 0.8734375 0.4421875000000002 0.93125 0.5015625000000001 0.93125
0 0.4390625000000002 0.825 0.2406250000000001 0.825 0.2406250000000001 0.9265625 0.4390625000000002 0.9265625
0 0.4343750000000002 0.8890625 0.3453125000000001 0.8890625 0.3453125000000001 0.925 0.4343750000000002 0.925
0 0.5093750000000001 0.7671875 0.4187500000000002 0.7671875 0.4187500000000002 0.884375 0.5093750000000001 0.884375
0 0.5921875000000001 0.6875 0.490625 0.6875 0.4906250000000001 0.79375 0.5921875000000002 0.79375
0 0.6265625000000001 0.6828125 0.5703125 0.6828125 0.5703125000000001 0.7875 0.6265625000000001 0.7875
0 0.6453125000000001 0.634375 0.5515625 0.634375 0.5515625000000001 0.7625 0.6453125000000002 0.7625
0 0.7046875 0.65625 0.5875 0.65625 0.5875 0.709375 0.7046875 0.709375
0 0.4984375000000001 0.640625 0.453125 0.640625 0.4531250000000001 0.740625 0.4984375000000002 0.740625
0 0.4531250000000001 0.634375 0.4125 0.634375 0.4125000000000001 0.7515625 0.45312500000000017 0.7515625
0 0.4203125000000001 0.6296875 0.37187500000000007 0.6296875 0.37187500000000007 0.7296875 0.4203125000000002 0.7296875
0 0.45000000000000007 0.725 0.36406250000000007 0.725 0.36406250000000007 0.809375 0.4500000000000002 0.809375
0 0.40937500000000016 0.8 0.2968750000000001 0.8 0.2968750000000001 0.8578125 0.40937500000000016 0.8578125
0 0.34843750000000007 0.7515625 0.2765625000000001 0.7515625 0.2765625000000001 0.825 0.34843750000000007 0.825
0 0.3890625000000001 0.725 0.3218750000000001 0.725 0.3218750000000001 0.7984375 0.3890625000000001 0.7984375
0 0.2062500000000001 0.73125 0.1453125000000001 0.73125 0.1453125000000001 0.7578125 0.2062500000000001 0.7578125
0 0.26250000000000007 0.725 0.18750000000000008 0.725 0.18750000000000008 0.7828125 0.26250000000000007 0.7828125
0 0.2968750000000001 0.75625 0.2218750000000001 0.75625 0.2218750000000001 0.825 0.2968750000000001 0.825
0 0.2468750000000001 0.7734375 0.1531250000000001 0.7734375 0.1531250000000001 0.878125 0.2468750000000001 0.878125
0 0.3296875000000001 0.8421875 0.15781250000000008 0.8421875 0.1578125000000001 0.9375 0.3296875000000001 0.9375
0 0.23593750000000008 0.9 0.04062500000000011 0.9 0.04062500000000011 0.9359375 0.23593750000000008 0.9359375
0 0.11562500000000012 0.81875 1.0026795668018954e-16 0.81875 1.0677389280065986e-16 0.925 0.11562500000000013 0.925
0 0.1312500000000001 0.7984375 0.0328125000000001 0.7984375 0.032812500000000105 0.8625 0.1312500000000001 0.8625
0 0.1906250000000001 0.740625 0.10156250000000008 0.740625 0.10156250000000008 0.8578125 0.1906250000000001 0.8578125
0 0.9359375 5.73096431788488e-17 0 0 1.3872952021591113e-17 0.22656250000000006 0.9359375 0.22656250000000008