0 0.6390625 0.440625 0.5671875 0.440625 0.5671875 0.528125 0.6390625 0.528125
0 0.7515625 0.4406250000000001 0.6671875 0.440625 0.6671875 0.4765625000000001 0.7515625 0.47656250000000017
0 0.815625 0.47656250000000017 0.7359375 0.47656250000000017 0.7359375 0.5234375000000002 0.815625 0.5234375000000002
0 0.9 0.3984375000000001 0.509375 0.3984375000000001 0.5093750000000001 0.8859375 0.9 0.8859375
0 0.6640625000000002 0.7828125 0.6062500000000002 0.7828125 0.6062500000000002 0.8703125 0.6640625000000002 0.8703125
0 0.575 0.5234375 0.5015625 0.5234375 0.5015625 0.590625 0.575 0.590625
0 0.559375 0.4609375 0.4984375 0.4609375 0.4984375 0.5390625 0.559375 0.5390625
0 0.6140625000000001 0.575 0.3687500000000001 0.575 0.3687500000000001 0.88125 0.6140625000000002 0.88125
0 0.453125 0.2015625000000001 0.384375 0.2015625000000001 0.384375 0.2750000000000001 0.453125 0.2750000000000001
0 0.509375 0.275 0.253125 0.275 0.25312500000000004 0.6171875 0.509375 0.6171875
0 0.36406250000000007 0.3375 0.07656250000000005 0.3375 0.07656250000000007 0.9015625 0.36406250000000007 0.9015625