0 0.4015625 0.04062500000000003 0.1046875 0.04062500000000001 0.10468750000000002 0.4125 0.4015625 0.4125
0 0.621875 0.15937500000000007 0.228125 0.15937500000000004 0.22812500000000005 0.5625 0.621875 0.5625
0 0.61875 0.16562500000000008 0.471875 0.16562500000000005 0.471875 0.3140625000000001 0.61875 0.3140625000000001
0 0.81875 0.2015625000000001 0.5671875 0.2015625000000001 0.5671875 0.4281250000000001 0.81875 0.4281250000000002
0 0.9296875 0.29375000000000007 0.7453125 0.29375000000000007 0.7453125 0.5875000000000001 0.9296875 0.5875000000000001
0 0.996875 0.3609375000000001 0.9265625 0.3609375000000001 0.9265625 0.5671875000000002 0.996875 0.5671875000000002
0 0.996875 0.5578125000000002 0.7796875 0.5578125000000002 0.7796875000000001 0.990625 0.996875 0.990625
0 0.9734375 0.7625000000000001 0.5875000000000001 0.7625 0.5875000000000001 0.9953125 0.9734375 0.9953125
0 0.7734375000000001 0.6031250000000001 0.421875 0.603125 0.4218750000000001 0.9953125 0.7734375000000002 0.9953125
0 0.865625 0.3921875000000001 0.50625 0.3921875000000001 0.5062500000000001 0.753125 0.865625 0.7531250000000002
0 0.4593750000000001 0.53125 0.14687500000000003 0.53125 0.14687500000000006 0.840625 0.4593750000000002 0.840625
0 0.43281250000000016 0.7328125 0.042187500000000086 0.7328125 0.04218750000000011 0.9953125 0.43281250000000016 0.9953125
0 0.5328125000000001 0.9125 0.21250000000000008 0.9125 0.21250000000000008 0.9953125 0.5328125000000001 0.9953125
0 0.2671875000000001 0.4078125 0.050000000000000044 0.4078125 0.050000000000000065 0.76875 0.2671875000000001 0.76875
0 0.19687500000000005 0.2734375 0.050000000000000044 0.2734375 0.050000000000000044 0.428125 0.19687500000000005 0.428125