0 0.8421875 0.3000000000000001 0.7609375 0.3000000000000001 0.7609375 0.4234375000000002 0.8421875 0.4234375000000002
0 0.49375 0.475 0.3828125000000001 0.475 0.3828125000000001 0.6453125 0.49375 0.6453125
0 0.6718750000000001 0.70625 0.55625 0.70625 0.5562500000000001 0.825 0.6718750000000002 0.825
0 0.7718750000000002 0.7734375000000001 0.6609375000000002 0.7734375 0.6609375000000002 0.94375 0.7718750000000002 0.94375
0 0.803125 0.6703125000000001 0.6796875 0.6703125 0.6796875000000001 0.7937500000000001 0.803125 0.7937500000000002
0 0.80625 0.5562500000000001 0.7453125 0.5562500000000001 0.7453125 0.6703125000000002 0.80625 0.6703125000000002
0 0.60625 0.46875 0.540625 0.46875 0.540625 0.5671875 0.60625 0.5671875
0 0.4984375 0.421875 0.4203125 0.421875 0.4203125 0.4796875 0.4984375 0.4796875
0 0.5484375 0.22656250000000008 0.4515625 0.22656250000000008 0.4515625 0.3296875000000001 0.5484375 0.3296875000000001
0 0.4515625 0.22656250000000008 0.4140625 0.22656250000000008 0.4140625 0.3046875000000001 0.4515625 0.3046875000000001
0 0.16250000000000003 0.325 0.08125000000000004 0.325 0.08125000000000006 0.4640625 0.16250000000000003 0.4640625
0 0.18593750000000006 0.5359375 0.05468750000000007 0.5359375 0.054687500000000076 0.675 0.1859375000000001 0.675
0 0.2390625000000001 0.634375 0.1359375000000001 0.634375 0.1359375000000001 0.7734375 0.2390625000000001 0.7734375
0 0.41718750000000016 0.85625 0.3437500000000001 0.85625 0.3437500000000001 0.8921875 0.41718750000000016 0.8921875
0 0.5250000000000001 0.85 0.3984375000000001 0.85 0.3984375000000001 0.9796875 0.5250000000000001 0.9796875
0 0.4359375000000001 0.5875 0.3281250000000001 0.5875 0.3281250000000001 0.809375 0.4359375000000002 0.809375
0 0.375 0.026562500000000037 0.28125 0.026562500000000034 0.28125 0.12968750000000004 0.375 0.12968750000000004
0 0.4671875 0.07187500000000005 0.39375 0.07187500000000005 0.39375 0.18593750000000003 0.4671875 0.18593750000000003
0 0.8 0.026562500000000062 0.1890625 0.026562500000000024 0.18906250000000002 0.29375000000000007 0.8 0.29375000000000007
0 0.8421875 0.28437500000000004 0.08125000000000004 0.284375 0.08125000000000006 0.6234375000000001 0.8421875 0.6234375000000002
0 0.903125 0.5265625 0.13125000000000003 0.5265625 0.13125000000000006 0.840625 0.903125 0.840625
0 0.8109375 0.7890625000000001 0.26250000000000007 0.7890625 0.26250000000000007 0.9953125 0.8109375 0.9953125
0 0.953125 0.7734375000000002 0.934375 0.7734375000000002 0.934375 0.7984375000000001 0.953125 0.7984375000000001
0 0.984375 0.5359375000000002 0.9421875 0.5359375000000002 0.9421875 0.5671875000000002 0.984375 0.5671875000000002
0 0.95 0.49531250000000016 0.8953125 0.49531250000000016 0.8953125 0.5359375000000002 0.95 0.5359375000000002
0 0.91875 0.3296875000000001 0.8734375 0.3296875000000001 0.8734375 0.3656250000000001 0.91875 0.3656250000000001
3 0.9953125 0.4125000000000002 0.8265625 0.4125000000000002 0.8265625 0.6750000000000002 0.9953125 0.6750000000000002