0 0.2968750000000001 0.521875 0.12343750000000005 0.521875 0.12343750000000006 0.725 0.2968750000000001 0.725
0 0.3765625000000001 0.6375 0.2171875000000001 0.6375 0.2171875000000001 0.890625 0.3765625000000001 0.890625
0 0.5140625000000001 0.653125 0.3265625000000001 0.653125 0.3265625000000001 0.9234375 0.5140625000000002 0.9234375
0 0.6531250000000001 0.6875 0.5078125 0.6875 0.5078125000000001 0.890625 0.6531250000000002 0.890625
0 0.7937500000000001 0.5875000000000001 0.640625 0.5875 0.6406250000000001 0.81875 0.7937500000000002 0.81875
0 0.8109375 0.4453125000000001 0.6453125 0.4453125 0.6453125 0.6531250000000001 0.8109375 0.6531250000000002
0 0.6625 0.471875 0.496875 0.471875 0.496875 0.6921875 0.6625 0.6921875
0 0.5 0.4453125 0.34062500000000007 0.4453125 0.34062500000000007 0.6984375 0.5 0.6984375
0 0.4125 0.4015625 0.2609375000000001 0.4015625 0.2609375000000001 0.609375 0.4125 0.609375
0 0.4609375 0.3140625 0.3484375 0.3140625 0.34843750000000007 0.440625 0.4609375 0.440625
0 0.5625 0.3625000000000001 0.425 0.3625000000000001 0.425 0.4953125 0.5625 0.4953125
0 0.70625 0.34062500000000007 0.565625 0.34062500000000007 0.565625 0.50625 0.70625 0.50625
0 0.615625 0.22031250000000008 0.4671875 0.22031250000000008 0.4671875 0.3906250000000001 0.615625 0.3906250000000001
0 0.34843750000000007 0.2796875 0.19218750000000004 0.2796875 0.19218750000000004 0.478125 0.34843750000000007 0.478125
0 0.2750000000000001 0.45 0.17031250000000003 0.45 0.17031250000000003 0.521875 0.2750000000000001 0.521875
0 0.4968750000000002 0.896875 0.3625000000000001 0.896875 0.3625000000000001 0.9734375 0.4968750000000002 0.9734375
0 0.6921875000000002 0.803125 0.6453125000000002 0.803125 0.6453125000000002 0.8578125 0.6921875000000002 0.8578125