0 0.85625 0.6609375000000001 0.6421875 0.6609375 0.6421875000000001 0.99375 0.85625 0.99375
0 0.8828125 0.7265625000000002 0.809375 0.7265625000000002 0.809375 0.99375 0.8828125 0.99375
0 0.9171875 0.6671875000000002 0.8734375 0.6671875000000002 0.8734375 0.99375 0.9171875 0.99375
0 0.9140625 0.3031250000000001 0.8 0.3031250000000001 0.8 0.7140625000000002 0.9140625 0.7140625000000002
0 0.9125 9.787606840060487e-17 0.6859375 8.400311637901375e-17 0.6859375 0.3984375000000001 0.9125 0.3984375000000001
0 0.9171875 0.1968750000000001 0.8203125 0.19687500000000008 0.8203125 0.4343750000000002 0.9171875 0.4343750000000002
0 0.9125 0.1734375000000001 0.7125 0.17343750000000008 0.7125 0.4046875000000001 0.9125 0.4046875000000002
0 0.9125 9.739769074468794e-17 0.678125 8.304636106717989e-17 0.678125 0.2375000000000001 0.9125 0.2375000000000001
0 0.8703125 8.773446209516586e-17 0.5625 6.888638245203862e-17 0.5625 0.22656250000000008 0.8703125 0.22656250000000008
0 0.759375 8.620365359623165e-17 0.6484375 7.941069088221118e-17 0.6484375 0.07812500000000008 0.759375 0.07812500000000008
0 0.703125 8.017609513167828e-17 0.60625 7.424421219830829e-17 0.60625 0.02343750000000008 0.703125 0.02343750000000009
0 0.859375 0.3812500000000001 0.428125 0.3812500000000001 0.4281250000000001 0.99375 0.859375 0.99375
0 0.6656250000000001 0.9171875 0.6156250000000002 0.9171875 0.6156250000000002 0.99375 0.6656250000000001 0.99375
0 0.7156250000000001 0.36406250000000007 0.27812500000000007 0.3640625 0.27812500000000007 0.9953125 0.7156250000000002 0.9953125
0 0.7093750000000001 0.16093750000000004 0.1671875 0.1609375 0.16718750000000007 0.99375 0.7093750000000002 0.99375
0 0.5890625 0.16093750000000004 0.07656250000000002 0.1609375 0.07656250000000006 0.99375 0.5890625000000002 0.99375
0 0.2375000000000001 0.5484375 0.07343750000000007 0.5484375 0.07343750000000009 0.821875 0.2375000000000001 0.821875
0 0.25468750000000007 0.815625 0.07343750000000009 0.815625 0.0734375000000001 0.99375 0.25468750000000007 0.99375
0 0.653125 4.4776148593825096e-17 0.078125 9.567553118338697e-18 0.07812500000000004 0.6375 0.653125 0.6375
0 0.425 0.14843750000000003 0.07656250000000002 0.1484375 0.07656250000000003 0.39843750000000006 0.425 0.3984375000000001
0 0.5890625 4.0757776284122846e-17 0.0765625 9.376202055971923e-18 0.0765625 0.15468750000000003 0.5890625 0.1546875000000001
0 0.2109375 1.7604297737743203e-17 0.0765625 9.376202055971923e-18 0.0765625 0.06562500000000002 0.2109375 0.06562500000000002