0 0.996875 0.8359375 0.8921875 0.8359375 0.8921875 0.9953125 0.996875 0.9953125
0 0.996875 0.7031250000000002 0.903125 0.7031250000000002 0.903125 0.8359375 0.996875 0.8359375
0 0.996875 0.5390625000000002 0.9171875 0.5390625000000002 0.9171875 0.6593750000000002 0.996875 0.6593750000000002
0 0.959375 0.6093750000000002 0.9171875 0.6093750000000002 0.9171875 0.6703125000000002 0.959375 0.6703125000000002
0 0.996875 0.3515625000000001 0.9203125 0.3515625000000001 0.9203125 0.5218750000000002 0.996875 0.5218750000000002
0 0.946875 0.5171875000000001 0.9109375 0.5171875000000001 0.9109375 0.5875000000000001 0.946875 0.5875000000000001
0 0.9171875 0.5890625000000002 0.8875 0.5890625000000002 0.8875 0.6546875000000002 0.9171875 0.6546875000000002
0 0.9421875 0.6593750000000002 0.8921875 0.6593750000000002 0.8921875 0.7031250000000002 0.9421875 0.7031250000000002
0 0.9234375 0.7140625000000002 0.8953125 0.7140625000000002 0.8953125 0.7421875000000002 0.9234375 0.7421875000000002
0 0.878125 0.6765625000000002 0.8421875 0.6765625000000002 0.8421875 0.7250000000000002 0.878125 0.7250000000000002
0 0.8984375 0.7140625000000002 0.8015625 0.7140625000000002 0.8015625 0.8953125 0.8984375 0.8953125
0 0.840625 0.7578125000000001 0.7218750000000002 0.7578125 0.7218750000000002 0.934375 0.840625 0.934375
0 0.996875 0.28593750000000007 0.95625 0.28593750000000007 0.95625 0.3515625000000001 0.996875 0.3515625000000001
0 0.996875 0.010937500000000116 0.88125 0.010937500000000109 0.88125 0.3296875000000001 0.996875 0.3296875000000001
0 0.953125 0.2968750000000001 0.884375 0.2968750000000001 0.884375 0.37968750000000007 0.953125 0.37968750000000007
0 0.93125 0.3625000000000001 0.8734375 0.3625000000000001 0.8734375 0.44531250000000017 0.93125 0.44531250000000017
0 0.8953125 0.3140625000000001 0.8515625 0.3140625000000001 0.8515625 0.3906250000000001 0.8953125 0.3906250000000001
0 0.8765625 0.3687500000000001 0.7765625 0.3687500000000001 0.7765625 0.4390625000000002 0.8765625 0.4390625000000002
0 0.83125 0.40156250000000016 0.7953125 0.40156250000000016 0.7953125 0.4390625000000002 0.83125 0.4390625000000002
0 0.8453125 0.4125000000000001 0.721875 0.4125 0.721875 0.5718750000000001 0.8453125 0.5718750000000001
0 0.8984375 0.5218750000000002 0.834375 0.5218750000000002 0.834375 0.5984375000000002 0.8984375 0.5984375000000002
0 0.925 0.4500000000000002 0.8625 0.4500000000000002 0.8625 0.5218750000000002 0.925 0.5218750000000002
0 0.884375 0.5656250000000002 0.8296875 0.5656250000000002 0.8296875 0.6484375000000002 0.884375 0.6484375000000002
0 0.834375 0.5671875000000002 0.7875 0.5671875000000002 0.7875 0.6328125000000002 0.834375 0.6328125000000002
0 0.8984375 0.6375000000000002 0.7875 0.6375000000000002 0.7875 0.7140625000000002 0.8984375 0.7140625000000002
0 0.8984375 0.16562500000000008 0.740625 0.16562500000000008 0.740625 0.39531250000000007 0.8984375 0.39531250000000007
0 0.88125 0.10937500000000008 0.8046875 0.10937500000000008 0.8046875 0.1921875000000001 0.88125 0.1921875000000001
0 0.909375 0.039062500000000104 0.7796875 0.0390625000000001 0.7796875 0.15468750000000012 0.909375 0.15468750000000014
0 0.7875 0.07656250000000009 0.7109375 0.07656250000000009 0.7109375 0.1703125000000001 0.7875 0.1703125000000001
0 0.771875 0.028125000000000094 0.7328125 0.028125000000000087 0.7328125 0.07656250000000009 0.771875 0.07656250000000009
0 0.7625 9.117878121776779e-17 0.7265625 8.897824400054988e-17 0.7265625 0.07187500000000009 0.7625 0.07187500000000009
0 0.7984375 9.557985565220359e-17 0.7625 9.337931843498569e-17 0.7625 0.010937500000000096 0.7984375 0.010937500000000096
0 0.9953125 1.0801767470604389e-16 0.76875 9.414472268445279e-17 0.76875 0.1421875000000001 0.9953125 0.14218750000000013
0 0.7625 0.22031250000000008 0.7109375 0.22031250000000008 0.7109375 0.28593750000000007 0.7625 0.28593750000000007
0 0.784375 0.1765625000000001 0.7484375 0.1765625000000001 0.7484375 0.2312500000000001 0.784375 0.2312500000000001
0 0.7734375 0.1984375000000001 0.6796875 0.1984375000000001 0.6796875 0.3578125000000001 0.7734375 0.3578125000000001
0 0.765625 0.3515625000000001 0.7140625 0.3515625000000001 0.7140625 0.4281250000000001 0.765625 0.4281250000000002
0 0.725 0.3187500000000001 0.625 0.3187500000000001 0.625 0.528125 0.725 0.528125
0 0.6671875 0.3078125000000001 0.625 0.3078125000000001 0.625 0.3687500000000001 0.6671875 0.3687500000000001
0 0.675 0.4234375 0.6359375 0.4234375 0.6359375 0.471875 0.675 0.471875
0 0.6359375 0.3906250000000001 0.5640625 0.3906250000000001 0.5640625 0.4890625 0.6359375 0.4890625
0 0.628125 0.4734375 0.559375 0.4734375 0.559375 0.578125 0.628125 0.578125
0 0.7078125 0.5171875 0.6171875 0.5171875 0.6171875 0.64375 0.7078125 0.64375
0 0.71875 0.6046875 0.6828125 0.6046875 0.6828125 0.6640625 0.71875 0.6640625
0 0.65 0.6109375 0.60625 0.6109375 0.60625 0.6765625 0.65 0.6765625
0 0.6828125 0.64375 0.6390625 0.64375 0.6390625 0.7140625 0.6828125 0.7140625
0 0.6171875 0.54375 0.559375 0.54375 0.559375 0.659375 0.6171875 0.659375
0 0.6937500000000001 0.7203125 0.6140625 0.7203125 0.6140625000000001 0.825 0.6937500000000002 0.825
0 0.671875 0.18750000000000006 0.5265625 0.18750000000000006 0.5265625 0.3031250000000001 0.671875 0.3031250000000001
0 0.534375 0.2750000000000001 0.49375 0.2750000000000001 0.49375 0.3187500000000001 0.534375 0.3187500000000001
0 0.528125 0.2531250000000001 0.4953125 0.2531250000000001 0.4953125 0.2750000000000001 0.528125 0.2750000000000001
0 0.5015625 0.2640625000000001 0.4765625 0.2640625000000001 0.4765625 0.2906250000000001 0.5015625 0.2906250000000001
0 0.671875 0.028125000000000074 0.5421875 0.028125000000000067 0.5421875 0.2312500000000001 0.671875 0.2312500000000001
0 0.7359375 0.1437500000000001 0.6609375 0.1437500000000001 0.6609375 0.2812500000000001 0.7359375 0.2812500000000001
0 0.5515625 0.08750000000000005 0.4515625 0.08750000000000005 0.4515625 0.2531250000000001 0.5515625 0.2531250000000001
0 0.4875 0.028125000000000046 0.234375 0.028125000000000032 0.23437500000000006 0.37968750000000007 0.4875 0.37968750000000007
0 0.4796875 0.010937500000000053 0.3828125 0.010937500000000048 0.3828125 0.08750000000000005 0.4796875 0.08750000000000006
0 0.534375 6.037126017671717e-17 0.4515625 5.5300457023997667e-17 0.4515625 0.08750000000000005 0.534375 0.08750000000000006
0 0.5640625 6.687719629718749e-17 0.528125 6.467665907996959e-17 0.528125 0.08281250000000007 0.5640625 0.08281250000000007
0 0.6390625 7.33831324176578e-17 0.559375 6.850368032730508e-17 0.559375 0.03906250000000007 0.6390625 0.039062500000000076
0 0.765625 8.620365359623165e-17 0.6421875 7.864528663274409e-17 0.6421875 0.12656250000000008 0.765625 0.12656250000000008
0 0.4265625 4.6689659217492833e-17 0.3359375 4.11404784088564e-17 0.3359375 0.03281250000000005 0.4265625 0.03281250000000006
0 0.3421875 2.7267526387265288e-17 0.103125 1.262917011620708e-17 0.103125 0.13125000000000003 0.3421875 0.13125000000000003
0 0.2203125 1.3490249896857564e-17 0 0 1.712592008182627e-17 0.2796875 0.2203125 0.2796875
0 0.15468750000000003 0.125 1.5308084989341915e-17 0.125 2.812860616791577e-17 0.334375 0.15468750000000003 0.334375
0 0.025000000000000033 0.1765625 2.1622670047445454e-17 0.1765625 3.205130294643463e-17 0.346875 0.025000000000000043 0.346875
0 0.06875000000000006 0.3515625 4.305398903252414e-17 0.3515625 5.788369636594911e-17 0.59375 0.06875000000000006 0.59375
0 0.16562500000000005 0.2140625 0.035937500000000025 0.2140625 0.035937500000000046 0.5 0.16562500000000005 0.5
0 0.16250000000000003 0.1265625 0.050000000000000024 0.1265625 0.05000000000000003 0.275 0.16250000000000003 0.275
0 0.27812500000000007 0.3453125 0.17343750000000005 0.3453125 0.17343750000000005 0.4671875 0.27812500000000007 0.4671875
0 0.20312500000000008 0.3953125 0.14531250000000004 0.3953125 0.14531250000000004 0.5328125 0.20312500000000008 0.5328125
0 0.3437500000000001 0.4671875 0.20312500000000008 0.4671875 0.20312500000000008 0.5875 0.3437500000000001 0.5875
0 0.3750000000000001 0.37968750000000007 0.2453125000000001 0.3796875 0.2453125000000001 0.5546875 0.3750000000000001 0.5546875
0 0.29218750000000004 0.275 0.15468750000000003 0.275 0.15468750000000003 0.3953125 0.2921875000000001 0.3953125
0 0.25625 0.203125 0.17343750000000005 0.203125 0.17343750000000005 0.303125 0.25625 0.303125
0 0.3937500000000001 0.521875 0.09375000000000007 0.521875 0.09375000000000008 0.9015625 0.3937500000000001 0.9015625
0 0.3500000000000001 0.7859375 0.2171875000000001 0.7859375 0.2171875000000001 0.9453125 0.3500000000000001 0.9453125
0 0.24218750000000008 0.6859375 0.1843750000000001 0.6859375 0.1843750000000001 0.775 0.24218750000000008 0.775
0 0.22031250000000008 0.609375 0.039062500000000076 0.609375 0.0390625000000001 0.8625 0.22031250000000008 0.8625
0 0.19218750000000012 0.90625 0.10156250000000008 0.90625 0.10156250000000011 0.9953125 0.19218750000000012 0.9953125
0 0.3578125000000001 0.9625 0.2640625000000001 0.9625 0.2640625000000001 0.9953125 0.3578125000000001 0.9953125
0 0.4593750000000002 0.8078125 0.38750000000000007 0.8078125 0.38750000000000007 0.90625 0.4593750000000002 0.90625
0 0.790625 0.4953125000000001 0.696875 0.4953125 0.696875 0.7203125000000001 0.790625 0.7203125000000001
0 0.90625 0.6984375 0.3968750000000001 0.6984375 0.3968750000000001 0.9953125 0.90625 0.9953125
0 0.5390625000000002 0.90625 0.3437500000000001 0.90625 0.3437500000000001 0.9953125 0.5390625000000002 0.9953125
0 0.025000000000000067 0.5171875 6.333720164340217e-17 0.5171875 6.764260054665459e-17 0.5875 0.025000000000000067 0.5875
0 0.057812500000000086 0.6328125 7.749718025854345e-17 0.6328125 9.969390349308921e-17 0.9953125 0.057812500000000114 0.9953125
0 0.15468750000000012 0.7703125 0.03593750000000009 0.7703125 0.03593750000000011 0.9953125 0.15468750000000014 0.9953125