4 0.8328125 0.5468750000000001 0.634375 0.546875 0.6343750000000001 0.8375 0.8328125 0.8375
4 0.959375 0.5234375000000002 0.809375 0.5234375000000002 0.809375 0.99375 0.959375 0.99375
4 0.996875 0.5406250000000001 0.959375 0.5406250000000001 0.959375 0.99375 0.996875 0.99375
4 0.8609375 0.3671875000000001 0.7609375 0.3671875000000001 0.7609375 0.5765625000000002 0.8609375 0.5765625000000002
4 0.996875 0.2671875000000001 0.85625 0.2671875000000001 0.85625 0.5296875000000002 0.996875 0.5296875000000002
4 0.996875 1.139495576394139e-16 0.8640625 1.0581713748882599e-16 0.8640625 0.2671875000000001 0.996875 0.2671875000000001
4 0.884375 1.0036363221137293e-16 0.7546875 9.242256312315182e-17 0.7546875 0.1625000000000001 0.884375 0.1625000000000001
4 0.8265625 0.11718750000000008 0.7171875 0.11718750000000008 0.7171875 0.30937500000000007 0.8265625 0.30937500000000007
4 0.7640625000000001 0.7156250000000001 0.521875 0.715625 0.5218750000000001 0.99375 0.7640625000000002 0.99375
4 0.628125 6.601611651653701e-17 0.45 5.5109105961630896e-17 0.45 0.15156250000000007 0.628125 0.1515625000000001
4 0.709375 8.208960575534602e-17 0.63125 7.730582919617668e-17 0.63125 0.425 0.709375 0.425
4 0.6828125 8.170690363061247e-17 0.6515625 7.979339300694473e-17 0.6515625 0.425 0.6828125 0.425
4 0.4671875000000002 0.84375 0.40625000000000017 0.84375 0.40625000000000017 0.99375 0.4671875000000002 0.99375
4 0.37968750000000007 0.7734375 0.2906250000000001 0.7734375 0.2906250000000001 0.99375 0.37968750000000007 0.99375
4 0.30468750000000006 0.3484375 0.17187500000000006 0.3484375 0.17187500000000008 0.9484375 0.3046875000000001 0.9484375
4 0.2671875000000001 0.5 0.00781250000000006 0.5 0.007812500000000088 0.953125 0.2671875000000001 0.953125
4 0.21250000000000008 0.84375 0.020312500000000105 0.84375 0.020312500000000115 0.99375 0.21250000000000008 0.99375
4 0.0859375000000001 0.6625 8.113285044351215e-17 0.6625 9.3953371622086e-17 0.871875 0.08593750000000011 0.871875
4 0.02031250000000007 0.4828125 5.912747827133314e-17 0.4828125 6.869503138967185e-17 0.6390625 0.020312500000000077 0.6390625
4 0.13593750000000004 0.2953125 3.6165350787320275e-17 0.2953125 4.793344112287687e-17 0.4875 0.13593750000000004 0.4875
4 0.38281250000000006 0.1453125 0.1234375 0.1453125 0.12343750000000002 0.37187500000000007 0.3828125000000001 0.37187500000000007
4 0.334375 3.1955627415251253e-17 0.1875 2.2962127484012874e-17 0.18750000000000003 0.19218750000000004 0.334375 0.19218750000000004
4 0.21875 1.3777276490407724e-17 0.00625 7.654042494670958e-19 0.006250000000000019 0.3078125 0.21875 0.3078125
4 0.07500000000000001 4.592425496802575e-18 0 0 7.079989307570636e-18 0.115625 0.07500000000000002 0.115625