0 0.5171875000000001 0.5796875 0.1859375000000001 0.5796875 0.18593750000000012 0.9671875 0.5171875000000001 0.9671875
0 0.5828125 0.37187500000000007 0.3609375000000001 0.371875 0.3609375000000001 0.678125 0.5828125 0.678125
0 0.7203125 0.2578125000000001 0.534375 0.2578125000000001 0.534375 0.5203125 0.7203125 0.5203125
0 0.6375 0.10312500000000006 0.415625 0.10312500000000005 0.415625 0.3828125000000001 0.6375 0.3828125000000001
0 0.465625 0.19687500000000005 0.2828125 0.19687500000000005 0.2828125 0.409375 0.465625 0.409375
0 0.39375 0.14218750000000005 0.2921875 0.14218750000000005 0.2921875 0.24531250000000004 0.39375 0.2453125000000001
0 0.34218750000000003 0.17968750000000003 0.1453125 0.1796875 0.1453125 0.4046875 0.3421875000000001 0.4046875
0 0.38906250000000003 0.30625 0.221875 0.30625 0.22187500000000004 0.590625 0.3890625000000001 0.590625
0 0.3234375000000001 0.3875 0.09062500000000004 0.3875 0.09062500000000007 0.7 0.3234375000000001 0.7
0 0.14843750000000006 0.5296875 6.486801014233636e-17 0.5296875 7.386151007357473e-17 0.6765625 0.14843750000000008 0.6765625
0 0.021875000000000096 0.6171875 7.558366963487571e-17 0.6171875 9.433607374681956e-17 0.9234375 0.02187500000000011 0.9234375
0 0.9484375 0.49218750000000017 0.9203125 0.49218750000000017 0.9203125 0.5578125000000002 0.9484375 0.5578125000000002
0 0.996875 0.5187500000000002 0.9484375 0.5187500000000002 0.9484375 0.5687500000000002 0.996875 0.5687500000000002
0 0.996875 0.4750000000000002 0.9671875 0.4750000000000002 0.9671875 0.5140625000000002 0.996875 0.5140625000000002
0 0.996875 0.5687500000000002 0.9703125 0.5687500000000002 0.9703125 0.6234375000000002 0.996875 0.6234375000000002
0 0.8796875 0.7437500000000001 0.8359375 0.7437500000000001 0.8359375 0.809375 0.8796875 0.809375
0 0.8875 0.45312500000000017 0.7671875 0.45312500000000017 0.7671875 0.5578125000000002 0.8875 0.5578125000000002
0 0.8796875 0.5625000000000002 0.825 0.5625000000000002 0.825 0.6343750000000001 0.8796875 0.6343750000000001
0 0.9421875 0.4593750000000002 0.8984375 0.4593750000000002 0.8984375 0.5078125000000002 0.9421875 0.5078125000000002
0 0.978125 0.4968750000000002 0.95625 0.4968750000000002 0.95625 0.5359375000000002 0.978125 0.5359375000000002
0 0.98125 0.43750000000000017 0.953125 0.43750000000000017 0.953125 0.4859375000000002 0.98125 0.4859375000000002
0 0.996875 0.4437500000000002 0.98125 0.4437500000000002 0.98125 0.47656250000000017 0.996875 0.47656250000000017
0 0.9125 0.4156250000000002 0.86875 0.4156250000000002 0.86875 0.45312500000000017 0.9125 0.45312500000000017
0 0.9421875 0.3984375000000001 0.909375 0.3984375000000001 0.909375 0.4593750000000002 0.9421875 0.4593750000000002
0 0.89375 0.37187500000000007 0.8546875 0.37187500000000007 0.8546875 0.4203125000000002 0.89375 0.4203125000000002
0 0.975 0.3218750000000001 0.8984375 0.3218750000000001 0.8984375 0.4265625000000002 0.975 0.4265625000000002
0 0.9859375 0.3234375000000001 0.95625 0.3234375000000001 0.95625 0.3671875000000001 0.9859375 0.3671875000000001
0 0.996875 0.3343750000000001 0.98125 0.3343750000000001 0.98125 0.3890625000000001 0.996875 0.3890625000000001
0 0.840625 0.1531250000000001 0.6625 0.1531250000000001 0.6625 0.2953125000000001 0.840625 0.2953125000000001
0 0.7390625 0.12031250000000009 0.6484375 0.12031250000000009 0.6484375 0.2078125000000001 0.7390625 0.2078125000000001
0 0.7828125 9.031770143711729e-17 0.6921875 8.476852062848085e-17 0.6921875 0.16406250000000008 0.7828125 0.16406250000000008
0 0.490625 4.1810207127140106e-17 0.1921875 2.3536180671113197e-17 0.1921875 0.21250000000000005 0.490625 0.21250000000000008
0 0.13125000000000003 0.159375 1.951780836141094e-17 0.159375 3.693075503678737e-17 0.44375 0.13125000000000003 0.44375
0 0.12656250000000008 0.3765625 4.6115606030392526e-17 0.3765625 6.218909526920153e-17 0.6390625 0.12656250000000008 0.6390625
0 0.18593750000000012 0.7546875 0.02968750000000009 0.7546875 0.029687500000000106 0.9953125 0.18593750000000014 0.9953125
0 0.06875000000000009 0.671875 0.021875000000000082 0.671875 0.02187500000000009 0.765625 0.06875000000000009 0.765625
0 0.9953125 1.123230736092963e-16 0.8390625 1.027555204909576e-16 0.8390625 0.2015625000000001 0.9953125 0.2015625000000001
0 0.8953125 0.9515625 0.7562500000000002 0.9515625 0.7562500000000002 0.9953125 0.8953125 0.9953125
0 0.7234375000000002 0.86875 0.6296875000000002 0.86875 0.6296875000000002 0.9953125 0.7234375000000002 0.9953125