0 0.9421875 0.6468750000000002 0.7828125 0.6468750000000002 0.7828125000000001 0.88125 0.9421875 0.88125
0 0.996875 0.7921875000000002 0.88125 0.7921875000000002 0.88125 0.9015625 0.996875 0.9015625
0 0.996875 0.5828125000000002 0.909375 0.5828125000000002 0.909375 0.8390625 0.996875 0.8390625
0 0.9546875 0.41718750000000016 0.7828125 0.41718750000000016 0.7828125 0.6515625000000002 0.9546875 0.6515625000000002
0 0.996875 0.41718750000000016 0.9546875 0.41718750000000016 0.9546875 0.5890625000000002 0.996875 0.5890625000000002
0 0.9734375 0.3078125000000001 0.8515625 0.3078125000000001 0.8515625 0.4890625000000002 0.9734375 0.4890625000000002
0 0.996875 0.2390625000000001 0.9359375 0.2390625000000001 0.9359375 0.40156250000000016 0.996875 0.40156250000000016
0 0.9890625 0.16250000000000012 0.8546875 0.1625000000000001 0.8546875 0.3187500000000001 0.9890625 0.3187500000000001
0 0.996875 0.010937500000000116 0.8890625 0.010937500000000109 0.8890625 0.1718750000000001 0.996875 0.17187500000000014
0 0.840625 0.0671875000000001 0.71875 0.0671875000000001 0.71875 0.2453125000000001 0.840625 0.2453125000000001
0 0.9015625 0.015625000000000104 0.7796875 0.015625000000000094 0.7796875 0.2078125000000001 0.9015625 0.2078125000000001
0 0.8890625 9.816309499415503e-17 0.7140625 8.744743550161569e-17 0.7140625 0.0890625000000001 0.8890625 0.08906250000000011
0 0.775 9.070040356185083e-17 0.70625 8.649068018978182e-17 0.70625 0.07343750000000009 0.775 0.07343750000000009
0 0.7359375 7.864528663274409e-17 0.5484375 6.716422289073765e-17 0.5484375 0.2078125000000001 0.7359375 0.2078125000000001
0 0.8515625 0.20312500000000008 0.5953125 0.20312500000000008 0.5953125 0.4843750000000001 0.8515625 0.48437500000000017
0 0.8625 0.2562500000000001 0.7515625 0.2562500000000001 0.7515625 0.3812500000000001 0.8625 0.3812500000000001
0 0.740625 0.4328125000000001 0.5578125 0.4328125 0.5578125 0.6718750000000001 0.740625 0.6718750000000002
0 0.809375 0.5781250000000002 0.728125 0.5781250000000002 0.728125 0.7234375000000002 0.809375 0.7234375000000002
0 0.7703125000000001 0.6625000000000001 0.6375 0.6625 0.6375000000000001 0.803125 0.7703125000000002 0.803125
0 0.8703125 0.7921875 0.6265625000000001 0.7921875 0.6265625000000001 0.9015625 0.8703125 0.9015625
0 0.6265625000000001 0.8171875 0.48437500000000017 0.8171875 0.48437500000000017 0.9015625 0.6265625000000001 0.9015625
0 0.4421875000000002 0.8078125 0.2750000000000001 0.8078125 0.2750000000000001 0.8953125 0.4421875000000002 0.8953125
0 0.5156250000000002 0.734375 0.3812500000000001 0.734375 0.3812500000000001 0.9015625 0.5156250000000002 0.9015625
0 0.27031250000000007 0.63125 0.04218750000000008 0.63125 0.04218750000000009 0.896875 0.27031250000000007 0.896875
0 0.0687500000000001 0.7921875 9.701498861995439e-17 0.7921875 1.0371227580279148e-16 0.9015625 0.06875000000000012 0.9015625
0 0.17187500000000006 0.4890625 5.989288252080025e-17 0.4890625 7.682745154025974e-17 0.765625 0.17187500000000008 0.765625
0 0.11406250000000004 0.2390625 2.9276712542116413e-17 0.2390625 4.6115606030392513e-17 0.5140625 0.11406250000000004 0.5140625
0 0.18281250000000002 0.1453125 0.026562500000000024 0.1453125 0.026562500000000027 0.2765625 0.18281250000000004 0.2765625
0 0.3125 0.04687500000000003 0.221875 0.04687500000000002 0.221875 0.15156250000000004 0.3125 0.15156250000000004
0 0.340625 3.4921568881936244e-17 0.2296875 2.812860616791577e-17 0.2296875 0.04687500000000004 0.340625 0.04687500000000004
0 0.484375 0.07812500000000006 0.3515625 0.07812500000000004 0.3515625 0.32812500000000006 0.484375 0.3281250000000001
0 0.5953125 0.12968750000000007 0.4734375 0.12968750000000004 0.4734375 0.2765625000000001 0.5953125 0.2765625000000001
0 0.565625 5.683126552293186e-17 0.3625 4.4393446469091554e-17 0.3625 0.13593750000000007 0.565625 0.1359375000000001
0 0.4421875 4.7646414529326714e-17 0.3359375 4.11404784088564e-17 0.3359375 0.01562500000000005 0.4421875 0.015625000000000056
0 0.2203125 1.3490249896857564e-17 0 0 1.6551866894725943e-17 0.2703125 0.2203125 0.2703125
0 0.34687500000000004 0.2609375 0.08750000000000002 0.2609375 0.08750000000000005 0.5109375 0.3468750000000001 0.5109375
0 0.3671875 0.07812500000000003 0.2453125 0.07812500000000003 0.2453125 0.31718750000000007 0.3671875 0.31718750000000007
0 0.496875 0.33906250000000004 0.3203125 0.3390625 0.32031250000000006 0.5828125 0.496875 0.5828125
0 0.5578125 0.4484375 0.4421875 0.4484375 0.4421875 0.6203125 0.5578125 0.6203125
0 0.6531250000000001 0.4890625 0.4546875 0.4890625 0.4546875000000001 0.734375 0.6531250000000002 0.734375
0 0.6421875 0.2562500000000001 0.5125 0.2562500000000001 0.5125 0.44375 0.6421875 0.44375
0 0.465625 0.53125 0.28593750000000007 0.53125 0.28593750000000007 0.71875 0.465625 0.71875
0 0.4000000000000001 0.4484375 0.17968750000000006 0.4484375 0.17968750000000006 0.8125 0.4000000000000002 0.8125
0 0.996875 6.104098889500089e-17 0 0 5.5491808086364444e-17 0.90625 0.996875 0.90625