0 0.996875 0.90625 0.9671875 0.90625 0.9671875 0.99375 0.996875 0.99375
0 0.9859375 0.8484375 0.9640625 0.8484375 0.9640625 0.90625 0.9859375 0.90625
0 0.996875 0.8125 0.9859375 0.8125 0.9859375 0.9140625 0.996875 0.9140625
0 0.9984375 0.7421875000000002 0.9625 0.7421875000000002 0.9625 0.85 0.9984375 0.85
0 0.9984375 0.6984375000000002 0.984375 0.6984375000000002 0.984375 0.7343750000000002 0.9984375 0.7343750000000002
0 0.9734375 0.7703125000000002 0.9296875 0.7703125000000002 0.9296875 0.85625 0.9734375 0.85625
0 0.9609375 0.8640625 0.9234375 0.8640625 0.9234375 0.9 0.9609375 0.9
0 0.9703125 0.8921875 0.9234375 0.8921875 0.9234375 0.9921875 0.9703125 0.9921875
0 0.9234375 0.878125 0.8875 0.878125 0.8875 0.9921875 0.9234375 0.9921875
0 0.9234375 0.7843750000000002 0.8703125 0.7843750000000002 0.8703125 0.9140625 0.9234375 0.9140625
0 0.88125 0.8859375 0.8546875 0.8859375 0.8546875 0.99375 0.88125 0.99375
0 0.996875 0.6046875000000002 0.959375 0.6046875000000002 0.959375 0.6984375000000002 0.996875 0.6984375000000002
0 0.95625 0.6468750000000002 0.9125 0.6468750000000002 0.9125 0.7625000000000002 0.95625 0.7625000000000002
0 0.978125 0.7187500000000002 0.9453125 0.7187500000000002 0.9453125 0.7625000000000002 0.978125 0.7625000000000002
0 0.93125 0.5687500000000002 0.8890625 0.5687500000000002 0.8890625 0.6984375000000002 0.93125 0.6984375000000002
0 0.98125 0.4968750000000002 0.928125 0.4968750000000002 0.928125 0.6406250000000002 0.98125 0.6406250000000002
0 0.996875 0.5390625000000002 0.975 0.5390625000000002 0.975 0.5968750000000002 0.996875 0.5968750000000002
0 0.99375 0.45312500000000017 0.9421875 0.45312500000000017 0.9421875 0.5390625000000002 0.99375 0.5390625000000002
0 0.996875 0.3812500000000001 0.9703125 0.3812500000000001 0.9703125 0.4750000000000002 0.996875 0.4750000000000002
0 0.996875 0.3234375000000001 0.9671875 0.3234375000000001 0.9671875 0.4109375000000002 0.996875 0.4109375000000002
0 0.996875 0.2234375000000001 0.98125 0.2234375000000001 0.98125 0.31718750000000007 0.996875 0.31718750000000007
0 0.85625 0.9640625 0.8234375 0.9640625 0.8234375 0.9921875 0.85625 0.9921875
0 0.840625 0.878125 0.7875000000000002 0.878125 0.7875000000000002 0.9921875 0.840625 0.9921875
0 0.8703125 0.8125 0.8265625 0.8125 0.8265625 0.9421875 0.8703125 0.9421875
0 0.88125 0.6984375000000002 0.8296875 0.6984375000000002 0.8296875 0.8203125 0.88125 0.8203125
0 0.909375 0.7046875000000001 0.878125 0.7046875000000001 0.878125 0.7765625000000002 0.909375 0.7765625000000002
0 0.93125 0.7484375000000002 0.8984375 0.7484375000000002 0.8984375 0.80625 0.93125 0.80625
0 0.8921875 0.6484375000000002 0.865625 0.6484375000000002 0.865625 0.7203125000000001 0.8921875 0.7203125000000001
0 0.9234375 0.5031250000000002 0.8734375 0.5031250000000002 0.8734375 0.6406250000000002 0.9234375 0.6406250000000002
0 0.940625 0.4750000000000002 0.9046875 0.4750000000000002 0.9046875 0.5328125000000001 0.940625 0.5328125000000001
0 0.9703125 0.3390625000000001 0.928125 0.3390625000000001 0.928125 0.46875000000000017 0.9703125 0.46875000000000017
0 0.98125 0.2953125000000001 0.95 0.2953125000000001 0.95 0.3531250000000001 0.98125 0.3531250000000001
0 0.978125 0.2312500000000001 0.946875 0.2312500000000001 0.946875 0.3031250000000001 0.978125 0.3031250000000001
0 0.7890625000000002 0.9578125 0.7531250000000002 0.9578125 0.7531250000000002 0.99375 0.7890625000000002 0.99375
0 0.7906250000000001 0.8625 0.7437500000000001 0.8625 0.7437500000000001 0.9859375 0.7906250000000001 0.9859375
0 0.7875000000000002 0.7406250000000002 0.7390625000000002 0.7406250000000002 0.7390625000000002 0.8703125 0.7875000000000002 0.8703125
0 0.83125 0.7125000000000001 0.7828125 0.7125000000000001 0.7828125000000001 0.8203125 0.83125 0.8203125
0 0.8265625 0.80625 0.7875000000000002 0.80625 0.7875000000000002 0.878125 0.8265625 0.878125
0 0.859375 0.6546875000000002 0.8125 0.6546875000000002 0.8125 0.7343750000000002 0.859375 0.7343750000000002
0 0.8796875 0.5687500000000002 0.81875 0.5687500000000002 0.81875 0.6625000000000002 0.8796875 0.6625000000000002
0 0.88125 0.5328125000000001 0.834375 0.5328125000000001 0.834375 0.6187500000000001 0.88125 0.6187500000000001
0 0.890625 0.4390625000000002 0.846875 0.4390625000000002 0.846875 0.5328125000000001 0.890625 0.5328125000000001
0 0.93125 0.3593750000000001 0.878125 0.3593750000000001 0.878125 0.4890625000000002 0.93125 0.4890625000000002
0 0.9453125 0.2953125000000001 0.90625 0.2953125000000001 0.90625 0.3734375000000001 0.9453125 0.3734375000000001
0 0.9453125 0.2453125000000001 0.909375 0.2453125000000001 0.909375 0.30937500000000007 0.9453125 0.30937500000000007
0 0.9359375 0.2234375000000001 0.8984375 0.2234375000000001 0.8984375 0.2812500000000001 0.9359375 0.2812500000000001
0 0.903125 0.2453125000000001 0.884375 0.2453125000000001 0.884375 0.2953125000000001 0.903125 0.2953125000000001
0 0.884375 0.2156250000000001 0.834375 0.2156250000000001 0.834375 0.30937500000000007 0.884375 0.30937500000000007
0 0.90625 0.2656250000000001 0.8703125 0.2656250000000001 0.8703125 0.3312500000000001 0.90625 0.3312500000000001
0 0.90625 0.32500000000000007 0.8671875 0.32500000000000007 0.8671875 0.3750000000000001 0.90625 0.3750000000000001
0 0.8796875 0.3515625000000001 0.84375 0.3515625000000001 0.84375 0.4390625000000002 0.8796875 0.4390625000000002
0 0.8453125 0.3890625000000001 0.796875 0.3890625000000001 0.796875 0.5187500000000002 0.8453125 0.5187500000000002
0 0.8625 0.4968750000000002 0.8203125 0.4968750000000002 0.8203125 0.5546875000000002 0.8625 0.5546875000000002
0 0.815625 0.4890625000000002 0.76875 0.4890625000000002 0.76875 0.5546875000000002 0.815625 0.5546875000000002
0 0.815625 0.5328125000000001 0.765625 0.5328125000000001 0.765625 0.6828125000000002 0.815625 0.6828125000000002
0 0.76875 0.5828125000000001 0.715625 0.5828125 0.7156250000000001 0.7265625000000001 0.7687500000000002 0.7265625000000002
0 0.7968750000000001 0.6765625000000002 0.75 0.6765625000000002 0.7500000000000001 0.7546875000000002 0.7968750000000002 0.7546875000000002
0 0.7531250000000002 0.7265625000000002 0.7312500000000002 0.7265625000000002 0.7312500000000002 0.7765625000000002 0.7531250000000002 0.7765625000000002
0 0.7437500000000001 0.7406250000000001 0.7140625000000002 0.740625 0.7140625000000002 0.8421875 0.7437500000000001 0.8421875
0 0.7265625000000002 0.7703125000000001 0.6750000000000002 0.7703125 0.6750000000000002 0.9140625 0.7265625000000002 0.9140625
0 0.6968750000000001 0.8703125 0.6500000000000001 0.8703125 0.6500000000000001 0.99375 0.6968750000000001 0.99375
0 0.7171875000000002 0.95 0.6843750000000002 0.95 0.6843750000000002 0.9921875 0.7171875000000002 0.9921875
0 0.6750000000000002 0.75625 0.6328125000000002 0.75625 0.6328125000000002 0.8859375 0.6750000000000002 0.8859375
0 0.6531250000000002 0.9640625 0.6281250000000002 0.9640625 0.6281250000000002 0.9921875 0.6531250000000002 0.9921875
0 0.6468750000000002 0.8625 0.6093750000000002 0.8625 0.6093750000000002 0.9859375 0.6468750000000002 0.9859375
0 0.6203125000000002 0.9640625 0.5812500000000002 0.9640625 0.5812500000000002 0.9921875 0.6203125000000002 0.9921875
0 0.7187500000000001 0.646875 0.6609375 0.646875 0.6609375000000001 0.784375 0.7187500000000002 0.784375
0 0.715625 0.546875 0.6671875 0.546875 0.6671875 0.6546875 0.715625 0.6546875
0 0.765625 0.503125 0.71875 0.503125 0.71875 0.5906250000000001 0.765625 0.5906250000000002
0 0.7734375 0.4250000000000001 0.725 0.425 0.725 0.51875 0.7734375 0.5187500000000002
0 0.8 0.46093750000000017 0.775 0.46093750000000017 0.775 0.4890625000000002 0.8 0.4890625000000002
0 0.815625 0.3234375000000001 0.76875 0.3234375000000001 0.76875 0.4468750000000002 0.815625 0.4468750000000002
0 0.8296875 0.3312500000000001 0.8125 0.3312500000000001 0.8125 0.39531250000000007 0.8296875 0.39531250000000007
0 0.821875 0.2734375000000001 0.7859375 0.2734375000000001 0.7859375 0.3312500000000001 0.821875 0.3312500000000001
0 0.8421875 0.2515625000000001 0.815625 0.2515625000000001 0.815625 0.2953125000000001 0.8421875 0.2953125000000001
0 0.796875 0.2593750000000001 0.765625 0.2593750000000001 0.765625 0.30937500000000007 0.796875 0.30937500000000007
0 0.7765625 0.2812500000000001 0.746875 0.2812500000000001 0.746875 0.31718750000000007 0.7765625 0.31718750000000007
0 0.7765625 0.31718750000000007 0.7359375 0.31718750000000007 0.7359375 0.3593750000000001 0.7765625 0.3593750000000001
0 0.76875 0.3593750000000001 0.7265625 0.3593750000000001 0.7265625 0.4312500000000002 0.76875 0.4312500000000002
0 0.7515625 0.3453125000000001 0.7140625 0.3453125000000001 0.7140625 0.4250000000000001 0.7515625 0.42500000000000016
0 0.7359375 0.3234375000000001 0.703125 0.3234375000000001 0.703125 0.3890625000000001 0.7359375 0.3890625000000001
0 0.696875 0.30937500000000007 0.65625 0.30937500000000007 0.65625 0.3593750000000001 0.696875 0.3593750000000001
0 0.703125 0.3453125000000001 0.65625 0.3453125000000001 0.65625 0.4390625 0.703125 0.4390625
0 0.725 0.403125 0.678125 0.403125 0.678125 0.546875 0.725 0.546875
0 0.6921875 0.4828125 0.65625 0.4828125 0.65625 0.5765625 0.6921875 0.5765625
0 0.671875 0.56875 0.6390625 0.56875 0.6390625 0.6328125 0.671875 0.6328125
0 0.6703125000000001 0.640625 0.634375 0.640625 0.6343750000000001 0.7484375 0.6703125000000002 0.7484375
0 0.6468750000000002 0.7265625 0.6171875000000002 0.7265625 0.6171875000000002 0.784375 0.6468750000000002 0.784375
0 0.6328125000000002 0.7625 0.5953125000000001 0.7625 0.5953125000000001 0.8921875 0.6328125000000002 0.8921875
0 0.6093750000000002 0.8703125 0.5656250000000002 0.8703125 0.5656250000000002 0.978125 0.6093750000000002 0.978125
0 0.5812500000000002 0.95 0.5406250000000001 0.95 0.5406250000000001 0.9921875 0.5812500000000002 0.9921875
0 0.5734375000000002 0.85 0.5343750000000002 0.85 0.5343750000000002 0.9578125 0.5734375000000002 0.9578125
0 0.5984375000000002 0.734375 0.5546875000000002 0.734375 0.5546875000000002 0.8703125 0.5984375000000002 0.8703125
0 0.6359375 0.646875 0.5734375 0.646875 0.5734375 0.7625 0.6359375000000002 0.7625
0 0.6375 0.6046875 0.6015625 0.6046875 0.6015625 0.6546875 0.6375 0.6546875
0 0.653125 0.446875 0.6 0.446875 0.6 0.590625 0.653125 0.590625
0 0.675 0.446875 0.646875 0.446875 0.646875 0.5546875 0.675 0.5546875
0 0.646875 0.3890625000000001 0.603125 0.3890625000000001 0.603125 0.4671875 0.646875 0.4671875
0 0.6453125 0.3531250000000001 0.6140625 0.3531250000000001 0.6140625 0.403125 0.6453125 0.403125
0 0.6171875 0.496875 0.5734375 0.496875 0.5734375 0.590625 0.6171875 0.590625
0 0.60625 0.546875 0.559375 0.546875 0.559375 0.6765625 0.60625 0.6765625
0 0.5640625 0.525 0.5234375 0.525 0.5234375 0.6328125 0.5640625 0.6328125
0 0.5734375 0.640625 0.5265625 0.640625 0.5265625 0.740625 0.5734375000000002 0.740625
0 0.5390625 0.6265625 0.5125 0.6265625 0.5125 0.7203125 0.5390625 0.7203125
0 0.5093750000000001 0.6546875 0.46875 0.6546875 0.4687500000000001 0.7265625 0.5093750000000001 0.7265625
0 0.4687500000000001 0.640625 0.425 0.640625 0.4250000000000001 0.7265625 0.46875000000000017 0.7265625
0 0.47343750000000007 0.7125 0.4328125 0.7125 0.4328125000000001 0.8203125 0.4734375000000002 0.8203125
0 0.5093750000000001 0.7203125 0.46875 0.7203125 0.4687500000000001 0.85 0.5093750000000001 0.85
0 0.5546875000000002 0.7265625 0.5078125000000002 0.7265625 0.5078125000000002 0.8421875 0.5546875000000002 0.8421875
0 0.4296875000000001 0.7125 0.3906250000000001 0.7125 0.3906250000000001 0.8265625 0.42968750000000017 0.8265625
0 0.4031250000000002 0.8125 0.3671875000000001 0.8125 0.3671875000000001 0.928125 0.4031250000000002 0.928125
0 0.4468750000000002 0.80625 0.4046875000000002 0.80625 0.4046875000000002 0.9359375 0.4468750000000002 0.9359375
0 0.4937500000000002 0.80625 0.4468750000000002 0.80625 0.4468750000000002 0.928125 0.4937500000000002 0.928125
0 0.5375000000000002 0.834375 0.4906250000000002 0.834375 0.4906250000000002 0.95 0.5375000000000002 0.95
0 0.5453125000000002 0.94375 0.5046875000000002 0.94375 0.5046875000000002 0.99375 0.5453125000000002 0.99375
0 0.5046875000000002 0.921875 0.4625000000000002 0.921875 0.4625000000000002 0.99375 0.5046875000000002 0.99375
0 0.4625000000000002 0.9140625 0.42187500000000017 0.9140625 0.42187500000000017 0.9921875 0.4625000000000002 0.9921875
0 0.4265625000000002 0.928125 0.3750000000000001 0.928125 0.3750000000000001 0.9921875 0.4265625000000002 0.9921875
0 0.3781250000000001 0.921875 0.3468750000000001 0.921875 0.3468750000000001 0.99375 0.3781250000000001 0.99375
0 0.7515625 0.2453125000000001 0.7078125 0.2453125000000001 0.7078125 0.3234375000000001 0.7515625 0.3234375000000001
0 0.703125 0.2093750000000001 0.6703125 0.2093750000000001 0.6703125 0.3031250000000001 0.703125 0.3031250000000001
0 0.646875 0.2093750000000001 0.6171875 0.2093750000000001 0.6171875 0.2812500000000001 0.646875 0.2812500000000001
0 0.671875 0.2593750000000001 0.6421875 0.2593750000000001 0.6421875 0.31718750000000007 0.671875 0.31718750000000007
0 0.659375 0.2875000000000001 0.615625 0.2875000000000001 0.615625 0.3531250000000001 0.659375 0.3531250000000001
0 0.63125 0.2312500000000001 0.5890625 0.2312500000000001 0.5890625 0.3031250000000001 0.63125 0.3031250000000001
0 0.5921875 0.2375000000000001 0.5625 0.2375000000000001 0.5625 0.30937500000000007 0.5921875 0.30937500000000007
0 0.6140625 0.30156250000000007 0.578125 0.30156250000000007 0.578125 0.3671875000000001 0.6140625 0.3671875000000001
0 0.5953125 0.3390625000000001 0.5640625 0.3390625000000001 0.5640625 0.3750000000000001 0.5953125 0.3750000000000001
0 0.6015625 0.446875 0.5546875 0.446875 0.5546875 0.51875 0.6015625 0.51875
0 0.5703125 0.39531250000000007 0.5265625 0.39531250000000007 0.5265625 0.4890625 0.5703125 0.4890625
0 0.609375 0.3812500000000001 0.5703125 0.3812500000000001 0.5703125 0.4453125 0.609375 0.4453125
0 0.5671875 0.2812500000000001 0.534375 0.2812500000000001 0.534375 0.3531250000000001 0.5671875 0.3531250000000001
0 0.55625 0.3234375000000001 0.5234375 0.3234375000000001 0.5234375 0.39531250000000007 0.55625 0.39531250000000007
0 0.53125 0.2875000000000001 0.4984375 0.2875000000000001 0.4984375 0.3671875000000001 0.53125 0.3671875000000001
0 0.5453125 0.2671875000000001 0.5265625 0.2671875000000001 0.5265625 0.2812500000000001 0.5453125 0.2812500000000001
0 0.5015625 0.3609375000000001 0.48125 0.3609375000000001 0.48125 0.4109375 0.5015625 0.4109375
0 0.5265625 0.3812500000000001 0.4984375 0.3812500000000001 0.4984375 0.4453125 0.5265625 0.4453125
0 0.515625 0.425 0.4734375 0.425 0.4734375 0.5109375 0.515625 0.5109375
0 0.5203125 0.496875 0.49375 0.496875 0.49375 0.5828125 0.5203125 0.5828125
0 0.51875 0.5609375 0.471875 0.5609375 0.471875 0.66875 0.51875 0.66875
0 0.4765625 0.5765625 0.44375 0.5765625 0.44375 0.6703125 0.4765625 0.6703125
0 0.484375 0.503125 0.4515625 0.503125 0.4515625 0.56875 0.484375 0.56875
0 0.4765625 0.4609375 0.4578125 0.4609375 0.4578125 0.496875 0.4765625 0.496875
0 0.4796875 0.39531250000000007 0.4546875 0.39531250000000007 0.4546875 0.4890625 0.4796875 0.4890625
0 0.4578125 0.4328125 0.4265625 0.4328125 0.4265625 0.4828125 0.4578125 0.4828125
0 0.4546875 0.3671875000000001 0.4296875 0.3671875000000001 0.4296875 0.43125 0.4546875 0.43125
0 0.421875 0.475 0.4 0.475 0.4 0.5171875 0.421875 0.5171875
0 0.4515625 0.475 0.421875 0.475 0.421875 0.5609375 0.4515625 0.5609375
0 0.425 0.525 0.3890625000000001 0.525 0.3890625000000001 0.6109375 0.425 0.6109375
0 0.3937500000000001 0.475 0.3578125000000001 0.475 0.3578125000000001 0.5609375 0.3937500000000001 0.5609375
0 0.4140625 0.4390625 0.3921875000000001 0.4390625 0.3921875000000001 0.4671875 0.4140625 0.4671875
0 0.446875 0.5765625 0.4140625 0.5765625 0.4140625 0.634375 0.446875 0.634375
0 0.4328125 0.6328125 0.3968750000000001 0.6328125 0.3968750000000001 0.7046875 0.4328125 0.7046875
0 0.3937500000000001 0.6328125 0.3687500000000001 0.6328125 0.3687500000000001 0.7125 0.3937500000000001 0.7125
0 0.3828125000000001 0.56875 0.35625000000000007 0.56875 0.35625000000000007 0.646875 0.3828125000000001 0.646875
0 0.35625000000000007 0.575 0.3234375000000001 0.575 0.3234375000000001 0.6625 0.35625000000000007 0.6625
0 0.3609375000000001 0.6328125 0.3281250000000001 0.6328125 0.3281250000000001 0.7203125 0.3609375000000001 0.7203125
0 0.3203125000000001 0.590625 0.2890625000000001 0.590625 0.2890625000000001 0.66875 0.3203125000000001 0.66875
0 0.2843750000000001 0.6265625 0.2515625000000001 0.6265625 0.2515625000000001 0.7265625 0.2843750000000001 0.7265625
0 0.3203125000000001 0.66875 0.2843750000000001 0.66875 0.2843750000000001 0.7265625 0.3203125000000001 0.7265625
0 0.3937500000000001 0.7203125 0.3687500000000001 0.7203125 0.3687500000000001 0.7984375 0.3937500000000001 0.7984375
0 0.3750000000000001 0.7203125 0.3437500000000001 0.7203125 0.3437500000000001 0.828125 0.3750000000000001 0.828125
0 0.3453125000000001 0.7265625 0.30156250000000007 0.7265625 0.30156250000000007 0.8203125 0.3453125000000001 0.8203125
0 0.3031250000000001 0.734375 0.2718750000000001 0.734375 0.2718750000000001 0.828125 0.3031250000000001 0.828125
0 0.27031250000000007 0.734375 0.2484375000000001 0.734375 0.2484375000000001 0.8125 0.27031250000000007 0.8125
0 0.2484375000000001 0.7484375 0.2156250000000001 0.7484375 0.2156250000000001 0.8125 0.2484375000000001 0.8125
0 0.3687500000000001 0.8125 0.3531250000000001 0.8125 0.3531250000000001 0.90625 0.3687500000000001 0.90625
0 0.3468750000000001 0.7984375 0.3218750000000001 0.7984375 0.3218750000000001 0.884375 0.3468750000000001 0.884375
0 0.31718750000000007 0.80625 0.2843750000000001 0.80625 0.2843750000000001 0.884375 0.31718750000000007 0.884375
0 0.2812500000000001 0.7984375 0.2500000000000001 0.7984375 0.2500000000000001 0.9 0.2812500000000001 0.9
0 0.2531250000000001 0.8125 0.22656250000000008 0.8125 0.22656250000000008 0.9 0.2531250000000001 0.9
0 0.2296875000000001 0.8203125 0.20468750000000008 0.8203125 0.20468750000000008 0.8921875 0.2296875000000001 0.8921875
0 0.21250000000000008 0.878125 0.1906250000000001 0.878125 0.1906250000000001 0.9640625 0.21250000000000008 0.9640625
0 0.19218750000000012 0.9578125 0.16250000000000014 0.9578125 0.16250000000000014 0.99375 0.19218750000000012 0.99375
0 0.22656250000000008 0.9578125 0.19062500000000013 0.9578125 0.19062500000000013 0.99375 0.22656250000000008 0.99375
0 0.2406250000000001 0.8984375 0.2156250000000001 0.8984375 0.2156250000000001 0.9859375 0.2406250000000001 0.9859375
0 0.2750000000000001 0.90625 0.2484375000000001 0.90625 0.2484375000000001 0.9859375 0.2750000000000001 0.9859375
0 0.2921875000000001 0.9 0.2750000000000001 0.9 0.2750000000000001 0.95 0.2921875000000001 0.95
0 0.32500000000000007 0.8921875 0.2921875000000001 0.8921875 0.2921875000000001 0.971875 0.32500000000000007 0.971875
0 0.3531250000000001 0.8921875 0.3281250000000001 0.8921875 0.3281250000000001 0.978125 0.3531250000000001 0.978125
0 0.559375 0.19375000000000006 0.528125 0.19375000000000003 0.528125 0.2593750000000001 0.559375 0.2593750000000001
0 0.5296875 0.18750000000000006 0.5046875 0.18750000000000006 0.5046875 0.2734375000000001 0.5296875 0.2734375000000001
0 0.509375 0.2093750000000001 0.4828125 0.2093750000000001 0.4828125 0.2593750000000001 0.509375 0.2593750000000001
0 0.509375 0.2515625000000001 0.4734375 0.2515625000000001 0.4734375 0.3390625000000001 0.509375 0.3390625000000001
0 0.48125 0.3234375000000001 0.44375 0.3234375000000001 0.44375 0.3890625000000001 0.48125 0.3890625000000001
0 0.4765625 0.2234375000000001 0.4375 0.2234375000000001 0.4375 0.31718750000000007 0.4765625 0.31718750000000007
0 0.471875 0.2078125000000001 0.45 0.2078125000000001 0.45 0.2375000000000001 0.471875 0.2375000000000001
0 0.4875 0.18750000000000006 0.46875 0.18750000000000006 0.46875 0.2234375000000001 0.4875 0.2234375000000001
0 0.446875 0.2015625000000001 0.4296875 0.2015625000000001 0.4296875 0.24375000000000008 0.446875 0.24375000000000008
0 0.440625 0.2375000000000001 0.41875 0.2375000000000001 0.41875 0.30156250000000007 0.440625 0.30156250000000007
0 0.4765625 0.2375000000000001 0.44375 0.2375000000000001 0.44375 0.3234375000000001 0.4765625 0.3234375000000001
0 0.4390625 0.3031250000000001 0.40625 0.3031250000000001 0.40625 0.3968750000000001 0.4390625 0.3968750000000001
0 0.4265625 0.3890625000000001 0.4 0.3890625000000001 0.4 0.4609375 0.4265625 0.4609375
0 0.403125 0.3390625000000001 0.3671875 0.3390625000000001 0.36718750000000006 0.446875 0.403125 0.446875
0 0.3890625000000001 0.43125 0.3609375000000001 0.43125 0.3609375000000001 0.4609375 0.3890625000000001 0.4609375
0 0.36406250000000007 0.425 0.3218750000000001 0.425 0.3218750000000001 0.546875 0.36406250000000007 0.546875
0 0.3453125000000001 0.5109375 0.3125000000000001 0.5109375 0.3125000000000001 0.5828125 0.3453125000000001 0.5828125
0 0.30937500000000007 0.4890625 0.2765625000000001 0.4890625 0.2765625000000001 0.590625 0.30937500000000007 0.590625
0 0.31718750000000007 0.4453125 0.28593750000000007 0.4453125 0.28593750000000007 0.5109375 0.31718750000000007 0.5109375
0 0.3218750000000001 0.38125 0.2953125000000001 0.38125 0.2953125000000001 0.4609375 0.3218750000000001 0.4609375
0 0.3609375000000001 0.3671875 0.32500000000000007 0.3671875 0.32500000000000007 0.4453125 0.3609375000000001 0.4453125
0 0.37812500000000004 0.33125000000000004 0.353125 0.33125 0.353125 0.39531250000000007 0.3781250000000001 0.39531250000000007
0 0.4015625 0.2453125000000001 0.3640625 0.2453125000000001 0.3640625 0.3390625000000001 0.4015625 0.3390625000000001
0 0.4296875 0.2156250000000001 0.4 0.2156250000000001 0.4 0.2953125000000001 0.4296875 0.2953125000000001
0 0.16250000000000014 0.95 0.13281250000000014 0.95 0.13281250000000014 0.9921875 0.16250000000000014 0.9921875
0 0.13437500000000013 0.95 0.10468750000000013 0.95 0.10468750000000013 0.9921875 0.13437500000000013 0.9921875
0 0.10468750000000013 0.928125 0.07500000000000011 0.928125 0.07500000000000011 0.9921875 0.10468750000000013 0.9921875
0 0.07500000000000011 0.921875 0.050000000000000114 0.921875 0.050000000000000114 0.99375 0.07500000000000011 0.99375
0 0.050000000000000114 0.9640625 0.028125000000000122 0.9640625 0.028125000000000122 0.9921875 0.050000000000000114 0.9921875
0 0.02187500000000012 0.94375 1.1557604166953146e-16 0.94375 1.1863765866739982e-16 0.99375 0.021875000000000124 0.99375
0 0.1875000000000001 0.8625 0.1453125000000001 0.8625 0.14531250000000012 0.95 0.18750000000000014 0.95
0 0.2093750000000001 0.784375 0.17343750000000008 0.784375 0.17343750000000008 0.8625 0.2093750000000001 0.8625
0 0.2171875000000001 0.690625 0.1765625000000001 0.690625 0.1765625000000001 0.7765625 0.2171875000000001 0.7765625
0 0.2484375000000001 0.646875 0.2093750000000001 0.646875 0.2093750000000001 0.7484375 0.2484375000000001 0.7484375
0 0.2593750000000001 0.5546875 0.22031250000000008 0.5546875 0.22031250000000008 0.6484375 0.2593750000000001 0.6484375
0 0.2921875000000001 0.56875 0.2609375000000001 0.56875 0.2609375000000001 0.6265625 0.2921875000000001 0.6265625
0 0.2765625000000001 0.475 0.25468750000000007 0.475 0.25468750000000007 0.5609375 0.2765625000000001 0.5609375
0 0.28593750000000007 0.446875 0.2671875000000001 0.446875 0.2671875000000001 0.4890625 0.28593750000000007 0.4890625
0 0.2593750000000001 0.496875 0.22031250000000008 0.496875 0.22031250000000008 0.5609375 0.2593750000000001 0.5609375
0 0.2234375000000001 0.6046875 0.2062500000000001 0.6046875 0.2062500000000001 0.6546875 0.2234375000000001 0.6546875
0 0.2093750000000001 0.6046875 0.1703125000000001 0.6046875 0.1703125000000001 0.690625 0.2093750000000001 0.690625
0 0.1765625000000001 0.6765625 0.1375000000000001 0.6765625 0.1375000000000001 0.7703125 0.1765625000000001 0.7703125
0 0.17343750000000008 0.7703125 0.14062500000000008 0.7703125 0.14062500000000008 0.8640625 0.17343750000000008 0.8640625
0 0.1437500000000001 0.7625 0.11875000000000009 0.7625 0.11875000000000009 0.8640625 0.1437500000000001 0.8640625
0 0.1484375000000001 0.8484375 0.11875000000000009 0.8484375 0.1187500000000001 0.9359375 0.14843750000000014 0.9359375
0 0.1250000000000001 0.8421875 0.10312500000000009 0.8421875 0.1031250000000001 0.9140625 0.12500000000000014 0.9140625
0 0.1218750000000001 0.75625 0.0906250000000001 0.75625 0.0906250000000001 0.85 0.1218750000000001 0.85
0 0.10156250000000011 0.8484375 0.0718750000000001 0.8484375 0.0718750000000001 0.928125 0.10156250000000014 0.928125
0 0.0937500000000001 0.7484375 0.06562500000000009 0.7484375 0.0656250000000001 0.8421875 0.09375000000000011 0.8421875
0 0.0718750000000001 0.8203125 0.0437500000000001 0.8203125 0.04375000000000011 0.9203125 0.0718750000000001 0.9203125
0 0.04687500000000011 0.8703125 0.014062500000000106 0.8703125 0.014062500000000111 0.9421875 0.04687500000000011 0.9421875
0 0.017187500000000112 0.85625 1.0486038217699211e-16 0.85625 1.0964415873616147e-16 0.934375 0.017187500000000116 0.934375
0 0.04218750000000011 0.7984375 0.0171875000000001 0.7984375 0.017187500000000102 0.8640625 0.042187500000000114 0.8640625
0 0.0656250000000001 0.7265625 0.03906250000000009 0.7265625 0.0390625000000001 0.8203125 0.06562500000000011 0.8203125
0 0.0906250000000001 0.6609375 0.057812500000000086 0.6609375 0.057812500000000086 0.7484375 0.0906250000000001 0.7484375
0 0.0171875000000001 0.784375 9.605823330812052e-17 0.784375 1.013203875232068e-16 0.8703125 0.017187500000000105 0.8703125
0 0.0390625000000001 0.7046875 0.006250000000000086 0.7046875 0.006250000000000091 0.7921875 0.0390625000000001 0.7921875
0 0.060937500000000075 0.6328125 0.025000000000000078 0.6328125 0.025000000000000085 0.7203125 0.06093750000000009 0.7203125
0 0.10468750000000009 0.5546875 0.057812500000000065 0.5546875 0.05781250000000008 0.6546875 0.10468750000000009 0.6546875
0 0.1375000000000001 0.66875 0.09375000000000008 0.66875 0.09375000000000008 0.740625 0.1375000000000001 0.740625
0 0.1703125000000001 0.5765625 0.11562500000000009 0.5765625 0.11562500000000009 0.684375 0.1703125000000001 0.684375
0 0.1296875000000001 0.6265625 0.09375000000000007 0.6265625 0.09375000000000008 0.66875 0.1296875000000001 0.66875
0 0.13281250000000006 0.503125 0.08281250000000007 0.503125 0.08281250000000007 0.61875 0.13281250000000008 0.61875
0 0.15468750000000006 0.5328125 0.12343750000000005 0.5328125 0.12343750000000006 0.596875 0.1546875000000001 0.596875
0 0.057812500000000065 0.51875 0.028125000000000067 0.51875 0.028125000000000074 0.6265625 0.057812500000000065 0.6265625
0 0.02500000000000007 0.540625 6.620746757890377e-17 0.540625 7.1947999449907e-17 0.634375 0.025000000000000078 0.634375
0 0.02187500000000008 0.6109375 7.481826538540861e-17 0.6109375 8.017609513167828e-17 0.6984375 0.021875000000000082 0.6984375
0 0.18750000000000006 0.4890625 0.15156250000000004 0.4890625 0.15156250000000007 0.5828125 0.18750000000000008 0.5828125
0 0.22656250000000008 0.5390625 0.19062500000000004 0.5390625 0.19062500000000007 0.61875 0.22656250000000008 0.61875
0 0.2375000000000001 0.446875 0.19062500000000004 0.446875 0.19062500000000004 0.540625 0.2375000000000001 0.540625
0 0.19843750000000004 0.4390625 0.14843750000000006 0.4390625 0.14843750000000006 0.5109375 0.19843750000000004 0.5109375
0 0.23437500000000008 0.403125 0.19218750000000004 0.403125 0.19218750000000004 0.475 0.23437500000000008 0.475
0 0.20468750000000008 0.3734375 0.17343750000000005 0.3734375 0.17343750000000005 0.4390625 0.20468750000000008 0.4390625
0 0.22343750000000004 0.315625 0.18750000000000006 0.315625 0.18750000000000006 0.403125 0.2234375000000001 0.403125
0 0.26250000000000007 0.33125 0.2203125 0.33125 0.22031250000000005 0.43125 0.26250000000000007 0.43125
0 0.2734375000000001 0.4171875 0.2515625000000001 0.4171875 0.2515625000000001 0.4609375 0.2734375000000001 0.4609375
0 0.29218750000000004 0.3453125 0.2609375 0.3453125 0.26093750000000004 0.4390625 0.2921875000000001 0.4390625
0 0.4078125 0.19531250000000006 0.375 0.19531250000000006 0.375 0.2453125000000001 0.4078125 0.2453125000000001
0 0.3671875 0.18750000000000006 0.3421875 0.18750000000000006 0.3421875 0.22343750000000004 0.3671875 0.2234375000000001
0 0.371875 0.20781250000000004 0.34375 0.2078125 0.34375 0.27343750000000006 0.371875 0.2734375000000001
0 0.3609375 0.2515625 0.3328125 0.2515625 0.3328125 0.33125 0.3609375 0.33125
0 0.3671875 0.30312500000000003 0.325 0.303125 0.325 0.3609375 0.3671875 0.3609375000000001
0 0.32812500000000006 0.2953125 0.2953125 0.2953125 0.29531250000000003 0.3671875 0.3281250000000001 0.3671875
0 0.3390625 0.215625 0.3171875 0.215625 0.3171875 0.28125 0.3390625 0.28125
0 0.3234375 0.2453125 0.2875 0.2453125 0.2875 0.2953125 0.3234375 0.2953125
0 0.3 0.2671875 0.259375 0.2671875 0.259375 0.3390625 0.3 0.3390625
0 0.25625 0.2453125 0.2203125 0.2453125 0.2203125 0.3234375 0.25625 0.3234375
0 0.21875 0.215625 0.17187500000000006 0.215625 0.17187500000000006 0.3171875 0.21875 0.3171875
0 0.17343750000000005 0.2015625 0.13281250000000006 0.2015625 0.13281250000000006 0.2796875 0.17343750000000005 0.2796875
0 0.17656250000000004 0.2734375 0.14062500000000006 0.2734375 0.14062500000000006 0.3453125 0.17656250000000004 0.3453125
0 0.19375000000000003 0.3171875 0.16875000000000004 0.3171875 0.16875000000000004 0.375 0.19375000000000003 0.375
0 0.17968750000000006 0.359375 0.15156250000000004 0.359375 0.15156250000000004 0.446875 0.17968750000000006 0.446875
0 0.16562500000000005 0.33125 0.11875000000000005 0.33125 0.11875000000000005 0.43125 0.16562500000000005 0.43125
0 0.13750000000000004 0.23125 0.11093750000000005 0.23125 0.11093750000000005 0.2671875 0.13750000000000004 0.2671875
0 0.10937500000000004 0.2234375 0.09375000000000003 0.2234375 0.09375000000000003 0.2453125 0.10937500000000004 0.2453125
0 0.11093750000000005 0.2453125 0.08593750000000003 0.2453125 0.08593750000000003 0.2734375 0.11093750000000005 0.2734375
0 0.10781250000000005 0.259375 0.08281250000000002 0.259375 0.08281250000000004 0.3171875 0.10781250000000005 0.3171875
0 0.14375000000000004 0.259375 0.10468750000000004 0.259375 0.10468750000000004 0.3375 0.14375000000000004 0.3375
0 0.10000000000000005 0.2875 0.06875000000000005 0.2875 0.06875000000000005 0.353125 0.10000000000000005 0.353125
0 0.07968750000000004 0.2375 0.057812500000000024 0.2375 0.05781250000000003 0.2875 0.07968750000000005 0.2875
0 0.06875000000000003 0.24375 0.029687500000000033 0.24375 0.02968750000000004 0.33125 0.06875000000000005 0.33125
0 0.03125000000000003 0.2234375 0.009375000000000027 0.2234375 0.009375000000000033 0.2875 0.031250000000000035 0.2875
0 0.01406250000000003 0.215625 2.6406446606614805e-17 0.215625 2.9468063604483184e-17 0.265625 0.014062500000000033 0.265625
0 0.025000000000000033 0.2515625 3.080752104105061e-17 0.2515625 3.4347515694835924e-17 0.309375 0.025000000000000033 0.309375
0 0.050000000000000044 0.28125 3.444319122601931e-17 0.28125 3.884426566045511e-17 0.353125 0.050000000000000044 0.353125
0 0.050000000000000044 0.353125 0.017187500000000043 0.353125 0.017187500000000046 0.425 0.050000000000000044 0.425
0 0.07656250000000006 0.3453125 0.03906250000000004 0.3453125 0.03906250000000005 0.4671875 0.07656250000000006 0.4671875
0 0.11562500000000005 0.359375 0.07187500000000005 0.359375 0.07187500000000005 0.4390625 0.11562500000000005 0.4390625
0 0.12343750000000005 0.43125 0.07968750000000005 0.43125 0.07968750000000005 0.51875 0.12343750000000005 0.51875
0 0.16562500000000005 0.425 0.11875000000000005 0.425 0.11875000000000005 0.51875 0.16562500000000005 0.51875
0 0.054687500000000056 0.425 0.02187500000000005 0.425 0.021875000000000054 0.503125 0.05468750000000007 0.503125
0 0.02500000000000005 0.3890625 4.7646414529326714e-17 0.3890625 5.243019108849606e-17 0.4671875 0.025000000000000057 0.4671875
0 0.02812500000000006 0.4609375 5.644856339819831e-17 0.4609375 6.123233995736765e-17 0.5390625 0.028125000000000067 0.5390625