0 0.7953125000000001 0.596875 0.4125 0.596875 0.4125000000000001 0.9953125 0.7953125000000002 0.9953125
0 0.996875 0.5609375000000002 0.8 0.5609375000000002 0.8 0.9953125 0.996875 0.9953125
0 0.946875 0.10468750000000011 0.603125 0.10468750000000009 0.603125 0.7171875000000001 0.946875 0.7171875000000002
0 0.996875 0.12031250000000013 0.9515625 0.12031250000000013 0.9515625 0.5812500000000002 0.996875 0.5812500000000002
0 0.996875 1.0811335023722728e-16 0.76875 9.414472268445279e-17 0.76875 0.2406250000000001 0.996875 0.2406250000000001
0 0.7734375 7.587069622842587e-17 0.465625 5.702261658529863e-17 0.465625 0.2250000000000001 0.7734375 0.2250000000000001
0 0.590625 0.14687500000000006 0.3 0.14687500000000003 0.3 0.31875000000000003 0.590625 0.3187500000000001
0 0.6171875000000001 0.21562500000000004 0.2390625 0.215625 0.23906250000000004 0.75 0.6171875000000002 0.75
0 0.4015625000000001 0.5546875 0.003125000000000068 0.5546875 0.003125000000000095 0.9953125 0.40156250000000016 0.9953125
0 0.27968750000000003 0.15156250000000002 1.8561053049577072e-17 0.1515625 5.376964852506347e-17 0.7265625 0.2796875000000001 0.7265625
0 0.4609375 3.865291459808834e-17 0.1703125 2.085726579797836e-17 0.17031250000000003 0.24531250000000004 0.4609375 0.2453125000000001
0 0.16718750000000002 1.0237281836622407e-17 0 0 1.3490249896857564e-17 0.2203125 0.16718750000000004 0.2203125