0 0.9953125 0.3140625000000001 0.6796875 0.3140625000000001 0.6796875000000001 0.809375 0.9953125 0.809375
0 0.996875 0.7171875000000001 0.684375 0.7171875 0.6843750000000001 0.9953125 0.996875 0.9953125
0 0.6875000000000002 0.79375 0.24375000000000008 0.79375 0.24375000000000008 0.9953125 0.6875000000000002 0.9953125
0 0.7109375000000001 0.3296875 0.3015625 0.3296875 0.30156250000000007 0.865625 0.7109375000000002 0.865625
0 0.2468750000000001 0.7828125 9.586688224575374e-17 0.7828125 1.0887875448669438e-16 0.9953125 0.2468750000000001 0.9953125
0 0.35156250000000006 0.3140625 3.846156353572156e-17 0.3140625 6.907773351440539e-17 0.8140625 0.3515625000000001 0.8140625
0 0.3671875 2.7937255105548996e-17 0.0890625 1.0907010554906114e-17 0.08906250000000002 0.3140625 0.3671875 0.3140625000000001
0 0.70625 6.544206332943669e-17 0.3625 4.4393446469091554e-17 0.3625 0.3296875 0.70625 0.3296875000000001
0 0.996875 1.0026795668018954e-16 0.640625 7.845393557037732e-17 0.640625 0.3203125000000001 0.996875 0.3203125000000001
0 0.15781250000000002 9.663228649522084e-18 0 0 1.951780836141094e-17 0.31875 0.15781250000000005 0.31875
0 0.996875 6.104098889500089e-17 0 0 6.09453133638175e-17 0.9953125 0.996875 0.9953125