0 0.95625 0.4703125000000001 0.565625 0.4703125 0.565625 0.7921875 0.95625 0.7921875000000002
0 0.9703125 0.4843750000000001 0.584375 0.484375 0.584375 0.7234375000000001 0.9703125 0.7234375000000002
0 0.8640625 0.5078125000000001 0.6890625 0.5078125 0.6890625 0.64375 0.8640625 0.6437500000000002
0 0.903125 0.5015625000000001 0.7453125 0.5015625000000001 0.7453125 0.5656250000000002 0.903125 0.5656250000000002
0 0.846875 0.4625000000000001 0.490625 0.4625 0.4906250000000001 0.8109375 0.846875 0.8109375
0 0.7718750000000002 0.8328125 0.6890625000000001 0.8328125 0.6890625000000001 0.9546875 0.7718750000000002 0.9546875
0 0.6843750000000002 0.86875 0.5750000000000002 0.86875 0.5750000000000002 0.96875 0.6843750000000002 0.96875
0 0.6140625000000002 0.7734375 0.42968750000000017 0.7734375 0.42968750000000017 0.9546875 0.6140625000000002 0.9546875
0 0.6140625000000001 0.7015625 0.434375 0.7015625 0.43437500000000007 0.81875 0.6140625000000002 0.81875
0 0.4437500000000002 0.7515625 0.29375000000000007 0.7515625 0.29375000000000007 0.9140625 0.4437500000000002 0.9140625
0 0.4390625000000002 0.846875 0.3468750000000001 0.846875 0.3468750000000001 0.9234375 0.4390625000000002 0.9234375
0 0.46093750000000017 0.9 0.3515625000000001 0.9 0.3515625000000001 0.9640625 0.46093750000000017 0.9640625
0 0.22812500000000008 0.746875 0.10156250000000008 0.746875 0.10156250000000008 0.828125 0.22812500000000008 0.828125
0 0.3078125000000001 0.6609375 0.04375000000000008 0.6609375 0.043750000000000094 0.8953125 0.3078125000000001 0.8953125
0 0.3125000000000001 0.80625 0.24218750000000008 0.80625 0.24218750000000008 0.85625 0.3125000000000001 0.85625
0 0.2453125000000001 0.8453125 0.21093750000000008 0.8453125 0.21093750000000008 0.8734375 0.2453125000000001 0.8734375
0 0.2812500000000001 0.8609375 0.2328125000000001 0.8609375 0.2328125000000001 0.9015625 0.2812500000000001 0.9015625
0 0.3109375000000001 0.8609375 0.2765625000000001 0.8609375 0.2765625000000001 0.9015625 0.3109375000000001 0.9015625
0 0.2328125000000001 0.878125 0.1750000000000001 0.878125 0.1750000000000001 0.91875 0.2328125000000001 0.91875
0 0.25468750000000007 0.909375 0.2140625000000001 0.909375 0.2140625000000001 0.9546875 0.25468750000000007 0.9546875
0 0.3062500000000001 0.9046875 0.25468750000000007 0.9046875 0.25468750000000007 0.9546875 0.3062500000000001 0.9546875
0 0.3421875000000001 0.896875 0.3031250000000001 0.896875 0.3031250000000001 0.9421875 0.3421875000000001 0.9421875
0 0.2062500000000001 0.8734375 0.14843750000000008 0.8734375 0.1484375000000001 0.91875 0.2062500000000001 0.91875
0 0.6843750000000002 0.81875 0.6359375000000002 0.81875 0.6359375000000002 0.8828125 0.6843750000000002 0.8828125
0 0.6312500000000002 0.8015625 0.6015625000000002 0.8015625 0.6015625000000002 0.85625 0.6312500000000002 0.85625
0 0.6843750000000002 0.7609375 0.6218750000000002 0.7609375 0.6218750000000002 0.81875 0.6843750000000002 0.81875
0 0.7375000000000002 0.7703125000000001 0.6796875000000002 0.7703125 0.6796875000000002 0.815625 0.7375000000000002 0.815625
0 0.7937500000000002 0.7687500000000002 0.7406250000000002 0.7687500000000002 0.7406250000000002 0.828125 0.7937500000000002 0.828125
0 0.7984375000000001 0.815625 0.7187500000000002 0.815625 0.7187500000000002 0.896875 0.7984375000000001 0.896875
0 0.846875 0.809375 0.7812500000000002 0.809375 0.7812500000000002 0.86875 0.846875 0.86875
0 0.5000000000000001 0.4890625 0.2375000000000001 0.4890625 0.2375000000000001 0.75625 0.5000000000000002 0.75625
0 0.5625 0.035937500000000046 0.1765625 0.035937500000000025 0.1765625 0.525 0.5625 0.525
0 0.5 0.4890625 0.4609375 0.4890625 0.4609375 0.5390625 0.5 0.5390625
0 0.54375 0.465625 0.4875 0.465625 0.4875 0.5203125 0.54375 0.5203125
0 0.5359375 0.4078125 0.4953125 0.4078125 0.4953125 0.465625 0.5359375 0.465625
0 0.553125 0.3984375000000001 0.5125 0.3984375000000001 0.5125 0.45625 0.553125 0.45625
0 0.5703125 0.4296875 0.5390625 0.4296875 0.5390625 0.4609375 0.5703125 0.4609375
0 0.609375 0.425 0.5703125 0.425 0.5703125 0.465625 0.609375 0.465625
0 0.63125 0.44375 0.5875 0.44375 0.5875 0.4796875 0.63125 0.4796875
0 0.6359375 0.45625 0.6015625 0.45625 0.6015625 0.4890625 0.6359375 0.4890625
0 0.671875 0.4796875 0.609375 0.4796875 0.609375 0.534375 0.671875 0.534375
0 0.6890625 0.475 0.6453125 0.475 0.6453125 0.515625 0.6890625 0.515625
0 0.69375 0.5203125 0.653125 0.5203125 0.653125 0.5609375 0.69375 0.5609375
0 0.2687500000000001 0.49375 0.17187500000000006 0.49375 0.17187500000000006 0.615625 0.2687500000000001 0.615625
0 0.22812500000000008 0.5484375 0.048437500000000064 0.5484375 0.04843750000000008 0.6890625 0.22812500000000008 0.6890625
0 0.09687500000000009 0.715625 0.017187500000000088 0.715625 0.017187500000000095 0.80625 0.09687500000000009 0.80625