0 0.996875 0.2375000000000001 0.853125 0.2375000000000001 0.853125 0.5906250000000002 0.996875 0.5906250000000002
0 0.996875 0.3531250000000001 0.8890625 0.3531250000000001 0.8890625 0.6250000000000002 0.996875 0.6250000000000002
0 0.85625 0.3156250000000001 0.7796875 0.3156250000000001 0.7796875 0.6140625000000002 0.85625 0.6140625000000002
0 0.9359375 0.7078125000000002 0.8890625 0.7078125000000002 0.8890625 0.8453125 0.9359375 0.8453125
0 0.9421875 0.8390625 0.9140625 0.8390625 0.9140625 0.928125 0.9421875 0.928125
0 0.996875 0.8609375 0.95 0.8609375 0.95 0.90625 0.996875 0.90625
0 0.996875 0.7578125000000002 0.9171875 0.7578125000000002 0.9171875 0.8671875 0.996875 0.8671875
0 0.9140625 0.8296875 0.8375 0.8296875 0.8375 0.9953125 0.9140625 0.9953125
0 0.8890625 0.6796875000000002 0.834375 0.6796875000000002 0.834375 0.878125 0.8890625 0.878125
0 0.6593750000000002 0.878125 0.5875000000000001 0.878125 0.5875000000000001 0.9953125 0.6593750000000002 0.9953125
0 0.6984375000000002 0.934375 0.6515625000000002 0.934375 0.6515625000000002 0.9953125 0.6984375000000002 0.9953125
0 0.6265625000000001 0.8953125 0.5546875000000002 0.8953125 0.5546875000000002 0.99375 0.6265625000000001 0.99375
0 0.5796875000000001 0.90625 0.5140625000000002 0.90625 0.5140625000000002 0.99375 0.5796875000000001 0.99375
0 0.5109375000000002 0.8734375 0.46406250000000016 0.8734375 0.46406250000000016 0.9953125 0.5109375000000002 0.9953125
0 0.46406250000000016 0.9109375 0.4390625000000002 0.9109375 0.4390625000000002 0.9671875 0.46406250000000016 0.9671875
0 0.4578125000000002 0.9625 0.42187500000000017 0.9625 0.42187500000000017 0.9953125 0.4578125000000002 0.9953125
0 0.40625000000000017 0.9625 0.3421875000000001 0.9625 0.3421875000000001 0.9953125 0.40625000000000017 0.9953125
0 0.859375 0.6687500000000001 0.64375 0.66875 0.64375 0.99375 0.859375 0.99375
0 0.7953125 0.6250000000000001 0.61875 0.625 0.61875 0.7187500000000001 0.7953125 0.7187500000000002
0 0.6375000000000001 0.7015625 0.5765625 0.7015625 0.5765625000000001 0.790625 0.6375000000000002 0.790625
0 0.6015625000000002 0.7625 0.5406250000000001 0.7625 0.5406250000000001 0.8453125 0.6015625000000002 0.8453125
0 0.7484375 0.5406250000000001 0.71875 0.540625 0.71875 0.5859375000000001 0.7484375 0.5859375000000002
0 0.88125 0.028125000000000094 0.6765625 0.028125000000000077 0.6765625 0.2875000000000001 0.88125 0.2875000000000001
0 0.9390625 1.0151173858557357e-16 0.71875 8.802148868871601e-17 0.71875 0.2328125000000001 0.9390625 0.2328125000000001
0 0.996875 0.08281250000000011 0.9140625 0.08281250000000011 0.9140625 0.2375000000000001 0.996875 0.2375000000000001
0 0.996875 1.195944139792337e-16 0.95625 1.1710685016846565e-16 0.95625 0.07812500000000011 0.996875 0.07812500000000011
0 0.9609375 1.1394955763941387e-16 0.9 1.1021821192326179e-16 0.9 0.08906250000000011 0.9609375 0.08906250000000011
0 0.70625 0.5796875 0.684375 0.5796875 0.684375 0.6078125 0.70625 0.6078125
0 0.7265625 0.5796875000000001 0.709375 0.5796875 0.709375 0.6078125000000001 0.7265625 0.6078125000000002
0 0.7125 0.5578125 0.690625 0.5578125 0.690625 0.5796875 0.7125 0.5796875
0 0.709375 0.51875 0.690625 0.51875 0.690625 0.5640625 0.709375 0.5640625
0 0.7265625 0.5203125000000001 0.709375 0.5203125 0.709375 0.5421875 0.7265625 0.5421875000000002
0 0.7234375 0.4921875 0.709375 0.4921875 0.709375 0.51875 0.7234375 0.51875
0 0.740625 0.5031250000000002 0.7265625 0.5031250000000002 0.7265625 0.5359375000000002 0.740625 0.5359375000000002
0 0.7546875 0.5250000000000001 0.7375 0.5250000000000001 0.7375 0.5468750000000002 0.7546875 0.5468750000000002
0 0.6765625 0.58125 0.6546875 0.58125 0.6546875 0.603125 0.6765625 0.603125
0 0.6765625 0.546875 0.64375 0.546875 0.64375 0.575 0.6765625 0.575
0 0.659375 0.525 0.6375 0.525 0.6375 0.540625 0.659375 0.540625
0 0.5578125 0.05468750000000007 0.5109375 0.05468750000000007 0.5109375 0.15468750000000006 0.5578125 0.1546875000000001
0 0.6796875 0.3046875000000001 0.646875 0.3046875000000001 0.646875 0.3437500000000001 0.6796875 0.3437500000000001
0 0.69375 0.2765625000000001 0.6765625 0.2765625000000001 0.6765625 0.30937500000000007 0.69375 0.30937500000000007
0 0.521875 0.02812500000000006 0.4921875 0.028125000000000056 0.4921875 0.09375000000000007 0.521875 0.09375000000000007
0 0.596875 0.03281250000000007 0.5359375 0.032812500000000064 0.5359375 0.07187500000000006 0.596875 0.07187500000000006
0 0.525 0.3375000000000001 0.384375 0.3375000000000001 0.384375 0.5578125 0.525 0.5578125
0 0.6515625 0.17187500000000006 0.5 0.17187500000000006 0.5 0.34843750000000007 0.6515625 0.34843750000000007
0 0.665625 0.3265625000000001 0.503125 0.3265625000000001 0.503125 0.4859375 0.665625 0.4859375
0 0.4390625 0.12656250000000005 0.3703125 0.12656250000000005 0.3703125 0.17656250000000004 0.4390625 0.17656250000000004
0 0.3921875 0.18281250000000004 0.3671875 0.18281250000000004 0.3671875 0.2984375000000001 0.3921875 0.2984375000000001
0 0.496875 0.2656250000000001 0.38125 0.2656250000000001 0.38125 0.3375000000000001 0.496875 0.3375000000000001
0 0.4640625 0.590625 0.4390625 0.590625 0.4390625 0.646875 0.4640625 0.646875
0 0.4921875 0.575 0.4640625 0.575 0.4640625 0.61875 0.4921875 0.61875
0 0.5109375 0.5296875 0.4703125 0.5296875 0.4703125 0.5859375 0.5109375 0.5859375
0 0.5546875 0.5640625 0.5078125 0.5640625 0.5078125 0.640625 0.5546875 0.640625
0 0.4359375 0.596875 0.4 0.596875 0.4 0.6796875 0.4359375 0.6796875
0 0.5546875000000001 0.525 0.4 0.525 0.4000000000000001 0.734375 0.5546875000000002 0.734375
0 0.40312500000000007 0.66875 0.3343750000000001 0.66875 0.3343750000000001 0.8734375 0.4031250000000002 0.8734375
0 0.3593750000000001 0.7125 0.2875000000000001 0.7125 0.2875000000000001 0.8734375 0.3593750000000001 0.8734375
0 0.2906250000000001 0.740625 0.2234375000000001 0.740625 0.2234375000000001 0.884375 0.2906250000000001 0.884375
0 0.2234375 0.14375000000000002 0.1265625 0.14375 0.12656250000000002 0.2875 0.2234375 0.2875
0 0.06406250000000001 0.03281250000000001 4.018372309702252e-18 0.0328125 1.4159978615141272e-17 0.1984375 0.06406250000000002 0.1984375
0 0.13281250000000006 0.215625 0.057812500000000024 0.215625 0.05781250000000003 0.33125 0.13281250000000006 0.33125
0 0.20468750000000008 0.6625 0.1687500000000001 0.6625 0.1687500000000001 0.8015625 0.20468750000000008 0.8015625
0 0.20468750000000008 0.8515625 0.1687500000000001 0.8515625 0.16875000000000012 0.9953125 0.20468750000000008 0.9953125
0 0.050000000000000114 0.8671875 0.021875000000000106 0.8671875 0.021875000000000113 0.9953125 0.050000000000000114 0.9953125
0 0.06093750000000009 0.690625 0.03593750000000009 0.690625 0.035937500000000094 0.80625 0.06093750000000009 0.80625
0 0.07968750000000006 0.4484375 5.4917754899264124e-17 0.4484375 6.745124948428782e-17 0.653125 0.07968750000000009 0.653125
0 0.04687500000000005 0.3484375 4.267128690779059e-17 0.3484375 4.9081547497077516e-17 0.453125 0.046875000000000056 0.453125
0 0.328125 0.039062500000000035 0.1984375 0.03906250000000002 0.1984375 0.09375000000000003 0.328125 0.09375000000000004
0 0.4171875 0.06718750000000004 0.3453125 0.06718750000000004 0.3453125 0.10000000000000005 0.4171875 0.10000000000000005
0 0.4671875 0.04375000000000005 0.4 0.043750000000000046 0.4 0.10468750000000004 0.4671875 0.10468750000000004
0 0.3703125 0.034375000000000044 0.3484375 0.034375000000000044 0.3484375 0.06718750000000004 0.3703125 0.06718750000000004
0 0.3984375 0.006250000000000047 0.35625 0.006250000000000045 0.35625 0.05625000000000004 0.3984375 0.05625000000000004
0 0.4171875 0.02187500000000005 0.4 0.02187500000000005 0.4 0.04375000000000005 0.4171875 0.04375000000000005
0 0.3890625 4.4776148593825096e-17 0.3421875 4.190588265832349e-17 0.3421875 0.028125000000000046 0.3890625 0.028125000000000046
0 0.4890625 0.11093750000000005 0.4359375 0.11093750000000005 0.4359375 0.17656250000000004 0.4890625 0.17656250000000004
0 0.4640625 0.08281250000000005 0.4140625 0.08281250000000004 0.4140625 0.12187500000000004 0.4640625 0.12187500000000004
0 0.403125 0.10000000000000005 0.3453125 0.10000000000000005 0.3453125 0.12656250000000005 0.403125 0.12656250000000005
0 0.375 0.12656250000000005 0.353125 0.12656250000000005 0.353125 0.18281250000000004 0.375 0.18281250000000004
0 0.22968750000000004 0.2984375 0.07968750000000005 0.2984375 0.07968750000000006 0.6359375 0.2296875000000001 0.6359375