0 0.9953125 0.5109375000000002 0.7859375 0.5109375000000002 0.7859375 0.6515625000000002 0.9953125 0.6515625000000002
0 0.9953125 0.3703125000000001 0.909375 0.3703125000000001 0.909375 0.5109375000000002 0.9953125 0.5109375000000002
0 0.9625 0.1750000000000001 0.55625 0.1750000000000001 0.55625 0.4453125000000001 0.9625 0.44531250000000017
0 0.9953125 0.14843750000000014 0.9421875 0.14843750000000014 0.9421875 0.3031250000000001 0.9953125 0.3031250000000001
0 0.9953125 0.10468750000000011 0.78125 0.10468750000000009 0.78125 0.3531250000000001 0.9953125 0.3531250000000001
0 0.978125 0.018750000000000103 0.66875 0.018750000000000083 0.66875 0.1968750000000001 0.978125 0.19687500000000013
0 0.7109375 0.010937500000000062 0.3265625 0.01093750000000004 0.3265625 0.30312500000000003 0.7109375 0.3031250000000001
0 0.759375 5.003830280891139e-17 0.0578125 7.079989307570636e-18 0.05781250000000001 0.14375000000000004 0.759375 0.1437500000000001
0 0.353125 0.06718750000000002 8.228095681771279e-18 0.0671875 2.4779962576497225e-17 0.3375 0.353125 0.3375
0 0.5296875 0.1921875 0.06875000000000002 0.1921875 0.06875000000000005 0.48125 0.5296875 0.48125
0 0.6578125 0.4078125 0.30937500000000007 0.4078125 0.30937500000000007 0.6671875 0.6578125 0.6671875
0 0.7859375 0.4703125000000001 0.646875 0.4703125 0.646875 0.6187500000000001 0.7859375 0.6187500000000001
0 0.9046875 0.4296875000000001 0.7015625 0.4296875 0.7015625 0.5109375 0.9046875 0.5109375000000002
0 0.36406250000000007 0.421875 0.21875000000000008 0.421875 0.21875000000000008 0.55625 0.36406250000000007 0.55625
0 0.23593750000000005 0.2859375 3.501724441311963e-17 0.2859375 5.836207402186604e-17 0.6671875 0.23593750000000008 0.6671875
0 0.4703125000000001 0.6078125 7.443556326067507e-17 0.6078125 8.849986634463295e-17 0.8375 0.4703125000000002 0.8375
0 0.05937500000000011 0.840625 0.010937500000000103 0.840625 0.010937500000000105 0.88125 0.05937500000000011 0.88125
0 0.3531250000000001 0.7703125 0.3046875000000001 0.7703125 0.3046875000000001 0.796875 0.3531250000000001 0.796875
0 0.4812500000000002 0.759375 0.43281250000000016 0.759375 0.43281250000000016 0.784375 0.4812500000000002 0.784375
0 0.503125 0.659375 0.459375 0.659375 0.459375 0.6890625 0.503125 0.6890625
0 0.625 0.6828125 0.5828125 0.6828125 0.5828125 0.7046875 0.625 0.7046875
0 0.7593750000000001 0.7484375000000001 0.7218750000000002 0.7484375 0.7218750000000002 0.7890625000000001 0.7593750000000001 0.7890625000000002
0 0.6687500000000002 0.75625 0.6203125000000002 0.75625 0.6203125000000002 0.7921875 0.6687500000000002 0.7921875
0 0.7000000000000002 0.8296875 0.6687500000000002 0.8296875 0.6687500000000002 0.85625 0.7000000000000002 0.85625
0 0.7859375000000002 0.840625 0.7437500000000001 0.840625 0.7437500000000001 0.8625 0.7859375000000002 0.8625
0 0.9734375 0.8921875 0.9296875 0.8921875 0.9296875 0.921875 0.9734375 0.921875
0 0.6468750000000002 0.796875 0.5984375000000002 0.796875 0.5984375000000002 0.8265625 0.6468750000000002 0.8265625
0 0.6250000000000002 0.759375 0.5828125000000002 0.759375 0.5828125000000002 0.7890625 0.6250000000000002 0.7890625
0 0.5609375000000002 0.7640625 0.5296875000000002 0.7640625 0.5296875000000002 0.7859375 0.5609375000000002 0.7859375
0 0.5671875000000002 0.7859375 0.5296875000000002 0.7859375 0.5296875000000002 0.8 0.5671875000000002 0.8