0 0.99375 0.6781250000000001 0.4234375 0.678125 0.4234375000000001 0.996875 0.99375 0.996875
0 0.6843750000000001 0.465625 0.16093750000000004 0.465625 0.16093750000000007 0.7296875 0.6843750000000002 0.7296875
0 0.99375 0.3109375000000001 0.6375 0.3109375000000001 0.6375 0.565625 0.99375 0.5656250000000002
0 0.7203125 0.21718750000000003 0.2796875 0.2171875 0.27968750000000003 0.4453125 0.7203125 0.4453125
0 0.3453125 0.2984375 3.654805291205382e-17 0.2984375 5.128208471429541e-17 0.5390625 0.3453125000000001 0.5390625
0 0.375 0.1609375 0.006250000000000019 0.1609375 0.006250000000000028 0.30468750000000006 0.375 0.3046875000000001
0 0.30937500000000007 0.6625 8.113285044351215e-17 0.6625 1.0074633433610647e-16 0.9828125 0.30937500000000007 0.9828125
5 0.99375 0.4781250000000001 0.63125 0.478125 0.6312500000000001 0.7421875000000001 0.99375 0.7421875000000002
5 0.99375 0.7000000000000002 0.928125 0.7000000000000002 0.928125 0.9640625 0.99375 0.9640625
5 0.3218750000000001 0.66875 8.189825469297925e-17 0.66875 1.0074633433610647e-16 0.9765625 0.3218750000000001 0.9765625
5 0.22656250000000008 0.509375 6.23804463315683e-17 0.509375 7.26177281681907e-17 0.6765625 0.22656250000000008 0.6765625
5 0.3390625000000001 0.375 0.006250000000000047 0.375 0.006250000000000057 0.534375 0.3390625000000001 0.534375
5 0.15468750000000003 0.2640625 3.2338329539984796e-17 0.2640625 3.587832419377011e-17 0.321875 0.15468750000000003 0.321875
5 0.875 0.2000000000000001 0.6421875 0.2000000000000001 0.6421875 0.3515625000000001 0.875 0.3515625000000001
5 0.678125 0.3609375000000001 0.36875 0.3609375000000001 0.36875 0.434375 0.678125 0.434375
5 0.49375 0.15156250000000004 0.303125 0.15156250000000004 0.303125 0.33906250000000004 0.49375 0.3390625000000001
5 0.15468750000000003 0.2609375 3.195562741525125e-17 0.2609375 3.463454228838608e-17 0.3046875 0.15468750000000003 0.3046875
5 0.15468750000000003 0.06093750000000001 7.462691432304185e-18 0.0609375 1.6456191363542558e-17 0.2078125 0.15468750000000003 0.2078125