0 0.37968750000000007 0.30000000000000004 0.315625 0.3 0.31562500000000004 0.5171875 0.37968750000000007 0.5171875
0 0.8265625 0.27812500000000007 0.7625 0.27812500000000007 0.7625 0.45625000000000016 0.8265625 0.45625000000000016
0 0.86875 0.31718750000000007 0.8 0.31718750000000007 0.8 0.44843750000000016 0.86875 0.44843750000000016
0 0.790625 0.3046875000000001 0.7484375 0.3046875000000001 0.7484375 0.44843750000000016 0.790625 0.44843750000000016
0 0.7625 0.3296875000000001 0.7125 0.3296875000000001 0.7125 0.4437500000000001 0.7625 0.4437500000000002
0 0.9265625 0.4312500000000002 0.8859375 0.4312500000000002 0.8859375 0.49218750000000017 0.9265625 0.49218750000000017
0 0.9265625 0.4578125000000002 0.8765625 0.4578125000000002 0.8765625 0.6140625000000002 0.9265625 0.6140625000000002
0 0.9140625 0.44843750000000016 0.8640625 0.44843750000000016 0.8640625 0.5921875000000002 0.9140625 0.5921875000000002
0 0.9 0.45625000000000016 0.840625 0.45625000000000016 0.840625 0.6093750000000002 0.9 0.6093750000000002
0 0.88125 0.45625000000000016 0.821875 0.45625000000000016 0.821875 0.6171875000000002 0.88125 0.6171875000000002
0 0.8265625 0.4703125000000002 0.79375 0.4703125000000002 0.79375 0.6093750000000002 0.8265625 0.6093750000000002
0 0.853125 0.16562500000000008 0.7765625 0.16562500000000008 0.7765625 0.27031250000000007 0.853125 0.27031250000000007
0 0.8171875 0.17343750000000008 0.7484375 0.17343750000000008 0.7484375 0.2828125000000001 0.8171875 0.2828125000000001
0 0.7859375 0.1921875000000001 0.740625 0.1921875000000001 0.740625 0.27812500000000007 0.7859375 0.27812500000000007
0 0.8125 0.0390625000000001 0.771875 0.0390625000000001 0.771875 0.1312500000000001 0.8125 0.1312500000000001
0 0.8 0.0390625000000001 0.740625 0.03906250000000009 0.740625 0.1437500000000001 0.8 0.1437500000000001
0 0.753125 0.06093750000000009 0.69375 0.06093750000000009 0.69375 0.13437500000000008 0.753125 0.13437500000000008
0 0.8265625 0.1312500000000001 0.73125 0.1312500000000001 0.73125 0.1703125000000001 0.8265625 0.1703125000000001
0 0.740625 8.677770678333198e-17 0.6765625 8.285501000481311e-17 0.6765625 0.03906250000000008 0.740625 0.03906250000000009
0 0.7703125 9.270958971670199e-17 0.74375 9.10831056865844e-17 0.74375 0.034375000000000086 0.7703125 0.034375000000000086
0 0.803125 9.61539088393039e-17 0.7671875 9.3953371622086e-17 0.7671875 0.026562500000000093 0.803125 0.0265625000000001
0 0.3609375000000001 0.521875 0.2968750000000001 0.521875 0.2968750000000001 0.7484375 0.3609375000000001 0.7484375
0 0.30156250000000007 0.521875 0.2234375000000001 0.521875 0.2234375000000001 0.75625 0.30156250000000007 0.75625
0 0.3296875 0.3 0.25625 0.3 0.25625000000000003 0.5265625 0.3296875000000001 0.5265625
0 0.26093750000000004 0.3 0.19687500000000005 0.3 0.19687500000000008 0.5953125 0.2609375000000001 0.5953125
0 0.22031250000000005 0.3 0.14687500000000003 0.3 0.14687500000000006 0.5515625 0.22031250000000008 0.5515625
0 0.23281250000000003 0.2828125 0.13281250000000006 0.2828125 0.13281250000000006 0.6125 0.2328125000000001 0.6125
0 0.11406250000000004 0.2828125 0.03593750000000003 0.2828125 0.03593750000000005 0.5 0.11406250000000004 0.5
0 0.14218750000000008 0.2734375 0.05468750000000004 0.2734375 0.054687500000000056 0.565625 0.14218750000000008 0.565625
0 0.07343750000000006 0.278125 3.406048910128576e-17 0.278125 5.243019108849606e-17 0.578125 0.07343750000000007 0.578125
0 0.19687500000000002 0.08281250000000002 0.1546875 0.08281250000000002 0.15468750000000003 0.2734375 0.19687500000000005 0.2734375
0 0.228125 0.13437500000000002 0.1640625 0.134375 0.16406250000000003 0.2828125 0.228125 0.2828125
0 0.15468750000000003 0.1390625 0.1234375 0.1390625 0.12343750000000002 0.290625 0.15468750000000003 0.290625
0 0.3515625 0.16562500000000005 0.315625 0.16562500000000005 0.315625 0.2953125 0.3515625 0.2953125
0 0.315625 0.15625000000000006 0.2734375 0.15625000000000006 0.2734375 0.265625 0.315625 0.265625
0 0.2875 0.16562500000000005 0.2515625 0.16562500000000005 0.2515625 0.25625 0.2875 0.25625
0 0.2796875 0.14375000000000004 0.215625 0.14375000000000004 0.215625 0.2609375 0.2796875 0.2609375
0 0.10937500000000003 0.07500000000000001 0.02343750000000001 0.075 0.02343750000000002 0.2703125 0.10937500000000004 0.2703125
0 0.11406250000000002 0.06562500000000002 0.0734375 0.065625 0.07343750000000002 0.278125 0.11406250000000004 0.278125
0 0.00937500000000004 0.290625 3.559129760021995e-17 0.290625 3.989669650347237e-17 0.3609375 0.009375000000000045 0.3609375
0 0.014062500000000023 0.15625 1.9135106236677395e-17 0.15625 2.315347854637965e-17 0.221875 0.014062500000000028 0.221875
0 0.01875000000000001 0.0609375 7.462691432304185e-18 0.0609375 1.0141606305439019e-17 0.1046875 0.01875000000000001 0.1046875
0 0.9953125 0.7953125000000002 0.9171875 0.7953125000000002 0.9171875 0.9046875 0.9953125 0.9046875
0 0.88125 0.8046875 0.7765625000000002 0.8046875 0.7765625000000002 0.909375 0.88125 0.909375
0 0.990625 0.6531250000000002 0.890625 0.6531250000000002 0.890625 0.7531250000000002 0.990625 0.7531250000000002
0 0.928125 0.6218750000000002 0.8546875 0.6218750000000002 0.8546875 0.6390625000000002 0.928125 0.6390625000000002
0 0.8546875 0.6484375000000002 0.740625 0.6484375000000002 0.7406250000000001 0.7703125000000002 0.8546875 0.7703125000000002
0 0.7312500000000002 0.7828125000000001 0.6078125000000002 0.7828125 0.6078125000000002 0.8953125 0.7312500000000002 0.8953125
0 0.6859375000000001 0.6484375 0.5765625 0.6484375 0.5765625000000001 0.753125 0.6859375000000002 0.753125
0 0.48906250000000007 0.665625 0.3656250000000001 0.665625 0.3656250000000001 0.778125 0.4890625000000002 0.778125
0 0.5031250000000002 0.8 0.3937500000000001 0.8 0.3937500000000001 0.9171875 0.5031250000000002 0.9171875
0 0.3656250000000001 0.8171875 0.2328125000000001 0.8171875 0.2328125000000001 0.93125 0.3656250000000001 0.93125
0 0.19218750000000012 0.8515625 0.1593750000000001 0.8515625 0.1593750000000001 0.9609375 0.19218750000000012 0.9609375
0 0.2015625000000001 0.853125 0.18750000000000008 0.853125 0.1875000000000001 0.9484375 0.2015625000000001 0.9484375
0 0.1640625000000001 0.8296875 0.1281250000000001 0.8296875 0.1281250000000001 0.9609375 0.16406250000000014 0.9609375
0 0.1328125000000001 0.8484375 0.10468750000000009 0.8484375 0.10468750000000011 0.95625 0.13281250000000014 0.95625
0 0.10468750000000011 0.84375 0.08281250000000011 0.84375 0.08281250000000011 0.9515625 0.10468750000000013 0.9515625
0 0.09062500000000011 0.853125 0.07343750000000011 0.853125 0.07343750000000011 0.909375 0.09062500000000011 0.909375
0 0.2234375000000001 0.7 0.18750000000000008 0.7 0.18750000000000008 0.7953125 0.2234375000000001 0.7953125
0 0.20468750000000008 0.7125 0.1781250000000001 0.7125 0.1781250000000001 0.7828125 0.20468750000000008 0.7828125
0 0.18750000000000008 0.709375 0.1593750000000001 0.709375 0.1593750000000001 0.7609375 0.18750000000000008 0.7609375
0 0.1828125000000001 0.7046875 0.11875000000000009 0.7046875 0.11875000000000009 0.8171875 0.1828125000000001 0.8171875
0 0.16406250000000008 0.734375 0.10937500000000008 0.734375 0.10937500000000008 0.8 0.16406250000000008 0.8
0 0.1515625000000001 0.75625 0.1062500000000001 0.75625 0.1062500000000001 0.8046875 0.1515625000000001 0.8046875
0 0.1593750000000001 0.6 0.1281250000000001 0.6 0.1281250000000001 0.690625 0.1593750000000001 0.690625
0 0.13281250000000008 0.5953125 0.10468750000000009 0.5953125 0.10468750000000009 0.6953125 0.13281250000000008 0.6953125
0 0.1140625000000001 0.5953125 0.07812500000000007 0.5953125 0.07812500000000008 0.7 0.1140625000000001 0.7
0 0.08750000000000008 0.6046875 0.037500000000000075 0.6046875 0.03750000000000008 0.7 0.08750000000000009 0.7
0 0.06875000000000007 0.6140625 0.031250000000000076 0.6140625 0.03125000000000008 0.6921875 0.06875000000000009 0.6921875
0 0.0546875000000001 0.7296875 0.004687500000000089 0.7296875 0.004687500000000096 0.84375 0.05468750000000011 0.84375
0 0.0734375000000001 0.7390625 0.04531250000000009 0.7390625 0.045312500000000096 0.8515625 0.07343750000000011 0.8515625
0 0.035937500000000094 0.725 8.878689293818311e-17 0.725 9.491012693391987e-17 0.825 0.0359375000000001 0.825
0 0.03125000000000012 0.8734375 1.0696524386302664e-16 0.8734375 1.144279352953308e-16 0.9953125 0.031250000000000125 0.9953125
0 0.050000000000000114 0.875 0.023437500000000104 0.875 0.023437500000000114 0.9921875 0.050000000000000114 0.9921875
0 0.009375000000000078 0.6046875 7.405286113594152e-17 0.6046875 7.749718025854346e-17 0.6609375 0.009375000000000081 0.6609375
0 0.5078125 0.534375 0.37968750000000007 0.534375 0.37968750000000007 0.6390625 0.5078125 0.6390625
0 0.6265625 0.53125 0.5171875 0.53125 0.5171875 0.63125 0.6265625 0.63125
0 0.78125 0.5125000000000001 0.653125 0.5125 0.653125 0.6171875000000001 0.78125 0.6171875000000002
0 0.703125 0.4171875 0.59375 0.4171875 0.59375 0.5171875 0.703125 0.5171875
0 0.5625 0.4171875 0.4578125 0.4171875 0.4578125 0.5125 0.5625 0.5125
0 0.6890625 0.3140625000000001 0.584375 0.3140625000000001 0.584375 0.3921875000000001 0.6890625 0.3921875000000001
0 0.721875 0.2218750000000001 0.6296875 0.2218750000000001 0.6296875 0.2953125000000001 0.721875 0.2953125000000001
0 0.6125 0.2312500000000001 0.5109375 0.2312500000000001 0.5109375 0.30937500000000007 0.6125 0.30937500000000007
0 0.475 0.2390625000000001 0.378125 0.2390625000000001 0.378125 0.31718750000000007 0.475 0.31718750000000007
0 0.534375 0.3218750000000001 0.4421875 0.3218750000000001 0.4421875 0.4078125 0.534375 0.4078125
0 0.9953125 0.42968750000000017 0.96875 0.42968750000000017 0.96875 0.5218750000000002 0.9953125 0.5218750000000002
0 0.9953125 0.27812500000000007 0.85 0.27812500000000007 0.85 0.42187500000000017 0.9953125 0.42187500000000017
0 0.9953125 0.1484375000000001 0.8453125 0.14843750000000008 0.8453125 0.2734375000000001 0.9953125 0.2734375000000001
0 0.9953125 0.05625000000000011 0.8453125 0.05625000000000011 0.8453125 0.1484375000000001 0.9953125 0.14843750000000014
0 0.9953125 1.1213172254692953e-16 0.8359375 1.0237281836622405e-16 0.8359375 0.04843750000000011 0.9953125 0.04843750000000012