0 0.9703125 0.30937500000000007 0.69375 0.30937500000000007 0.6937500000000001 0.7718750000000001 0.9703125 0.7718750000000002
0 0.996875 0.6687500000000002 0.915625 0.6687500000000002 0.915625 0.809375 0.996875 0.809375
0 0.996875 0.8046875 0.871875 0.8046875 0.871875 0.99375 0.996875 0.99375
0 0.871875 0.8046875 0.8 0.8046875 0.8 0.9125 0.871875 0.9125
0 0.8875 0.7500000000000002 0.8546875 0.7500000000000002 0.8546875 0.7875000000000002 0.8875 0.7875000000000002
0 0.978125 0.4625000000000002 0.9375 0.4625000000000002 0.9375 0.5171875000000001 0.978125 0.5171875000000001
0 0.996875 0.3421875000000001 0.9640625 0.3421875000000001 0.9640625 0.4343750000000002 0.996875 0.4343750000000002
0 0.996875 0.03906250000000011 0.8171875 0.0390625000000001 0.8171875 0.3812500000000001 0.996875 0.3812500000000001
0 0.7546875 7.988906853812813e-17 0.55 6.735557395310443e-17 0.55 0.1843750000000001 0.7546875 0.1843750000000001
0 0.9234375 1.0323389814687454e-16 0.7625 9.337931843498569e-17 0.7625 0.11406250000000011 0.9234375 0.11406250000000014
0 0.5796875 0.09843750000000007 0.5515625 0.09843750000000007 0.5515625 0.1531250000000001 0.5796875 0.1531250000000001
0 0.6890625 0.19062500000000007 0.4015625 0.19062500000000004 0.4015625 0.3750000000000001 0.6890625 0.3750000000000001
0 0.7625 0.2171875000000001 0.690625 0.2171875000000001 0.690625 0.3312500000000001 0.7625 0.3312500000000001
0 0.69375 0.434375 0.634375 0.434375 0.634375 0.5328125 0.69375 0.5328125
0 0.628125 0.3421875000000001 0.503125 0.3421875000000001 0.503125 0.5375 0.628125 0.5375
0 0.5953125 0.2609375000000001 0.525 0.2609375000000001 0.525 0.3421875000000001 0.5953125 0.3421875000000001
0 0.646875 0.5484375 0.603125 0.5484375 0.603125 0.603125 0.646875 0.603125
0 0.6531250000000001 0.640625 0.5734375 0.640625 0.5734375 0.7828125 0.6531250000000002 0.7828125
0 0.7625000000000002 0.7609375 0.6578125000000001 0.7609375 0.6578125000000001 0.9015625 0.7625000000000002 0.9015625
0 0.85 0.9078125 0.6421875000000001 0.9078125 0.6421875000000001 0.99375 0.85 0.99375
0 0.6203125000000002 0.75625 0.43750000000000017 0.75625 0.43750000000000017 0.9953125 0.6203125000000002 0.9953125
0 0.690625 0.54375 0.515625 0.54375 0.5156250000000001 0.9234375 0.6906250000000002 0.9234375
0 0.478125 0.03281250000000006 0.45625 0.03281250000000006 0.45625 0.07656250000000006 0.478125 0.07656250000000006
0 0.496875 0.03281250000000006 0.478125 0.03281250000000006 0.478125 0.08125000000000007 0.496875 0.08125000000000007
0 0.4703125 0.07656250000000006 0.4421875 0.07656250000000005 0.4421875 0.12500000000000006 0.4703125 0.12500000000000006
0 0.45 0.017187500000000053 0.4171875 0.01718750000000005 0.4171875 0.07187500000000005 0.45 0.07187500000000005
0 0.484375 5.663991446056509e-17 0.440625 5.3960999587430256e-17 0.440625 0.026562500000000055 0.484375 0.026562500000000055
0 0.4203125 0.01093750000000005 0.3875 0.010937500000000048 0.3875 0.059375000000000046 0.4203125 0.059375000000000046
0 0.4234375 0.04843750000000005 0.4015625 0.04843750000000004 0.4015625 0.10937500000000004 0.4234375 0.10937500000000004
0 0.4015625 0.03750000000000005 0.3765625 0.03750000000000005 0.3765625 0.08750000000000005 0.4015625 0.08750000000000005
0 0.3875 4.6306957092759285e-17 0.36875 4.5158850718558645e-17 0.36875 0.043750000000000046 0.3875 0.043750000000000046
0 0.3640625 4.353236668844107e-17 0.346875 4.247993584542381e-17 0.346875 0.021875000000000044 0.3640625 0.021875000000000044
0 0.41875 4.927289855944429e-17 0.3859375 4.7263712404593165e-17 0.3859375 0.01562500000000005 0.41875 0.01562500000000005
0 0.4421875 5.300424427559639e-17 0.4234375 5.1856137901395736e-17 0.4234375 0.010937500000000055 0.4421875 0.010937500000000055
0 0.496875 0.3000000000000001 0.45625 0.3000000000000001 0.45625 0.3703125000000001 0.496875 0.3703125000000001
0 0.5140625000000001 0.6578125 0.4640625 0.6578125 0.4640625000000001 0.75 0.5140625000000002 0.75
0 0.48906250000000007 0.5328125 0.3281250000000001 0.5328125 0.3281250000000001 0.9125 0.4890625000000002 0.9125
0 0.4203125000000002 0.75 0.3828125000000001 0.75 0.3828125000000001 0.8421875 0.4203125000000002 0.8421875
0 0.46093750000000017 0.8921875 0.3515625000000001 0.8921875 0.3515625000000001 0.9953125 0.46093750000000017 0.9953125
0 0.3218750000000001 0.5984375 0.26250000000000007 0.5984375 0.26250000000000007 0.6796875 0.3218750000000001 0.6796875
0 0.2953125000000001 0.7234375 0.2453125000000001 0.7234375 0.2453125000000001 0.809375 0.2953125000000001 0.809375
0 0.3109375000000001 0.8265625 0.1062500000000001 0.8265625 0.10625000000000011 0.9953125 0.3109375000000001 0.9953125
0 0.3359375000000001 0.9015625 0.3062500000000001 0.9015625 0.3062500000000001 0.978125 0.3359375000000001 0.978125
0 0.26250000000000007 0.4515625 0.2296875000000001 0.4515625 0.2296875000000001 0.5375 0.26250000000000007 0.5375
0 0.3171875 0.25 0.259375 0.25 0.259375 0.3375 0.3171875 0.3375
0 0.3875 0.13125000000000003 0.3 0.13125000000000003 0.3 0.28906250000000006 0.3875 0.2890625000000001
0 0.3796875 0.05937500000000003 0.1828125 0.059375000000000025 0.18281250000000002 0.32656250000000003 0.3796875 0.3265625000000001
0 0.27031250000000007 0.315625 0.19687500000000005 0.315625 0.19687500000000005 0.41875 0.27031250000000007 0.41875
0 0.328125 3.329508485181867e-17 0.215625 2.6406446606614805e-17 0.215625 0.054687500000000035 0.328125 0.05468750000000004
0 0.5 5.1569111307845585e-17 0.3421875 4.190588265832349e-17 0.3421875 0.14062500000000006 0.5 0.14062500000000006
0 0.26250000000000007 0.559375 0.07656250000000006 0.559375 0.07656250000000009 0.8421875 0.26250000000000007 0.8421875
0 0.0953125000000001 0.653125 7.99847440693115e-17 0.653125 1.0093768539847325e-16 0.9953125 0.0953125000000001 0.9953125
0 0.16718750000000007 0.3359375 4.11404784088564e-17 0.3359375 5.711829211648202e-17 0.596875 0.1671875000000001 0.596875
0 0.07031250000000003 0.2234375 0.015625000000000028 0.2234375 0.015625000000000035 0.3046875 0.07031250000000004 0.3046875
0 0.153125 0.1796875 0.09062500000000002 0.1796875 0.09062500000000002 0.271875 0.15312500000000004 0.271875
0 0.18906250000000002 0.11406250000000002 0.15 0.1140625 0.15000000000000002 0.2171875 0.18906250000000005 0.2171875
0 0.1828125 0.032812500000000015 0.1234375 0.03281250000000001 0.1234375 0.10781250000000002 0.1828125 0.10781250000000005
0 0.09531250000000001 5.836207402186606e-18 0 0 1.3681600959224337e-17 0.2234375 0.09531250000000002 0.2234375