0 0.6359375 0.14843750000000006 0.3859375 0.14843750000000006 0.38593750000000004 0.4765625 0.6359375 0.4765625
0 0.5015625 0.26875000000000004 0.3203125 0.26875 0.32031250000000006 0.553125 0.5015625 0.553125
0 0.553125 0.4484375 0.3968750000000001 0.4484375 0.3968750000000001 0.6828125 0.553125 0.6828125
0 0.6734375000000001 0.628125 0.53125 0.628125 0.5312500000000001 0.7875 0.6734375000000001 0.7875
0 0.7203125000000001 0.6453125 0.440625 0.6453125 0.4406250000000001 0.9671875 0.7203125000000001 0.9671875
0 0.7859375 0.19687500000000008 0.55625 0.19687500000000008 0.55625 0.4312500000000001 0.7859375 0.4312500000000002
0 0.6703125 0.4328125 0.615625 0.4328125 0.615625 0.5421875 0.6703125 0.5421875
0 0.61875 0.48125 0.5703125 0.48125 0.5703125 0.5625 0.61875 0.5625
0 0.5921875000000001 0.671875 0.3859375000000001 0.671875 0.3859375000000001 0.9296875 0.5921875000000002 0.9296875
0 0.5453125000000002 0.7265625 0.3890625000000001 0.7265625 0.3890625000000001 0.940625 0.5453125000000002 0.940625
0 0.5171875000000001 0.7546875 0.3671875000000001 0.7546875 0.3671875000000001 0.9953125 0.5171875000000001 0.9953125
0 0.48437500000000017 0.7984375 0.35625000000000007 0.7984375 0.35625000000000007 0.9953125 0.48437500000000017 0.9953125
0 0.4515625000000002 0.95625 0.4109375000000002 0.95625 0.4109375000000002 0.9953125 0.4515625000000002 0.9953125
0 0.3812500000000001 0.8640625 0.3343750000000001 0.8640625 0.3343750000000001 0.940625 0.3812500000000001 0.940625
0 0.3812500000000001 0.9453125 0.3312500000000001 0.9453125 0.3312500000000001 0.9953125 0.3812500000000001 0.9953125
0 0.3390625000000001 0.9015625 0.2906250000000001 0.9015625 0.2906250000000001 0.978125 0.3390625000000001 0.978125
0 0.3312500000000001 0.8421875 0.2734375000000001 0.8421875 0.2734375000000001 0.91875 0.3312500000000001 0.91875
0 0.3671875000000001 0.809375 0.3234375000000001 0.809375 0.3234375000000001 0.875 0.3671875000000001 0.875
0 0.2656250000000001 0.86875 0.20312500000000008 0.86875 0.20312500000000008 0.9453125 0.2656250000000001 0.9453125
0 0.2875000000000001 0.9296875 0.2328125000000001 0.9296875 0.2328125000000001 0.9953125 0.2875000000000001 0.9953125
0 0.2296875000000001 0.9125 0.16406250000000014 0.9125 0.16406250000000014 0.9953125 0.2296875000000001 0.9953125
0 0.1671875000000001 0.7875 0.08750000000000009 0.7875 0.0875000000000001 0.9671875 0.16718750000000013 0.9671875
0 0.16406250000000014 0.978125 0.0875000000000001 0.978125 0.0875000000000001 0.9953125 0.16406250000000014 0.9953125
0 0.10468750000000011 0.81875 1.0026795668018954e-16 0.81875 1.1098361617272889e-16 0.99375 0.10468750000000013 0.99375
0 0.625 0.1312500000000001 0.5671875 0.1312500000000001 0.5671875 0.19687500000000008 0.625 0.19687500000000008
0 0.553125 0.09843750000000007 0.509375 0.09843750000000007 0.509375 0.17968750000000006 0.553125 0.17968750000000008
0 0.5859375 0.05468750000000007 0.5375 0.05468750000000007 0.5375 0.13593750000000007 0.5859375 0.1359375000000001
0 0.6359375 7.472258985422522e-17 0.584375 7.156529732517345e-17 0.584375 0.05937500000000008 0.6359375 0.05937500000000009
0 0.575 6.792962714020475e-17 0.534375 6.544206332943669e-17 0.534375 0.05468750000000007 0.575 0.05468750000000007
0 0.5375 0.017187500000000064 0.509375 0.01718750000000006 0.509375 0.09375000000000007 0.5375 0.09375000000000007
0 0.38593750000000004 0.08125000000000003 0.0984375 0.08125000000000002 0.09843750000000004 0.459375 0.3859375000000001 0.459375
0 0.3859375000000001 0.4484375 0.09843750000000004 0.4484375 0.09843750000000008 0.86875 0.3859375000000001 0.86875
0 0.10937500000000008 0.60625 7.424421219830829e-17 0.60625 8.936094612528342e-17 0.853125 0.10937500000000008 0.853125
0 0.09843750000000004 0.2296875 2.812860616791577e-17 0.2296875 5.051668046482832e-17 0.5953125 0.09843750000000007 0.5953125
0 0.2328125 1.4255654146324658e-17 0 0 1.4064303083957884e-17 0.2296875 0.2328125 0.2296875
0 0.5125 4.563722837447558e-17 0.2328125 2.8511308292649316e-17 0.2328125 0.18593750000000003 0.5125 0.18593750000000003