0 0.9796875 0.5000000000000001 0.6578125 0.5 0.6578125000000001 0.965625 0.9796875 0.965625
0 0.675 0.490625 0.3500000000000001 0.490625 0.3500000000000001 0.9328125 0.6750000000000002 0.9328125
0 0.3421875000000001 0.428125 0.029687500000000054 0.428125 0.02968750000000008 0.8078125 0.3421875000000001 0.8078125
0 0.39062500000000006 0.20312500000000006 0.004687500000000025 0.203125 0.004687500000000041 0.4671875 0.3906250000000001 0.4671875
0 0.7203125 0.19218750000000007 0.378125 0.19218750000000004 0.37812500000000004 0.51875 0.7203125 0.51875
0 0.996875 0.1593750000000001 0.7171875 0.1593750000000001 0.7171875 0.5296875000000001 0.996875 0.5296875000000002
0 0.1359375 8.323771212954668e-18 0 0 5.2621542150862836e-18 0.08593750000000001 0.1359375 0.08593750000000003
0 0.4390625 3.6165350787320275e-17 0.1515625 1.8561053049577072e-17 0.15156250000000002 0.21562500000000004 0.4390625 0.2156250000000001
0 0.7859375 7.634907388434281e-17 0.4609375 5.644856339819831e-17 0.4609375 0.19687500000000008 0.7859375 0.19687500000000008
0 0.996875 1.0820902576841066e-16 0.7703125 9.433607374681956e-17 0.7703125 0.10625000000000011 0.996875 0.10625000000000014
0 0.07812500000000007 0.4140625 5.070803152719509e-17 0.4140625 7.127827073162329e-17 0.75 0.07812500000000008 0.75
0 0.2843750000000001 0.8078125 0.004687500000000099 0.8078125 0.00468750000000011 0.9953125 0.2843750000000001 0.9953125
0 0.5515625000000002 0.884375 0.2796875000000001 0.884375 0.2796875000000001 0.9953125 0.5515625000000002 0.9953125
0 0.815625 0.928125 0.6343750000000001 0.928125 0.6343750000000001 0.9953125 0.815625 0.9953125
0 0.996875 0.840625 0.984375 0.840625 0.984375 0.9953125 0.996875 0.9953125