0 0.996875 0.2562500000000001 0.7203125 0.2562500000000001 0.7203125 0.7000000000000001 0.996875 0.7000000000000002
0 0.934375 0.5796875000000001 0.2953125000000001 0.5796875 0.2953125000000001 0.9453125 0.934375 0.9453125
0 0.534375 0.4484375 0.057812500000000044 0.4484375 0.05781250000000008 0.83125 0.5343750000000002 0.83125
0 0.2796875000000001 0.7328125 8.974364825001696e-17 0.7328125 1.0246849389740744e-16 0.940625 0.2796875000000001 0.940625
0 0.13750000000000007 0.3 3.6739403974420595e-17 0.3 6.38155792993191e-17 0.7421875 0.1375000000000001 0.7421875
0 0.7171875 0.19218750000000007 0.4515625 0.19218750000000004 0.4515625 0.61875 0.7171875 0.61875
0 0.8546875 0.006250000000000084 0.49375 0.006250000000000061 0.49375 0.3343750000000001 0.8546875 0.3343750000000001
0 0.4984375 0.050000000000000044 0.1484375 0.050000000000000024 0.14843750000000003 0.26875000000000004 0.4984375 0.2687500000000001
0 0.4609375 0.13593750000000004 0.24375 0.13593750000000004 0.24375000000000005 0.4265625 0.4609375 0.4265625
0 0.26875000000000004 0.19687500000000002 2.4110233858213517e-17 0.196875 4.152318053358994e-17 0.48125 0.2687500000000001 0.48125
0 0.7671875 0.2515625 0.040625000000000036 0.2515625 0.04062500000000006 0.628125 0.7671875 0.6281250000000002