0 0.88125 0.565625 0.5703125 0.565625 0.5703125000000001 0.9734375 0.88125 0.9734375
0 0.8765625 9.634525990167068e-17 0.696875 8.534257381558118e-17 0.696875 0.3656250000000001 0.8765625 0.3656250000000001
0 0.959375 1.0715659492539341e-16 0.790625 9.682363755758761e-17 0.790625 0.3656250000000001 0.959375 0.3656250000000001
0 0.490625 0.16406250000000006 0.4 0.16406250000000006 0.4 0.2796875000000001 0.490625 0.2796875000000001
0 0.584375 0.17500000000000007 0.5015625 0.17500000000000004 0.5015625 0.2906250000000001 0.584375 0.2906250000000001
0 0.6328125 0.12656250000000008 0.546875 0.12656250000000008 0.546875 0.22812500000000008 0.6328125 0.22812500000000008
0 0.6625 0.08437500000000007 0.5921875 0.08437500000000006 0.5921875 0.1750000000000001 0.6625 0.1750000000000001
0 0.6375 0.04218750000000007 0.5703125 0.042187500000000065 0.5703125 0.1218750000000001 0.6375 0.1218750000000001
0 0.5765625 0.021875000000000068 0.4984375 0.02187500000000006 0.4984375 0.13281250000000006 0.5765625 0.13281250000000008
0 0.5390625 0.006250000000000063 0.4828125 0.0062500000000000585 0.4828125 0.05937500000000007 0.5390625 0.05937500000000007
0 0.4984375 0.06406250000000005 0.4453125 0.06406250000000005 0.4453125 0.13281250000000006 0.4984375 0.13281250000000006
0 0.5359375 0.11093750000000005 0.4640625 0.11093750000000005 0.4640625 0.19062500000000004 0.5359375 0.19062500000000004
0 0.37812500000000004 2.7554552980815448e-17 0.071875 8.802148868871602e-18 0.07187500000000002 0.39687500000000003 0.3781250000000001 0.3968750000000001
0 0.43437500000000007 0.465625 0.056250000000000064 0.465625 0.05625000000000009 0.9953125 0.4343750000000002 0.9953125
0 0.5765625000000001 0.7203125 0.3859375000000001 0.7203125 0.3859375000000001 0.9890625 0.5765625000000002 0.9890625
0 0.5843750000000001 0.4765625 0.3968750000000001 0.4765625 0.3968750000000001 0.7296875 0.5843750000000002 0.7296875
0 0.73125 0.2906250000000001 0.50625 0.2906250000000001 0.50625 0.51875 0.73125 0.5187500000000002
0 0.6484375 0.3703125000000001 0.5203125 0.3703125000000001 0.5203125 0.4765625 0.6484375 0.4765625
0 0.734375 0.3703125000000001 0.4453125 0.3703125000000001 0.4453125 0.5984375000000001 0.734375 0.5984375000000002
0 0.6515625 0.45625 0.4203125 0.45625 0.4203125 0.6359375 0.6515625 0.6359375
0 0.6109375 0.534375 0.3890625000000001 0.534375 0.3890625000000001 0.671875 0.6109375 0.671875