0 0.9125 0.5671875000000002 0.84375 0.5671875000000002 0.84375 0.6718750000000002 0.9125 0.6718750000000002
0 0.996875 0.43750000000000017 0.8640625 0.43750000000000017 0.8640625 0.6515625000000002 0.996875 0.6515625000000002
0 0.9953125 0.6562500000000002 0.9203125 0.6562500000000002 0.9203125 0.7812500000000002 0.9953125 0.7812500000000002
0 0.6546875000000001 0.646875 0.4828125 0.646875 0.4828125000000001 0.834375 0.6546875000000002 0.834375
0 0.634375 0.2078125000000001 0.5328125 0.2078125000000001 0.5328125 0.6359375 0.634375 0.6359375
0 0.7078125 0.2406250000000001 0.54375 0.2406250000000001 0.54375 0.615625 0.7078125 0.615625
0 0.859375 0.5421875 0.6546875 0.5421875 0.6546875 0.6406250000000001 0.859375 0.6406250000000002
0 0.8671875 0.4328125000000001 0.71875 0.4328125 0.71875 0.5359375000000001 0.8671875 0.5359375000000002
0 0.9125 0.3546875000000001 0.7796875 0.3546875000000001 0.7796875 0.49531250000000016 0.9125 0.49531250000000016
0 0.996875 0.3281250000000001 0.859375 0.3281250000000001 0.859375 0.4265625000000002 0.996875 0.4265625000000002
0 0.996875 0.3546875000000001 0.925 0.3546875000000001 0.925 0.43750000000000017 0.996875 0.43750000000000017
0 0.9125 0.25468750000000007 0.75625 0.25468750000000007 0.75625 0.3437500000000001 0.9125 0.3437500000000001
0 0.95 0.25468750000000007 0.89375 0.25468750000000007 0.89375 0.2968750000000001 0.95 0.2968750000000001
0 0.9734375 0.026562500000000107 0.75625 0.02656250000000009 0.75625 0.25468750000000007 0.9734375 0.25468750000000007
0 0.8703125 9.701498861995439e-17 0.7140625 8.744743550161569e-17 0.7140625 0.2078125000000001 0.8703125 0.2078125000000001
0 0.76875 0.10468750000000009 0.66875 0.10468750000000009 0.66875 0.2140625000000001 0.76875 0.2140625000000001
0 0.771875 0.20312500000000008 0.7 0.20312500000000008 0.7 0.2921875000000001 0.771875 0.2921875000000001
0 0.790625 0.28593750000000007 0.703125 0.28593750000000007 0.703125 0.4687500000000001 0.790625 0.46875000000000017
0 0.996875 1.1643712145018196e-16 0.9046875 1.1079226511036212e-16 0.9046875 0.2656250000000001 0.996875 0.2656250000000001
0 0.540625 0.20312500000000008 0.4296875 0.20312500000000008 0.4296875 0.65625 0.540625 0.65625
0 0.5171875 0.18281250000000004 0.35 0.18281250000000004 0.35000000000000003 0.6296875 0.5171875 0.6296875
0 0.63125 0.09375000000000006 0.4484375 0.09375000000000004 0.4484375 0.2968750000000001 0.63125 0.2968750000000001
0 0.6578125 0.08906250000000007 0.5890625 0.08906250000000007 0.5890625 0.2078125000000001 0.6578125 0.2078125000000001
0 0.578125 0.020312500000000063 0.471875 0.020312500000000056 0.471875 0.13593750000000007 0.578125 0.1359375000000001
0 0.6765625 0.026562500000000072 0.5890625 0.026562500000000065 0.5890625 0.09375000000000008 0.6765625 0.09375000000000008
0 0.3343750000000001 0.5046875 0.17187500000000006 0.5046875 0.17187500000000006 0.59375 0.3343750000000001 0.59375
0 0.22812500000000008 0.4734375 0.16406250000000006 0.4734375 0.16406250000000006 0.671875 0.22812500000000008 0.671875
0 0.14531250000000007 0.4125 0.039062500000000056 0.4125 0.03906250000000007 0.678125 0.1453125000000001 0.678125
0 0.1140625000000001 0.615625 0.023437500000000076 0.615625 0.023437500000000083 0.740625 0.1140625000000001 0.740625
0 0.11093750000000009 0.6828125 8.362041425428021e-17 0.6828125 9.376202055971922e-17 0.8484375 0.11093750000000009 0.8484375
0 0.2328125000000001 0.640625 0.13281250000000008 0.640625 0.13281250000000008 0.796875 0.2328125000000001 0.796875
0 0.3921875000000001 0.6828125 0.1906250000000001 0.6828125 0.1906250000000001 0.7703125 0.3921875000000001 0.7703125
0 0.4187500000000002 0.7296875 0.3234375000000001 0.7296875 0.3234375000000001 0.796875 0.4187500000000002 0.796875
0 0.440625 0.020312500000000046 0.2734375 0.020312500000000032 0.2734375 0.26562500000000006 0.440625 0.2656250000000001
0 0.3609375 3.6069675256136883e-17 0.228125 2.7937255105548996e-17 0.228125 0.16718750000000004 0.3609375 0.16718750000000004
0 0.259375 0.015625000000000028 0.1984375 0.01562500000000002 0.1984375 0.12968750000000004 0.259375 0.12968750000000004
0 0.4453125 0.11406250000000004 0.19375 0.11406250000000004 0.19375000000000003 0.37031250000000004 0.4453125 0.3703125000000001
0 0.22500000000000003 0.2453125 0.12968750000000004 0.2453125 0.12968750000000004 0.4015625 0.2250000000000001 0.4015625
0 0.2484375 0.1609375 0.153125 0.1609375 0.153125 0.234375 0.2484375 0.234375
0 0.19375 0.07343750000000002 0.121875 0.07343750000000002 0.121875 0.17187500000000003 0.19375 0.17187500000000006
0 0.140625 0.08281250000000001 0.084375 0.0828125 0.084375 0.140625 0.140625 0.140625
0 0.16406250000000003 0.140625 0.05312500000000002 0.140625 0.05312500000000003 0.28125 0.16406250000000006 0.28125
0 0.12968750000000004 0.234375 2.870265935501609e-17 0.234375 4.085345181530624e-17 0.4328125 0.12968750000000004 0.4328125
0 0.053125 3.2529680602351567e-18 0 0 3.15729252905177e-18 0.0515625 0.053125 0.0515625
0 0.09843750000000001 0.05156250000000001 6.31458505810354e-18 0.0515625 1.741294667537643e-17 0.2328125 0.09843750000000002 0.2328125
0 0.996875 0.6406250000000001 0.6546875 0.640625 0.6546875000000001 0.9015625 0.996875 0.9015625
0 0.7500000000000002 0.803125 0.4078125000000002 0.803125 0.4078125000000002 0.896875 0.7500000000000002 0.896875
0 0.4796875000000001 0.6359375 0.3265625000000001 0.6359375 0.3265625000000001 0.9015625 0.47968750000000016 0.9015625
0 0.4671875000000001 0.6671875 0.07656250000000009 0.6671875 0.0765625000000001 0.9015625 0.4671875000000002 0.9015625
0 0.9953125 6.09453133638175e-17 0 0 5.482207936808073e-17 0.8953125 0.9953125 0.8953125