0 0.8875 0.940625 0.7609375000000002 0.940625 0.7609375000000002 0.9953125 0.8875 0.9953125
0 0.928125 0.896875 0.8328125 0.896875 0.8328125 0.9953125 0.928125 0.9953125
0 0.98125 0.940625 0.909375 0.940625 0.909375 0.9953125 0.98125 0.9953125
0 0.996875 0.8203125 0.8375 0.8203125 0.8375 0.9953125 0.996875 0.9953125
0 0.996875 0.8359375 0.9390625 0.8359375 0.9390625 0.95625 0.996875 0.95625
0 0.996875 0.7812500000000002 0.934375 0.7812500000000002 0.934375 0.8640625 0.996875 0.8640625
0 0.9421875 0.7812500000000002 0.90625 0.7812500000000002 0.90625 0.8421875 0.9421875 0.8421875
0 0.9671875 0.7156250000000002 0.903125 0.7156250000000002 0.903125 0.7765625000000002 0.9671875 0.7765625000000002
0 0.996875 0.6062500000000002 0.971875 0.6062500000000002 0.971875 0.6718750000000002 0.996875 0.6718750000000002
0 0.8625 0.7109375000000002 0.7640625 0.7109375000000002 0.7640625000000001 0.8640625 0.8625 0.8640625
0 0.821875 0.8359375 0.7468750000000002 0.8359375 0.7468750000000002 0.940625 0.821875 0.940625
0 0.76875 0.6937500000000001 0.6671875 0.69375 0.6671875 0.8640625 0.7687500000000002 0.8640625
0 0.6859375000000002 0.9234375 0.5625000000000002 0.9234375 0.5625000000000002 0.9953125 0.6859375000000002 0.9953125
0 0.7281250000000001 0.91875 0.6671875000000002 0.91875 0.6671875000000002 0.9953125 0.7281250000000001 0.9953125
0 0.978125 0.30156250000000007 0.7640625 0.30156250000000007 0.7640625 0.5203125000000002 0.978125 0.5203125000000002
0 0.9859375 0.26250000000000007 0.8078125 0.26250000000000007 0.8078125 0.3546875000000001 0.9859375 0.3546875000000001
0 0.996875 0.3125000000000001 0.93125 0.3125000000000001 0.93125 0.4984375000000002 0.996875 0.4984375000000002
0 0.753125 0.37187500000000007 0.7140625 0.37187500000000007 0.7140625 0.4156250000000001 0.753125 0.4156250000000002
0 0.771875 0.3828125000000001 0.73125 0.3828125000000001 0.73125 0.43750000000000017 0.771875 0.43750000000000017
0 0.796875 0.38750000000000007 0.771875 0.38750000000000007 0.771875 0.4046875000000002 0.796875 0.4046875000000002
0 0.8125 0.4156250000000002 0.76875 0.4156250000000002 0.76875 0.4593750000000002 0.8125 0.4593750000000002
0 0.8375 0.3984375000000001 0.8046875 0.3984375000000001 0.8046875 0.43750000000000017 0.8375 0.43750000000000017
0 0.8515625 0.4421875000000002 0.8 0.4421875000000002 0.8 0.4812500000000002 0.8515625 0.4812500000000002
0 0.8734375 0.4203125000000002 0.8375 0.4203125000000002 0.8375 0.4593750000000002 0.8734375 0.4593750000000002
0 0.909375 0.4421875000000002 0.8734375 0.4421875000000002 0.8734375 0.4812500000000002 0.909375 0.4812500000000002
0 0.8875 0.4750000000000002 0.8484375 0.4750000000000002 0.8484375 0.5296875000000002 0.8875 0.5296875000000002
0 0.9171875 0.49218750000000017 0.884375 0.49218750000000017 0.884375 0.5406250000000001 0.9171875 0.5406250000000001
0 0.9421875 0.4859375000000002 0.90625 0.4859375000000002 0.90625 0.5296875000000002 0.9421875 0.5296875000000002
0 0.7 0.38750000000000007 0.653125 0.38750000000000007 0.653125 0.4484375 0.7 0.4484375
0 0.746875 0.4218750000000001 0.6953125 0.421875 0.6953125 0.46562500000000007 0.746875 0.4656250000000002
0 0.7796875 0.4484375000000001 0.725 0.4484375 0.725 0.49687500000000007 0.7796875 0.4968750000000002
0 0.84375 0.46406250000000016 0.79375 0.46406250000000016 0.79375 0.5406250000000001 0.84375 0.5406250000000001
0 0.8546875 0.5359375000000002 0.79375 0.5359375000000002 0.79375 0.5953125000000001 0.8546875 0.5953125000000001
0 0.8046875 0.4968750000000002 0.7578125 0.4968750000000002 0.7578125 0.5625000000000002 0.8046875 0.5625000000000002
0 0.7609375 0.5468750000000001 0.7140625 0.546875 0.7140625 0.5843750000000001 0.7609375 0.5843750000000002
0 0.8078125 0.5796875000000001 0.75 0.5796875000000001 0.75 0.6234375000000002 0.8078125 0.6234375000000002
0 0.7578125 0.4750000000000001 0.6921875 0.475 0.6921875 0.5406250000000001 0.7578125 0.5406250000000001
0 0.7140625 0.4421875 0.659375 0.4421875 0.659375 0.5140625 0.7140625 0.5140625
0 0.6640625 0.4265625 0.609375 0.4265625 0.609375 0.503125 0.6640625 0.503125
0 0.996875 0.19218750000000012 0.90625 0.1921875000000001 0.90625 0.2906250000000001 0.996875 0.2906250000000001
0 0.7203125 0.4640625 0.4421875 0.4640625 0.4421875 0.69375 0.7203125 0.69375
0 0.478125 0.5140625 0.4203125 0.5140625 0.4203125 0.6234375 0.478125 0.6234375
0 0.503125 0.5359375 0.4640625 0.5359375 0.4640625 0.628125 0.503125 0.628125
0 0.5140625 0.56875 0.4890625 0.56875 0.4890625 0.590625 0.5140625 0.590625
0 0.45625 0.51875 0.3921875000000001 0.51875 0.3921875000000001 0.628125 0.45625 0.628125
0 0.4703125 0.540625 0.43125 0.540625 0.43125 0.6171875 0.4703125 0.6171875
0 0.45 0.51875 0.3812500000000001 0.51875 0.3812500000000001 0.6609375 0.45 0.6609375
0 0.4453125 0.5359375 0.3656250000000001 0.5359375 0.3656250000000001 0.6671875 0.4453125 0.6671875
0 0.4203125 0.5359375 0.3515625000000001 0.5359375 0.3515625000000001 0.671875 0.4203125 0.671875
0 0.3812500000000001 0.546875 0.3343750000000001 0.546875 0.3343750000000001 0.6671875 0.3812500000000001 0.6671875
0 0.3453125000000001 0.5515625 0.3125000000000001 0.5515625 0.3125000000000001 0.60625 0.3453125000000001 0.60625
0 0.6078125 0.6234375 0.5328125 0.6234375 0.5328125 0.7109375 0.6078125 0.7109375
0 0.6234375000000001 0.6171875 0.5109375 0.6171875 0.5109375 0.7328125 0.6234375000000002 0.7328125
0 0.5468750000000001 0.6171875 0.475 0.6171875 0.4750000000000001 0.7265625 0.5468750000000002 0.7265625
0 0.6062500000000001 0.7 0.5515625 0.7 0.5515625000000001 0.74375 0.6062500000000002 0.74375
0 0.5328125000000001 0.6234375 0.459375 0.6234375 0.4593750000000001 0.7265625 0.5328125000000001 0.7265625
0 0.51875 0.6453125 0.43125 0.6453125 0.4312500000000001 0.74375 0.5187500000000002 0.74375
0 0.6125 0.721875 0.5078125 0.721875 0.5078125000000001 0.7703125 0.6125000000000002 0.7703125
0 0.6015625000000002 0.7375 0.4968750000000002 0.7375 0.4968750000000002 0.7765625 0.6015625000000002 0.7765625
0 0.49687500000000007 0.6609375 0.39531250000000007 0.6609375 0.39531250000000007 0.765625 0.4968750000000002 0.765625
0 0.4937500000000001 0.6671875 0.3671875000000001 0.6671875 0.3671875000000001 0.803125 0.4937500000000002 0.803125
0 0.5359375000000002 0.759375 0.47187500000000016 0.759375 0.47187500000000016 0.8140625 0.5359375000000002 0.8140625
0 0.3234375000000001 0.5796875 0.25468750000000007 0.5796875 0.25468750000000007 0.6171875 0.3234375000000001 0.6171875
0 0.3265625000000001 0.60625 0.2578125000000001 0.60625 0.2578125000000001 0.69375 0.3265625000000001 0.69375
0 0.3656250000000001 0.60625 0.3187500000000001 0.60625 0.3187500000000001 0.7 0.3656250000000001 0.7
0 0.34062500000000007 0.678125 0.3000000000000001 0.678125 0.3000000000000001 0.7109375 0.34062500000000007 0.7109375
0 0.3984375000000001 0.69375 0.3593750000000001 0.69375 0.3593750000000001 0.7921875 0.3984375000000001 0.7921875
0 0.4281250000000002 0.7265625 0.3921875000000001 0.7265625 0.3921875000000001 0.7921875 0.4281250000000002 0.7921875
0 0.4390625000000002 0.7984375 0.39531250000000007 0.7984375 0.39531250000000007 0.8640625 0.4390625000000002 0.8640625
0 0.45625000000000016 0.809375 0.4343750000000002 0.809375 0.4343750000000002 0.8421875 0.45625000000000016 0.8421875
0 0.40937500000000016 0.809375 0.3515625000000001 0.809375 0.3515625000000001 0.875 0.40937500000000016 0.875
0 0.3765625000000001 0.853125 0.3375000000000001 0.853125 0.3375000000000001 0.9015625 0.3765625000000001 0.9015625
0 0.35625000000000007 0.8203125 0.3125000000000001 0.8203125 0.3125000000000001 0.875 0.35625000000000007 0.875
0 0.3156250000000001 0.7921875 0.2640625000000001 0.7921875 0.2640625000000001 0.86875 0.3156250000000001 0.86875
0 0.3812500000000001 0.890625 0.3078125000000001 0.890625 0.3078125000000001 0.9515625 0.3812500000000001 0.9515625
0 0.3265625000000001 0.74375 0.22812500000000008 0.74375 0.22812500000000008 0.8203125 0.3265625000000001 0.8203125
0 0.3218750000000001 0.7046875 0.2718750000000001 0.7046875 0.2718750000000001 0.759375 0.3218750000000001 0.759375
0 0.2906250000000001 0.60625 0.1453125000000001 0.60625 0.1453125000000001 0.7484375 0.2906250000000001 0.7484375
0 0.2609375000000001 0.590625 0.1984375000000001 0.590625 0.1984375000000001 0.6609375 0.2609375000000001 0.6609375
0 0.2500000000000001 0.7109375 0.18906250000000008 0.7109375 0.18906250000000008 0.7703125 0.2500000000000001 0.7703125
0 0.3125000000000001 0.628125 0.08750000000000006 0.628125 0.08750000000000009 0.9015625 0.3125000000000001 0.9015625
0 0.2906250000000001 0.69375 0.11562500000000009 0.69375 0.11562500000000012 0.934375 0.2906250000000001 0.934375
0 0.2718750000000001 0.853125 0.22031250000000008 0.853125 0.22031250000000008 0.95625 0.2718750000000001 0.95625
0 0.2609375000000001 0.8140625 0.18906250000000008 0.8140625 0.1890625000000001 0.9515625 0.2609375000000001 0.9515625
0 0.2718750000000001 0.721875 8.840419081344957e-17 0.721875 1.0514740877054229e-16 0.9953125 0.2718750000000001 0.9953125
0 0.996875 0.12500000000000014 0.9453125 0.12500000000000014 0.9453125 0.18593750000000014 0.996875 0.18593750000000014
0 0.057812500000000065 0.5078125 0.014062500000000061 0.5078125 0.014062500000000066 0.5734375 0.057812500000000065 0.5734375
0 0.02968750000000006 0.453125 5.5491808086364444e-17 0.453125 6.123233995736766e-17 0.546875 0.029687500000000068 0.546875
0 0.021875000000000068 0.540625 6.620746757890377e-17 0.540625 6.926908457677216e-17 0.590625 0.02187500000000007 0.590625
0 0.07656250000000002 0.1265625 0.021875000000000016 0.1265625 0.021875000000000023 0.2140625 0.07656250000000002 0.2140625
0 0.03281250000000002 0.1375 1.6838893488276106e-17 0.1375 2.2196723234545777e-17 0.225 0.03281250000000002 0.225
0 0.03593750000000002 0.059375 7.271340369937409e-18 0.059375 1.301187224094063e-17 0.153125 0.035937500000000025 0.153125
0 0.04687500000000001 0.043750000000000004 0.010937500000000006 0.04375 0.010937500000000008 0.0875 0.046875000000000014 0.0875
0 0.08750000000000001 0.02187500000000001 0.046875 0.021875000000000006 0.04687500000000001 0.0984375 0.08750000000000002 0.0984375
0 0.1234375 0.010937500000000013 0.0875 0.010937500000000011 0.0875 0.08750000000000001 0.1234375 0.08750000000000002
0 0.1421875 0.039062500000000014 0.1203125 0.039062500000000014 0.1203125 0.07187500000000002 0.1421875 0.07187500000000002
0 0.178125 0.02187500000000002 0.1421875 0.021875000000000016 0.1421875 0.08125000000000002 0.178125 0.08125000000000002
0 0.1921875 0.04843750000000002 0.1703125 0.04843750000000002 0.1703125 0.08750000000000002 0.1921875 0.08750000000000002
0 0.2140625 0.07031250000000003 0.18125 0.07031250000000003 0.18125 0.13125000000000003 0.2140625 0.13125000000000003
0 0.1484375 0.08750000000000002 0.115625 0.08750000000000002 0.115625 0.153125 0.1484375 0.153125
0 0.184375 0.08750000000000002 0.1484375 0.08750000000000002 0.1484375 0.14218750000000002 0.184375 0.14218750000000005
0 0.221875 0.13125000000000003 0.178125 0.13125 0.178125 0.17968750000000003 0.221875 0.17968750000000006
0 0.24375 0.12500000000000006 0.2109375 0.12500000000000006 0.2109375 0.17500000000000004 0.24375 0.17500000000000004
0 0.17812500000000003 0.1421875 0.1453125 0.1421875 0.1453125 0.1859375 0.17812500000000003 0.1859375
0 0.1453125 0.153125 0.1046875 0.153125 0.10468750000000002 0.1859375 0.14531250000000004 0.1859375
0 0.1203125 0.125 0.07968750000000002 0.125 0.07968750000000002 0.175 0.1203125 0.175
0 0.09062500000000002 0.09375 0.04375000000000001 0.09375 0.04375000000000002 0.1375 0.09062500000000002 0.1375
0 0.115625 0.0921875 0.09062500000000002 0.0921875 0.09062500000000002 0.1203125 0.115625 0.1203125
0 0.7765625 0.2015625000000001 0.74375 0.2015625000000001 0.74375 0.26250000000000007 0.7765625 0.26250000000000007
0 0.790625 0.26250000000000007 0.765625 0.26250000000000007 0.765625 0.27812500000000007 0.790625 0.27812500000000007
0 0.76875 0.2562500000000001 0.75 0.2562500000000001 0.75 0.2843750000000001 0.76875 0.2843750000000001
0 0.746875 0.2562500000000001 0.725 0.2562500000000001 0.725 0.2843750000000001 0.746875 0.2843750000000001
0 0.7390625 0.2015625000000001 0.7109375 0.2015625000000001 0.7109375 0.2515625000000001 0.7390625 0.2515625000000001
0 0.753125 0.21250000000000008 0.7390625 0.21250000000000008 0.7390625 0.2515625000000001 0.753125 0.2515625000000001
0 0.746875 0.1750000000000001 0.7171875 0.1750000000000001 0.7171875 0.2015625000000001 0.746875 0.2015625000000001
0 0.7140625 0.1859375000000001 0.6953125 0.1859375000000001 0.6953125 0.21250000000000008 0.7140625 0.21250000000000008
0 0.7171875 0.16406250000000008 0.6890625 0.16406250000000008 0.6890625 0.1859375000000001 0.7171875 0.1859375000000001
0 0.696875 0.1750000000000001 0.6640625 0.1750000000000001 0.6640625 0.21250000000000008 0.696875 0.21250000000000008
0 0.684375 0.14843750000000008 0.65625 0.14843750000000008 0.65625 0.18125000000000008 0.684375 0.18125000000000008
0 0.7171875 0.21250000000000008 0.6484375 0.21250000000000008 0.6484375 0.2953125000000001 0.7171875 0.2953125000000001
0 0.675 0.2406250000000001 0.5953125 0.2406250000000001 0.5953125 0.3437500000000001 0.675 0.3437500000000001
0 0.584375 0.2406250000000001 0.49375 0.2406250000000001 0.49375 0.3390625000000001 0.584375 0.3390625000000001
0 0.6015625 0.12031250000000007 0.5109375 0.12031250000000004 0.5109375 0.2234375000000001 0.6015625 0.2234375000000001
0 0.6515625 0.1312500000000001 0.5875 0.1312500000000001 0.5875 0.23437500000000008 0.6515625 0.23437500000000008
0 0.5140625 0.16406250000000006 0.4390625 0.16406250000000006 0.4390625 0.2734375000000001 0.5140625 0.2734375000000001
0 0.25312500000000004 0.3046875 3.731345716152092e-17 0.3046875 5.1760462370212344e-17 0.540625 0.2531250000000001 0.540625
0 0.22500000000000003 0.2734375 0.15156250000000004 0.2734375 0.15156250000000004 0.371875 0.2250000000000001 0.371875
0 0.290625 0.334375 0.221875 0.334375 0.22187500000000004 0.421875 0.2906250000000001 0.421875
0 0.3234375000000001 0.4046875 0.25468750000000007 0.4046875 0.25468750000000007 0.4703125 0.3234375000000001 0.4703125
0 0.33437500000000003 0.328125 0.2796875 0.328125 0.27968750000000003 0.4046875 0.3343750000000001 0.4046875
0 0.36250000000000004 0.321875 0.3296875 0.321875 0.3296875 0.39375 0.3625000000000001 0.39375
0 0.4203125 0.33281250000000007 0.359375 0.3328125 0.35937500000000006 0.39375000000000004 0.4203125 0.3937500000000001
0 0.4140625 0.3828125000000001 0.3671875000000001 0.3828125000000001 0.3671875000000001 0.4375 0.4140625 0.4375
0 0.3765625000000001 0.4 0.3156250000000001 0.4 0.3156250000000001 0.4546875 0.3765625000000001 0.4546875
0 0.3875 0.20312500000000006 0.3265625 0.203125 0.3265625 0.32343750000000004 0.3875 0.3234375000000001
0 0.4390625 0.23593750000000008 0.3953125 0.23593750000000008 0.3953125 0.2906250000000001 0.4390625 0.2906250000000001
0 0.4140625 0.27812500000000007 0.3921875 0.27812500000000007 0.3921875 0.3281250000000001 0.4140625 0.3281250000000001
0 0.4390625 0.2687500000000001 0.409375 0.2687500000000001 0.409375 0.3343750000000001 0.4390625 0.3343750000000001
0 0.496875 0.2562500000000001 0.43125 0.2562500000000001 0.43125 0.3062500000000001 0.496875 0.3062500000000001
0 0.49375 0.2890625000000001 0.4359375 0.2890625000000001 0.4359375 0.3500000000000001 0.49375 0.3500000000000001
0 0.453125 0.3234375000000001 0.428125 0.3234375000000001 0.428125 0.3890625000000001 0.453125 0.3890625000000001
0 0.4828125 0.3453125000000001 0.45 0.3453125000000001 0.45 0.3781250000000001 0.4828125 0.3781250000000001
0 0.4890625 0.37187500000000007 0.45625 0.37187500000000007 0.45625 0.415625 0.4890625 0.415625
0 0.4671875 0.3781250000000001 0.4390625 0.3781250000000001 0.4390625 0.421875 0.4671875 0.421875
0 0.5296875 0.3437500000000001 0.4890625 0.3437500000000001 0.4890625 0.3937500000000001 0.5296875 0.3937500000000001
0 0.546875 0.3437500000000001 0.5140625 0.3437500000000001 0.5140625 0.37187500000000007 0.546875 0.37187500000000007
0 0.24375 0.25625 0.2 0.25625 0.2 0.2953125 0.24375 0.2953125
0 0.2828125 0.246875 0.2421875 0.246875 0.2421875 0.290625 0.2828125 0.290625
0 0.296875 0.240625 0.2796875 0.240625 0.2796875 0.2734375 0.296875 0.2734375
0 0.246875 0.2953125 0.2140625 0.2953125 0.2140625 0.3390625 0.246875 0.3390625
0 0.2796875 0.284375 0.24375 0.284375 0.24375 0.321875 0.2796875 0.321875
0 0.31875 0.284375 0.2796875 0.284375 0.2796875 0.3109375 0.31875 0.3109375
0 0.290625 0.3015625 0.265625 0.3015625 0.265625 0.334375 0.290625 0.334375
0 0.6375 0.09843750000000008 0.5984375 0.09843750000000007 0.5984375 0.1359375000000001 0.6375 0.1359375000000001
0 0.675 0.09843750000000008 0.63125 0.09843750000000007 0.63125 0.1468750000000001 0.675 0.1468750000000001
0 0.6921875 0.08750000000000009 0.6703125 0.08750000000000009 0.6703125 0.1468750000000001 0.6921875 0.1468750000000001
0 0.721875 0.11562500000000009 0.696875 0.11562500000000009 0.696875 0.1703125000000001 0.721875 0.1703125000000001
0 0.746875 0.10468750000000009 0.7171875 0.10468750000000009 0.7171875 0.14843750000000008 0.746875 0.14843750000000008
0 0.7609375 0.1375000000000001 0.73125 0.1375000000000001 0.73125 0.1921875000000001 0.7609375 0.1921875000000001
0 0.7421875 0.1531250000000001 0.7140625 0.1531250000000001 0.7140625 0.1859375000000001 0.7421875 0.1859375000000001
0 0.771875 0.0984375000000001 0.746875 0.0984375000000001 0.746875 0.12500000000000008 0.771875 0.12500000000000008
0 0.79375 0.1312500000000001 0.7578125 0.1312500000000001 0.7578125 0.1906250000000001 0.79375 0.1906250000000001
0 0.815625 0.1312500000000001 0.790625 0.1312500000000001 0.790625 0.1750000000000001 0.815625 0.1750000000000001
0 0.8265625 0.1703125000000001 0.790625 0.1703125000000001 0.790625 0.2140625000000001 0.8265625 0.2140625000000001
0 0.8484375 0.1687500000000001 0.8296875 0.1687500000000001 0.8296875 0.2078125000000001 0.8484375 0.2078125000000001
0 0.865625 0.2015625000000001 0.8484375 0.2015625000000001 0.8484375 0.2406250000000001 0.865625 0.2406250000000001
0 0.8484375 0.2078125000000001 0.8265625 0.2078125000000001 0.8265625 0.2453125000000001 0.8484375 0.2453125000000001
0 0.8265625 0.2140625000000001 0.790625 0.2140625000000001 0.790625 0.2468750000000001 0.8265625 0.2468750000000001
0 0.79375 0.1859375000000001 0.76875 0.1859375000000001 0.76875 0.2296875000000001 0.79375 0.2296875000000001
0 0.953125 0.09843750000000011 0.9234375 0.09843750000000011 0.9234375 0.14687500000000014 0.953125 0.14687500000000014
0 0.996875 0.04375000000000012 0.9640625 0.04375000000000012 0.9640625 0.13125000000000014 0.996875 0.13125000000000014
0 0.9671875 1.1557604166953146e-16 0.9203125 1.1270577573402985e-16 0.9203125 0.10937500000000014 0.9671875 0.10937500000000014
0 0.9453125 0.010937500000000114 0.90625 0.01093750000000011 0.90625 0.11406250000000011 0.9453125 0.11406250000000014
0 0.9015625 0.10468750000000009 0.8734375 0.10468750000000009 0.8734375 0.1375000000000001 0.9015625 0.1375000000000001
0 0.865625 0.09218750000000012 0.8375 0.09218750000000012 0.8375 0.10937500000000008 0.865625 0.10937500000000008
0 0.88125 0.10312500000000009 0.85625 0.10312500000000009 0.85625 0.14218750000000008 0.88125 0.14218750000000008
0 0.9203125 0.10937500000000011 0.9015625 0.10937500000000008 0.9015625 0.1359375000000001 0.9203125 0.13593750000000013
0 0.9234375 0.14687500000000014 0.909375 0.14687500000000014 0.909375 0.18593750000000014 0.9234375 0.18593750000000014
0 0.9421875 0.15312500000000012 0.9234375 0.15312500000000012 0.9234375 0.19687500000000013 0.9421875 0.19687500000000013
0 0.90625 0.14843750000000008 0.8765625 0.14843750000000008 0.8765625 0.1703125000000001 0.90625 0.1703125000000001
0 0.9125 0.19218750000000012 0.8734375 0.1921875000000001 0.8734375 0.23593750000000008 0.9125 0.23593750000000008
0 0.903125 0.16406250000000008 0.859375 0.16406250000000008 0.859375 0.21250000000000008 0.903125 0.21250000000000008
0 0.8765625 0.09218750000000012 0.8265625 0.09218750000000012 0.8265625 0.1531250000000001 0.8765625 0.1531250000000001
0 0.8828125 1.0438200452107518e-16 0.821875 1.0065065880492308e-16 0.821875 0.026562500000000107 0.8828125 0.02656250000000011
0 0.8265625 9.586688224575373e-17 0.7390625 9.050905249948406e-17 0.7390625 0.043750000000000094 0.8265625 0.0437500000000001
0 0.746875 0.03281250000000009 0.725 0.03281250000000009 0.725 0.05937500000000009 0.746875 0.05937500000000009
0 0.7390625 8.716040890806552e-17 0.684375 8.381176531664698e-17 0.684375 0.02656250000000009 0.7390625 0.02656250000000009
0 0.6875 8.285501000481311e-17 0.665625 8.15155525682457e-17 0.665625 0.026562500000000083 0.6875 0.02656250000000009
0 0.6890625 0.032812500000000085 0.653125 0.03281250000000008 0.653125 0.06562500000000009 0.6890625 0.06562500000000009
0 0.7109375 0.028125000000000087 0.6890625 0.028125000000000087 0.6890625 0.06093750000000009 0.7109375 0.06093750000000009
0 0.721875 0.02656250000000009 0.70625 0.02656250000000009 0.70625 0.06562500000000009 0.721875 0.06562500000000009
0 0.6703125 7.94106908822112e-17 0.6265625 7.673177600907635e-17 0.6265625 0.037500000000000075 0.6703125 0.037500000000000075
0 0.63125 7.443556326067506e-17 0.584375 7.156529732517345e-17 0.584375 0.03281250000000007 0.63125 0.03281250000000008
0 0.653125 0.03281250000000008 0.60625 0.03281250000000008 0.60625 0.08125000000000007 0.653125 0.08125000000000009
0 0.6125 0.03281250000000007 0.565625 0.032812500000000064 0.565625 0.08125000000000007 0.6125 0.08125000000000007
0 0.5875 6.859935585848846e-17 0.5328125 6.52507122670699e-17 0.5328125 0.048437500000000064 0.5875 0.048437500000000064
0 0.5625 0.015625000000000062 0.515625 0.015625000000000062 0.515625 0.10937500000000007 0.5625 0.10937500000000008
0 0.5359375 6.190206867565137e-17 0.475 5.817072295949927e-17 0.475 0.05468750000000007 0.5359375 0.05468750000000007
0 0.5140625 0.032812500000000064 0.4671875 0.03281250000000006 0.4671875 0.11406250000000004 0.5140625 0.11406250000000004
0 0.471875 0.04843750000000006 0.4171875 0.04843750000000006 0.4171875 0.12031250000000004 0.471875 0.12031250000000004
0 0.478125 5.5491808086364444e-17 0.428125 5.2430191088496056e-17 0.428125 0.054687500000000056 0.478125 0.05468750000000007
0 0.428125 0.017187500000000046 0.3703125 0.017187500000000043 0.3703125 0.09375000000000004 0.428125 0.09375000000000004
0 0.428125 4.975127621536122e-17 0.384375 4.7072361342226394e-17 0.384375 0.04375000000000005 0.428125 0.04375000000000005
0 0.3828125 4.228858478305704e-17 0.3078125 3.769615928625447e-17 0.3078125 0.048437500000000036 0.3828125 0.04843750000000004
0 0.4125 0.059375000000000046 0.3484375 0.059375000000000046 0.3484375 0.13125000000000003 0.4125 0.13125000000000003
0 0.365625 0.06562500000000004 0.3078125 0.06562500000000004 0.3078125 0.13593750000000004 0.365625 0.13593750000000004
0 0.31875 0.08750000000000004 0.25 0.08750000000000002 0.25 0.14687500000000003 0.31875 0.14687500000000003
0 0.26875 0.06562500000000002 0.221875 0.06562500000000002 0.221875 0.11406250000000004 0.26875 0.11406250000000004
0 0.221875 0.03906250000000002 0.1890625 0.03906250000000002 0.1890625 0.07187500000000002 0.221875 0.07187500000000002
0 0.271875 2.9468063604483184e-17 0.209375 2.5641042357147705e-17 0.209375 0.06562500000000002 0.271875 0.06562500000000002
0 0.31875 0.017187500000000036 0.253125 0.017187500000000033 0.253125 0.09375000000000003 0.31875 0.09375000000000004
0 0.31875 3.6165350787320275e-17 0.271875 3.329508485181867e-17 0.271875 0.021875000000000037 0.31875 0.02187500000000004
0 0.2140625 2.3727531733479965e-17 0.1734375 2.1239967922711906e-17 0.1734375 0.043750000000000025 0.2140625 0.043750000000000025
0 0.1734375 1.5021058395791752e-17 0.071875 8.802148868871602e-18 0.071875 0.026562500000000017 0.1734375 0.026562500000000024