0 0.9953125 0.9265625 0.9015625 0.9265625 0.9015625 0.996875 0.9953125 0.996875
0 0.9015625 0.91875 0.8453125 0.91875 0.8453125 0.984375 0.9015625 0.984375
0 0.8515625 0.91875 0.7687500000000002 0.91875 0.7687500000000002 0.9921875 0.8515625 0.9921875
0 0.7640625000000002 0.88125 0.6968750000000001 0.88125 0.6968750000000001 0.9703125 0.7640625000000002 0.9703125
0 0.7015625000000002 0.915625 0.6031250000000001 0.915625 0.6031250000000001 0.98125 0.7015625000000002 0.98125
0 0.6437500000000002 0.934375 0.5515625000000002 0.934375 0.5515625000000002 0.9890625 0.6437500000000002 0.9890625
0 0.5562500000000001 0.965625 0.48437500000000017 0.965625 0.48437500000000017 0.996875 0.5562500000000001 0.996875
0 0.7468750000000002 0.9734375 0.6703125000000002 0.9734375 0.6703125000000002 0.996875 0.7468750000000002 0.996875
0 0.49531250000000016 0.95 0.40156250000000016 0.95 0.40156250000000016 0.9953125 0.49531250000000016 0.9953125
0 0.5406250000000001 0.9 0.47968750000000016 0.9 0.47968750000000016 0.9734375 0.5406250000000001 0.9734375
0 0.46875000000000017 0.8890625 0.37187500000000007 0.8890625 0.37187500000000007 0.946875 0.46875000000000017 0.946875
0 0.4078125000000002 0.9265625 0.2890625000000001 0.9265625 0.2890625000000001 0.996875 0.4078125000000002 0.996875
0 0.3046875000000001 0.9234375 0.19062500000000013 0.9234375 0.19062500000000013 0.9921875 0.3046875000000001 0.9921875
0 0.19531250000000014 0.9234375 0.11875000000000013 0.9234375 0.11875000000000013 0.9890625 0.19531250000000014 0.9890625
0 0.18125000000000013 0.915625 0.0718750000000001 0.915625 0.0718750000000001 0.965625 0.18125000000000013 0.965625
0 0.11406250000000011 0.896875 1.0983550979852825e-16 0.896875 1.1337550445231355e-16 0.9546875 0.11406250000000014 0.9546875
0 0.959375 0.8421875 0.88125 0.8421875 0.88125 0.9 0.959375 0.9
0 0.8921875 0.86875 0.809375 0.86875 0.809375 0.934375 0.8921875 0.934375
0 0.9953125 0.8234375 0.959375 0.8234375 0.959375 0.8890625 0.9953125 0.8890625
0 0.9953125 0.7609375000000002 0.9234375 0.7609375000000002 0.9234375 0.8296875 0.9953125 0.8296875
0 0.9078125 0.7921875000000002 0.840625 0.7921875000000002 0.840625 0.8375 0.9078125 0.8375
0 0.9390625 0.7343750000000002 0.8359375 0.7343750000000002 0.8359375 0.7921875000000002 0.9390625 0.7921875000000002
0 0.9953125 0.6828125000000002 0.9078125 0.6828125000000002 0.9078125 0.7453125000000002 0.9953125 0.7453125000000002
0 0.9796875 0.6343750000000001 0.8921875 0.6343750000000001 0.8921875 0.6843750000000002 0.9796875 0.6843750000000002
0 0.9953125 0.6031250000000001 0.953125 0.6031250000000001 0.953125 0.6375000000000002 0.9953125 0.6375000000000002
0 0.9953125 0.5562500000000001 0.9078125 0.5562500000000001 0.9078125 0.6062500000000002 0.9953125 0.6062500000000002
0 0.9953125 0.5140625000000002 0.9328125 0.5140625000000002 0.9328125 0.5593750000000002 0.9953125 0.5593750000000002
0 0.0984375000000001 0.8140625 0.0046875000000001 0.8140625 0.004687500000000105 0.8921875 0.09843750000000011 0.8921875
0 0.1656250000000001 0.8578125 0.10312500000000009 0.8578125 0.1031250000000001 0.9109375 0.16562500000000013 0.9109375
0 0.2531250000000001 0.8734375 0.1703125000000001 0.8734375 0.17031250000000012 0.93125 0.2531250000000001 0.93125
0 0.3203125000000001 0.884375 0.26250000000000007 0.884375 0.26250000000000007 0.9296875 0.3203125000000001 0.9296875
0 0.3859375000000001 0.8296875 0.30937500000000007 0.8296875 0.30937500000000007 0.915625 0.3859375000000001 0.915625
0 0.4593750000000002 0.8375 0.3968750000000001 0.8375 0.3968750000000001 0.8921875 0.4593750000000002 0.8921875
0 0.5406250000000001 0.8421875 0.47968750000000016 0.8421875 0.47968750000000016 0.903125 0.5406250000000001 0.903125
0 0.6140625000000002 0.771875 0.5468750000000002 0.771875 0.5468750000000002 0.85 0.6140625000000002 0.85
0 0.5875000000000001 0.8265625 0.5156250000000002 0.8265625 0.5156250000000002 0.86875 0.5875000000000001 0.86875
0 0.6187500000000001 0.8578125 0.5406250000000001 0.8578125 0.5406250000000001 0.93125 0.6187500000000001 0.93125
0 0.6593750000000002 0.8140625 0.6031250000000001 0.8140625 0.6031250000000001 0.86875 0.6593750000000002 0.86875
0 0.7062500000000002 0.8453125 0.6343750000000001 0.8453125 0.6343750000000001 0.9109375 0.7062500000000002 0.9109375
0 0.8 0.83125 0.7171875000000002 0.83125 0.7171875000000002 0.8890625 0.8 0.8890625
0 0.7984375000000001 0.7640625000000001 0.7218750000000002 0.7640625 0.7218750000000002 0.8265625 0.7984375000000001 0.8265625
0 0.8609375 0.7656250000000002 0.7890625000000002 0.7656250000000002 0.7890625000000002 0.83125 0.8609375 0.83125
0 0.8296875 0.7031250000000002 0.7578125 0.7031250000000002 0.7578125000000001 0.7765625000000002 0.8296875 0.7765625000000002
0 0.7734375000000001 0.7109375000000001 0.6640625 0.7109375 0.6640625000000001 0.7796875000000001 0.7734375000000002 0.7796875000000002
0 0.7109375000000002 0.771875 0.6234375000000002 0.771875 0.6234375000000002 0.8296875 0.7109375000000002 0.8296875
0 0.6593750000000002 0.7265625 0.5875000000000001 0.7265625 0.5875000000000001 0.771875 0.6593750000000002 0.771875
0 0.5828125000000002 0.7375 0.5203125000000002 0.7375 0.5203125000000002 0.7921875 0.5828125000000002 0.7921875
0 0.015625000000000104 0.803125 9.83544460565218e-17 0.803125 1.0141606305439018e-16 0.853125 0.015625000000000104 0.853125
0 0.0828125000000001 0.7296875 8.936094612528342e-17 0.7296875 9.31879673726189e-17 0.7921875 0.0828125000000001 0.7921875
0 0.11875000000000009 0.7609375 0.05156250000000009 0.7609375 0.0515625000000001 0.8296875 0.11875000000000009 0.8296875
0 0.1765625000000001 0.7375 0.09375000000000008 0.7375 0.09375000000000008 0.803125 0.1765625000000001 0.803125
0 0.19531250000000008 0.7921875 0.11875000000000009 0.7921875 0.11875000000000009 0.8375 0.19531250000000008 0.8375
0 0.2531250000000001 0.7421875 0.1703125000000001 0.7421875 0.1703125000000001 0.8 0.2531250000000001 0.8
0 0.3453125000000001 0.7875 0.2531250000000001 0.7875 0.2531250000000001 0.8453125 0.3453125000000001 0.8453125
0 0.34062500000000007 0.7296875 0.26250000000000007 0.7296875 0.26250000000000007 0.784375 0.34062500000000007 0.784375
0 0.4031250000000002 0.7265625 0.3515625000000001 0.7265625 0.3515625000000001 0.784375 0.4031250000000002 0.784375
0 0.4750000000000002 0.7265625 0.4078125000000002 0.7265625 0.4078125000000002 0.7796875 0.4750000000000002 0.7796875
0 0.46875000000000017 0.7796875 0.4125000000000002 0.7796875 0.4125000000000002 0.81875 0.46875000000000017 0.81875
0 0.5312500000000002 0.7296875 0.48437500000000017 0.7296875 0.48437500000000017 0.784375 0.5312500000000002 0.784375
0 0.5468750000000001 0.6953125 0.484375 0.6953125 0.4843750000000001 0.740625 0.5468750000000002 0.740625
0 0.6187500000000001 0.66875 0.546875 0.66875 0.5468750000000001 0.734375 0.6187500000000001 0.734375
0 0.6812500000000001 0.675 0.6296875 0.675 0.6296875000000001 0.7296875 0.6812500000000001 0.7296875
0 0.7421875 0.6562500000000001 0.68125 0.65625 0.68125 0.70625 0.7421875 0.7062500000000002
0 0.8 0.6609375000000002 0.7484375 0.6609375000000002 0.7484375 0.7062500000000002 0.8 0.7062500000000002
0 0.8765625 0.6218750000000002 0.8140625 0.6218750000000002 0.8140625 0.6671875000000002 0.8765625 0.6671875000000002
0 0.903125 0.6687500000000002 0.815625 0.6687500000000002 0.815625 0.7265625000000002 0.903125 0.7265625000000002
0 0.9234375 0.5718750000000001 0.8296875 0.5718750000000001 0.8296875 0.6328125000000002 0.9234375 0.6328125000000002
0 0.9484375 0.5015625000000001 0.8765625 0.5015625000000001 0.8765625 0.5671875000000002 0.9484375 0.5671875000000002
0 0.871875 0.5296875000000002 0.7890625 0.5296875000000002 0.7890625 0.5796875000000001 0.871875 0.5796875000000001
0 0.9796875 0.46406250000000016 0.9171875 0.46406250000000016 0.9171875 0.5140625000000002 0.9796875 0.5140625000000002
0 0.9953125 0.42187500000000017 0.9328125 0.42187500000000017 0.9328125 0.46406250000000016 0.9953125 0.46406250000000016
0 0.10312500000000009 0.6796875 0.020312500000000084 0.6796875 0.020312500000000087 0.7328125 0.10312500000000009 0.7328125
0 0.16562500000000008 0.6453125 0.09375000000000008 0.6453125 0.09375000000000008 0.6984375 0.16562500000000008 0.6984375
0 0.2640625000000001 0.640625 0.18125000000000008 0.640625 0.18125000000000008 0.703125 0.2640625000000001 0.703125
0 0.3343750000000001 0.66875 0.2734375000000001 0.66875 0.2734375000000001 0.7109375 0.3343750000000001 0.7109375
0 0.4171875000000001 0.6828125 0.34062500000000007 0.6828125 0.34062500000000007 0.7296875 0.41718750000000016 0.7296875
0 0.4640625000000001 0.6796875 0.421875 0.6796875 0.4218750000000001 0.7328125 0.46406250000000016 0.7328125
0 0.5109375 0.6375 0.453125 0.6375 0.453125 0.6984375 0.5109375 0.6984375
0 0.5921875 0.6375 0.515625 0.6375 0.515625 0.703125 0.5921875 0.703125
0 0.5875 0.590625 0.53125 0.590625 0.53125 0.6375 0.5875 0.6375
0 0.64375 0.5875 0.5984375 0.5875 0.5984375 0.6375 0.64375 0.6375
0 0.6765625 0.5953125 0.6453125 0.5953125 0.6453125 0.640625 0.6765625 0.640625
0 0.7421875 0.5593750000000001 0.6859375 0.559375 0.6859375 0.6140625000000001 0.7421875 0.6140625000000002
0 0.79375 0.5906250000000001 0.721875 0.590625 0.721875 0.6453125000000001 0.79375 0.6453125000000002
0 0.7734375 0.5171875000000001 0.721875 0.5171875 0.721875 0.5562500000000001 0.7734375 0.5562500000000001
0 0.7828125 0.40625000000000017 0.7375 0.40625000000000017 0.7375 0.4593750000000002 0.7828125 0.4593750000000002
0 0.8609375 0.3671875000000001 0.7890625 0.3671875000000001 0.7890625 0.43281250000000016 0.8609375 0.43281250000000016
0 0.903125 0.33281250000000007 0.8203125 0.33281250000000007 0.8203125 0.3781250000000001 0.903125 0.3781250000000001
0 0.9390625 0.3781250000000001 0.88125 0.3781250000000001 0.88125 0.43281250000000016 0.9390625 0.43281250000000016
0 0.9125 0.47968750000000016 0.865625 0.47968750000000016 0.865625 0.5171875000000001 0.9125 0.5171875000000001
0 0.9484375 0.42968750000000017 0.8765625 0.42968750000000017 0.8765625 0.47968750000000016 0.9484375 0.47968750000000016
0 0.8875 0.44062500000000016 0.8296875 0.44062500000000016 0.8296875 0.4828125000000002 0.8875 0.4828125000000002
0 0.85625 0.42187500000000017 0.7890625 0.42187500000000017 0.7890625 0.46406250000000016 0.85625 0.46406250000000016
0 0.809375 0.4593750000000002 0.746875 0.4593750000000002 0.746875 0.5015625000000001 0.809375 0.5015625000000001
0 0.871875 0.4859375000000002 0.8 0.4859375000000002 0.8 0.5328125000000001 0.871875 0.5328125000000001
0 0.753125 0.4640625000000001 0.675 0.4640625 0.675 0.5171875000000001 0.753125 0.5171875000000001
0 0.7171875 0.5140625 0.65 0.5140625 0.65 0.559375 0.7171875 0.559375
0 0.675 0.459375 0.603125 0.459375 0.603125 0.5140625 0.675 0.5140625
0 0.035937500000000025 0.1546875 1.894375517431062e-17 0.1546875 2.2005372172179003e-17 0.2046875 0.035937500000000025 0.2046875
0 0.05625000000000002 0.2046875 2.5066989170047385e-17 0.2046875 2.7650228511998833e-17 0.246875 0.05625000000000002 0.246875
0 0.046875000000000035 0.2515625 3.080752104105061e-17 0.2515625 3.4347515694835924e-17 0.309375 0.046875000000000035 0.309375
0 0.040625000000000036 0.3046875 3.731345716152092e-17 0.3046875 4.152318053358994e-17 0.3734375 0.04062500000000004 0.3734375
0 0.04687500000000004 0.375 4.592425496802575e-17 0.375 4.755073899814333e-17 0.4015625 0.04687500000000004 0.4015625
0 0.06250000000000004 0.40625 0.00468750000000005 0.40625 0.004687500000000051 0.4296875 0.06250000000000004 0.4296875
0 0.025000000000000057 0.4125 5.051668046482832e-17 0.4125 5.357829746269671e-17 0.4625 0.025000000000000057 0.4625
0 0.10312500000000005 0.4359375 0.04062500000000006 0.4359375 0.04062500000000006 0.4828125 0.10312500000000005 0.4828125
0 0.056250000000000064 0.4671875 5.72139676476654e-17 0.4671875 5.95101803960667e-17 0.5046875 0.056250000000000064 0.5046875
0 0.03593750000000006 0.490625 6.008423358316702e-17 0.490625 6.458098354878621e-17 0.5640625 0.03593750000000007 0.5640625
0 0.10312500000000006 0.50625 0.03125000000000007 0.50625 0.03125000000000007 0.55625 0.10312500000000009 0.55625
0 0.04062500000000007 0.559375 6.850368032730508e-17 0.559375 7.204367498109039e-17 0.6171875 0.04062500000000008 0.6171875
0 0.12343750000000009 0.5640625 0.04687500000000007 0.5640625 0.04687500000000007 0.609375 0.12343750000000009 0.609375
0 0.08281250000000008 0.621875 7.615772282197602e-17 0.621875 7.94106908822112e-17 0.675 0.0828125000000001 0.675
0 0.1453125000000001 0.590625 0.07343750000000007 0.590625 0.07343750000000007 0.653125 0.1453125000000001 0.653125
0 0.21093750000000008 0.5984375 0.15000000000000008 0.5984375 0.15000000000000008 0.65625 0.21093750000000008 0.65625
0 0.2734375000000001 0.603125 0.2156250000000001 0.603125 0.2156250000000001 0.65625 0.2734375000000001 0.65625
0 0.1906250000000001 0.571875 0.12343750000000009 0.571875 0.12343750000000009 0.609375 0.1906250000000001 0.609375
0 0.16093750000000007 0.5171875 0.10937500000000004 0.5171875 0.10937500000000007 0.5640625 0.1609375000000001 0.5640625
0 0.22656250000000008 0.49375 0.15937500000000004 0.49375 0.15937500000000007 0.5484375 0.22656250000000008 0.5484375
0 0.2578125000000001 0.54375 0.17968750000000006 0.54375 0.17968750000000006 0.590625 0.2578125000000001 0.590625
0 0.3156250000000001 0.5171875 0.2484375000000001 0.5171875 0.2484375000000001 0.575 0.3156250000000001 0.575
0 0.3140625000000001 0.56875 0.2578125000000001 0.56875 0.2578125000000001 0.6265625 0.3140625000000001 0.6265625
0 0.35625000000000007 0.6109375 0.2843750000000001 0.6109375 0.2843750000000001 0.653125 0.35625000000000007 0.653125
0 0.4375 0.60625 0.3609375000000001 0.60625 0.3609375000000001 0.640625 0.4375 0.640625
0 0.3609375000000001 0.5796875 0.3140625000000001 0.5796875 0.3140625000000001 0.6171875 0.3609375000000001 0.6171875
0 0.428125 0.571875 0.3656250000000001 0.571875 0.3656250000000001 0.603125 0.428125 0.603125
0 0.459375 0.525 0.3968750000000001 0.525 0.3968750000000001 0.5671875 0.459375 0.5671875
0 0.5 0.56875 0.4484375 0.56875 0.4484375 0.603125 0.5 0.603125
0 0.5203125 0.603125 0.44375 0.603125 0.44375 0.640625 0.5203125 0.640625
0 0.53125 0.5171875 0.4640625 0.5171875 0.4640625 0.5640625 0.53125 0.5640625
0 0.571875 0.521875 0.5265625 0.521875 0.5265625 0.55625 0.571875 0.55625
0 0.5671875 0.559375 0.5203125 0.559375 0.5203125 0.5875 0.5671875 0.5875
0 0.6234375 0.540625 0.5875 0.540625 0.5875 0.5796875 0.6234375 0.5796875
0 0.659375 0.5171875 0.5875 0.5171875 0.5875 0.55625 0.659375 0.55625
0 0.6078125 0.4484375 0.5359375 0.4484375 0.5359375 0.5171875 0.6078125 0.5171875
0 0.5515625 0.4140625 0.5 0.4140625 0.5 0.4453125 0.5515625 0.4453125
0 0.634375 0.4140625 0.5625 0.4140625 0.5625 0.45625 0.634375 0.45625
0 0.6859375 0.4171875 0.6234375 0.4171875 0.6234375 0.459375 0.6859375 0.459375
0 0.7171875 0.37187500000000007 0.665625 0.37187500000000007 0.665625 0.4296875 0.7171875 0.4296875
0 0.784375 0.3515625000000001 0.7265625 0.3515625000000001 0.7265625 0.4046875000000002 0.784375 0.4046875000000002
0 0.10312500000000002 0.1625 0.04687500000000002 0.1625 0.04687500000000002 0.2203125 0.10312500000000005 0.2203125
0 0.18125000000000002 0.1703125 0.1140625 0.1703125 0.11406250000000002 0.23125 0.18125000000000005 0.23125
0 0.2421875 0.17812500000000003 0.1859375 0.17812500000000003 0.18593750000000003 0.228125 0.2421875 0.228125
0 0.29375 0.19687500000000005 0.2578125 0.19687500000000005 0.2578125 0.2390625 0.29375 0.2390625
0 0.334375 0.2171875 0.309375 0.2171875 0.309375 0.2484375 0.334375 0.2484375
0 0.3859375 0.23281250000000003 0.3453125 0.2328125 0.3453125 0.2671875 0.3859375 0.2671875000000001
0 0.4328125 0.23593750000000008 0.4015625 0.23593750000000008 0.4015625 0.2812500000000001 0.4328125 0.2812500000000001
0 0.4796875 0.2171875000000001 0.428125 0.2171875000000001 0.428125 0.2593750000000001 0.4796875 0.2593750000000001
0 0.5421875 0.22031250000000008 0.50625 0.22031250000000008 0.50625 0.2578125000000001 0.5421875 0.2578125000000001
0 0.5875 0.24375000000000008 0.53125 0.24375000000000008 0.53125 0.2890625000000001 0.5875 0.2890625000000001
0 0.6296875 0.22031250000000008 0.59375 0.22031250000000008 0.59375 0.2812500000000001 0.6296875 0.2812500000000001
0 0.6640625 0.26250000000000007 0.61875 0.26250000000000007 0.61875 0.30156250000000007 0.6640625 0.30156250000000007
0 0.7171875 0.2328125000000001 0.665625 0.2328125000000001 0.665625 0.2828125000000001 0.7171875 0.2828125000000001
0 0.778125 0.23593750000000008 0.7265625 0.23593750000000008 0.7265625 0.2890625000000001 0.778125 0.2890625000000001
0 0.8296875 0.25468750000000007 0.784375 0.25468750000000007 0.784375 0.3046875000000001 0.8296875 0.3046875000000001
0 0.8921875 0.25468750000000007 0.834375 0.25468750000000007 0.834375 0.29375000000000007 0.8921875 0.29375000000000007
0 0.959375 0.2750000000000001 0.896875 0.2750000000000001 0.896875 0.3203125000000001 0.959375 0.3203125000000001
0 0.9953125 0.2984375000000001 0.9375 0.2984375000000001 0.9375 0.35625000000000007 0.9953125 0.35625000000000007
0 0.10937500000000004 0.2390625 0.04218750000000003 0.2390625 0.04218750000000003 0.29375 0.10937500000000004 0.29375
0 0.17031250000000003 0.2625 0.09843750000000002 0.2625 0.09843750000000004 0.325 0.17031250000000003 0.325
0 0.221875 0.228125 0.15000000000000005 0.228125 0.15000000000000005 0.28125 0.221875 0.28125
0 0.15937500000000004 0.225 0.09843750000000002 0.225 0.09843750000000004 0.275 0.15937500000000004 0.275
0 0.2421875 0.2859375 0.19062500000000004 0.2859375 0.19062500000000004 0.33125 0.2421875 0.33125
0 0.2890625 0.290625 0.2421875 0.290625 0.2421875 0.3484375 0.2890625 0.3484375
0 0.2734375 0.23125 0.215625 0.23125 0.215625 0.2859375 0.2734375 0.2859375
0 0.3515625 0.2859375 0.284375 0.2859375 0.284375 0.34375 0.3515625 0.34375
0 0.428125 0.2890625000000001 0.3703125 0.2890625000000001 0.3703125 0.3359375000000001 0.428125 0.3359375000000001
0 0.09843750000000004 0.325 0.04062500000000004 0.325 0.04062500000000004 0.3671875 0.09843750000000004 0.3671875
0 0.13437500000000005 0.359375 0.06250000000000004 0.359375 0.06250000000000004 0.4125 0.13437500000000005 0.4125
0 0.19062500000000004 0.3484375 0.10781250000000005 0.3484375 0.10781250000000005 0.3984375 0.19062500000000004 0.3984375
0 0.20625 0.309375 0.12812500000000004 0.309375 0.12812500000000004 0.346875 0.20625 0.346875
0 0.24687500000000004 0.359375 0.15468750000000003 0.359375 0.15468750000000003 0.4171875 0.2468750000000001 0.4171875
0 0.19062500000000004 0.39375 0.09843750000000004 0.39375 0.09843750000000004 0.4359375 0.19062500000000004 0.4359375
0 0.2218750000000001 0.4296875 0.11250000000000004 0.4296875 0.11250000000000004 0.4953125 0.2218750000000001 0.4953125
0 0.2734375000000001 0.440625 0.19531250000000006 0.440625 0.19531250000000006 0.4828125 0.2734375000000001 0.4828125
0 0.2578125000000001 0.4203125 0.2062500000000001 0.4203125 0.2062500000000001 0.4328125 0.2578125000000001 0.4328125
0 0.3359375000000001 0.40625 0.2687500000000001 0.40625 0.2687500000000001 0.459375 0.3359375000000001 0.459375
0 0.3359375000000001 0.459375 0.27812500000000007 0.459375 0.27812500000000007 0.50625 0.3359375000000001 0.50625
0 0.38750000000000007 0.490625 0.3296875000000001 0.490625 0.3296875000000001 0.540625 0.38750000000000007 0.540625
0 0.459375 0.4703125 0.3765625000000001 0.4703125 0.3765625000000001 0.5328125 0.459375 0.5328125
0 0.53125 0.4796875 0.484375 0.4796875 0.484375 0.5171875 0.53125 0.5171875
0 0.4890625 0.4515625 0.4125 0.4515625 0.4125 0.4984375 0.4890625 0.4984375
0 0.4015625 0.4203125 0.34062500000000007 0.4203125 0.34062500000000007 0.475 0.4015625 0.475
0 0.4390625 0.40625 0.38750000000000007 0.40625 0.38750000000000007 0.44375 0.4390625 0.44375
0 0.53125 0.4015625 0.4484375 0.4015625 0.4484375 0.44375 0.53125 0.44375
0 0.540625 0.3593750000000001 0.5 0.3593750000000001 0.5 0.409375 0.540625 0.409375
0 0.5921875 0.34062500000000007 0.5359375 0.34062500000000007 0.5359375 0.3984375000000001 0.5921875 0.3984375000000001
0 0.603125 0.3828125000000001 0.5625 0.3828125000000001 0.5625 0.425 0.603125 0.425
0 0.6546875 0.3593750000000001 0.6140625 0.3593750000000001 0.6140625 0.409375 0.6546875 0.409375
0 0.665625 0.3046875000000001 0.6078125 0.3046875000000001 0.6078125 0.3625000000000001 0.665625 0.3625000000000001
0 0.7015625 0.3281250000000001 0.659375 0.3281250000000001 0.659375 0.3546875000000001 0.7015625 0.3546875000000001
0 0.61875 0.2906250000000001 0.515625 0.2906250000000001 0.515625 0.34843750000000007 0.61875 0.34843750000000007
0 0.4953125 0.2593750000000001 0.4328125 0.2593750000000001 0.4328125 0.30156250000000007 0.4953125 0.30156250000000007
0 0.515625 0.30156250000000007 0.4484375 0.30156250000000007 0.4484375 0.3281250000000001 0.515625 0.3281250000000001
0 0.5109375 0.3593750000000001 0.4125 0.3593750000000001 0.4125 0.4046875 0.5109375 0.4046875
0 0.4546875 0.3281250000000001 0.3875 0.3281250000000001 0.3875 0.3625000000000001 0.4546875 0.3625000000000001
0 0.4171875 0.34843750000000007 0.35625 0.3484375 0.35625000000000007 0.39843750000000006 0.4171875 0.3984375000000001
0 0.3609375000000001 0.3671875 0.3046875000000001 0.3671875 0.3046875000000001 0.4171875 0.3609375000000001 0.4171875
0 0.2984375000000001 0.3671875 0.24218750000000008 0.3671875 0.24218750000000008 0.4046875 0.2984375000000001 0.4046875
0 0.09843750000000001 0.084375 0.03593750000000001 0.084375 0.03593750000000002 0.1390625 0.09843750000000002 0.1390625
0 0.03593750000000001 0.0703125 8.610797806504827e-18 0.0703125 1.1194037148456274e-17 0.1125 0.03593750000000001 0.1125
0 0.0625 0.03906250000000001 4.783776559169349e-18 0.0390625 7.845393557037732e-18 0.0890625 0.0625 0.0890625
0 0.0765625 4.6881010279859615e-18 0 0 2.2962127484012876e-18 0.037500000000000006 0.0765625 0.03750000000000001
0 0.1296875 0.010937500000000013 0.071875 0.010937500000000008 0.071875 0.06562500000000002 0.1296875 0.06562500000000002
0 0.2375 2.085726579797836e-17 0.103125 1.262917011620708e-17 0.103125 0.02343750000000002 0.2375 0.023437500000000028
0 0.2375 0.012500000000000022 0.1390625 0.012500000000000016 0.1390625 0.06250000000000003 0.2375 0.06250000000000003
0 0.2265625 0.07031250000000003 0.134375 0.07031250000000003 0.134375 0.12031250000000002 0.2265625 0.12031250000000004
0 0.284375 0.06562500000000003 0.2171875 0.06562500000000002 0.2171875 0.12343750000000005 0.284375 0.12343750000000005
0 0.35625 0.07656250000000005 0.278125 0.07656250000000005 0.278125 0.13125000000000003 0.35625 0.13125000000000003
0 0.35625 0.02812500000000004 0.2890625 0.028125000000000032 0.2890625 0.07812500000000004 0.35625 0.07812500000000004
0 0.334375 3.559129760021995e-17 0.246875 3.023346785395028e-17 0.246875 0.07656250000000003 0.334375 0.07656250000000005
0 0.4015625 0.09218750000000005 0.3609375 0.09218750000000005 0.3609375 0.13906250000000003 0.4015625 0.13906250000000003
0 0.453125 0.08906250000000004 0.396875 0.08906250000000004 0.396875 0.14218750000000005 0.453125 0.14218750000000005
0 0.5109375 0.10000000000000005 0.4484375 0.10000000000000005 0.4484375 0.14687500000000003 0.5109375 0.14687500000000003
0 0.5578125 0.08437500000000006 0.50625 0.08437500000000006 0.50625 0.13125000000000006 0.5578125 0.1312500000000001
0 0.4078125 0.04687500000000004 0.35625 0.04687500000000004 0.35625 0.09218750000000005 0.4078125 0.09218750000000005
0 0.3921875 4.362804221962446e-17 0.3203125 3.922696778518866e-17 0.3203125 0.03906250000000004 0.3921875 0.03906250000000004
0 0.453125 5.1760462370212356e-17 0.3921875 4.802911665406026e-17 0.3921875 0.04687500000000005 0.453125 0.046875000000000056
0 0.484375 0.05781250000000006 0.4390625 0.057812500000000044 0.4390625 0.10468750000000004 0.484375 0.10468750000000004
0 0.571875 0.03125000000000006 0.484375 0.031250000000000056 0.484375 0.09218750000000006 0.571875 0.09218750000000006
0 0.5515625 6.247612186275169e-17 0.46875 5.740531871003217e-17 0.46875 0.03437500000000006 0.5515625 0.034375000000000065
0 0.5828125 6.754692501547121e-17 0.5203125 6.371990376813572e-17 0.5203125 0.034375000000000065 0.5828125 0.034375000000000065
0 0.6125 7.223502604345716e-17 0.5671875 6.946043563913895e-17 0.5671875 0.023437500000000076 0.6125 0.023437500000000076
0 0.6453125 0.023437500000000076 0.59375 0.023437500000000073 0.59375 0.05781250000000008 0.6453125 0.057812500000000086
0 0.6296875 0.057812500000000065 0.5625 0.057812500000000065 0.5625 0.10000000000000009 0.6296875 0.10000000000000009
0 0.6078125 0.09218750000000006 0.546875 0.09218750000000006 0.546875 0.1468750000000001 0.6078125 0.1468750000000001
0 0.7015625 0.09375000000000008 0.634375 0.09375000000000007 0.634375 0.1437500000000001 0.7015625 0.1437500000000001
0 0.65 0.12343750000000009 0.5921875 0.12343750000000009 0.5921875 0.1546875000000001 0.65 0.1546875000000001
0 0.7578125 0.11562500000000009 0.7109375 0.11562500000000009 0.7109375 0.15781250000000008 0.7578125 0.15781250000000008
0 0.8046875 0.13437500000000008 0.76875 0.13437500000000008 0.76875 0.1625000000000001 0.8046875 0.1625000000000001
0 0.85625 0.1390625000000001 0.8140625 0.1390625000000001 0.8140625 0.1703125000000001 0.85625 0.1703125000000001
0 0.928125 0.1500000000000001 0.8765625 0.15000000000000008 0.8765625 0.17031250000000012 0.928125 0.17031250000000014
0 0.975 0.16562500000000013 0.9484375 0.16562500000000013 0.9484375 0.17031250000000014 0.975 0.17031250000000014
0 0.959375 0.11250000000000011 0.8921875 0.11250000000000009 0.8921875 0.1578125000000001 0.959375 0.15781250000000013
0 0.984375 0.10156250000000014 0.9484375 0.10156250000000014 0.9484375 0.14375000000000013 0.984375 0.14375000000000013
0 0.7578125 0.06250000000000008 0.70625 0.06250000000000008 0.70625 0.11562500000000009 0.7578125 0.11562500000000009
0 0.79375 0.08906250000000009 0.753125 0.08906250000000009 0.753125 0.1312500000000001 0.79375 0.1312500000000001
0 0.834375 0.0625000000000001 0.7890625 0.06250000000000008 0.7890625 0.12343750000000009 0.834375 0.12343750000000009
0 0.865625 0.046875000000000104 0.8296875 0.0468750000000001 0.8296875 0.07031250000000011 0.865625 0.07031250000000011
0 0.9953125 1.114619938286458e-16 0.825 1.0103336092965664e-16 0.825 0.13906250000000012 0.9953125 0.13906250000000014
0 0.9015625 1.0792199917486051e-16 0.8609375 1.0543443536409245e-16 0.8609375 0.046875000000000104 0.9015625 0.04687500000000011
0 0.66875 7.912366428866103e-17 0.6234375 7.634907388434281e-17 0.6234375 0.01875000000000008 0.66875 0.018750000000000083
0 0.7265625 0.03906250000000008 0.6546875 0.039062500000000076 0.6546875 0.08125000000000009 0.7265625 0.08125000000000009
0 0.746875 8.773446209516586e-17 0.6859375 8.400311637901375e-17 0.6859375 0.023437500000000087 0.746875 0.02343750000000009
0 0.8140625 0.0390625000000001 0.7421875 0.03906250000000009 0.7421875 0.08125000000000009 0.8140625 0.08125000000000009
0 0.8453125 9.84501215877052e-17 0.7625 9.337931843498569e-17 0.7625 0.0390625000000001 0.8453125 0.0390625000000001