0 0.8796875 0.6390625000000002 0.7453125 0.6390625000000002 0.7453125 0.853125 0.8796875 0.853125
0 0.7453125 0.6937500000000001 0.5890625 0.69375 0.5890625 0.9453125 0.7453125000000002 0.9453125
0 0.5593750000000002 0.7375 0.3750000000000001 0.7375 0.3750000000000001 0.95625 0.5593750000000002 0.95625
0 0.3937500000000001 0.7765625 0.2484375000000001 0.7765625 0.2484375000000001 0.9890625 0.3937500000000001 0.9890625
0 0.21875000000000008 0.7375 9.031770143711729e-17 0.7375 1.0074633433610647e-16 0.9078125 0.21875000000000008 0.9078125
0 0.2250000000000001 0.6453125 0.10156250000000008 0.6453125 0.10156250000000008 0.803125 0.2250000000000001 0.803125
0 0.09531250000000008 0.628125 7.692312707144312e-17 0.628125 8.802148868871601e-17 0.809375 0.09531250000000009 0.809375
0 0.1671875000000001 0.875 0.05468750000000011 0.875 0.05468750000000011 0.9953125 0.16718750000000013 0.9953125
0 0.2484375000000001 0.825 0.1609375000000001 0.825 0.16093750000000012 0.9953125 0.2484375000000001 0.9953125
0 0.2218750000000001 0.5734375 0.10937500000000008 0.5734375 0.10937500000000008 0.6390625 0.2218750000000001 0.6390625
0 0.10625000000000007 0.540625 0.004687500000000067 0.540625 0.004687500000000072 0.634375 0.1062500000000001 0.634375
0 0.2656250000000001 0.60625 0.2250000000000001 0.60625 0.2250000000000001 0.7703125 0.2656250000000001 0.7703125
0 0.2156250000000001 0.43125 0.08437500000000005 0.43125 0.08437500000000006 0.5734375 0.2156250000000001 0.5734375
0 0.16718750000000004 0.3546875 0.04687500000000004 0.3546875 0.046875000000000056 0.525 0.16718750000000004 0.525
0 0.28750000000000003 0.3609375 0.17031250000000003 0.3609375 0.17031250000000003 0.4921875 0.2875000000000001 0.4921875
0 0.30156250000000007 0.284375 0.17500000000000004 0.284375 0.17500000000000004 0.409375 0.30156250000000007 0.409375
0 0.4078125 0.4 0.2656250000000001 0.4 0.2656250000000001 0.5640625 0.4078125 0.5640625
0 0.425 0.503125 0.2796875000000001 0.503125 0.2796875000000001 0.671875 0.425 0.671875
0 0.3671875000000001 0.37187500000000007 0.30156250000000007 0.371875 0.30156250000000007 0.409375 0.3671875000000001 0.409375
0 0.421875 0.28437500000000004 0.35625 0.284375 0.35625000000000007 0.415625 0.421875 0.415625
0 0.4984375 0.22343750000000004 0.3484375 0.2234375 0.34843750000000007 0.48125 0.4984375 0.48125
0 0.6328125 0.3609375000000001 0.4984375 0.3609375000000001 0.4984375 0.459375 0.6328125 0.459375
0 0.64375 0.3765625000000001 0.4140625 0.3765625000000001 0.4140625 0.671875 0.64375 0.671875
0 0.821875 0.3281250000000001 0.61875 0.3281250000000001 0.61875 0.6343750000000001 0.821875 0.6343750000000001
0 0.8828125 0.06093750000000009 0.509375 0.06093750000000007 0.509375 0.41093750000000007 0.8828125 0.4109375000000002