0 0.996875 0.7875000000000002 0.7859375000000002 0.7875000000000002 0.7859375000000002 0.9953125 0.996875 0.9953125
0 0.9390625 0.5687500000000002 0.8046875 0.5687500000000002 0.8046875 0.7875000000000002 0.9390625 0.7875000000000002
0 0.996875 0.6281250000000002 0.93125 0.6281250000000002 0.93125 0.7921875000000002 0.996875 0.7921875000000002
0 0.996875 0.7656250000000002 0.928125 0.7656250000000002 0.928125 0.8421875 0.996875 0.8421875
0 0.996875 0.4593750000000002 0.90625 0.4593750000000002 0.90625 0.6390625000000002 0.996875 0.6390625000000002
0 0.9859375 0.3765625000000001 0.890625 0.3765625000000001 0.890625 0.49218750000000017 0.9859375 0.49218750000000017
0 0.996875 0.33281250000000007 0.9703125 0.33281250000000007 0.9703125 0.4703125000000002 0.996875 0.4703125000000002
0 0.9421875 0.18593750000000012 0.78125 0.1859375000000001 0.78125 0.3937500000000001 0.9421875 0.3937500000000001
0 0.9671875 0.30156250000000007 0.8875 0.30156250000000007 0.8875 0.4109375000000002 0.9671875 0.4109375000000002
0 0.996875 0.19687500000000013 0.9484375 0.19687500000000013 0.9484375 0.3546875000000001 0.996875 0.3546875000000001
0 0.978125 0.1421875000000001 0.865625 0.14218750000000008 0.865625 0.3062500000000001 0.978125 0.3062500000000001
0 0.996875 1.204554937598842e-16 0.9703125 1.188290097297666e-16 0.9703125 0.14218750000000013 0.996875 0.14218750000000013
0 0.8625 0.16406250000000008 0.7640625 0.16406250000000008 0.7640625 0.2453125000000001 0.8625 0.2453125000000001
0 0.8296875 9.424039821563617e-17 0.709375 8.687338231451536e-17 0.709375 0.0984375000000001 0.8296875 0.09843750000000011
0 0.7125 7.807123344564376e-17 0.5625 6.888638245203862e-17 0.5625 0.17968750000000008 0.7125 0.17968750000000008
0 0.7703125 0.12500000000000008 0.64375 0.12500000000000008 0.64375 0.31718750000000007 0.7703125 0.31718750000000007
0 0.8140625 0.2671875000000001 0.7234375 0.2671875000000001 0.7234375 0.42656250000000007 0.8140625 0.4265625000000002
0 0.8 0.4312500000000001 0.690625 0.43125 0.690625 0.6015625000000001 0.8 0.6015625000000002
0 0.909375 0.3937500000000001 0.7890625 0.3937500000000001 0.7890625 0.5843750000000002 0.909375 0.5843750000000002
0 0.81875 0.5796875000000001 0.7171875 0.5796875 0.7171875000000001 0.7765625 0.81875 0.7765625000000002
0 0.8140625 0.7593750000000001 0.7203125000000001 0.759375 0.7203125000000001 0.9296875 0.8140625 0.9296875
0 0.7890625000000002 0.9296875 0.7343750000000002 0.9296875 0.7343750000000002 0.9953125 0.7890625000000002 0.9953125
0 0.7500000000000002 0.7765625 0.6296875000000002 0.7765625 0.6296875000000002 0.9625 0.7500000000000002 0.9625
0 0.7453125000000002 0.95625 0.6328125000000002 0.95625 0.6328125000000002 0.9953125 0.7453125000000002 0.9953125
0 0.7171875000000002 0.7375 0.6406250000000002 0.7375 0.6406250000000002 0.803125 0.7171875000000002 0.803125
0 0.7171875000000001 0.5953125 0.6484375 0.5953125 0.6484375000000001 0.759375 0.7171875000000002 0.759375
0 0.6984375 0.4859375 0.5890625 0.4859375 0.5890625 0.6609375 0.6984375 0.6609375
0 0.734375 0.3062500000000001 0.61875 0.3062500000000001 0.61875 0.5078125000000001 0.734375 0.5078125000000002
0 0.684375 0.2843750000000001 0.6 0.2843750000000001 0.6 0.3937500000000001 0.684375 0.3937500000000001
0 0.6984375 0.1906250000000001 0.6359375 0.1906250000000001 0.6359375 0.3062500000000001 0.6984375 0.3062500000000001
0 0.6296875 0.16406250000000006 0.5015625 0.16406250000000006 0.5015625 0.3281250000000001 0.6296875 0.3281250000000001
0 0.596875 0.3109375000000001 0.53125 0.3109375000000001 0.53125 0.3828125000000001 0.596875 0.3828125000000001
0 0.6296875 0.3828125000000001 0.509375 0.3828125000000001 0.509375 0.6015625 0.6296875 0.6015625
0 0.6625000000000001 0.6171875 0.4953125 0.6171875 0.4953125000000001 0.83125 0.6625000000000002 0.83125
0 0.6515625000000002 0.803125 0.5421875000000002 0.803125 0.5421875000000002 0.984375 0.6515625000000002 0.984375
0 0.6078125000000002 0.9296875 0.5203125000000002 0.9296875 0.5203125000000002 0.9953125 0.6078125000000002 0.9953125
0 0.5562500000000001 0.7921875 0.4578125000000002 0.7921875 0.4578125000000002 0.940625 0.5562500000000001 0.940625
0 0.4875000000000001 0.6171875 0.34843750000000007 0.6171875 0.34843750000000007 0.7765625 0.48750000000000016 0.7765625
0 0.5453125000000001 0.525 0.4140625 0.525 0.4140625000000001 0.7328125 0.5453125000000002 0.7328125
0 0.50625 0.4703125 0.440625 0.4703125 0.440625 0.546875 0.50625 0.546875
0 0.5484375 0.31718750000000007 0.4328125 0.31718750000000007 0.4328125 0.48125 0.5484375 0.48125
0 0.4984375 0.21250000000000008 0.440625 0.21250000000000008 0.440625 0.3281250000000001 0.4984375 0.3281250000000001
0 0.5890625 0.054687500000000056 0.421875 0.05468750000000004 0.421875 0.21875000000000008 0.5890625 0.21875000000000008
0 0.5125 0.015625000000000052 0.3453125 0.015625000000000045 0.3453125 0.19687500000000005 0.5125 0.19687500000000005
0 0.4640625 5.109073365192864e-17 0.3703125 4.5350201780925416e-17 0.3703125 0.02656250000000005 0.4640625 0.026562500000000055
0 0.571875 6.515503673588654e-17 0.4921875 6.027558464553379e-17 0.4921875 0.021875000000000068 0.571875 0.02187500000000007
0 0.371875 3.8844265660455115e-17 0.2625 3.214697847761802e-17 0.2625 0.07656250000000003 0.371875 0.07656250000000005
0 0.35625 0.07187500000000004 0.2359375 0.07187500000000002 0.2359375 0.203125 0.35625 0.203125
0 0.39375000000000004 0.17500000000000004 0.2703125 0.17500000000000004 0.27031250000000007 0.38750000000000007 0.3937500000000001 0.38750000000000007
0 0.4625 0.19687500000000005 0.353125 0.19687500000000005 0.353125 0.3765625 0.4625 0.3765625000000001
0 0.446875 0.36718750000000006 0.2906250000000001 0.3671875 0.2906250000000001 0.61875 0.446875 0.61875
0 0.4109375 0.5796875 0.3265625000000001 0.5796875 0.3265625000000001 0.65625 0.4109375 0.65625
0 0.35625000000000007 0.6453125 0.2468750000000001 0.6453125 0.2468750000000001 0.7984375 0.35625000000000007 0.7984375
0 0.3921875000000001 0.7875 0.25468750000000007 0.7875 0.25468750000000007 0.9671875 0.3921875000000001 0.9671875
0 0.5125000000000002 0.86875 0.36406250000000007 0.86875 0.36406250000000007 0.9953125 0.5125000000000002 0.9953125
0 0.3593750000000001 0.95625 0.25468750000000007 0.95625 0.25468750000000007 0.9953125 0.3593750000000001 0.9953125
0 0.2656250000000001 0.825 0.14218750000000008 0.825 0.1421875000000001 0.9953125 0.2656250000000001 0.9953125
0 0.2765625000000001 0.7921875 0.2250000000000001 0.7921875 0.2250000000000001 0.8578125 0.2765625000000001 0.8578125
0 0.13906250000000012 0.7875 0.007812500000000097 0.7875 0.007812500000000108 0.9671875 0.13906250000000014 0.9671875
0 0.16406250000000014 0.940625 0.0796875000000001 0.940625 0.0796875000000001 0.9953125 0.16406250000000014 0.9953125
0 0.0296875000000001 0.7546875 9.242256312315182e-17 0.7546875 1.0246849389740744e-16 0.91875 0.02968750000000011 0.91875
0 0.12343750000000009 0.6390625 7.826258450801054e-17 0.6390625 8.802148868871601e-17 0.7984375 0.12343750000000009 0.7984375
0 0.2734375000000001 0.65625 0.1937500000000001 0.65625 0.1937500000000001 0.7984375 0.2734375000000001 0.7984375
0 0.2406250000000001 0.5296875 0.14531250000000004 0.5296875 0.14531250000000007 0.6828125 0.2406250000000001 0.6828125
0 0.3281250000000001 0.475 0.2156250000000001 0.475 0.2156250000000001 0.6390625 0.3281250000000001 0.6390625
0 0.15312500000000007 0.48125 0.04375000000000005 0.48125 0.04375000000000007 0.671875 0.1531250000000001 0.671875
0 0.27656250000000004 0.2953125 0.14531250000000004 0.2953125 0.14531250000000004 0.496875 0.2765625000000001 0.496875
0 0.2250000000000001 0.4921875 0.15312500000000004 0.4921875 0.15312500000000007 0.5578125 0.2250000000000001 0.5578125
0 0.15625000000000006 0.3390625 0.08750000000000005 0.3390625 0.08750000000000005 0.496875 0.15625000000000006 0.496875
0 0.09062500000000005 0.415625 5.089938258956187e-17 0.415625 5.788369636594911e-17 0.5296875 0.09062500000000007 0.5296875
0 0.02968750000000007 0.525 6.429395695523604e-17 0.525 7.099124413807313e-17 0.634375 0.02968750000000008 0.634375
0 0.057812500000000065 0.51875 0.02187500000000006 0.51875 0.021875000000000068 0.628125 0.057812500000000065 0.628125
0 0.051562500000000046 0.2734375 3.348643591418544e-17 0.2734375 4.2192909251873654e-17 0.415625 0.051562500000000046 0.415625
0 0.10937500000000004 0.2296875 0.021875000000000026 0.2296875 0.02187500000000004 0.43125 0.10937500000000004 0.43125
0 0.13906250000000003 0.2125 0.09062500000000002 0.2125 0.09062500000000004 0.371875 0.13906250000000003 0.371875
0 0.240625 1.9230781767860777e-17 0.0734375 8.993499931238374e-18 0.07343750000000002 0.2515625 0.240625 0.2515625
0 0.284375 0.17500000000000004 0.1828125 0.17500000000000004 0.18281250000000002 0.2671875 0.284375 0.2671875
0 0.27968750000000003 0.2671875 0.15625000000000006 0.2671875 0.15625000000000006 0.371875 0.2796875000000001 0.371875
0 0.26875 2.047456367324481e-17 0.065625 8.036744619404505e-18 0.06562500000000002 0.09843750000000001 0.26875 0.09843750000000002
0 0.0765625 4.6881010279859615e-18 0 0 5.35782974626967e-18 0.0875 0.0765625 0.0875
0 0.10468750000000002 0.05937500000000001 7.271340369937409e-18 0.059375 2.0665914735611586e-17 0.278125 0.10468750000000004 0.278125