0 0.996875 0.44062500000000016 0.790625 0.44062500000000016 0.7906250000000001 0.946875 0.996875 0.946875
0 0.996875 0.859375 0.7265625000000002 0.859375 0.7265625000000002 0.99375 0.996875 0.99375
0 0.7343750000000002 0.8359375 0.4281250000000002 0.8359375 0.4281250000000002 0.99375 0.7343750000000002 0.99375
0 0.7984375000000001 0.2468750000000001 0.4578125 0.2468750000000001 0.45781250000000007 0.90625 0.7984375000000001 0.90625
0 0.871875 0.3109375000000001 0.6734375 0.3109375000000001 0.6734375 0.5765625000000001 0.871875 0.5765625000000002
0 0.5750000000000001 0.18281250000000007 0.3875 0.18281250000000004 0.38750000000000007 0.8234375 0.5750000000000002 0.8234375
0 0.4625000000000001 0.3765625 0.11875000000000005 0.3765625 0.11875000000000009 0.99375 0.4625000000000002 0.99375
0 0.4671875000000002 0.81875 0.0406250000000001 0.81875 0.04062500000000011 0.9953125 0.4671875000000002 0.9953125
0 0.6390625 0.4 0.5625 0.4 0.5625 0.5359375 0.6390625 0.5359375
0 0.4109375 0.353125 0.30625 0.353125 0.30625 0.6234375 0.4109375 0.6234375
0 0.32656250000000003 0.3 0.029687500000000033 0.3 0.02968750000000005 0.5765625 0.3265625000000001 0.5765625
0 0.05000000000000006 0.3875 4.7455063466959936e-17 0.3875 5.3960999587430256e-17 0.49375 0.050000000000000065 0.49375
0 0.050000000000000065 0.4703125 5.759666977239896e-17 0.4703125 6.295449951866863e-17 0.5578125 0.050000000000000065 0.5578125
0 0.18593750000000012 0.559375 6.850368032730508e-17 0.559375 9.510147799628666e-17 0.99375 0.18593750000000014 0.99375
0 0.16875000000000007 0.5421875 0.07343750000000007 0.5421875 0.07343750000000007 0.6890625 0.1687500000000001 0.6890625