0 0.6687500000000001 4.659398368630946e-17 0.0921875 1.1289712679639661e-17 0.09218750000000006 0.9921875 0.6687500000000002 0.9921875
0 0.6484375000000002 0.7890625 0.6328125000000002 0.7890625 0.6328125000000002 0.8546875 0.6484375000000002 0.8546875
0 0.6671875000000002 0.7671875 0.6546875000000002 0.7671875 0.6546875000000002 0.8171875 0.6671875000000002 0.8171875
0 0.7000000000000002 0.803125 0.6671875000000002 0.803125 0.6671875000000002 0.853125 0.7000000000000002 0.853125
0 0.859375 0.021875000000000103 0.815625 0.0218750000000001 0.815625 0.0953125000000001 0.859375 0.0953125000000001
0 0.828125 0.7296875000000002 0.8015625 0.7296875000000002 0.8015625 0.7812500000000002 0.828125 0.7812500000000002
0 0.9734375 0.9203125 0.9546875 0.9203125 0.9546875 0.9703125 0.9734375 0.9703125
0 0.054687500000000014 0.065625 8.036744619404505e-18 0.065625 2.0570239204428197e-17 0.2703125 0.05468750000000002 0.2703125
4 0.996875 0.2484375000000001 0.834375 0.2484375000000001 0.834375 0.5765625000000002 0.996875 0.5765625000000002
4 0.996875 0.41718750000000016 0.8453125 0.41718750000000016 0.8453125 0.7234375000000002 0.996875 0.7234375000000002
4 0.940625 0.037500000000000096 0.6625 0.037500000000000075 0.6625 0.4171875000000001 0.940625 0.41718750000000016
4 0.09218750000000007 0.4078125 4.9942627277728e-17 0.4078125 7.721015366499327e-17 0.853125 0.09218750000000012 0.853125
4 0.10312500000000005 0.240625 2.9468063604483184e-17 0.240625 4.104480287767301e-17 0.4296875 0.10312500000000005 0.4296875
4 0.1546875 9.47187758715531e-18 0 0 6.218909526920153e-18 0.1015625 0.1546875 0.1015625
4 0.13125000000000003 0.06562500000000002 0.018750000000000006 0.065625 0.018750000000000013 0.190625 0.13125000000000003 0.190625
3 0.9125 0.5921875000000002 0.7578125 0.5921875000000002 0.7578125000000001 0.7671875000000001 0.9125 0.7671875000000001