0 0.996875 0.890625 0.8546875 0.890625 0.8546875 0.9953125 0.996875 0.9953125
0 0.996875 0.8140625 0.9390625 0.8140625 0.9390625 0.9953125 0.996875 0.9953125
0 0.996875 0.6015625000000002 0.8984375 0.6015625000000002 0.8984375 0.8203125 0.996875 0.8203125
0 0.978125 0.5140625000000002 0.8625 0.5140625000000002 0.8625 0.6718750000000002 0.978125 0.6718750000000002
0 0.996875 0.5515625000000002 0.978125 0.5515625000000002 0.978125 0.6062500000000002 0.996875 0.6062500000000002
0 0.996875 0.3671875000000001 0.9421875 0.3671875000000001 0.9421875 0.5531250000000002 0.996875 0.5531250000000002
0 0.98125 0.2250000000000001 0.8765625 0.2250000000000001 0.8765625 0.4109375000000002 0.98125 0.4109375000000002
0 0.996875 0.2406250000000001 0.9640625 0.2406250000000001 0.9640625 0.3765625000000001 0.996875 0.3765625000000001
0 0.996875 0.07656250000000012 0.9234375 0.07656250000000012 0.9234375 0.2515625000000001 0.996875 0.2515625000000001
0 0.9234375 0.032812500000000105 0.8140625 0.0328125000000001 0.8140625 0.1906250000000001 0.9234375 0.19062500000000013
0 0.95625 1.0954848320497806e-16 0.8328125 1.019901162414905e-16 0.8328125 0.05937500000000011 0.95625 0.05937500000000011
0 0.996875 1.1978576504160047e-16 0.959375 1.174895522931992e-16 0.959375 0.0875000000000001 0.996875 0.0875000000000001
0 0.8359375 9.299661631025212e-17 0.6828125 8.362041425428021e-17 0.6828125 0.1468750000000001 0.8359375 0.1468750000000001
0 0.8078125 0.14218750000000008 0.6984375 0.14218750000000008 0.6984375 0.3546875000000001 0.8078125 0.3546875000000001
0 0.7234375 0.2734375000000001 0.6515625 0.2734375000000001 0.6515625 0.38750000000000007 0.7234375 0.38750000000000007
0 0.7828125 0.3609375000000001 0.68125 0.3609375000000001 0.68125 0.5296875000000001 0.7828125 0.5296875000000002
0 0.8515625 0.4921875000000001 0.7203125 0.4921875 0.7203125 0.6343750000000001 0.8515625 0.6343750000000001
0 0.884375 0.3343750000000001 0.771875 0.3343750000000001 0.771875 0.48750000000000016 0.884375 0.48750000000000016
0 0.9203125 0.15312500000000012 0.7890625 0.1531250000000001 0.7890625 0.3281250000000001 0.9203125 0.3281250000000001
0 0.9234375 0.43281250000000016 0.8328125 0.43281250000000016 0.8328125 0.5531250000000002 0.9234375 0.5531250000000002
0 0.903125 0.6500000000000001 0.771875 0.6500000000000001 0.7718750000000001 0.86875 0.903125 0.86875
0 0.909375 0.803125 0.7484375000000002 0.803125 0.7484375000000002 0.9671875 0.909375 0.9671875
0 0.8578125 0.9625 0.7671875000000001 0.9625 0.7671875000000001 0.9953125 0.8578125 0.9953125
0 0.7703125000000002 0.8421875 0.6437500000000002 0.8421875 0.6437500000000002 0.9953125 0.7703125000000002 0.9953125
0 0.7500000000000001 0.6937500000000001 0.6296875 0.69375 0.6296875000000001 0.8421875 0.7500000000000002 0.8421875
0 0.803125 0.5796875000000001 0.665625 0.5796875 0.6656250000000001 0.7765625 0.803125 0.7765625000000002
0 0.7125 0.453125 0.5609375 0.453125 0.5609375 0.6671875 0.7125 0.6671875
0 0.6734375 0.65 0.6109375 0.65 0.6109375 0.721875 0.6734375 0.721875
0 0.66875 0.2796875000000001 0.5453125 0.2796875000000001 0.5453125 0.4875 0.66875 0.4875
0 0.6796875 0.08125000000000007 0.55625 0.08125000000000007 0.55625 0.26250000000000007 0.6796875 0.26250000000000007
0 0.6796875 7.48182653854086e-17 0.5421875 6.639881864127056e-17 0.5421875 0.08750000000000008 0.6796875 0.08750000000000009
0 0.571875 0.09375000000000007 0.4625 0.09375000000000007 0.4625 0.2250000000000001 0.571875 0.2250000000000001
0 0.575 0.006250000000000065 0.5015625 0.006250000000000061 0.5015625 0.09375000000000007 0.575 0.09375000000000007
0 0.571875 0.2140625000000001 0.4625 0.2140625000000001 0.4625 0.3671875000000001 0.571875 0.3671875000000001
0 0.5609375 0.3671875000000001 0.503125 0.3671875000000001 0.503125 0.4546875 0.5609375 0.4546875
0 0.5015625 0.31718750000000007 0.375 0.31718750000000007 0.37500000000000006 0.525 0.5015625 0.525
0 0.571875 0.4203125 0.4953125 0.4203125 0.4953125 0.5796875 0.571875 0.5796875
0 0.5671875 0.525 0.4734375 0.525 0.4734375 0.6671875 0.5671875 0.6671875
0 0.6296875000000001 0.634375 0.50625 0.634375 0.5062500000000001 0.8578125 0.6296875000000002 0.8578125
0 0.5937500000000002 0.74375 0.4593750000000002 0.74375 0.4593750000000002 0.95625 0.5937500000000002 0.95625
0 0.6375000000000002 0.896875 0.5062500000000002 0.896875 0.5062500000000002 0.9953125 0.6375000000000002 0.9953125
0 0.5125000000000002 0.9453125 0.44062500000000016 0.9453125 0.44062500000000016 0.9953125 0.5125000000000002 0.9953125
0 0.4546875000000002 0.825 0.3203125000000001 0.825 0.3203125000000001 0.9953125 0.4546875000000002 0.9953125
0 0.42968750000000017 0.7484375 0.3312500000000001 0.7484375 0.3312500000000001 0.8578125 0.42968750000000017 0.8578125
0 0.4625000000000001 0.7 0.3781250000000001 0.7 0.3781250000000001 0.846875 0.4625000000000002 0.846875
0 0.5093750000000001 0.628125 0.3859375000000001 0.628125 0.3859375000000001 0.7875 0.5093750000000001 0.7875
0 0.465625 0.4921875 0.34843750000000007 0.4921875 0.34843750000000007 0.6453125 0.465625 0.6453125
0 0.38125000000000003 0.33906250000000004 0.309375 0.3390625 0.30937500000000007 0.496875 0.3812500000000001 0.496875
0 0.4578125 0.16875000000000004 0.3453125 0.16875000000000004 0.3453125 0.35000000000000003 0.4578125 0.3500000000000001
0 0.4984375 0.010937500000000055 0.38125 0.010937500000000048 0.38125 0.18593750000000003 0.4984375 0.18593750000000003
0 0.5125 5.606586127346476e-17 0.403125 4.9368574090627673e-17 0.403125 0.04375000000000005 0.5125 0.04375000000000007
0 0.3890625 0.04843750000000004 0.334375 0.04843750000000004 0.334375 0.17500000000000004 0.3890625 0.17500000000000004
0 0.359375 0.13593750000000004 0.221875 0.13593750000000004 0.221875 0.328125 0.359375 0.328125
0 0.3453125 0.03906250000000004 0.246875 0.039062500000000035 0.246875 0.14843750000000006 0.3453125 0.14843750000000006
0 0.3671875 3.6930755036787366e-17 0.2359375 2.8894010417382865e-17 0.2359375 0.08125000000000003 0.3671875 0.08125000000000004
0 0.2359375 2.0187537079694652e-17 0.09375 1.1481063742006437e-17 0.09375000000000001 0.12500000000000003 0.2359375 0.12500000000000006
0 0.203125 0.10937500000000003 0.1015625 0.109375 0.10156250000000003 0.2515625 0.203125 0.2515625
0 0.27343750000000006 0.2296875 0.13906250000000003 0.2296875 0.13906250000000003 0.415625 0.2734375000000001 0.415625
0 0.17812500000000003 0.246875 0.06875000000000002 0.246875 0.06875000000000003 0.4328125 0.17812500000000003 0.4328125
0 0.2250000000000001 0.4109375 0.14531250000000004 0.4109375 0.14531250000000004 0.5203125 0.2250000000000001 0.5203125
0 0.3343750000000001 0.4046875 0.18593750000000003 0.4046875 0.18593750000000006 0.590625 0.3343750000000001 0.590625
0 0.3859375000000001 0.546875 0.2796875000000001 0.546875 0.2796875000000001 0.74375 0.3859375000000001 0.74375
0 0.3390625000000001 0.60625 0.1937500000000001 0.60625 0.1937500000000001 0.803125 0.3390625000000001 0.803125
0 0.3343750000000001 0.7921875 0.21093750000000008 0.7921875 0.21093750000000008 0.940625 0.3343750000000001 0.940625
0 0.3421875000000001 0.91875 0.2796875000000001 0.91875 0.2796875000000001 0.9953125 0.3421875000000001 0.9953125
0 0.2875000000000001 0.9296875 0.15937500000000013 0.9296875 0.15937500000000013 0.9953125 0.2875000000000001 0.9953125
0 0.2250000000000001 0.86875 0.1531250000000001 0.86875 0.15312500000000012 0.940625 0.2250000000000001 0.940625
0 0.2156250000000001 0.6890625 0.07031250000000008 0.6890625 0.0703125000000001 0.86875 0.2156250000000001 0.86875
0 0.1500000000000001 0.8203125 0.0375000000000001 0.8203125 0.03750000000000011 0.9734375 0.15000000000000013 0.9734375
0 0.04062500000000011 0.8140625 9.969390349308921e-17 0.8140625 1.1079226511036212e-16 0.9953125 0.04062500000000012 0.9953125
0 0.043750000000000094 0.7265625 8.897824400054988e-17 0.7265625 9.40490471532694e-17 0.809375 0.0437500000000001 0.809375
0 0.10937500000000008 0.634375 0.03593750000000008 0.634375 0.03593750000000009 0.7921875 0.10937500000000008 0.7921875
0 0.15625000000000008 0.628125 0.08750000000000006 0.628125 0.08750000000000008 0.69375 0.15625000000000008 0.69375
0 0.25468750000000007 0.525 0.12656250000000005 0.525 0.12656250000000008 0.6890625 0.25468750000000007 0.6890625
0 0.15000000000000008 0.4640625 0.015625000000000056 0.4640625 0.015625000000000066 0.6234375 0.15000000000000008 0.6234375
0 0.06875000000000007 0.6125 7.500961644777538e-17 0.6125 8.132420150587893e-17 0.715625 0.06875000000000009 0.715625
0 0.03593750000000007 0.4578125 5.606586127346476e-17 0.4578125 6.544206332943669e-17 0.6109375 0.03593750000000008 0.6109375
0 0.13125000000000003 0.378125 0.04687500000000004 0.378125 0.04687500000000005 0.465625 0.13125000000000003 0.465625
0 0.054687500000000056 0.3609375 4.420209540672478e-17 0.3609375 5.156911130784557e-17 0.48125 0.05468750000000007 0.48125
0 0.09375000000000003 0.240625 0.01093750000000003 0.240625 0.010937500000000041 0.3984375 0.09375000000000004 0.3984375
0 0.10156250000000003 0.1578125 0.03281250000000002 0.1578125 0.03281250000000003 0.2296875 0.10156250000000004 0.2296875
0 0.029687500000000026 0.1921875 2.3536180671113197e-17 0.1921875 2.8224281699099153e-17 0.26875 0.029687500000000033 0.26875
0 0.02187500000000004 0.2625 3.214697847761802e-17 0.2625 3.8844265660455115e-17 0.371875 0.021875000000000044 0.371875
0 0.09843750000000001 6.027558464553379e-18 0 0 1.0045930774255631e-17 0.1640625 0.09843750000000002 0.1640625
0 0.996875 6.104098889500089e-17 0 0 6.09453133638175e-17 0.9953125 0.996875 0.9953125