0 0.9796875 0.1859375000000001 0.3703125 0.18593750000000003 0.37031250000000004 0.7296875 0.9796875 0.7296875000000002
0 0.70625 0.5640625 0.5109375 0.5640625 0.5109375 0.690625 0.70625 0.690625
0 0.5875 0.425 0.3765625000000001 0.425 0.3765625000000001 0.5984375 0.5875 0.5984375
0 0.484375 0.33281250000000007 0.3203125 0.3328125 0.32031250000000006 0.4296875 0.484375 0.4296875
0 0.50625 0.13906250000000003 0.3 0.13906250000000003 0.3 0.34687500000000004 0.50625 0.3468750000000001
0 0.30468750000000006 0.2203125 0.18125000000000005 0.2203125 0.18125000000000005 0.3703125 0.3046875000000001 0.3703125
0 0.24218750000000006 0.2 2.4492935982947065e-17 0.2 3.7313457161520915e-17 0.409375 0.24218750000000008 0.409375
0 0.15937500000000004 0.4015625 4.91772230282609e-17 0.4015625 5.5491808086364444e-17 0.5046875 0.15937500000000004 0.5046875
0 0.15000000000000008 0.4546875 5.568315914873122e-17 0.4546875 6.946043563913895e-17 0.6796875 0.15000000000000008 0.6796875
0 0.30937500000000007 0.6796875 8.323771212954667e-17 0.6796875 1.0256416942859084e-16 0.9953125 0.30937500000000007 0.9953125
0 0.4796875000000001 0.621875 0.19531250000000008 0.621875 0.1953125000000001 0.9375 0.47968750000000016 0.9375
0 0.6296875000000002 0.8078125 0.4906250000000002 0.8078125 0.4906250000000002 0.91875 0.6296875000000002 0.91875
0 0.9953125 0.9546875 0.8859375 0.9546875 0.8859375 0.996875 0.9953125 0.996875
0 0.3609375000000001 0.4859375 0.10312500000000005 0.4859375 0.10312500000000006 0.6875 0.3609375000000001 0.6875