0 0.9796875 0.6984375000000002 0.7328125 0.6984375000000002 0.7328125000000001 0.99375 0.9796875 0.99375
0 0.996875 0.5093750000000001 0.9265625 0.5093750000000001 0.9265625 0.88125 0.996875 0.88125
0 0.996875 0.3078125000000001 0.8421875 0.3078125000000001 0.8421875 0.6390625000000002 0.996875 0.6390625000000002
0 0.996875 0.19531250000000014 0.9765625 0.19531250000000014 0.9765625 0.34843750000000007 0.996875 0.34843750000000007
0 0.996875 0.012500000000000117 0.90625 0.012500000000000112 0.90625 0.2375000000000001 0.996875 0.2375000000000001
0 0.9734375 0.0656250000000001 0.7953125 0.06562500000000009 0.7953125 0.3140625000000001 0.9734375 0.3140625000000001
0 0.896875 0.11875000000000009 0.6953125 0.11875000000000009 0.6953125 0.4671875000000001 0.896875 0.4671875000000002
0 0.853125 0.4328125000000001 0.6453125 0.4328125 0.6453125000000001 0.8171875 0.853125 0.8171875
0 0.9375 0.5921875000000002 0.84375 0.5921875000000002 0.84375 0.7453125000000002 0.9375 0.7453125000000002
0 0.7421875000000002 0.8046875 0.6593750000000002 0.8046875 0.6593750000000002 0.9296875 0.7421875000000002 0.9296875
0 0.7468750000000002 0.8234375 0.5125000000000002 0.8234375 0.5125000000000002 0.9953125 0.7468750000000002 0.9953125
0 0.6765625000000001 0.4546875 0.465625 0.4546875 0.46562500000000007 0.8640625 0.6765625000000002 0.8640625
0 0.7828125 0.2250000000000001 0.6125 0.2250000000000001 0.6125 0.5093750000000001 0.7828125 0.5093750000000001
0 0.659375 0.3203125000000001 0.46875 0.3203125000000001 0.46875 0.5796875 0.659375 0.5796875
0 0.6859375 0.006250000000000073 0.515625 0.006250000000000064 0.515625 0.3187500000000001 0.6859375 0.3187500000000001
0 0.7296875 8.467284509729747e-17 0.653125 7.99847440693115e-17 0.653125 0.11875000000000009 0.7296875 0.11875000000000009
0 0.7453125 0.11250000000000009 0.665625 0.11250000000000009 0.665625 0.27812500000000007 0.7453125 0.27812500000000007
0 0.515625 0.08906250000000007 0.478125 0.08906250000000007 0.478125 0.19531250000000006 0.515625 0.19531250000000006
0 0.53125 0.18281250000000004 0.38125 0.18281250000000004 0.38125000000000003 0.4796875 0.53125 0.4796875
0 0.48125000000000007 0.43125 0.2906250000000001 0.43125 0.2906250000000001 0.7515625 0.4812500000000002 0.7515625
0 0.48125000000000007 0.721875 0.2609375000000001 0.721875 0.2609375000000001 0.99375 0.4812500000000002 0.99375
0 0.5484375000000001 0.740625 0.4515625000000002 0.740625 0.4515625000000002 0.9953125 0.5484375000000001 0.9953125
0 0.3281250000000001 0.6984375 0.2609375000000001 0.6984375 0.2609375000000001 0.8515625 0.3281250000000001 0.8515625
0 0.2906250000000001 0.45 0.09375000000000004 0.45 0.09375000000000007 0.8109375 0.2906250000000001 0.8109375
0 0.2750000000000001 0.7984375 0.10468750000000009 0.7984375 0.10468750000000011 0.99375 0.2750000000000001 0.99375
0 0.22500000000000003 0.278125 0.050000000000000044 0.278125 0.05000000000000006 0.5625 0.2250000000000001 0.5625
0 0.30156250000000007 0.15937500000000004 0.1875 0.15937500000000004 0.18750000000000003 0.403125 0.30156250000000007 0.403125
0 0.39843750000000006 0.06562500000000003 0.23125 0.06562500000000002 0.23125000000000004 0.37343750000000003 0.3984375000000001 0.3734375000000001
0 0.4921875 0.06562500000000006 0.36875 0.06562500000000004 0.36875 0.19531250000000006 0.4921875 0.19531250000000006
0 0.06093750000000003 0.2015625 2.4684287045313837e-17 0.2015625 3.5495622069036564e-17 0.378125 0.06093750000000005 0.378125
0 0.09687500000000007 0.3671875 4.4967499656191874e-17 0.3671875 6.486801014233636e-17 0.6921875 0.09687500000000009 0.6921875
0 0.1437500000000001 0.6453125 7.902798875747763e-17 0.6453125 9.749336627587133e-17 0.946875 0.14375000000000013 0.946875
0 0.12031250000000013 0.9359375 0.009375000000000114 0.9359375 0.009375000000000118 0.9953125 0.12031250000000013 0.9953125