0 0.6406250000000001 0.6015625 0.4328125 0.6015625 0.4328125000000001 0.9671875 0.6406250000000002 0.9671875
0 0.753125 0.42656250000000007 0.559375 0.4265625 0.559375 0.7156250000000001 0.753125 0.7156250000000002
0 0.9703125 0.3281250000000001 0.7859375 0.3281250000000001 0.7859375 0.6343750000000001 0.9703125 0.6343750000000001
0 0.996875 0.3390625000000001 0.959375 0.3390625000000001 0.959375 0.4859375000000002 0.996875 0.4859375000000002
0 0.996875 0.4968750000000002 0.909375 0.4968750000000002 0.909375 0.7984375000000001 0.996875 0.7984375000000001
0 0.996875 0.8421875 0.9859375 0.8421875 0.9859375 0.9953125 0.996875 0.9953125
0 0.4375000000000001 0.6125 0.20468750000000008 0.6125 0.20468750000000008 0.940625 0.43750000000000017 0.940625
0 0.39687500000000003 0.290625 0.225 0.290625 0.22500000000000003 0.553125 0.3968750000000001 0.553125
0 0.4546875 0.37187500000000007 0.23593750000000008 0.371875 0.23593750000000008 0.590625 0.4546875 0.590625
0 0.7234375 0.3500000000000001 0.640625 0.3500000000000001 0.640625 0.4375 0.7234375 0.4375
0 0.6359375 0.3343750000000001 0.4765625 0.3343750000000001 0.4765625 0.575 0.6359375 0.575
0 0.8359375 0.0546875000000001 0.64375 0.05468750000000009 0.64375 0.1687500000000001 0.8359375 0.1687500000000001
0 0.8296875 9.24225631231518e-17 0.6796875 8.323771212954667e-17 0.6796875 0.0984375000000001 0.8296875 0.09843750000000011
0 0.909375 1.0600848855119278e-16 0.821875 1.0065065880492308e-16 0.821875 0.1031250000000001 0.909375 0.10312500000000013
0 0.59375 0.18593750000000006 0.4484375 0.18593750000000003 0.4484375 0.3609375000000001 0.59375 0.3609375000000001
0 0.4625 0.20781250000000004 0.3015625 0.2078125 0.30156250000000007 0.409375 0.4625 0.409375
0 0.41875 0.09843750000000004 0.2984375 0.09843750000000004 0.2984375 0.24531250000000004 0.41875 0.2453125000000001
0 0.5265625 0.04375000000000005 0.4 0.043750000000000046 0.4 0.19062500000000004 0.5265625 0.19062500000000004
0 0.3859375 4.0375074159389303e-17 0.2734375 3.348643591418544e-17 0.2734375 0.13125000000000003 0.3859375 0.13125000000000003
0 0.2375 0.03281250000000002 0.1171875 0.03281250000000001 0.11718750000000003 0.2078125 0.2375 0.2078125
0 0.184375 1.6169164769992398e-17 0.0796875 9.75890418070547e-18 0.0796875 0.048437500000000015 0.184375 0.04843750000000002
0 0.2390625 0.203125 0.06562500000000002 0.203125 0.06562500000000003 0.35625 0.2390625 0.35625