0 0.20468750000000005 0.3265625 3.999237203465575e-17 0.3265625 5.702261658529863e-17 0.6046875 0.20468750000000008 0.6046875
0 0.996875 0.5265625000000002 0.903125 0.5265625000000002 0.903125 0.8046875 0.996875 0.8046875
0 0.996875 0.7515625000000001 0.815625 0.7515625000000001 0.815625 0.99375 0.996875 0.99375
0 0.1437500000000001 0.5625 6.888638245203862e-17 0.5625 8.295068553599651e-17 0.7921875 0.1437500000000001 0.7921875
0 0.1765625000000001 0.8171875 0.1375000000000001 0.8171875 0.1375000000000001 0.8515625 0.1765625000000001 0.8515625
0 0.1468750000000001 0.8640625 0.12343750000000009 0.8640625 0.12343750000000009 0.9046875 0.1468750000000001 0.9046875
0 0.13750000000000012 0.9296875 0.10312500000000013 0.9296875 0.10312500000000013 0.9703125 0.13750000000000012 0.9703125
0 0.11406250000000014 0.9296875 0.09375000000000011 0.9296875 0.09375000000000011 0.99375 0.11406250000000014 0.99375
0 0.09375000000000011 0.90625 0.05312500000000011 0.90625 0.05312500000000011 0.940625 0.09375000000000011 0.940625
0 0.05312500000000011 0.940625 0.017187500000000116 0.940625 0.01718750000000012 0.99375 0.05312500000000011 0.99375
0 0.653125 0.2312500000000001 0.4078125 0.2312500000000001 0.4078125 0.4859375 0.653125 0.4859375
0 0.7125 0.37968750000000007 0.5546875 0.37968750000000007 0.5546875 0.6875 0.7125 0.6875
0 0.5546875 0.35468750000000004 0.3515625 0.3546875 0.35156250000000006 0.6984375 0.5546875 0.6984375
0 0.5515625 0.4328125 0.2375000000000001 0.4328125 0.2375000000000001 0.6625 0.5515625 0.6625
0 0.8203125 0.4312500000000001 0.559375 0.43125 0.559375 0.721875 0.8203125 0.7218750000000002
0 0.7796875000000001 0.5984375000000001 0.6015625 0.5984375 0.6015625000000001 0.853125 0.7796875000000002 0.853125
0 0.6218750000000001 0.6625 0.4546875 0.6625 0.4546875000000001 0.88125 0.6218750000000002 0.88125
0 0.5281250000000001 0.6578125 0.2906250000000001 0.6578125 0.2906250000000001 0.8765625 0.5281250000000002 0.8765625
3 0.8359375 9.108310568658439e-17 0.6515625 7.979339300694473e-17 0.6515625 0.0703125000000001 0.8359375 0.07031250000000011