0 0.44375 0.08750000000000005 0.2765625 0.08750000000000005 0.2765625 0.2515625 0.44375 0.2515625000000001
0 0.58125 0.10468750000000007 0.421875 0.10468750000000004 0.421875 0.2250000000000001 0.58125 0.2250000000000001
0 0.6140625 0.19218750000000007 0.396875 0.19218750000000004 0.396875 0.2796875000000001 0.6140625 0.2796875000000001
0 0.4140625 0.17031250000000003 0.375 0.17031250000000003 0.375 0.3234375000000001 0.4140625 0.3234375000000001
0 0.5609375 0.21875000000000008 0.4046875 0.21875000000000008 0.4046875 0.3765625000000001 0.5609375 0.3765625000000001
0 0.6875 0.2250000000000001 0.5921875 0.2250000000000001 0.5921875 0.3343750000000001 0.6875 0.3343750000000001
0 0.79375 0.2687500000000001 0.6734375 0.2687500000000001 0.6734375 0.4984375000000001 0.79375 0.4984375000000002
0 0.884375 0.4109375000000002 0.796875 0.4109375000000002 0.796875 0.5421875000000002 0.884375 0.5421875000000002
0 0.9921875 0.46406250000000016 0.840625 0.46406250000000016 0.840625 0.6453125000000002 0.9921875 0.6453125000000002
0 0.99375 0.6062500000000002 0.884375 0.6062500000000002 0.884375 0.8796875 0.99375 0.8796875
0 0.7671875 0.5515625000000001 0.6734375 0.5515625 0.6734375 0.7109375000000001 0.7671875 0.7109375000000002
0 0.7609375 0.4203125000000001 0.659375 0.4203125 0.659375 0.5687500000000001 0.7609375 0.5687500000000002
0 0.8765625 0.44843750000000016 0.7375 0.44843750000000016 0.7375 0.6937500000000002 0.8765625 0.6937500000000002
0 0.803125 0.6015625000000002 0.753125 0.6015625000000002 0.753125 0.803125 0.803125 0.803125
0 0.8984375 0.6453125000000002 0.8359375 0.6453125000000002 0.8359375 0.875 0.8984375 0.875
0 0.934375 0.7656250000000002 0.8328125 0.7656250000000002 0.8328125 0.9625 0.934375 0.9625
0 0.9671875 0.6828125000000002 0.909375 0.6828125000000002 0.909375 0.846875 0.9671875 0.846875
0 0.8078125 0.91875 0.5453125000000002 0.91875 0.5453125000000002 0.9953125 0.8078125 0.9953125
0 0.5562500000000001 0.628125 0.50625 0.628125 0.5062500000000001 0.9625 0.5562500000000001 0.9625
0 0.5890625 0.6453125 0.5453125 0.6453125 0.5453125000000001 0.853125 0.5890625000000002 0.853125
0 0.6484375000000001 0.5578125 0.5828125 0.5578125 0.5828125000000001 0.8140625 0.6484375000000002 0.8140625
0 0.6953125000000001 0.7 0.6265625 0.7 0.6265625000000001 0.9953125 0.6953125000000002 0.9953125
0 0.49531250000000016 0.7984375 0.3671875000000001 0.7984375 0.3671875000000001 0.9953125 0.49531250000000016 0.9953125
0 0.36406250000000007 0.7546875 0.15625000000000008 0.7546875 0.1562500000000001 0.9953125 0.36406250000000007 0.9953125
0 0.2984375000000001 0.4703125 0.15625000000000006 0.4703125 0.15625000000000006 0.846875 0.2984375000000001 0.846875
0 0.3203125000000001 0.4203125 0.14531250000000004 0.4203125 0.14531250000000007 0.5796875 0.3203125000000001 0.5796875
0 0.21562500000000004 0.328125 0.09531250000000005 0.328125 0.09531250000000005 0.6171875 0.2156250000000001 0.6171875
0 0.2796875 0.2359375 0.16718750000000004 0.2359375 0.16718750000000004 0.3453125 0.2796875 0.3453125
0 0.34218750000000003 0.3234375 0.17500000000000004 0.3234375 0.17500000000000004 0.465625 0.3421875000000001 0.465625
0 0.36718750000000006 0.321875 0.2796875 0.321875 0.27968750000000003 0.4046875 0.3671875000000001 0.4046875
0 0.6328125 0.3781250000000001 0.3781250000000001 0.3781250000000001 0.3781250000000001 0.4875 0.6328125 0.4875
0 0.509375 0.4703125 0.4359375 0.4703125 0.4359375 0.715625 0.509375 0.715625
0 0.4765625 0.5796875 0.30937500000000007 0.5796875 0.30937500000000007 0.634375 0.4765625 0.634375
0 0.3750000000000001 0.6125 0.26250000000000007 0.6125 0.26250000000000007 0.6890625 0.3750000000000001 0.6890625
0 0.509375 0.5578125 0.465625 0.5578125 0.465625 0.6015625 0.509375 0.6015625
0 0.6734375 0.475 0.5453125 0.475 0.5453125 0.628125 0.6734375 0.628125
0 0.09531250000000008 0.4921875 6.027558464553379e-17 0.4921875 7.127827073162329e-17 0.671875 0.09531250000000009 0.671875
0 0.10156250000000007 0.5296875 6.486801014233636e-17 0.5296875 8.266365894244634e-17 0.8203125 0.10156250000000008 0.8203125
0 0.1562500000000001 0.7765625 9.510147799628666e-17 0.7765625 1.0849605236196083e-16 0.9953125 0.15625000000000014 0.9953125
0 0.19218750000000012 0.8140625 0.10937500000000008 0.8140625 0.10937500000000011 0.934375 0.19218750000000012 0.934375
0 0.17187500000000008 0.759375 0.05937500000000009 0.759375 0.0593750000000001 0.875 0.17187500000000008 0.875
0 0.5015625000000001 0.678125 0.2140625000000001 0.678125 0.2140625000000001 0.7984375 0.5015625000000001 0.7984375
0 0.3343750000000001 0.56875 0.18125000000000008 0.56875 0.18125000000000008 0.6890625 0.3343750000000001 0.6890625
0 0.9921875 0.08125000000000006 9.950255243072244e-18 0.08125 6.582476545417024e-17 0.99375 0.9921875 0.99375