0 0.81875 0.5406250000000001 0.703125 0.540625 0.7031250000000001 0.7265625000000001 0.81875 0.7265625000000002
0 0.8078125 0.4421875000000002 0.746875 0.4421875000000002 0.746875 0.5687500000000002 0.8078125 0.5687500000000002
0 0.753125 0.3281250000000001 0.6453125 0.3281250000000001 0.6453125 0.4484375000000001 0.753125 0.44843750000000016
0 0.75 0.38750000000000007 0.6046875 0.38750000000000007 0.6046875 0.6171875000000001 0.75 0.6171875000000002
0 0.70625 0.6015625 0.56875 0.6015625 0.5687500000000001 0.7921875 0.7062500000000002 0.7921875
0 0.609375 0.4484375 0.4828125 0.4484375 0.4828125 0.6609375 0.609375 0.6609375
0 0.6296875 0.4328125 0.5796875 0.4328125 0.5796875 0.4875 0.6296875 0.4875
0 0.6453125 0.2406250000000001 0.5328125 0.2406250000000001 0.5328125 0.43125 0.6453125 0.43125
0 0.6671875 0.2468750000000001 0.609375 0.2468750000000001 0.609375 0.35625000000000007 0.6671875 0.35625000000000007
0 0.584375 0.09843750000000005 0.45 0.09843750000000004 0.45 0.3218750000000001 0.584375 0.3218750000000001
0 0.4484375 0.16406250000000006 0.29375 0.16406250000000006 0.29375000000000007 0.3765625 0.4484375 0.3765625000000001
0 0.5375 0.3218750000000001 0.403125 0.3218750000000001 0.403125 0.503125 0.5375 0.503125
0 0.478125 0.4859375 0.3703125000000001 0.4859375 0.3703125000000001 0.678125 0.478125 0.678125
0 0.5468750000000001 0.6234375 0.4203125 0.6234375 0.4203125000000001 0.846875 0.5468750000000002 0.846875
0 0.4062500000000001 0.5734375 0.2718750000000001 0.5734375 0.2718750000000001 0.78125 0.40625000000000017 0.78125
0 0.4015625 0.38281250000000006 0.3156250000000001 0.3828125 0.3156250000000001 0.5796875 0.4015625 0.5796875
0 0.3375 0.30625 0.17812500000000003 0.30625 0.17812500000000003 0.51875 0.3375000000000001 0.51875
0 0.3187500000000001 0.5296875 0.2500000000000001 0.5296875 0.2500000000000001 0.65625 0.3187500000000001 0.65625