0 0.1921875000000001 0.6734375 0.04062500000000008 0.6734375 0.04062500000000009 0.89375 0.1921875000000001 0.89375
0 0.12343750000000006 0.465625 0.021875000000000054 0.465625 0.021875000000000068 0.6984375 0.12343750000000009 0.6984375
0 0.19843750000000002 0.1375 0.07500000000000002 0.1375 0.07500000000000004 0.459375 0.19843750000000004 0.459375
0 0.2859375 0.012500000000000028 0.1796875 0.012500000000000022 0.17968750000000003 0.2640625 0.2859375 0.2640625
0 0.34687500000000004 0.359375 0.2828125 0.359375 0.2828125 0.6359375 0.3468750000000001 0.6359375
0 0.2765625000000001 0.421875 0.17656250000000004 0.421875 0.17656250000000007 0.6421875 0.2765625000000001 0.6421875
0 0.4625 0.465625 0.3546875000000001 0.465625 0.3546875000000001 0.6796875 0.4625 0.6796875
0 0.6 0.30156250000000007 0.490625 0.30156250000000007 0.490625 0.546875 0.6 0.546875
0 0.5875 0.018750000000000065 0.478125 0.018750000000000062 0.478125 0.2765625000000001 0.5875 0.2765625000000001
0 0.7328125000000001 0.7234375000000001 0.634375 0.7234375 0.6343750000000001 0.8796875 0.7328125000000002 0.8796875
0 0.6421875000000001 0.596875 0.55 0.596875 0.55 0.7671875 0.6421875000000001 0.7671875
0 0.6921875 0.471875 0.6125 0.471875 0.6125 0.628125 0.6921875 0.628125
0 0.7421875 0.4718750000000001 0.6515625 0.471875 0.6515625 0.6984375 0.7421875 0.6984375000000002
0 0.8171875 0.6421875000000001 0.7359375 0.6421875000000001 0.7359375000000001 0.85625 0.8171875 0.85625
0 0.871875 0.6234375000000002 0.7796875 0.6234375000000002 0.7796875000000001 0.7984375000000001 0.871875 0.7984375000000001
0 0.978125 0.7171875000000002 0.8390625 0.7171875000000002 0.8390625 0.99375 0.978125 0.99375
0 0.996875 0.4468750000000002 0.8734375 0.4468750000000002 0.8734375 0.7734375000000002 0.996875 0.7734375000000002
0 0.975 0.37187500000000007 0.8359375 0.37187500000000007 0.8359375 0.6234375000000002 0.975 0.6234375000000002
0 0.996875 0.3968750000000001 0.965625 0.3968750000000001 0.965625 0.5781250000000002 0.996875 0.5781250000000002
0 0.996875 0.15781250000000013 0.934375 0.15781250000000013 0.934375 0.4031250000000002 0.996875 0.4031250000000002
0 0.996875 1.188290097297666e-16 0.94375 1.1557604166953146e-16 0.94375 0.13906250000000014 0.996875 0.13906250000000014
0 0.965625 0.0875000000000001 0.90625 0.0875000000000001 0.90625 0.2015625000000001 0.965625 0.2015625000000001
0 0.921875 1.0648686620710968e-16 0.8171875 1.0007660561782277e-16 0.8171875 0.14531250000000012 0.921875 0.14531250000000012
0 0.8359375 0.025000000000000095 0.7359375 0.025000000000000088 0.7359375 0.2765625000000001 0.8359375 0.2765625000000001
0 0.93125 0.1640625000000001 0.8046875 0.16406250000000008 0.8046875 0.3906250000000001 0.93125 0.3906250000000001
0 0.859375 0.4031250000000002 0.7828125 0.4031250000000002 0.7828125 0.6359375000000002 0.859375 0.6359375000000002
0 0.8078125 0.2640625000000001 0.6890625 0.2640625000000001 0.6890625 0.5156250000000001 0.8078125 0.5156250000000002
0 0.7015625 0.16406250000000008 0.59375 0.16406250000000008 0.59375 0.453125 0.7015625 0.453125
0 0.7578125 0.05625000000000009 0.6546875 0.05625000000000009 0.6546875 0.2640625000000001 0.7578125 0.2640625000000001
0 0.6546875 0.06875000000000007 0.565625 0.06875000000000006 0.565625 0.2453125000000001 0.6546875 0.2453125000000001