0 0.996875 0.5906250000000002 0.9640625 0.5906250000000002 0.9640625 0.971875 0.996875 0.971875
0 0.9984375 0.9 0.846875 0.9 0.846875 0.99375 0.9984375 0.99375
0 0.9671875 0.4968750000000002 0.80625 0.4968750000000002 0.80625 0.90625 0.9671875 0.90625
0 0.996875 0.2593750000000001 0.8953125 0.2593750000000001 0.8953125 0.5828125000000002 0.996875 0.5828125000000002
0 0.90625 0.41718750000000016 0.8703125 0.41718750000000016 0.8703125 0.4968750000000002 0.90625 0.4968750000000002
0 0.996875 1.130884778587634e-16 0.85 1.0409497792752501e-16 0.85 0.10000000000000012 0.996875 0.10000000000000013
0 0.8953125 0.1515625000000001 0.7578125 0.1515625000000001 0.7578125 0.4828125000000002 0.8953125 0.4828125000000002
0 0.8484375 0.39531250000000007 0.715625 0.39531250000000007 0.715625 0.7125000000000001 0.8484375 0.7125000000000001
0 0.84375 0.6843750000000001 0.703125 0.684375 0.7031250000000001 0.99375 0.84375 0.99375
0 0.7250000000000001 0.6546875 0.625 0.6546875 0.6250000000000001 0.9421875 0.7250000000000002 0.9421875
0 0.76875 0.3609375000000001 0.6578125 0.3609375000000001 0.6578125 0.6484375000000001 0.76875 0.6484375000000002
0 0.746875 0.07968750000000008 0.6 0.07968750000000006 0.6 0.41093750000000007 0.746875 0.4109375000000002
0 0.653125 0.30156250000000007 0.534375 0.30156250000000007 0.534375 0.6046875 0.653125 0.6046875
0 0.6781250000000001 0.5828125 0.5765625 0.5828125 0.5765625000000001 0.80625 0.6781250000000002 0.80625
0 0.63125 0.057812500000000065 0.5203125 0.057812500000000065 0.5203125 0.30937500000000007 0.63125 0.30937500000000007
0 0.5484375 0.2812500000000001 0.4984375 0.2812500000000001 0.4984375 0.4671875 0.5484375 0.4671875
0 0.578125 0.5109375 0.515625 0.5109375 0.515625 0.6828125 0.578125 0.6828125
0 0.578125 0.05000000000000006 0.4078125 0.050000000000000044 0.4078125 0.525 0.578125 0.525
0 0.5125 0.403125 0.4375 0.403125 0.4375 0.56875 0.5125 0.56875
0 0.5421875 0.06562500000000006 0.35 0.06562500000000004 0.35000000000000003 0.46875 0.5421875 0.46875
0 0.4875 0.029687500000000044 0.309375 0.029687500000000033 0.30937500000000007 0.425 0.4875 0.425
0 0.440625 0.021875000000000044 0.2640625 0.021875000000000033 0.26406250000000003 0.36718750000000006 0.440625 0.3671875000000001
0 0.2765625 2.0187537079694652e-17 0.053125 6.505936120470313e-18 0.053125 0.07187500000000002 0.2765625 0.07187500000000005
0 0.3453125 0.035937500000000025 0.103125 0.03593750000000001 0.103125 0.14375000000000002 0.3453125 0.14375000000000004
0 0.31875 0.1375 0.1515625 0.1375 0.15156250000000002 0.209375 0.31875 0.209375
0 0.2890625 0.209375 0.2171875 0.209375 0.2171875 0.259375 0.2890625 0.259375
0 0.06875000000000002 0.1078125 1.3203223303307403e-17 0.1078125 1.9804834954961103e-17 0.215625 0.06875000000000002 0.215625
0 0.05000000000000003 0.209375 0.007812500000000024 0.209375 0.007812500000000031 0.303125 0.050000000000000044 0.303125
0 0.050000000000000044 0.28125 0.014062500000000033 0.28125 0.014062500000000039 0.359375 0.050000000000000044 0.359375
0 0.08750000000000004 0.2015625 0.04687500000000002 0.2015625 0.04687500000000004 0.43125 0.08750000000000005 0.43125
0 0.11250000000000004 0.2296875 0.08281250000000002 0.2296875 0.08281250000000004 0.5109375 0.11250000000000004 0.5109375
0 0.15468750000000003 0.28125 0.11875000000000005 0.28125 0.11875000000000005 0.503125 0.15468750000000003 0.503125
0 0.18437500000000004 0.3234375 0.14843750000000006 0.3234375 0.14843750000000006 0.446875 0.18437500000000004 0.446875
0 0.17031250000000006 0.4609375 0.10781250000000005 0.4609375 0.10781250000000006 0.6625 0.1703125000000001 0.6625
0 0.20468750000000008 0.3671875 0.16875000000000004 0.3671875 0.16875000000000007 0.5828125 0.20468750000000008 0.5828125
0 0.23437500000000008 0.446875 0.18437500000000004 0.446875 0.18437500000000007 0.6328125 0.23437500000000008 0.6328125
0 0.2734375000000001 0.453125 0.2296875000000001 0.453125 0.2296875000000001 0.590625 0.2734375000000001 0.590625
0 0.3500000000000001 0.540625 0.2531250000000001 0.540625 0.2531250000000001 0.7203125 0.3500000000000001 0.7203125
0 0.3421875000000001 0.6765625 0.22656250000000008 0.6765625 0.22656250000000008 0.85625 0.3421875000000001 0.85625
0 0.24218750000000008 0.575 0.15781250000000008 0.575 0.15781250000000008 0.784375 0.24218750000000008 0.784375
0 0.42656250000000007 0.6828125 0.3468750000000001 0.6828125 0.3468750000000001 0.85625 0.4265625000000002 0.85625
0 0.41406250000000017 0.7984375 0.32500000000000007 0.7984375 0.32500000000000007 0.9859375 0.41406250000000017 0.9859375
0 0.3687500000000001 0.834375 0.2593750000000001 0.834375 0.2593750000000001 0.9921875 0.3687500000000001 0.9921875
0 0.43281250000000016 0.90625 0.4000000000000002 0.90625 0.4000000000000002 0.99375 0.43281250000000016 0.99375
0 0.46875000000000017 0.80625 0.4187500000000002 0.80625 0.4187500000000002 0.9203125 0.46875000000000017 0.9203125
0 0.5218750000000002 0.9 0.46093750000000017 0.9 0.46093750000000017 0.99375 0.5218750000000002 0.99375
0 0.11875000000000009 0.66875 0.050000000000000086 0.66875 0.050000000000000086 0.7921875 0.11875000000000009 0.7921875
0 0.08281250000000008 0.5328125 0.014062500000000066 0.5328125 0.014062500000000078 0.71875 0.0828125000000001 0.71875
0 0.0500000000000001 0.6984375 8.553392487794795e-17 0.6984375 9.653661096403746e-17 0.878125 0.050000000000000114 0.878125
0 0.0937500000000001 0.7765625 0.0250000000000001 0.7765625 0.025000000000000105 0.9421875 0.09375000000000011 0.9421875
0 0.035937500000000115 0.8703125 1.0658254173829309e-16 0.8703125 1.1414090870178068e-16 0.99375 0.03593750000000012 0.99375
0 0.018750000000000083 0.6390625 7.826258450801054e-17 0.6390625 8.22809568177128e-17 0.7046875 0.01875000000000009 0.7046875
0 0.02968750000000007 0.5390625 6.6016116516537e-17 0.5390625 7.127827073162329e-17 0.625 0.02968750000000008 0.625
0 0.1875000000000001 0.7921875 0.0828125000000001 0.7921875 0.0828125000000001 0.99375 0.18750000000000014 0.99375
0 0.2406250000000001 0.921875 0.15781250000000013 0.921875 0.15781250000000013 0.99375 0.2406250000000001 0.99375
0 0.1406250000000001 0.70625 0.02968750000000009 0.70625 0.029687500000000106 0.99375 0.14062500000000014 0.99375