0 0.615625 6.630314311008718e-17 0.4671875 5.72139676476654e-17 0.4671875 0.16562500000000008 0.615625 0.16562500000000008
0 0.7796875 8.381176531664698e-17 0.5890625 7.213935051227377e-17 0.5890625 0.2906250000000001 0.7796875 0.2906250000000001
0 0.9265625 1.0380795133397485e-16 0.76875 9.414472268445279e-17 0.76875 0.2718750000000001 0.9265625 0.2718750000000001
0 0.9953125 1.1672414804373209e-16 0.9109375 1.115576693598292e-16 0.9109375 0.2531250000000001 0.9953125 0.2531250000000001
0 0.3640625 3.7504808223887686e-17 0.2484375 3.042481891631706e-17 0.2484375 0.14375000000000004 0.3640625 0.14375000000000004
0 0.26875 2.2579425359279323e-17 0.1 1.2246467991473533e-17 0.10000000000000002 0.215625 0.26875 0.215625
0 0.415625 0.007812500000000047 0.3578125 0.007812500000000045 0.3578125 0.04843750000000005 0.415625 0.04843750000000006
0 0.4109375 4.7072361342226394e-17 0.3578125 4.3819393281991234e-17 0.3578125 0.01562500000000005 0.4109375 0.01562500000000005
0 0.46875 5.415235064979703e-17 0.415625 5.089938258956187e-17 0.415625 0.015625000000000052 0.46875 0.015625000000000056
0 0.484375 0.010937500000000055 0.4203125 0.010937500000000053 0.4203125 0.04218750000000006 0.484375 0.04218750000000006
0 0.4734375 0.05000000000000006 0.415625 0.050000000000000044 0.415625 0.09531250000000005 0.4734375 0.09531250000000006
0 0.421875 0.05312500000000005 0.3640625 0.05312500000000005 0.3640625 0.09843750000000004 0.421875 0.09843750000000004
0 0.04218750000000001 0.0984375 1.2055116929106758e-17 0.0984375 1.4064303083957884e-17 0.13125 0.04218750000000001 0.13125
0 0.07968750000000002 0.109375 0.04843750000000001 0.109375 0.04843750000000001 0.128125 0.07968750000000002 0.128125
0 0.1484375 0.1359375 0.09062500000000002 0.1359375 0.09062500000000002 0.1625 0.1484375 0.1625
0 0.253125 0.18125000000000005 0.184375 0.18125000000000005 0.184375 0.2671875 0.253125 0.2671875
0 0.215625 0.1921875 0.15312500000000004 0.1921875 0.15312500000000004 0.2640625 0.215625 0.2640625
0 0.19531250000000006 0.18906250000000002 0.13750000000000004 0.1890625 0.13750000000000004 0.271875 0.19531250000000006 0.271875
0 0.16875000000000004 0.1859375 0.08906250000000002 0.1859375 0.08906250000000002 0.26875 0.16875000000000004 0.26875
0 0.13750000000000004 0.1859375 0.06406250000000002 0.1859375 0.06406250000000004 0.2765625 0.13750000000000004 0.2765625
0 0.11562500000000005 0.1859375 0.04687500000000002 0.1859375 0.04687500000000003 0.2765625 0.11562500000000005 0.2765625
0 0.042187500000000024 0.1625 0.00468750000000002 0.1625 0.004687500000000023 0.2265625 0.042187500000000024 0.2265625
0 0.026562500000000024 0.1546875 1.894375517431062e-17 0.1546875 2.315347854637965e-17 0.2234375 0.026562500000000024 0.2234375
0 0.08437500000000003 0.2234375 0.026562500000000024 0.2234375 0.026562500000000027 0.2828125 0.08437500000000005 0.2828125
0 0.07343750000000003 0.2234375 2.7363201918448673e-17 0.2234375 3.2146978477618024e-17 0.3015625 0.07343750000000004 0.3015625
0 0.046875000000000035 0.2671875 3.2721031664718344e-17 0.2671875 3.568697313140334e-17 0.315625 0.046875000000000035 0.315625
0 0.915625 0.19218750000000012 0.8640625 0.1921875000000001 0.8640625 0.2609375000000001 0.915625 0.2609375000000001
0 0.9953125 0.2531250000000001 0.9265625 0.2531250000000001 0.9265625 0.3390625000000001 0.9953125 0.3390625000000001
0 0.9890625 0.2609375000000001 0.9 0.2609375000000001 0.9 0.3359375000000001 0.9890625 0.3359375000000001
0 0.9578125 0.2578125000000001 0.853125 0.2578125000000001 0.853125 0.34062500000000007 0.9578125 0.34062500000000007
0 0.8953125 0.2609375000000001 0.815625 0.2609375000000001 0.815625 0.31718750000000007 0.8953125 0.31718750000000007
0 0.8109375 0.2500000000000001 0.715625 0.2500000000000001 0.715625 0.34062500000000007 0.8109375 0.34062500000000007
0 0.8953125 0.3140625000000001 0.83125 0.3140625000000001 0.83125 0.3515625000000001 0.8953125 0.3515625000000001
0 0.8375 0.3312500000000001 0.8 0.3312500000000001 0.8 0.3625000000000001 0.8375 0.3625000000000001
0 0.73125 0.2828125000000001 0.6734375 0.2828125000000001 0.6734375 0.3437500000000001 0.73125 0.3437500000000001
0 0.80625 0.34062500000000007 0.70625 0.34062500000000007 0.70625 0.3937500000000001 0.80625 0.3937500000000001
0 0.9953125 0.3359375000000001 0.946875 0.3359375000000001 0.946875 0.3890625000000001 0.9953125 0.3890625000000001
0 0.9625 0.3593750000000001 0.9 0.3593750000000001 0.9 0.4156250000000002 0.9625 0.4156250000000002
0 0.9953125 0.3812500000000001 0.9375 0.3812500000000001 0.9375 0.4343750000000002 0.9953125 0.4343750000000002
0 0.9953125 0.4421875000000002 0.96875 0.4421875000000002 0.96875 0.4750000000000002 0.9953125 0.4750000000000002
0 0.990625 0.43750000000000017 0.921875 0.43750000000000017 0.921875 0.4906250000000002 0.990625 0.4906250000000002
0 0.9421875 0.3812500000000001 0.8375 0.3812500000000001 0.8375 0.45312500000000017 0.9421875 0.45312500000000017
0 0.9109375 0.3203125000000001 0.8421875 0.3203125000000001 0.8421875 0.3921875000000001 0.9109375 0.3921875000000001
0 0.8046875 0.3390625000000001 0.7265625 0.3390625000000001 0.7265625 0.3890625000000001 0.8046875 0.3890625000000001
0 0.853125 0.3890625000000001 0.7953125 0.3890625000000001 0.7953125 0.42968750000000017 0.853125 0.42968750000000017
0 0.7890625 0.3890625000000001 0.7734375 0.3890625000000001 0.7734375 0.4109375000000002 0.7890625 0.4109375000000002
0 0.7734375 0.3968750000000001 0.746875 0.3968750000000001 0.746875 0.4156250000000002 0.7734375 0.4156250000000002
0 0.746875 0.3968750000000001 0.715625 0.3968750000000001 0.715625 0.4156250000000001 0.746875 0.4156250000000002
0 0.721875 0.3968750000000001 0.6734375 0.3968750000000001 0.6734375 0.41875 0.721875 0.41875
0 0.7265625 0.4156250000000001 0.684375 0.415625 0.684375 0.43437500000000007 0.7265625 0.4343750000000002
0 0.7578125 0.4156250000000002 0.7265625 0.4156250000000002 0.7265625 0.4343750000000002 0.7578125 0.4343750000000002
0 0.7796875 0.4125000000000002 0.753125 0.4125000000000002 0.753125 0.4312500000000002 0.7796875 0.4312500000000002
0 0.8 0.4156250000000002 0.7796875 0.4156250000000002 0.7796875 0.42968750000000017 0.8 0.42968750000000017
0 0.7265625 0.4375000000000001 0.7 0.4375 0.7 0.4531250000000001 0.7265625 0.45312500000000017
0 0.7640625 0.4421875000000002 0.7328125 0.4421875000000002 0.7328125 0.45312500000000017 0.7640625 0.45312500000000017
0 0.784375 0.4343750000000002 0.753125 0.4343750000000002 0.753125 0.44531250000000017 0.784375 0.44531250000000017
0 0.815625 0.4312500000000002 0.784375 0.4312500000000002 0.784375 0.4421875000000002 0.815625 0.4421875000000002
0 0.715625 0.4609375 0.6640625 0.4609375 0.6640625 0.4875 0.715625 0.4875
0 0.6953125 0.4453125 0.6578125 0.4453125 0.6578125 0.4640625 0.6953125 0.4640625
0 0.7421875 0.4640625000000001 0.7 0.4640625 0.7 0.4875000000000001 0.7421875 0.48750000000000016
0 0.7734375 0.45625000000000016 0.7375 0.45625000000000016 0.7375 0.47968750000000016 0.7734375 0.47968750000000016
0 0.80625 0.45312500000000017 0.7640625 0.45312500000000017 0.7640625 0.4828125000000002 0.80625 0.4828125000000002
0 0.846875 0.44843750000000016 0.8 0.44843750000000016 0.8 0.47968750000000016 0.846875 0.47968750000000016
0 0.884375 0.4421875000000002 0.846875 0.4421875000000002 0.846875 0.46406250000000016 0.884375 0.46406250000000016
0 0.915625 0.45625000000000016 0.884375 0.45625000000000016 0.884375 0.47968750000000016 0.915625 0.47968750000000016
0 0.884375 0.4671875000000002 0.8578125 0.4671875000000002 0.8578125 0.4906250000000002 0.884375 0.4906250000000002
0 0.8578125 0.47187500000000016 0.8265625 0.47187500000000016 0.8265625 0.4937500000000002 0.8578125 0.4937500000000002
0 0.8578125 0.4906250000000002 0.83125 0.4906250000000002 0.83125 0.5093750000000001 0.8578125 0.5093750000000001
0 0.8890625 0.4906250000000002 0.853125 0.4906250000000002 0.853125 0.5093750000000001 0.8890625 0.5093750000000001
0 0.93125 0.48750000000000016 0.8890625 0.48750000000000016 0.8890625 0.5093750000000001 0.93125 0.5093750000000001
0 0.9953125 0.4984375000000002 0.9375 0.4984375000000002 0.9375 0.5312500000000002 0.9953125 0.5312500000000002
0 0.8375 0.4828125000000001 0.653125 0.4828125 0.653125 0.5468750000000001 0.8375 0.5468750000000002
0 0.9953125 0.94375 0.9421875 0.94375 0.9421875 0.9921875 0.9953125 0.9921875
0 0.9953125 0.90625 0.953125 0.90625 0.953125 0.9390625 0.9953125 0.9390625
0 0.9484375 0.909375 0.890625 0.909375 0.890625 0.9390625 0.9484375 0.9390625
0 0.978125 0.8796875 0.9265625 0.8796875 0.9265625 0.9171875 0.978125 0.9171875
0 0.953125 0.85625 0.9 0.85625 0.9 0.8828125 0.953125 0.8828125
0 0.978125 0.8484375 0.9421875 0.8484375 0.9421875 0.8796875 0.978125 0.8796875
0 0.9953125 0.8609375 0.96875 0.8609375 0.96875 0.890625 0.9953125 0.890625
0 0.984375 0.8234375 0.9625 0.8234375 0.9625 0.8421875 0.984375 0.8421875
0 0.9953125 0.815625 0.9640625 0.815625 0.9640625 0.8265625 0.9953125 0.8265625
0 0.9640625 0.821875 0.921875 0.821875 0.921875 0.853125 0.9640625 0.853125
0 0.9625 0.8046875 0.9265625 0.8046875 0.9265625 0.8234375 0.9625 0.8234375
0 0.9578125 0.7968750000000002 0.915625 0.7968750000000002 0.915625 0.815625 0.9578125 0.815625
0 0.921875 0.815625 0.8796875 0.815625 0.8796875 0.8421875 0.921875 0.8421875
0 0.9203125 0.7921875000000002 0.884375 0.7921875000000002 0.884375 0.8109375 0.9203125 0.8109375
0 0.8796875 0.7812500000000002 0.8484375 0.7812500000000002 0.8484375 0.803125 0.8796875 0.803125
0 0.8796875 0.7656250000000002 0.853125 0.7656250000000002 0.853125 0.7812500000000002 0.8796875 0.7812500000000002
0 0.846875 0.7656250000000002 0.8109375 0.7656250000000002 0.8109375 0.7812500000000002 0.846875 0.7812500000000002
0 0.853125 0.7812500000000002 0.8109375 0.7812500000000002 0.8109375 0.8 0.853125 0.8
0 0.8109375 0.7593750000000001 0.7625000000000002 0.7593750000000001 0.7625000000000002 0.7968750000000002 0.8109375 0.7968750000000002
0 0.93125 0.8421875 0.8578125 0.8421875 0.8578125 0.9140625 0.93125 0.9140625
0 0.8734375 0.7890625000000002 0.7640625000000002 0.7890625000000002 0.7640625000000002 0.853125 0.8734375 0.853125
0 0.8046875 0.8046875 0.6687500000000002 0.8046875 0.6687500000000002 0.8609375 0.8046875 0.8609375
0 0.853125 0.85 0.7890625000000002 0.85 0.7890625000000002 0.8953125 0.853125 0.8953125
0 0.8046875 0.86875 0.7109375000000002 0.86875 0.7109375000000002 0.9140625 0.8046875 0.9140625
0 0.6890625000000001 0.8234375 0.6000000000000002 0.8234375 0.6000000000000002 0.921875 0.6890625000000001 0.921875
0 0.6953125000000002 0.9328125 0.6000000000000002 0.9328125 0.6000000000000002 0.996875 0.6953125000000002 0.996875
0 0.6265625000000001 0.94375 0.5203125000000002 0.94375 0.5203125000000002 0.996875 0.6265625000000001 0.996875
0 0.6218750000000002 0.803125 0.5156250000000002 0.803125 0.5156250000000002 0.9359375 0.6218750000000002 0.9359375
0 0.5312500000000002 0.834375 0.4312500000000002 0.834375 0.4312500000000002 0.9515625 0.5312500000000002 0.9515625
0 0.46406250000000016 0.9015625 0.36406250000000007 0.9015625 0.36406250000000007 0.996875 0.46406250000000016 0.996875
0 0.5484375000000001 0.9546875 0.46406250000000016 0.9546875 0.46406250000000016 0.996875 0.5484375000000001 0.996875
0 0.45312500000000017 0.946875 0.3375000000000001 0.946875 0.3375000000000001 0.996875 0.45312500000000017 0.996875
0 0.3156250000000001 0.9140625 0.2218750000000001 0.9140625 0.2218750000000001 0.9921875 0.3156250000000001 0.9921875
0 0.2890625000000001 0.959375 0.16875000000000012 0.959375 0.16875000000000012 0.996875 0.2890625000000001 0.996875
0 0.37968750000000007 0.925 0.3109375000000001 0.925 0.3109375000000001 0.996875 0.37968750000000007 0.996875
0 0.14218750000000013 0.9359375 0.004687500000000115 0.9359375 0.004687500000000119 0.996875 0.14218750000000013 0.996875
0 0.22031250000000008 0.928125 0.11093750000000013 0.928125 0.11093750000000013 0.959375 0.22031250000000008 0.959375
0 0.2578125000000001 0.875 0.15781250000000008 0.875 0.1578125000000001 0.925 0.2578125000000001 0.925
0 0.1734375000000001 0.83125 0.0953125000000001 0.83125 0.0953125000000001 0.921875 0.17343750000000013 0.921875
0 0.0796875000000001 0.8875 0.006250000000000108 0.8875 0.006250000000000111 0.925 0.0796875000000001 0.925
0 0.12031250000000011 0.8984375 0.01093750000000011 0.8984375 0.010937500000000114 0.9625 0.12031250000000013 0.9625
0 0.10000000000000009 0.8 9.797174393178826e-17 0.8 1.0352092474042471e-16 0.890625 0.10000000000000009 0.890625
0 0.1531250000000001 0.803125 0.10468750000000009 0.803125 0.10468750000000009 0.834375 0.1531250000000001 0.834375
0 0.19531250000000008 0.7734375 0.12656250000000008 0.7734375 0.12656250000000008 0.8421875 0.19531250000000008 0.8421875
0 0.21093750000000008 0.8265625 0.14218750000000008 0.8265625 0.14218750000000008 0.89375 0.21093750000000008 0.89375
0 0.1312500000000001 0.690625 0.021875000000000082 0.690625 0.021875000000000092 0.8078125 0.1312500000000001 0.8078125
0 0.24218750000000008 0.7015625 0.10468750000000009 0.7015625 0.10468750000000009 0.7734375 0.24218750000000008 0.7734375
0 0.3218750000000001 0.6640625 0.2156250000000001 0.6640625 0.2156250000000001 0.7515625 0.3218750000000001 0.7515625
0 0.3046875000000001 0.6234375 0.2156250000000001 0.6234375 0.2156250000000001 0.6640625 0.3046875000000001 0.6640625
0 0.34843750000000007 0.6484375 0.2796875000000001 0.6484375 0.2796875000000001 0.7171875 0.34843750000000007 0.7171875
0 0.22656250000000008 0.634375 0.10468750000000009 0.634375 0.10468750000000009 0.6984375 0.22656250000000008 0.6984375
0 0.1375000000000001 0.671875 0.06875000000000009 0.671875 0.06875000000000009 0.7125 0.1375000000000001 0.7125
0 0.09531250000000009 0.6453125 7.902798875747763e-17 0.6453125 8.247230788007957e-17 0.7015625 0.09531250000000009 0.7015625
0 0.06875000000000009 0.690625 8.457716956611408e-17 0.690625 8.735175997043229e-17 0.7359375 0.06875000000000009 0.7359375
0 0.3109375000000001 0.453125 0.21093750000000008 0.453125 0.21093750000000008 0.5125 0.3109375000000001 0.5125
0 0.415625 0.453125 0.3109375000000001 0.453125 0.3109375000000001 0.5125 0.415625 0.5125
0 0.453125 0.4984375 0.3625000000000001 0.4984375 0.3625000000000001 0.5578125 0.453125 0.5578125
0 0.3687500000000001 0.50625 0.27812500000000007 0.50625 0.27812500000000007 0.5546875 0.3687500000000001 0.5546875
0 0.39531250000000007 0.54375 0.3421875000000001 0.54375 0.3421875000000001 0.565625 0.39531250000000007 0.565625
0 0.24218750000000008 0.4953125 0.16875000000000004 0.4953125 0.16875000000000007 0.5515625 0.24218750000000008 0.5515625
0 0.3062500000000001 0.5171875 0.2218750000000001 0.5171875 0.2218750000000001 0.5703125 0.3062500000000001 0.5703125
0 0.3375000000000001 0.559375 0.2796875000000001 0.559375 0.2796875000000001 0.596875 0.3375000000000001 0.596875
0 0.3890625000000001 0.565625 0.3312500000000001 0.565625 0.3312500000000001 0.6 0.3890625000000001 0.6
0 0.3734375000000001 0.5953125 0.3218750000000001 0.5953125 0.3218750000000001 0.6265625 0.3734375000000001 0.6265625
0 0.3312500000000001 0.6 0.2796875000000001 0.6 0.2796875000000001 0.634375 0.3312500000000001 0.634375
0 0.3734375000000001 0.634375 0.3218750000000001 0.634375 0.3218750000000001 0.6671875 0.3734375000000001 0.6671875
0 0.415625 0.621875 0.36406250000000007 0.621875 0.36406250000000007 0.653125 0.415625 0.653125
0 0.4109375 0.596875 0.3734375000000001 0.596875 0.3734375000000001 0.615625 0.4109375 0.615625
0 0.2734375000000001 0.596875 0.21093750000000008 0.596875 0.21093750000000008 0.634375 0.2734375000000001 0.634375
0 0.2890625000000001 0.5703125 0.22656250000000008 0.5703125 0.22656250000000008 0.603125 0.2890625000000001 0.603125
0 0.24218750000000008 0.5546875 0.1781250000000001 0.5546875 0.1781250000000001 0.596875 0.24218750000000008 0.596875
0 0.22656250000000008 0.5921875 0.1625000000000001 0.5921875 0.1625000000000001 0.6265625 0.22656250000000008 0.6265625
0 0.1781250000000001 0.5515625 0.12656250000000008 0.5515625 0.12656250000000008 0.578125 0.1781250000000001 0.578125
0 0.16406250000000008 0.6 0.09062500000000007 0.6 0.09062500000000008 0.6375 0.16406250000000008 0.6375
0 0.1625000000000001 0.5890625 0.12656250000000008 0.5890625 0.12656250000000008 0.6 0.1625000000000001 0.6
0 0.14218750000000008 0.5703125 0.07812500000000007 0.5703125 0.07812500000000007 0.6 0.14218750000000008 0.6
0 0.07968750000000006 0.5921875 0.02187500000000007 0.5921875 0.021875000000000075 0.6296875 0.07968750000000006 0.6296875
0 0.10468750000000009 0.6234375 0.04218750000000008 0.6234375 0.04218750000000008 0.6609375 0.10468750000000009 0.6609375
0 0.020312500000000074 0.6 7.347880794884119e-17 0.6 7.596637175960924e-17 0.640625 0.020312500000000077 0.640625
0 0.026562500000000072 0.559375 6.850368032730508e-17 0.559375 7.079989307570636e-17 0.596875 0.02656250000000008 0.596875
0 0.08437500000000006 0.5515625 0.020312500000000067 0.5515625 0.02031250000000007 0.5890625 0.08437500000000006 0.5890625
0 0.12656250000000008 0.540625 0.07343750000000007 0.540625 0.07343750000000007 0.5671875 0.12656250000000008 0.5671875
0 0.057812500000000065 0.5203125 6.371990376813572e-17 0.5203125 6.630314311008718e-17 0.5625 0.057812500000000065 0.5625
0 0.5265625000000002 0.778125 0.46875000000000017 0.778125 0.46875000000000017 0.8234375 0.5265625000000002 0.8234375
0 0.5578125000000002 0.8109375 0.5109375000000002 0.8109375 0.5109375000000002 0.8375 0.5578125000000002 0.8375
0 0.6046875000000002 0.7703125 0.5265625000000002 0.7703125 0.5265625000000002 0.8234375 0.6046875000000002 0.8234375
0 0.6484375000000002 0.8078125 0.5796875000000001 0.8078125 0.5796875000000001 0.8375 0.6484375000000002 0.8375
0 0.6890625000000001 0.796875 0.6265625000000001 0.796875 0.6265625000000001 0.834375 0.6890625000000001 0.834375
0 0.7265625000000002 0.7781250000000001 0.6687500000000002 0.778125 0.6687500000000002 0.8234375 0.7265625000000002 0.8234375
0 0.7359375000000001 0.7703125000000001 0.6843750000000002 0.7703125 0.6843750000000002 0.7968750000000001 0.7359375000000001 0.7968750000000002
0 0.6468750000000002 0.765625 0.5843750000000002 0.765625 0.5843750000000002 0.796875 0.6468750000000002 0.796875
0 0.6000000000000002 0.7734375 0.5421875000000002 0.7734375 0.5421875000000002 0.8234375 0.6000000000000002 0.8234375
0 0.6843750000000002 0.7515625 0.6312500000000002 0.7515625 0.6312500000000002 0.784375 0.6843750000000002 0.784375
0 0.6265625000000001 0.728125 0.5734375000000002 0.728125 0.5734375000000002 0.7625 0.6265625000000001 0.7625
0 0.6109375000000001 0.6984375 0.5625 0.6984375 0.5625000000000001 0.728125 0.6109375000000001 0.728125
0 0.60625 0.6828125 0.5640625 0.6828125 0.5640625 0.70625 0.60625 0.70625
0 0.590625 0.66875 0.5640625 0.66875 0.5640625 0.6828125 0.590625 0.6828125
0 0.5578125 0.6609375 0.5046875 0.6609375 0.5046875 0.6828125 0.5578125 0.6828125
0 0.56875 0.6828125 0.4890625 0.6828125 0.4890625 0.709375 0.56875 0.709375
0 0.5265625 0.6484375 0.4734375 0.6484375 0.4734375 0.671875 0.5265625 0.671875
0 0.4890625 0.690625 0.4375 0.690625 0.4375 0.7125 0.4890625 0.7125
0 0.5109375 0.70625 0.4625 0.70625 0.4625000000000001 0.7359375 0.5109375000000002 0.7359375
0 0.5750000000000001 0.70625 0.50625 0.70625 0.5062500000000001 0.746875 0.5750000000000002 0.746875
0 0.5687500000000002 0.7484375 0.5046875000000002 0.7484375 0.5046875000000002 0.7859375 0.5687500000000002 0.7859375
0 0.5218750000000002 0.74375 0.46406250000000016 0.74375 0.46406250000000016 0.7734375 0.5218750000000002 0.7734375
0 0.47968750000000016 0.7765625 0.4109375000000002 0.7765625 0.4109375000000002 0.8078125 0.47968750000000016 0.8078125
0 0.4687500000000001 0.7140625 0.4 0.7140625 0.4000000000000001 0.7671875 0.46875000000000017 0.7671875
0 0.4109375000000002 0.74375 0.3687500000000001 0.74375 0.3687500000000001 0.78125 0.4109375000000002 0.78125
0 0.76875 0.675 0.7 0.675 0.7000000000000001 0.7281250000000001 0.7687500000000002 0.7281250000000001
0 0.7 0.6875 0.646875 0.6875 0.646875 0.725 0.7 0.725
0 0.653125 0.640625 0.6 0.640625 0.6 0.7171875 0.653125 0.7171875
0 0.7421875000000001 0.7250000000000001 0.6421875 0.725 0.6421875000000001 0.7546875000000001 0.7421875000000002 0.7546875000000002
0 0.6 0.6421875 0.5578125 0.6421875 0.5578125 0.66875 0.6 0.66875
0 0.8578125 0.6859375000000002 0.7953125 0.6859375000000002 0.7953125000000001 0.7359375000000001 0.8578125 0.7359375000000001
0 0.8578125 0.7312500000000002 0.7890625000000002 0.7312500000000002 0.7890625000000002 0.7625000000000002 0.8578125 0.7625000000000002
0 0.8953125 0.7250000000000002 0.853125 0.7250000000000002 0.853125 0.7578125000000002 0.8953125 0.7578125000000002
0 0.93125 0.7515625000000001 0.8734375 0.7515625000000001 0.8734375 0.7921875000000002 0.93125 0.7921875000000002
0 0.8 0.6640625000000002 0.746875 0.6640625000000002 0.746875 0.7140625000000002 0.8 0.7140625000000002
0 0.80625 0.6343750000000001 0.7375 0.6343750000000001 0.7375 0.6750000000000002 0.80625 0.6750000000000002
0 0.7421875 0.6453125000000001 0.66875 0.6453125 0.66875 0.6875000000000001 0.7421875 0.6875000000000002
0 0.7265625 0.6234375000000001 0.678125 0.6234375 0.678125 0.6500000000000001 0.7265625 0.6500000000000001
0 0.66875 0.6421875 0.6375 0.6421875 0.6375 0.6609375 0.66875 0.6609375
0 0.3781250000000001 0.74375 0.2843750000000001 0.74375 0.2843750000000001 0.8 0.3781250000000001 0.8
0 0.4046875000000001 0.70625 0.3265625000000001 0.70625 0.3265625000000001 0.7390625 0.4046875000000002 0.7390625
0 0.46875 0.653125 0.3468750000000001 0.653125 0.3468750000000001 0.709375 0.46875 0.709375
0 0.4578125 0.59375 0.4109375 0.59375 0.4109375 0.65 0.4578125 0.65
0 0.4890625 0.6234375 0.4421875 0.6234375 0.4421875 0.65 0.4890625 0.65
0 0.53125 0.6 0.4953125 0.6 0.4953125 0.6265625 0.53125 0.6265625
0 0.5421875 0.6296875 0.4953125 0.6296875 0.4953125 0.653125 0.5421875 0.653125
0 0.584375 0.6109375 0.53125 0.6109375 0.53125 0.6453125 0.584375 0.6453125
0 0.615625 0.615625 0.584375 0.615625 0.584375 0.6375 0.615625 0.6375
0 0.5375 0.584375 0.4890625 0.584375 0.4890625 0.6265625 0.5375 0.6265625
0 0.5 0.5734375 0.4578125 0.5734375 0.4578125 0.6046875 0.5 0.6046875
0 0.5 0.5546875 0.446875 0.5546875 0.446875 0.5734375 0.5 0.5734375
0 0.5375 0.5625 0.4890625 0.5625 0.4890625 0.5921875 0.5375 0.5921875
0 0.5890625 0.5734375 0.5421875 0.5734375 0.5421875 0.615625 0.5890625 0.615625
0 0.63125 0.584375 0.5890625 0.584375 0.5890625 0.61875 0.63125 0.61875
0 0.6421875 0.565625 0.6046875 0.565625 0.6046875 0.6 0.6421875 0.6
0 0.6734375 0.5890625 0.63125 0.5890625 0.63125 0.61875 0.6734375 0.61875
0 0.6640625 0.615625 0.621875 0.615625 0.621875 0.6421875 0.6640625 0.6421875
0 0.7265625 0.6046875 0.6625 0.6046875 0.6625 0.6421875000000001 0.7265625 0.6421875000000001
0 0.7578125 0.5968750000000002 0.7265625 0.5968750000000002 0.7265625 0.6156250000000002 0.7578125 0.6156250000000002
0 0.790625 0.6078125000000002 0.7484375 0.6078125000000002 0.7484375 0.6343750000000001 0.790625 0.6343750000000001
0 0.83125 0.6078125000000002 0.7890625 0.6078125000000002 0.7890625 0.6484375000000002 0.83125 0.6484375000000002
0 0.884375 0.6265625000000001 0.83125 0.6265625000000001 0.83125 0.6562500000000002 0.884375 0.6562500000000002
0 0.8375 0.6484375000000002 0.80625 0.6484375000000002 0.80625 0.6796875000000002 0.8375 0.6796875000000002
0 0.8953125 0.6640625000000002 0.8421875 0.6640625000000002 0.8421875 0.6984375000000002 0.8953125 0.6984375000000002
0 0.946875 0.6828125000000002 0.8953125 0.6828125000000002 0.8953125 0.7281250000000001 0.946875 0.7281250000000001
0 0.9734375 0.6687500000000002 0.9265625 0.6687500000000002 0.9265625 0.7062500000000002 0.9734375 0.7062500000000002
0 0.9953125 0.6765625000000002 0.9734375 0.6765625000000002 0.9734375 0.7140625000000002 0.9953125 0.7140625000000002
0 0.9796875 0.7062500000000002 0.9375 0.7062500000000002 0.9375 0.7250000000000002 0.9796875 0.7250000000000002
0 0.9375 0.7250000000000002 0.8953125 0.7250000000000002 0.8953125 0.7515625000000001 0.9375 0.7515625000000001
0 0.9953125 0.6375000000000002 0.953125 0.6375000000000002 0.953125 0.6687500000000002 0.9953125 0.6687500000000002
0 0.9953125 0.6187500000000001 0.9578125 0.6187500000000001 0.9578125 0.6375000000000002 0.9953125 0.6375000000000002
0 0.9578125 0.6312500000000002 0.921875 0.6312500000000002 0.921875 0.6500000000000001 0.9578125 0.6500000000000001
0 0.96875 0.6125000000000002 0.9203125 0.6125000000000002 0.9203125 0.6234375000000002 0.96875 0.6234375000000002
0 0.953125 0.5968750000000002 0.921875 0.5968750000000002 0.921875 0.6078125000000002 0.953125 0.6078125000000002
0 0.9578125 0.6453125000000002 0.8890625 0.6453125000000002 0.8890625 0.6828125000000002 0.9578125 0.6828125000000002
0 0.915625 0.6187500000000001 0.8796875 0.6187500000000001 0.8796875 0.6484375000000002 0.915625 0.6484375000000002
0 0.884375 0.5890625000000002 0.83125 0.5890625000000002 0.83125 0.6296875000000002 0.884375 0.6296875000000002
0 0.921875 0.6000000000000002 0.890625 0.6000000000000002 0.890625 0.6156250000000002 0.921875 0.6156250000000002
0 0.9734375 0.5734375000000002 0.9421875 0.5734375000000002 0.9421875 0.5968750000000002 0.9734375 0.5968750000000002
0 0.93125 0.5406250000000001 0.8890625 0.5406250000000001 0.8890625 0.5593750000000002 0.93125 0.5593750000000002
0 0.9046875 0.5703125000000002 0.86875 0.5703125000000002 0.86875 0.5968750000000002 0.9046875 0.5968750000000002
0 0.9421875 0.5656250000000002 0.9046875 0.5656250000000002 0.9046875 0.5921875000000002 0.9421875 0.5921875000000002
0 0.8640625 0.5812500000000002 0.8328125 0.5812500000000002 0.8328125 0.5890625000000002 0.8640625 0.5890625000000002
0 0.80625 0.5890625000000002 0.775 0.5890625000000002 0.775 0.6031250000000001 0.80625 0.6031250000000001
0 0.8328125 0.5843750000000002 0.80625 0.5843750000000002 0.80625 0.6000000000000002 0.8328125 0.6000000000000002
0 0.8109375 0.5625000000000002 0.76875 0.5625000000000002 0.76875 0.5921875000000002 0.8109375 0.5921875000000002
0 0.8375 0.5578125000000002 0.80625 0.5578125000000002 0.80625 0.5812500000000002 0.8375 0.5812500000000002
0 0.8734375 0.5546875000000002 0.8375 0.5546875000000002 0.8375 0.5812500000000002 0.8734375 0.5812500000000002
0 0.890625 0.5468750000000002 0.8640625 0.5468750000000002 0.8640625 0.5656250000000002 0.890625 0.5656250000000002
0 0.8734375 0.5328125000000001 0.8421875 0.5328125000000001 0.8421875 0.5546875000000002 0.8734375 0.5546875000000002
0 0.8421875 0.5406250000000001 0.8 0.5406250000000001 0.8 0.5593750000000002 0.8421875 0.5593750000000002
0 0.8 0.5437500000000002 0.7625 0.5437500000000002 0.7625 0.5578125000000002 0.8 0.5578125000000002
0 0.76875 0.5437500000000002 0.7421875 0.5437500000000002 0.7421875 0.5703125000000002 0.76875 0.5703125000000002
0 0.7421875 0.5515625000000001 0.7046875 0.5515625 0.7046875 0.5781250000000001 0.7421875 0.5781250000000002
0 0.70625 0.5546875 0.6796875 0.5546875 0.6796875 0.5703125 0.70625 0.5703125
0 0.6953125 0.5625 0.6578125 0.5625 0.6578125 0.58125 0.6953125 0.58125
0 0.721875 0.5734375 0.6953125 0.5734375 0.6953125 0.596875 0.721875 0.596875
0 0.6 0.54375 0.553125 0.54375 0.553125 0.5734375 0.6 0.5734375
0 0.646875 0.5328125 0.584375 0.5328125 0.584375 0.559375 0.646875 0.559375
0 0.675 0.5015625 0.60625 0.5015625 0.60625 0.54375 0.675 0.54375
0 0.6046875 0.50625 0.5578125 0.50625 0.5578125 0.528125 0.6046875 0.528125
0 0.5890625 0.525 0.53125 0.525 0.53125 0.5625 0.5890625 0.5625
0 0.5375 0.53125 0.4796875 0.53125 0.4796875 0.5625 0.5375 0.5625
0 0.484375 0.5328125 0.446875 0.5328125 0.446875 0.5546875 0.484375 0.5546875
0 0.5421875 0.5125 0.478125 0.5125 0.478125 0.5359375 0.5421875 0.5359375
0 0.584375 0.4875 0.53125 0.4875 0.53125 0.509375 0.584375 0.509375
0 0.6 0.4796875 0.56875 0.4796875 0.56875 0.50625 0.6 0.50625
0 0.5375 0.4765625 0.46875 0.4765625 0.46875 0.5140625 0.5375 0.5140625
0 0.653125 0.46875 0.56875 0.46875 0.56875 0.50625 0.653125 0.50625
0 0.4796875 0.453125 0.4109375 0.453125 0.4109375 0.528125 0.4796875 0.528125
0 0.43125 0.34375000000000006 0.2109375 0.34375 0.21093750000000006 0.4609375 0.43125 0.4609375
0 0.56875 0.3734375000000001 0.4265625 0.3734375000000001 0.4265625 0.4796875 0.56875 0.4796875
0 0.5375 0.3062500000000001 0.446875 0.3062500000000001 0.446875 0.3890625000000001 0.5375 0.3890625000000001
0 0.5421875 0.2765625000000001 0.46875 0.2765625000000001 0.46875 0.33281250000000007 0.5421875 0.33281250000000007
0 0.584375 0.2984375000000001 0.5421875 0.2984375000000001 0.5421875 0.3359375000000001 0.584375 0.3359375000000001
0 0.584375 0.2750000000000001 0.5421875 0.2750000000000001 0.5421875 0.3062500000000001 0.584375 0.3062500000000001
0 0.4640625 0.27187500000000003 0.2484375 0.271875 0.24843750000000003 0.4 0.4640625 0.4
0 0.46875 0.22656250000000006 0.2734375 0.2265625 0.2734375 0.30937500000000007 0.46875 0.30937500000000007
0 0.26250000000000007 0.2953125 0.18437500000000004 0.2953125 0.18437500000000004 0.3671875 0.26250000000000007 0.3671875
0 0.2109375 0.3125 0.14687500000000003 0.3125 0.14687500000000003 0.3625 0.2109375 0.3625
0 0.16406250000000006 0.30625 0.10625000000000004 0.30625 0.10625000000000004 0.3625 0.16406250000000006 0.3625
0 0.21093750000000008 0.3703125 0.17968750000000006 0.3703125 0.17968750000000006 0.396875 0.21093750000000008 0.396875
0 0.17968750000000006 0.3703125 0.15312500000000004 0.3703125 0.15312500000000004 0.3890625 0.17968750000000006 0.3890625
0 0.15781250000000005 0.365625 0.12656250000000005 0.365625 0.12656250000000005 0.3890625 0.15781250000000005 0.3890625
0 0.13125000000000003 0.3703125 0.09531250000000005 0.3703125 0.09531250000000005 0.3921875 0.13125000000000003 0.3921875
0 0.12656250000000005 0.3921875 0.04687500000000004 0.3921875 0.04687500000000005 0.41875 0.12656250000000005 0.41875
0 0.19531250000000006 0.4078125 0.15781250000000005 0.4078125 0.15781250000000005 0.4296875 0.19531250000000006 0.4296875
0 0.16875000000000004 0.396875 0.13125000000000003 0.396875 0.13125000000000003 0.415625 0.16875000000000004 0.415625
0 0.12656250000000005 0.415625 0.08437500000000005 0.415625 0.08437500000000005 0.4375 0.12656250000000005 0.4375
0 0.07968750000000005 0.4078125 0.04843750000000004 0.4078125 0.04843750000000005 0.4375 0.07968750000000005 0.4375
0 0.08437500000000006 0.509375 0.04687500000000007 0.509375 0.04687500000000007 0.5328125 0.08437500000000006 0.5328125
0 0.11093750000000005 0.5140625 0.07968750000000006 0.5140625 0.07968750000000006 0.540625 0.11093750000000005 0.540625
0 0.18437500000000004 0.4609375 0.11093750000000005 0.4609375 0.11093750000000005 0.54375 0.18437500000000004 0.54375
0 0.2156250000000001 0.4578125 0.17968750000000006 0.4578125 0.17968750000000006 0.4953125 0.2156250000000001 0.4953125
0 0.2156250000000001 0.4375 0.17343750000000005 0.4375 0.17343750000000005 0.4609375 0.2156250000000001 0.4609375
0 0.17343750000000005 0.4296875 0.14218750000000005 0.4296875 0.14218750000000005 0.4609375 0.17343750000000005 0.4609375
0 0.14687500000000003 0.434375 0.10000000000000005 0.434375 0.10000000000000005 0.4609375 0.14687500000000003 0.4609375
0 0.15312500000000004 0.45625 0.10000000000000005 0.45625 0.10000000000000005 0.4875 0.15312500000000004 0.4875
0 0.12187500000000004 0.4828125 0.09062500000000007 0.4828125 0.09062500000000007 0.5015625 0.12187500000000004 0.5015625
0 0.08437500000000006 0.4875 0.05312500000000007 0.4875 0.05312500000000007 0.50625 0.08437500000000006 0.50625
0 0.048437500000000064 0.490625 0.02187500000000006 0.490625 0.02187500000000006 0.509375 0.048437500000000064 0.509375
0 0.02031250000000006 0.4859375 5.95101803960667e-17 0.4859375 6.046693570790056e-17 0.5015625 0.02031250000000006 0.5015625
0 0.031250000000000056 0.45625 5.587451021109799e-17 0.45625 5.750099424121557e-17 0.4828125 0.031250000000000056 0.4828125
0 0.06406250000000006 0.4609375 0.037500000000000054 0.4609375 0.037500000000000054 0.4828125 0.06406250000000006 0.4828125
0 0.09531250000000006 0.45625 0.06406250000000006 0.45625 0.06406250000000006 0.4875 0.09531250000000006 0.4875
0 0.10468750000000004 0.440625 5.3960999587430256e-17 0.440625 5.5109105961630896e-17 0.459375 0.10468750000000004 0.459375
0 0.56875 0.3734375000000001 0.5375 0.3734375000000001 0.5375 0.4 0.56875 0.4
0 0.6 0.3734375000000001 0.5625 0.3734375000000001 0.5625 0.3968750000000001 0.6 0.3968750000000001
0 0.56875 0.3468750000000001 0.5265625 0.3468750000000001 0.5265625 0.3734375000000001 0.56875 0.3734375000000001
0 0.5640625 0.3281250000000001 0.515625 0.3281250000000001 0.515625 0.3437500000000001 0.5640625 0.3437500000000001
0 0.590625 0.33281250000000007 0.5640625 0.33281250000000007 0.5640625 0.3546875000000001 0.590625 0.3546875000000001
0 0.6375 0.3546875000000001 0.5953125 0.3546875000000001 0.5953125 0.3734375000000001 0.6375 0.3734375000000001
0 0.66875 0.3546875000000001 0.6375 0.3546875000000001 0.6375 0.3781250000000001 0.66875 0.3781250000000001
0 0.7 0.3468750000000001 0.6625 0.3468750000000001 0.6625 0.3734375000000001 0.7 0.3734375000000001
0 0.6375 0.3781250000000001 0.6 0.3781250000000001 0.6 0.3968750000000001 0.6375 0.3968750000000001
0 0.66875 0.3781250000000001 0.6421875 0.3781250000000001 0.6421875 0.3968750000000001 0.66875 0.3968750000000001
0 0.6 0.4 0.5625 0.4 0.5625 0.41875 0.6 0.41875
0 0.63125 0.3968750000000001 0.6 0.3968750000000001 0.6 0.4234375 0.63125 0.4234375
0 0.6640625 0.3968750000000001 0.6328125 0.3968750000000001 0.6328125 0.41875 0.6640625 0.41875
0 0.6046875 0.4265625 0.56875 0.4265625 0.56875 0.4484375 0.6046875 0.4484375
0 0.6328125 0.421875 0.60625 0.421875 0.60625 0.4453125 0.6328125 0.4453125
0 0.6578125 0.4234375 0.63125 0.4234375 0.63125 0.4375 0.6578125 0.4375
0 0.6 0.453125 0.56875 0.453125 0.56875 0.4671875 0.6 0.4671875
0 0.6421875 0.4453125 0.6046875 0.4453125 0.6046875 0.471875 0.6421875 0.471875
0 0.6640625 0.4421875 0.6328125 0.4421875 0.6328125 0.4640625 0.6640625 0.4640625