0 0.996875 0.7281250000000001 0.890625 0.7281250000000001 0.890625 0.91875 0.996875 0.91875
0 0.996875 0.8265625 0.7906250000000001 0.8265625 0.7906250000000001 0.9953125 0.996875 0.9953125
0 0.996875 0.875 0.7796875000000002 0.875 0.7796875000000002 0.9953125 0.996875 0.9953125
0 0.7921875000000002 0.903125 0.7484375000000002 0.903125 0.7484375000000002 0.9953125 0.7921875000000002 0.9953125
0 0.7484375000000002 0.875 0.6531250000000002 0.875 0.6531250000000002 0.9953125 0.7484375000000002 0.9953125
0 0.7031250000000002 0.940625 0.6125000000000002 0.940625 0.6125000000000002 0.9953125 0.7031250000000002 0.9953125
0 0.8875 0.6203125 0.653125 0.6203125 0.6531250000000001 0.9140625 0.8875 0.9140625
0 0.996875 0.3906250000000001 0.7515625 0.3906250000000001 0.7515625000000001 0.9296875 0.996875 0.9296875
0 0.996875 0.4515625000000002 0.9015625 0.4515625000000002 0.9015625 0.5546875000000002 0.996875 0.5546875000000002
0 0.9921875 0.10937500000000011 0.7734375 0.10937500000000008 0.7734375 0.4781250000000002 0.9921875 0.4781250000000002
0 0.9953125 1.086874034243276e-16 0.7796875 9.54841801210202e-17 0.7796875 0.16250000000000012 0.9953125 0.16250000000000014
0 0.7984375 8.907391953173326e-17 0.65625 8.036744619404505e-17 0.65625 0.22812500000000008 0.7984375 0.22812500000000008
0 0.8125 0.1687500000000001 0.553125 0.1687500000000001 0.553125 0.5218750000000001 0.8125 0.5218750000000002
0 0.825 0.3531250000000001 0.725 0.3531250000000001 0.725 0.5000000000000001 0.825 0.5000000000000002
0 0.9015625 0.44531250000000017 0.7984375 0.44531250000000017 0.7984375 0.6031250000000001 0.9015625 0.6031250000000001
0 0.83125 0.5437500000000002 0.7546875 0.5437500000000002 0.7546875 0.6796875000000002 0.83125 0.6796875000000002
0 0.7546875000000001 0.6093750000000001 0.659375 0.609375 0.659375 0.7671875000000001 0.7546875000000002 0.7671875000000001
0 0.76875 0.4671875000000001 0.659375 0.4671875 0.659375 0.6140625000000001 0.76875 0.6140625000000002
0 0.6703125 0.50625 0.5609375 0.50625 0.5609375 0.7015625 0.6703125 0.7015625
0 0.6046875 0.6796875 0.528125 0.6796875 0.5281250000000001 0.86875 0.6046875000000002 0.86875
0 0.7031250000000001 0.6578125 0.590625 0.6578125 0.5906250000000001 0.8421875 0.7031250000000002 0.8421875
0 0.6234375000000002 0.7609375 0.5015625000000001 0.7609375 0.5015625000000001 0.859375 0.6234375000000002 0.859375
0 0.6531250000000002 0.853125 0.5796875000000001 0.853125 0.5796875000000001 0.95625 0.6531250000000002 0.95625
0 0.6015625000000002 0.8640625 0.5171875000000001 0.8640625 0.5171875000000001 0.9953125 0.6015625000000002 0.9953125
0 0.5343750000000002 0.83125 0.48750000000000016 0.83125 0.48750000000000016 0.9234375 0.5343750000000002 0.9234375
0 0.5609375000000002 0.903125 0.4390625000000002 0.903125 0.4390625000000002 0.9953125 0.5609375000000002 0.9953125
0 0.5062500000000001 0.7234375 0.3625000000000001 0.7234375 0.3625000000000001 0.9234375 0.5062500000000002 0.9234375
0 0.5718750000000001 0.565625 0.4390625 0.565625 0.4390625000000001 0.765625 0.5718750000000001 0.765625
0 0.5578125 0.5109375 0.50625 0.5109375 0.50625 0.5875 0.5578125 0.5875
0 0.5859375 0.440625 0.53125 0.440625 0.53125 0.5328125 0.5859375 0.5328125
0 0.5609375 0.2562500000000001 0.4875 0.2562500000000001 0.4875 0.4625 0.5609375 0.4625
0 0.659375 0.16406250000000006 0.528125 0.16406250000000006 0.528125 0.3218750000000001 0.659375 0.3218750000000001
0 0.665625 7.280907923055748e-17 0.5234375 6.410260589286927e-17 0.5234375 0.17343750000000008 0.665625 0.17343750000000008
0 0.809375 7.807123344564376e-17 0.465625 5.702261658529863e-17 0.465625 0.02187500000000008 0.809375 0.0218750000000001
0 0.534375 5.204748896376251e-17 0.315625 3.865291459808834e-17 0.315625 0.353125 0.534375 0.3531250000000001
0 0.421875 0.31093750000000003 0.3484375 0.3109375 0.34843750000000007 0.4140625 0.421875 0.4140625
0 0.49375 0.32656250000000003 0.359375 0.3265625 0.35937500000000006 0.4734375 0.49375 0.4734375
0 0.528125 0.4078125 0.3671875000000001 0.4078125 0.3671875000000001 0.603125 0.528125 0.603125
0 0.446875 0.5 0.3515625000000001 0.5 0.3515625000000001 0.7234375 0.446875 0.7234375
0 0.4390625000000002 0.88125 0.3078125000000001 0.88125 0.3078125000000001 0.9953125 0.4390625000000002 0.9953125
0 0.3593750000000001 0.8203125 0.3187500000000001 0.8203125 0.3187500000000001 0.875 0.3593750000000001 0.875
0 0.4000000000000001 0.6140625 0.2562500000000001 0.6140625 0.2562500000000001 0.809375 0.4000000000000002 0.809375
0 0.36562500000000003 0.25625000000000003 0.3078125 0.25625 0.30781250000000004 0.6140625 0.3656250000000001 0.6140625
0 0.321875 0.278125 0.2421875 0.278125 0.24218750000000006 0.6203125 0.3218750000000001 0.6203125
0 0.33281250000000007 0.13125000000000003 0.275 0.13125000000000003 0.275 0.403125 0.33281250000000007 0.403125
0 0.278125 0.17343750000000005 0.2015625 0.17343750000000005 0.2015625 0.359375 0.278125 0.359375
0 0.27187500000000003 0.228125 0.16562500000000005 0.228125 0.16562500000000008 0.5765625 0.2718750000000001 0.5765625
0 0.2671875000000001 0.603125 0.2156250000000001 0.603125 0.2156250000000001 0.684375 0.2671875000000001 0.684375
0 0.2906250000000001 0.6140625 0.22812500000000008 0.6140625 0.22812500000000008 0.7234375 0.2906250000000001 0.7234375
0 0.2234375000000001 0.7015625 0.16406250000000008 0.7015625 0.16406250000000008 0.7828125 0.2234375000000001 0.7828125
0 0.1765625000000001 0.75 0.1390625000000001 0.75 0.1390625000000001 0.8046875 0.1765625000000001 0.8046875
0 0.1359375000000001 0.75625 9.26139141855186e-17 0.75625 1.072522704565768e-16 0.9953125 0.13593750000000013 0.9953125
0 0.3218750000000001 0.75 0.07343750000000009 0.75 0.0734375000000001 0.9953125 0.3218750000000001 0.9953125
0 0.22656250000000008 0.3796875 4.649830815512607e-17 0.3796875 7.079989307570636e-17 0.7765625 0.22656250000000008 0.7765625
0 0.2062500000000001 0.4296875 0.004687500000000053 0.4296875 0.004687500000000055 0.4734375 0.2062500000000001 0.4734375
0 0.16562500000000005 0.434375 0.04843750000000006 0.434375 0.048437500000000064 0.54375 0.16562500000000005 0.54375
0 0.2203125 1.3490249896857564e-17 0 0 2.0952941329161746e-17 0.3421875 0.2203125 0.3421875
0 0.19375000000000003 0.2875 3.5208595475486407e-17 0.2875 4.391506881317462e-17 0.4296875 0.19375000000000003 0.4296875
0 0.303125 3.023346785395028e-17 0.190625 2.3344829608746423e-17 0.190625 0.09218750000000003 0.303125 0.09218750000000005
0 0.321875 0.09843750000000004 0.2203125 0.09843750000000002 0.2203125 0.2390625 0.321875 0.2390625