0 0.6 0.26250000000000007 0.26875 0.2625 0.26875000000000004 0.415625 0.6 0.415625
0 0.4984375 0.37812500000000004 0.3453125000000001 0.378125 0.3453125000000001 0.44375 0.4984375 0.44375
0 0.446875 0.3765625 0.2656250000000001 0.3765625 0.2656250000000001 0.525 0.446875 0.525
0 0.5375 0.3765625 0.2328125000000001 0.3765625 0.2328125000000001 0.6609375 0.5375 0.6609375
0 0.6109375 0.3343750000000001 0.3640625 0.3343750000000001 0.36406250000000007 0.6515625 0.6109375 0.6515625
0 0.7421875 0.2687500000000001 0.4078125 0.2687500000000001 0.4078125 0.6187500000000001 0.7421875 0.6187500000000001
0 0.6078125 0.4640625 0.3750000000000001 0.4640625 0.3750000000000001 0.6828125 0.6078125 0.6828125
0 0.534375 0.634375 0.4765625 0.634375 0.4765625000000001 0.765625 0.5343750000000002 0.765625
0 0.7312500000000001 0.37187500000000007 0.5015625 0.37187500000000007 0.5015625000000001 0.7703125000000001 0.7312500000000002 0.7703125000000002
0 0.7281250000000001 0.5078125000000001 0.55625 0.5078125 0.5562500000000001 0.896875 0.7281250000000001 0.896875
0 0.7640625000000001 0.4921875000000001 0.6515625 0.4921875 0.6515625 0.8203125 0.7640625000000002 0.8203125
0 0.6953125000000002 0.809375 0.6468750000000002 0.809375 0.6468750000000002 0.8859375 0.6953125000000002 0.8859375
0 0.84375 0.4484375000000001 0.6796875 0.4484375 0.6796875000000001 0.8421875 0.84375 0.8421875
0 0.8765625 0.5359375000000001 0.6984375 0.5359375 0.6984375 0.896875 0.8765625 0.896875
0 0.9890625 0.006250000000000093 0.515625 0.006250000000000064 0.515625 0.23593750000000008 0.9890625 0.23593750000000008
0 0.9921875 0.028125000000000105 0.7421875 0.028125000000000087 0.7421875 0.42187500000000017 0.9921875 0.42187500000000017
0 0.996875 0.2578125000000001 0.6875 0.2578125000000001 0.6875 0.5093750000000001 0.996875 0.5093750000000001
0 0.9609375 0.2687500000000001 0.840625 0.2687500000000001 0.840625 0.5421875000000002 0.9609375 0.5421875000000002