0 0.58125 0.17187500000000006 0.02031250000000002 0.171875 0.02031250000000006 0.815625 0.5812500000000002 0.815625
0 0.7390625 0.21406250000000004 0.11718750000000004 0.2140625 0.11718750000000004 0.5296875000000001 0.7390625 0.5296875000000002
0 0.4015625 0.26875000000000004 0.09062500000000002 0.26875 0.09062500000000004 0.6140625 0.4015625 0.6140625
0 0.09687500000000006 0.375 0.014062500000000044 0.375 0.014062500000000058 0.6015625 0.09687500000000007 0.6015625
0 0.5250000000000001 0.64375 0.1765625000000001 0.64375 0.17656250000000012 0.9953125 0.5250000000000001 0.9953125
0 0.3843750000000001 0.5546875 0.1140625000000001 0.5546875 0.11406250000000011 0.953125 0.3843750000000001 0.953125
0 0.6687500000000001 0.4109375 0.38750000000000007 0.4109375 0.38750000000000007 0.821875 0.6687500000000002 0.821875
0 0.6484375000000002 0.7328125 0.5281250000000002 0.7328125 0.5281250000000002 0.8984375 0.6484375000000002 0.8984375
0 0.7093750000000002 0.7796875 0.6093750000000002 0.7796875 0.6093750000000002 0.946875 0.7093750000000002 0.946875
0 0.7859375000000002 0.821875 0.6984375000000002 0.821875 0.6984375000000002 0.9828125 0.7859375000000002 0.9828125
0 0.7187500000000002 0.928125 0.6156250000000002 0.928125 0.6156250000000002 0.99375 0.7187500000000002 0.99375
0 0.6390625000000002 0.9234375 0.5546875000000002 0.9234375 0.5546875000000002 0.99375 0.6390625000000002 0.99375
0 0.7156250000000002 0.7328125 0.6515625000000002 0.7328125 0.6515625000000002 0.8578125 0.7156250000000002 0.8578125
0 0.8328125 0.6671875 0.7125 0.6671875 0.7125000000000001 0.8625 0.8328125 0.8625
0 0.8734375 0.821875 0.7828125000000001 0.821875 0.7828125000000001 0.9640625 0.8734375 0.9640625
0 0.9765625 0.7093750000000002 0.8359375 0.7093750000000002 0.8359375 0.9 0.9765625 0.9
0 0.8765625 0.6140625000000002 0.7765625 0.6140625000000002 0.7765625 0.7453125000000002 0.8765625 0.7453125000000002
0 0.7453125 0.6140625000000001 0.66875 0.6140625 0.6687500000000001 0.7328125000000001 0.7453125000000002 0.7328125000000002
0 0.7828125 0.5843750000000001 0.7125 0.584375 0.7125 0.6734375000000001 0.7828125 0.6734375000000001
0 0.71875 0.565625 0.659375 0.565625 0.659375 0.6375 0.71875 0.6375
0 0.86875 0.5000000000000002 0.759375 0.5000000000000002 0.759375 0.6546875000000002 0.86875 0.6546875000000002
0 0.9328125 0.6015625000000002 0.8625 0.6015625000000002 0.8625 0.7203125000000001 0.9328125 0.7203125000000001
0 0.996875 0.5296875000000002 0.95 0.5296875000000002 0.95 0.7671875000000001 0.996875 0.7671875000000001
0 0.946875 0.4703125000000002 0.8734375 0.4703125000000002 0.8734375 0.6421875000000001 0.946875 0.6421875000000001
0 0.996875 0.4468750000000002 0.946875 0.4468750000000002 0.946875 0.5484375000000001 0.996875 0.5484375000000001
0 0.7953125 0.5062500000000002 0.7390625 0.5062500000000002 0.7390625 0.5593750000000002 0.7953125 0.5593750000000002