0 0.17812500000000006 0.3984375 0.08437500000000005 0.3984375 0.08437500000000007 0.8421875 0.1781250000000001 0.8421875
0 0.4468750000000001 0.5625 0.1781250000000001 0.5625 0.17812500000000012 0.9125 0.4468750000000002 0.9125
0 0.5593750000000001 0.459375 0.25468750000000007 0.459375 0.25468750000000007 0.8796875 0.5593750000000002 0.8796875
0 0.6546875000000001 0.5078125 0.2328125000000001 0.5078125 0.2328125000000001 0.7875 0.6546875000000002 0.7875
0 0.7453125 0.39843750000000006 0.3312500000000001 0.3984375 0.3312500000000001 0.7703125000000001 0.7453125000000002 0.7703125000000002
0 0.821875 0.35625000000000007 0.3703125 0.35625000000000007 0.37031250000000004 0.5859375000000001 0.821875 0.5859375000000002
0 0.9828125 0.4156250000000001 0.59375 0.415625 0.59375 0.5359375000000001 0.9828125 0.5359375000000002
0 0.996875 0.31718750000000007 0.4765625 0.31718750000000007 0.4765625 0.4703125000000001 0.996875 0.4703125000000002
0 0.490625 0.23593750000000005 0.2734375 0.2359375 0.27343750000000006 0.37812500000000004 0.490625 0.3781250000000001
0 0.3265625 1.9996186017327874e-17 0 0 1.9422132830227555e-17 0.3171875 0.3265625 0.3171875
0 0.14218750000000005 0.21875 0.043750000000000025 0.21875 0.04375000000000004 0.409375 0.14218750000000005 0.409375
0 0.25468750000000007 0.2296875 0.12031250000000004 0.2296875 0.12031250000000007 0.5734375 0.25468750000000007 0.5734375
0 0.34218750000000003 0.225 0.17500000000000004 0.225 0.17500000000000004 0.465625 0.3421875000000001 0.465625
0 0.38281250000000006 0.27968750000000003 0.2734375 0.2796875 0.27343750000000006 0.421875 0.3828125000000001 0.421875