0 0.47656250000000017 0.759375 0.4000000000000002 0.759375 0.4000000000000002 0.86875 0.47656250000000017 0.86875
0 0.7921875 0.04843750000000009 0.7203125 0.04843750000000009 0.7203125 0.1859375000000001 0.7921875 0.1859375000000001
0 0.778125 0.1906250000000001 0.7203125 0.1906250000000001 0.7203125 0.2843750000000001 0.778125 0.2843750000000001
0 0.73125 0.1312500000000001 0.646875 0.1312500000000001 0.646875 0.2562500000000001 0.73125 0.2562500000000001
0 0.6515625 0.14218750000000008 0.5828125 0.14218750000000008 0.5828125 0.2296875000000001 0.6515625 0.2296875000000001
0 0.6765625 0.2234375000000001 0.578125 0.2234375000000001 0.578125 0.3062500000000001 0.6765625 0.3062500000000001
0 0.66875 0.2906250000000001 0.578125 0.2906250000000001 0.578125 0.4 0.66875 0.4
0 0.7390625 0.2890625000000001 0.6734375 0.2890625000000001 0.6734375 0.3937500000000001 0.7390625 0.3937500000000001
0 0.775 0.2890625000000001 0.7421875 0.2890625000000001 0.7421875 0.3609375000000001 0.775 0.3609375000000001
0 0.821875 0.2953125000000001 0.7671875 0.2953125000000001 0.7671875 0.38750000000000007 0.821875 0.38750000000000007
0 0.8546875 0.26250000000000007 0.803125 0.26250000000000007 0.803125 0.3500000000000001 0.8546875 0.3500000000000001
0 0.890625 0.3500000000000001 0.8109375 0.3500000000000001 0.8109375 0.4593750000000002 0.890625 0.4593750000000002
0 0.8109375 0.3828125000000001 0.75625 0.3828125000000001 0.75625 0.4812500000000002 0.8109375 0.4812500000000002
0 0.884375 0.45312500000000017 0.7890625 0.45312500000000017 0.7890625 0.5796875000000001 0.884375 0.5796875000000001
0 0.884375 0.5734375000000002 0.8 0.5734375000000002 0.8 0.6937500000000002 0.884375 0.6937500000000002
0 0.821875 0.6062500000000002 0.7421875 0.6062500000000002 0.7421875000000001 0.7484375000000002 0.821875 0.7484375000000002
0 0.7921875 0.5406250000000001 0.7203125 0.540625 0.7203125 0.7000000000000001 0.7921875 0.7000000000000002
0 0.75625 0.5296875000000001 0.6765625 0.5296875 0.6765625 0.6609375000000001 0.75625 0.6609375000000002
0 0.7343750000000001 0.6500000000000001 0.6734375 0.65 0.6734375000000001 0.7375 0.7343750000000002 0.7375000000000002
0 0.6875 0.5625 0.6 0.5625 0.6 0.7 0.6875 0.7
0 0.6109375000000001 0.6453125 0.53125 0.6453125 0.5312500000000001 0.7875 0.6109375000000001 0.7875
0 0.6734375000000001 0.6890625 0.6 0.6890625 0.6000000000000001 0.7921875 0.6734375000000001 0.7921875
0 0.6359375 0.3828125000000001 0.5453125 0.3828125000000001 0.5453125 0.5078125 0.6359375 0.5078125
0 0.7125 0.3828125000000001 0.625 0.3828125000000001 0.625 0.5078125 0.7125 0.5078125
0 0.753125 0.4046875000000001 0.7015625 0.4046875 0.7015625 0.51875 0.753125 0.5187500000000002
0 0.709375 0.5078125 0.6359375 0.5078125 0.6359375 0.56875 0.709375 0.56875
0 0.578125 0.2796875000000001 0.509375 0.2796875000000001 0.509375 0.4 0.578125 0.4
0 0.5703125 0.3828125000000001 0.5203125 0.3828125000000001 0.5203125 0.459375 0.5703125 0.459375
0 0.5609375 0.453125 0.4703125 0.453125 0.4703125 0.56875 0.5609375 0.56875
0 0.5421875 0.56875 0.4546875 0.56875 0.4546875 0.69375 0.5421875 0.69375
0 0.5421875 0.6671875 0.515625 0.6671875 0.5156250000000001 0.7546875 0.5421875000000002 0.7546875
0 0.6140625 0.5078125 0.53125 0.5078125 0.53125 0.6390625 0.6140625 0.6390625