0 0.8828125 0.1781250000000001 0.709375 0.1781250000000001 0.709375 0.6078125000000001 0.8828125 0.6078125000000002
0 0.9125 0.3578125000000001 0.6921875 0.3578125000000001 0.6921875000000001 0.7500000000000001 0.9125 0.7500000000000002
0 0.946875 0.46406250000000016 0.7453125 0.46406250000000016 0.7453125 0.809375 0.946875 0.809375
0 0.7765625 0.20312500000000008 0.6390625 0.20312500000000008 0.6390625 0.5421875 0.7765625 0.5421875000000002
0 0.70625 0.2921875000000001 0.61875 0.2921875000000001 0.61875 0.6484375 0.70625 0.6484375
0 0.675 0.584375 0.4484375 0.584375 0.4484375000000001 0.7453125 0.6750000000000002 0.7453125
0 0.7390625000000001 0.7078125000000001 0.3343750000000001 0.7078125 0.3343750000000001 0.88125 0.7390625000000002 0.88125
0 0.39531250000000007 0.584375 0.3187500000000001 0.584375 0.3187500000000001 0.7453125 0.39531250000000007 0.7453125
0 0.5750000000000001 0.440625 0.3375000000000001 0.440625 0.3375000000000001 0.7375 0.5750000000000002 0.7375
0 0.621875 0.465625 0.475 0.465625 0.475 0.6140625 0.621875 0.6140625
0 0.6296875 0.38750000000000007 0.5765625 0.38750000000000007 0.5765625 0.4765625 0.6296875 0.4765625
0 0.6328125 0.07812500000000006 0.3515625 0.07812500000000004 0.35156250000000006 0.4765625 0.6328125 0.4765625
0 0.3640625 0.16718750000000004 0.3078125 0.16718750000000004 0.3078125 0.26250000000000007 0.3640625 0.26250000000000007
0 0.34375 0.24375 0.28125 0.24375 0.28125 0.328125 0.34375 0.328125
0 0.4484375 0.27968750000000003 0.334375 0.2796875 0.33437500000000003 0.4640625 0.4484375 0.4640625
0 0.34062500000000007 0.26875 0.07031250000000003 0.26875 0.07031250000000006 0.709375 0.34062500000000007 0.709375