0 0.7734375 0.32031250000000006 0.059375000000000046 0.3203125 0.05937500000000007 0.7234375000000001 0.7734375 0.7234375000000002
0 0.9953125 0.08906250000000009 0.4578125 0.08906250000000007 0.4578125 0.6125 0.9953125 0.6125000000000002
0 0.9953125 0.5500000000000002 0.865625 0.5500000000000002 0.865625 0.7046875000000001 0.9953125 0.7046875000000001
0 0.95625 0.6828125000000002 0.8390625 0.6828125000000002 0.8390625 0.7421875000000002 0.95625 0.7421875000000002
0 0.9953125 0.7156250000000002 0.7265625 0.7156250000000002 0.7265625000000001 0.915625 0.9953125 0.915625
0 0.9953125 0.8671875 0.88125 0.8671875 0.88125 0.9515625 0.9953125 0.9515625
0 0.8875 0.8640625 0.6718750000000002 0.8640625 0.6718750000000002 0.9703125 0.8875 0.9703125
0 0.7046875000000001 0.79375 0.42500000000000016 0.79375 0.42500000000000016 0.9921875 0.7046875000000001 0.9921875
0 0.8390625 0.7453125 0.5265625000000002 0.7453125 0.5265625000000002 0.9 0.8390625 0.9
0 0.84375 0.6062500000000001 0.6453125 0.60625 0.6453125000000001 0.7500000000000001 0.84375 0.7500000000000002
0 0.6453125000000001 0.690625 0.3593750000000001 0.690625 0.3593750000000001 0.8296875 0.6453125000000002 0.8296875
0 0.5000000000000002 0.8078125 0.22031250000000008 0.8078125 0.22031250000000008 0.9046875 0.5000000000000002 0.9046875
0 0.3062500000000001 0.853125 0.07031250000000011 0.853125 0.07031250000000011 0.9125 0.3062500000000001 0.9125
0 0.37187500000000007 0.7015625 0.07656250000000009 0.7015625 0.0765625000000001 0.859375 0.37187500000000007 0.859375
0 0.1609375000000001 0.753125 9.223121206078505e-17 0.753125 1.0007660561782278e-16 0.88125 0.1609375000000001 0.88125
0 0.18750000000000006 0.528125 6.467665907996959e-17 0.528125 8.161122809942908e-17 0.8046875 0.18750000000000008 0.8046875
0 0.246875 0.284375 0.10781250000000005 0.284375 0.10781250000000005 0.3578125 0.246875 0.3578125
0 0.2796875 0.240625 0.16093750000000004 0.240625 0.16093750000000004 0.303125 0.2796875 0.303125
0 0.4625 0.259375 0.2421875 0.259375 0.24218750000000006 0.37343750000000003 0.4625 0.3734375000000001
0 0.4515625 0.20000000000000004 0.3328125 0.2 0.3328125 0.26562500000000006 0.4515625 0.2656250000000001
0 0.6078125 0.17656250000000007 0.4296875 0.17656250000000004 0.4296875 0.2250000000000001 0.6078125 0.2250000000000001
0 0.6234375 0.07812500000000007 0.5375 0.07812500000000007 0.5375 0.18906250000000008 0.6234375 0.18906250000000008
0 0.7859375 0.08593750000000008 0.6140625 0.08593750000000007 0.6140625 0.1781250000000001 0.7859375 0.1781250000000001
0 0.8921875 0.0968750000000001 0.7578125 0.09687500000000009 0.7578125 0.15625000000000008 0.8921875 0.15625000000000008
0 0.9953125 0.08125000000000011 0.8921875 0.08125000000000011 0.8921875 0.1328125000000001 0.9953125 0.13281250000000014
0 0.9953125 0.0515625000000001 0.7953125 0.05156250000000009 0.7953125 0.1109375000000001 0.9953125 0.11093750000000013
0 0.778125 8.0845823849962e-17 0.5421875 6.639881864127056e-17 0.5421875 0.10625000000000007 0.778125 0.1062500000000001
0 0.7640625 0.029687500000000082 0.678125 0.02968750000000008 0.678125 0.09218750000000009 0.7640625 0.09218750000000009
0 0.8390625 0.03281250000000009 0.7640625 0.03281250000000009 0.7640625 0.0812500000000001 0.8390625 0.08125000000000011
0 0.7421875 0.07812500000000008 0.6453125 0.07812500000000008 0.6453125 0.1140625000000001 0.7421875 0.1140625000000001
0 0.5328125 0.06250000000000006 0.3921875 0.06250000000000004 0.3921875 0.14843750000000006 0.5328125 0.14843750000000006
0 0.446875 0.06250000000000003 0.1515625 0.06250000000000003 0.15156250000000002 0.27031250000000007 0.446875 0.27031250000000007
0 0.575 0.12500000000000006 0.35 0.12500000000000006 0.35 0.18125000000000008 0.575 0.18125000000000008
0 0.209375 0.17031250000000003 0.06406250000000002 0.1703125 0.06406250000000004 0.2984375 0.209375 0.2984375