0 0.996875 0.6953125000000002 0.7265625 0.6953125000000002 0.7265625000000001 0.9953125 0.996875 0.9953125
0 0.996875 0.5109375000000002 0.8 0.5109375000000002 0.8 0.7531250000000002 0.996875 0.7531250000000002
0 0.965625 0.2890625000000001 0.625 0.2890625000000001 0.625 0.5562500000000001 0.965625 0.5562500000000001
0 0.953125 0.0875000000000001 0.7875 0.08750000000000009 0.7875 0.32500000000000007 0.953125 0.32500000000000007
0 0.815625 8.87868929381831e-17 0.634375 7.768853132091022e-17 0.634375 0.1703125000000001 0.815625 0.1703125000000001
0 0.8 0.1390625000000001 0.7109375 0.1390625000000001 0.7109375 0.3140625000000001 0.8 0.3140625000000001
0 0.7453125 0.1437500000000001 0.6015625 0.1437500000000001 0.6015625 0.34062500000000007 0.7453125 0.34062500000000007
0 0.66875 0.08750000000000008 0.5375 0.08750000000000006 0.5375 0.19531250000000006 0.66875 0.19531250000000008
0 0.603125 0.17968750000000006 0.4953125 0.17968750000000006 0.4953125 0.2890625000000001 0.603125 0.2890625000000001
0 0.5671875 0.10937500000000007 0.5171875 0.10937500000000004 0.5171875 0.16093750000000007 0.5671875 0.1609375000000001
0 0.5375 0.10312500000000005 0.471875 0.10312500000000005 0.471875 0.19062500000000004 0.5375 0.19062500000000004
0 0.50625 0.12343750000000005 0.409375 0.12343750000000005 0.409375 0.2890625000000001 0.50625 0.2890625000000001
0 0.490625 0.06718750000000005 0.4015625 0.06718750000000004 0.4015625 0.15468750000000003 0.490625 0.15468750000000003
0 0.40625 0.09375000000000004 0.3203125 0.09375000000000004 0.3203125 0.16093750000000004 0.40625 0.16093750000000004
0 0.4140625 0.13437500000000005 0.3140625 0.13437500000000005 0.3140625 0.26875000000000004 0.4140625 0.2687500000000001
0 0.6421875 0.2734375000000001 0.4875 0.2734375000000001 0.4875 0.4640625 0.6421875 0.4640625
0 0.8 0.4281250000000001 0.4140625 0.428125 0.4140625000000001 0.9171875 0.8 0.9171875
0 0.6453125000000002 0.9234375 0.40937500000000016 0.9234375 0.40937500000000016 0.9953125 0.6453125000000002 0.9953125
0 0.4437500000000001 0.64375 0.10781250000000009 0.64375 0.10781250000000012 0.9953125 0.4437500000000002 0.9953125
0 0.440625 0.4125 0.24375000000000008 0.4125 0.24375000000000008 0.6640625 0.440625 0.6640625
0 0.2484375000000001 0.4078125 0.02031250000000005 0.4078125 0.02031250000000007 0.7265625 0.2484375000000001 0.7265625
0 0.1312500000000001 0.4546875 5.568315914873122e-17 0.4546875 8.849986634463295e-17 0.990625 0.13125000000000014 0.990625
0 0.4984375 0.25781250000000006 0.08125000000000002 0.2578125 0.08125000000000004 0.5359375 0.4984375 0.5359375
0 0.2515625 0.221875 0.12812500000000004 0.221875 0.12812500000000004 0.340625 0.2515625 0.340625
0 0.32500000000000007 0.03125000000000002 3.827021247335479e-18 0.03125 2.7458877449632062e-17 0.4171875 0.32500000000000007 0.4171875