0 0.9953125 6.09453133638175e-17 0 0 6.09453133638175e-17 0.9953125 0.9953125 0.9953125
0 0.9953125 0.009375000000000116 0.8796875 0.009375000000000109 0.8796875 0.8796875 0.9953125 0.8796875
0 0.9953125 0.04375000000000011 0.7953125 0.0437500000000001 0.7953125000000001 0.946875 0.9953125 0.946875
0 0.884375 0.0671875000000001 0.640625 0.0671875000000001 0.6406250000000001 0.9875 0.884375 0.9875
0 0.90625 0.0937500000000001 0.8 0.09375000000000008 0.8 0.9953125 0.90625 0.9953125
0 0.6890625000000001 0.09843750000000008 0.6265625 0.09843750000000007 0.6265625000000001 0.915625 0.6890625000000001 0.915625
0 0.7328125000000001 8.51512227532144e-17 0.6578125 8.055879725641184e-17 0.6578125000000001 0.96875 0.7328125000000002 0.96875
0 0.5781250000000001 0.06250000000000007 0.5109375 0.06250000000000007 0.5109375 0.9109375 0.5781250000000002 0.9109375
0 0.6359375 0.004687500000000072 0.5421875 0.004687500000000067 0.5421875 0.978125 0.6359375000000002 0.978125
0 0.4453125000000001 0.3687500000000001 0.3656250000000001 0.3687500000000001 0.3656250000000001 0.9328125 0.44531250000000017 0.9328125
0 0.4843750000000001 0.004687500000000055 0.4140625 0.004687500000000051 0.4140625000000001 0.9953125 0.48437500000000017 0.9953125
0 0.5078125000000001 0.11562500000000005 0.45 0.11562500000000005 0.45000000000000007 0.928125 0.5078125000000002 0.928125
0 0.4312500000000001 0.09687500000000003 0.2671875 0.09687500000000002 0.2671875 0.946875 0.4312500000000002 0.946875
0 0.3734375000000001 0.746875 0.3062500000000001 0.746875 0.3062500000000001 0.9953125 0.3734375000000001 0.9953125
0 0.3109375000000001 0.8578125 0.2484375000000001 0.8578125 0.2484375000000001 0.9953125 0.3109375000000001 0.9953125
0 0.4093750000000001 0.02187500000000004 0.2046875 0.021875000000000026 0.20468750000000005 0.915625 0.40937500000000016 0.915625
0 0.2718750000000001 0.534375 0.009375000000000067 0.534375 0.00937500000000009 0.934375 0.2718750000000001 0.934375
0 0.2406250000000001 0.6125 0.12500000000000008 0.6125 0.12500000000000008 0.8625 0.2406250000000001 0.8625
0 0.22187500000000004 0.02187500000000002 0.0890625 0.021875000000000012 0.08906250000000006 0.9953125 0.2218750000000001 0.9953125
0 0.09843750000000008 0.3734375 4.573290390565898e-17 0.3734375 7.701880260262653e-17 0.884375 0.09843750000000011 0.884375