0 0.8890625 0.2828125000000001 0.525 0.2828125000000001 0.5250000000000001 0.8109375 0.8890625 0.8109375
0 0.771875 0.3062500000000001 0.646875 0.3062500000000001 0.646875 0.3109375000000001 0.771875 0.3109375000000001
0 0.6828125 0.2500000000000001 0.54375 0.2500000000000001 0.54375 0.3437500000000001 0.6828125 0.3437500000000001
0 0.6000000000000002 0.8 0.5578125000000002 0.8 0.5578125000000002 0.8328125 0.6000000000000002 0.8328125
0 0.4390625000000001 0.27812500000000007 0.06875000000000005 0.278125 0.06875000000000006 0.79375 0.4390625000000002 0.79375
0 0.3140625000000001 0.7828125 0.21093750000000008 0.7828125 0.21093750000000008 0.85 0.3140625000000001 0.85
0 0.4078125000000002 0.7890625 0.33281250000000007 0.7890625 0.33281250000000007 0.8171875 0.4078125000000002 0.8171875
0 0.18906250000000008 0.7890625 0.1140625000000001 0.7890625 0.1140625000000001 0.8171875 0.18906250000000008 0.8171875
0 0.453125 0.4453125 0.421875 0.4453125 0.421875 0.684375 0.453125 0.684375
0 0.2390625 0.24375 0.14375000000000004 0.24375 0.14375000000000004 0.3 0.2390625 0.3
0 0.3171875 0.2453125 0.25 0.2453125 0.25 0.284375 0.3171875 0.284375
0 0.4171875 0.25000000000000006 0.3359375 0.25 0.3359375 0.29375000000000007 0.4171875 0.29375000000000007
0 0.3578125 0.2171875 0.11875000000000005 0.2171875 0.11875000000000005 0.2828125 0.3578125 0.2828125
5 0.9390625 0.15000000000000008 0.471875 0.15000000000000005 0.4718750000000001 0.89375 0.9390625 0.89375