0 0.9953125 0.6984375000000002 0.84375 0.6984375000000002 0.84375 0.853125 0.9953125 0.853125
0 0.8484375 0.659375 0.7 0.659375 0.7000000000000001 0.7671875000000001 0.8484375 0.7671875000000001
0 0.9671875 0.5515625000000002 0.825 0.5515625000000002 0.825 0.6593750000000002 0.9671875 0.6593750000000002
0 0.9953125 0.5437500000000002 0.9625 0.5437500000000002 0.9625 0.6593750000000002 0.9953125 0.6593750000000002
0 0.93125 0.49218750000000017 0.825 0.49218750000000017 0.825 0.6218750000000002 0.93125 0.6218750000000002
0 0.9953125 0.4968750000000002 0.9078125 0.4968750000000002 0.9078125 0.5828125000000002 0.9953125 0.5828125000000002
0 0.7609375 0.4531250000000001 0.6359375 0.453125 0.6359375 0.6000000000000001 0.7609375 0.6000000000000002
0 0.5906250000000001 0.6125 0.415625 0.6125 0.4156250000000001 0.7546875 0.5906250000000002 0.7546875
0 0.1421875000000001 0.8453125 1.0352092474042469e-16 0.8453125 1.0878307895551096e-16 0.93125 0.14218750000000013 0.93125
0 0.25468750000000007 0.5859375 0.14843750000000008 0.5859375 0.14843750000000008 0.6640625 0.25468750000000007 0.6640625
0 0.045312500000000075 0.5296875 6.486801014233636e-17 0.5296875 6.984313776387249e-17 0.6109375 0.045312500000000075 0.6109375
0 0.415625 0.3140625 0.2578125 0.3140625 0.25781250000000006 0.409375 0.415625 0.409375
0 0.290625 0.228125 0.15156250000000004 0.228125 0.15156250000000004 0.3453125 0.290625 0.3453125
0 0.41875 0.18593750000000003 0.28125 0.18593750000000003 0.28125 0.29375000000000007 0.41875 0.29375000000000007
0 0.5671875 0.2156250000000001 0.41875 0.2156250000000001 0.41875 0.3109375000000001 0.5671875 0.3109375000000001
0 0.6953125 0.1296875000000001 0.5765625 0.1296875000000001 0.5765625 0.2156250000000001 0.6953125 0.2156250000000001
0 0.921875 0.2296875000000001 0.7875 0.2296875000000001 0.7875 0.33281250000000007 0.921875 0.33281250000000007
0 0.9953125 0.2500000000000001 0.9546875 0.2500000000000001 0.9546875 0.3656250000000001 0.9953125 0.3656250000000001
0 0.9953125 0.17343750000000013 0.9265625 0.17343750000000013 0.9265625 0.2593750000000001 0.9953125 0.2593750000000001
0 0.940625 0.1250000000000001 0.815625 0.12500000000000008 0.815625 0.22031250000000008 0.940625 0.22031250000000008
0 0.75625 0.021875000000000082 0.5984375 0.02187500000000007 0.5984375 0.1296875000000001 0.75625 0.1296875000000001
0 0.621875 0.06875000000000006 0.5078125 0.06875000000000006 0.5078125 0.15937500000000007 0.621875 0.1593750000000001
0 0.553125 0.11562500000000006 0.4234375 0.11562500000000005 0.4234375 0.2156250000000001 0.553125 0.2156250000000001
0 0.5203125 0.026562500000000055 0.3875 0.026562500000000044 0.3875 0.11718750000000004 0.5203125 0.11718750000000004
0 0.5984375 6.592044098535362e-17 0.478125 5.855342508423283e-17 0.478125 0.08125000000000007 0.5984375 0.08125000000000007
0 0.7 8.122852597469554e-17 0.6265625 7.673177600907635e-17 0.6265625 0.029687500000000082 0.7 0.02968750000000009
0 0.9359375 1.0840037683077742e-16 0.834375 1.0218146730385728e-16 0.834375 0.029687500000000106 0.9359375 0.02968750000000011
0 0.940625 0.026562500000000107 0.815625 0.0265625000000001 0.815625 0.0781250000000001 0.940625 0.07812500000000011
0 0.4421875 0.12968750000000004 0.33125 0.12968750000000004 0.33125 0.19375000000000003 0.4421875 0.19375000000000003
0 0.40625 0.026562500000000037 0.271875 0.026562500000000034 0.271875 0.10781250000000005 0.40625 0.10781250000000005
0 0.3046875 0.09531250000000004 0.175 0.09531250000000002 0.17500000000000002 0.19375000000000003 0.3046875 0.19375000000000003
0 0.16562500000000002 0.1203125 0.04218750000000001 0.1203125 0.04218750000000002 0.1984375 0.16562500000000005 0.1984375
0 0.2171875 0.051562500000000025 0.115625 0.051562500000000025 0.115625 0.13437500000000002 0.2171875 0.13437500000000005
0 0.284375 2.6406446606614805e-17 0.146875 1.798699986247675e-17 0.146875 0.04687500000000003 0.284375 0.046875000000000035