0 0.5015625000000001 0.28437500000000004 0.014062500000000033 0.284375 0.014062500000000075 0.971875 0.5015625000000001 0.971875
0 0.996875 9.557985565220359e-17 0.5640625 6.907773351440539e-17 0.5640625 0.5625000000000001 0.996875 0.5625000000000002
0 0.996875 0.5359375000000002 0.9171875 0.5359375000000002 0.9171875 0.7484375000000002 0.996875 0.7484375000000002
0 0.953125 0.6828125000000002 0.7265625 0.6828125000000002 0.7265625000000001 0.8359375 0.953125 0.8359375
0 0.996875 0.7984375000000001 0.846875 0.7984375000000001 0.846875 0.9953125 0.996875 0.9953125
0 0.7234375000000001 0.6125 0.646875 0.6125 0.6468750000000001 0.940625 0.7234375000000002 0.940625
0 0.6984375000000002 0.8640625 0.4984375000000002 0.8640625 0.4984375000000002 0.9953125 0.6984375000000002 0.9953125
0 0.7484375000000002 0.9453125 0.6984375000000002 0.9453125 0.6984375000000002 0.9953125 0.7484375000000002 0.9953125
0 0.5203125 0.03906250000000006 0.421875 0.039062500000000056 0.421875 0.19218750000000004 0.5203125 0.19218750000000004
0 0.625 7.213935051227377e-17 0.553125 6.773827607783798e-17 0.553125 0.1531250000000001 0.625 0.1531250000000001
0 0.5234375 6.09453133638175e-17 0.471875 5.778802083476573e-17 0.471875 0.03750000000000006 0.5234375 0.03750000000000007
0 0.46875 0.021875000000000047 0.3015625 0.02187500000000004 0.3015625 0.16406250000000006 0.46875 0.16406250000000006
0 0.2984375 0.04843750000000003 0.15625 0.04843750000000002 0.15625 0.16406250000000003 0.2984375 0.16406250000000006
0 0.2875 0.14218750000000005 0.2296875 0.14218750000000005 0.2296875 0.2890625 0.2875 0.2890625
0 0.2109375 0.10312500000000002 0.1203125 0.103125 0.12031250000000002 0.3171875 0.2109375 0.3171875
0 0.13906250000000003 0.1703125 0.03750000000000002 0.1703125 0.03750000000000003 0.3453125 0.13906250000000003 0.3453125
0 0.054687500000000014 0.0875 1.071565949253934e-17 0.0875 1.8082675393660138e-17 0.2078125 0.05468750000000002 0.2078125
0 0.184375 1.3011872240940627e-17 0.028125 3.444319122601931e-18 0.028125000000000004 0.12500000000000003 0.184375 0.12500000000000006