0 0.4484375 0.34687500000000004 0.3421875 0.346875 0.34218750000000003 0.44375 0.4484375 0.44375
0 0.55625 0.3468750000000001 0.453125 0.3468750000000001 0.453125 0.4390625 0.55625 0.4390625
0 0.63125 0.3656250000000001 0.546875 0.3656250000000001 0.546875 0.4453125 0.63125 0.4453125
0 0.703125 0.4046875 0.61875 0.4046875 0.61875 0.4796875 0.703125 0.4796875
0 0.621875 0.43125 0.4578125 0.43125 0.4578125 0.525 0.621875 0.525
0 0.453125 0.4359375 0.3031250000000001 0.4359375 0.3031250000000001 0.528125 0.453125 0.528125
0 0.7515625 0.32500000000000007 0.3109375 0.325 0.31093750000000003 0.5203125000000001 0.7515625 0.5203125000000002
0 0.3515625000000001 0.6625 0.0671875000000001 0.6625 0.0671875000000001 0.8578125 0.3515625000000001 0.8578125
0 0.5468750000000001 0.653125 0.3859375000000001 0.653125 0.3859375000000001 0.76875 0.5468750000000002 0.76875
0 0.4703125000000002 0.75625 0.3203125000000001 0.75625 0.3203125000000001 0.9375 0.4703125000000002 0.9375
0 0.4046875 0.38593750000000004 4.7263712404593165e-17 0.3859375 6.773827607783798e-17 0.7203125 0.4046875 0.7203125
0 0.7828125000000001 0.30625 3.750480822388769e-17 0.30625 7.969771747576135e-17 0.9953125 0.7828125000000001 0.9953125
3 0.9953125 0.20000000000000004 0.2984375 0.2 0.2984375 0.5562500000000001 0.9953125 0.5562500000000001