0 0.86875 0.628125 0.7078125 0.628125 0.7078125000000001 0.85625 0.86875 0.85625
0 0.9234375 0.4359375000000002 0.7828125 0.4359375000000002 0.7828125 0.6234375000000002 0.9234375 0.6234375000000002
0 0.9125 0.33281250000000007 0.8109375 0.33281250000000007 0.8109375 0.45625000000000016 0.9125 0.45625000000000016
0 0.9109375 0.16875000000000012 0.7953125 0.1687500000000001 0.7953125 0.3359375000000001 0.9109375 0.3359375000000001
0 0.71875 0.004687500000000083 0.6421875 0.004687500000000079 0.6421875 0.08906250000000009 0.71875 0.08906250000000009
0 0.7796875 0.01562500000000009 0.7234375 0.01562500000000009 0.7234375 0.08906250000000009 0.7796875 0.08906250000000009
0 0.8671875 9.003067484356715e-17 0.603125 7.386151007357474e-17 0.603125 0.13437500000000008 0.8671875 0.13437500000000008
0 0.8875 9.586688224575374e-17 0.678125 8.304636106717989e-17 0.678125 0.26250000000000007 0.8875 0.26250000000000007
0 0.703125 0.09843750000000008 0.634375 0.09843750000000007 0.634375 0.2078125000000001 0.703125 0.2078125000000001
0 0.81875 0.19218750000000007 0.534375 0.19218750000000004 0.534375 0.5250000000000001 0.81875 0.5250000000000001
0 0.775 0.534375 0.634375 0.534375 0.634375 0.6140625000000001 0.775 0.6140625000000002
0 0.7109375000000001 0.6390625 0.61875 0.6390625 0.6187500000000001 0.7625 0.7109375000000002 0.7625
0 0.6875 0.5640625 0.6109375 0.5640625 0.6109375 0.6390625 0.6875 0.6390625
0 0.6140625000000001 0.5 0.3656250000000001 0.5 0.3656250000000001 0.8125 0.6140625000000002 0.8125
0 0.5937500000000002 0.8375 0.5703125000000002 0.8375 0.5703125000000002 0.8671875 0.5937500000000002 0.8671875
0 0.5093750000000001 0.821875 0.4781250000000002 0.821875 0.4781250000000002 0.8515625 0.5093750000000001 0.8515625
0 0.44218750000000007 0.653125 0.17343750000000008 0.653125 0.17343750000000008 0.8859375 0.4421875000000002 0.8859375
0 0.3656250000000001 0.8375 0.34062500000000007 0.8375 0.34062500000000007 0.8671875 0.3656250000000001 0.8671875
0 0.3828125000000001 0.821875 0.3625000000000001 0.821875 0.3625000000000001 0.8421875 0.3828125000000001 0.8421875
0 0.4140625 0.515625 0.3046875000000001 0.515625 0.3046875000000001 0.6828125 0.4140625 0.6828125
0 0.521875 0.21875000000000006 0.19687500000000005 0.21875 0.19687500000000008 0.575 0.521875 0.575
0 0.22812500000000008 0.4453125 0.07656250000000005 0.4453125 0.07656250000000006 0.6640625 0.22812500000000008 0.6640625
0 0.3890625 0.045312500000000026 0.1046875 0.04531250000000001 0.10468750000000002 0.35625000000000007 0.3890625 0.35625000000000007
0 0.634375 6.142369101973443e-17 0.36875 4.5158850718558645e-17 0.36875 0.3312500000000001 0.634375 0.3312500000000001
0 0.4296875 4.3819393281991234e-17 0.2859375 3.501724441311963e-17 0.2859375 0.10937500000000004 0.4296875 0.10937500000000004
0 0.29375 2.6406446606614805e-17 0.1375 1.6838893488276106e-17 0.1375 0.08437500000000003 0.29375 0.08437500000000005
0 0.12812500000000002 0.07968750000000001 0.06875 0.0796875 0.06875 0.2625 0.12812500000000004 0.2625
0 0.12031250000000004 0.2625 3.214697847761802e-17 0.2625 4.247993584542381e-17 0.43125 0.12031250000000004 0.43125
0 0.20937500000000003 0.3375 0.06093750000000005 0.3375 0.06093750000000005 0.4453125 0.2093750000000001 0.4453125