0 0.2468750000000001 0.578125 0.1453125000000001 0.578125 0.1453125000000001 0.734375 0.2468750000000001 0.734375
0 0.1453125000000001 0.578125 0.10000000000000009 0.578125 0.10000000000000009 0.6609375 0.1453125000000001 0.6609375
0 0.12500000000000008 0.6921875 0.06093750000000009 0.6921875 0.06093750000000009 0.7609375 0.12500000000000008 0.7609375
0 0.08437500000000007 0.6203125 0.015625000000000076 0.6203125 0.01562500000000008 0.6765625 0.08437500000000009 0.6765625
0 0.49375 3.8174536942171404e-17 0.1296875 1.5882138176442238e-17 0.1296875 0.31250000000000006 0.49375 0.3125000000000001
0 0.5671875 0.08906250000000004 0.2328125 0.08906250000000002 0.23281250000000003 0.4796875 0.5671875 0.4796875
0 0.32812500000000006 0.3546875 0.3015625 0.3546875 0.30156250000000007 0.4578125 0.3281250000000001 0.4578125
0 0.3000000000000001 0.3703125 0.25468750000000007 0.3703125 0.25468750000000007 0.4640625 0.3000000000000001 0.4640625
0 0.2812500000000001 0.4171875 0.2390625000000001 0.4171875 0.2390625000000001 0.4796875 0.2812500000000001 0.4796875
0 0.3156250000000001 0.4484375 0.27812500000000007 0.4484375 0.27812500000000007 0.5 0.3156250000000001 0.5
0 0.2359375 0.14687500000000003 0.1671875 0.146875 0.16718750000000002 0.19375000000000003 0.2359375 0.19375000000000003
0 0.19375000000000003 0.18281250000000002 0.12968750000000004 0.1828125 0.12968750000000004 0.234375 0.19375000000000003 0.234375
0 0.225 0.19843750000000002 0.16718750000000004 0.1984375 0.16718750000000004 0.265625 0.225 0.265625
0 0.18750000000000006 0.2453125 0.15312500000000004 0.2453125 0.15312500000000004 0.3015625 0.18750000000000006 0.3015625
0 0.209375 0.2609375 0.18593750000000003 0.2609375 0.18593750000000003 0.3234375 0.209375 0.3234375
0 0.49375 0.09375000000000007 0.471875 0.09375000000000007 0.471875 0.12968750000000004 0.49375 0.12968750000000004
0 0.5359375 0.08281250000000007 0.4984375 0.08281250000000007 0.4984375 0.13593750000000004 0.5359375 0.13593750000000004
0 0.7484375 0.15625000000000008 0.6921875 0.15625000000000008 0.6921875 0.1984375000000001 0.7484375 0.1984375000000001
0 0.928125 0.14687500000000012 0.75625 0.1468750000000001 0.75625 0.2250000000000001 0.928125 0.2250000000000001
0 0.996875 0.18281250000000013 0.909375 0.18281250000000013 0.909375 0.2812500000000001 0.996875 0.2812500000000001
0 0.9703125 0.2093750000000001 0.9015625 0.2093750000000001 0.9015625 0.3031250000000001 0.9703125 0.3031250000000001
0 0.8328125 0.1984375000000001 0.7640625 0.1984375000000001 0.7640625 0.28593750000000007 0.8328125 0.28593750000000007
0 0.7578125 0.2296875000000001 0.6359375 0.2296875000000001 0.6359375 0.34843750000000007 0.7578125 0.34843750000000007
0 0.771875 0.1984375000000001 0.65 0.1984375000000001 0.65 0.23437500000000008 0.771875 0.23437500000000008
0 0.596875 0.2390625000000001 0.5140625 0.2390625000000001 0.5140625 0.3281250000000001 0.596875 0.3281250000000001
0 0.6578125 0.21875000000000008 0.59375 0.21875000000000008 0.59375 0.2968750000000001 0.6578125 0.2968750000000001
0 0.546875 0.2921875000000001 0.471875 0.2921875000000001 0.471875 0.3437500000000001 0.546875 0.3437500000000001
0 0.578125 0.3234375000000001 0.4453125 0.3234375000000001 0.4453125 0.40625 0.578125 0.40625
0 0.5859375 0.5 0.459375 0.5 0.459375 0.578125 0.5859375 0.578125
0 0.6359375 0.5265625 0.45 0.5265625 0.45000000000000007 0.7390625 0.6359375000000002 0.7390625
0 0.996875 0.6515625000000002 0.9046875 0.6515625000000002 0.9046875 0.7765625000000002 0.996875 0.7765625000000002
0 0.996875 0.6828125000000002 0.7609375 0.6828125000000002 0.7609375 0.953125 0.996875 0.953125
0 0.996875 0.8078125 0.890625 0.8078125 0.890625 0.96875 0.996875 0.96875
0 0.9125 0.9015625 0.7875000000000002 0.9015625 0.7875000000000002 0.96875 0.9125 0.96875
0 0.93125 0.7875000000000002 0.7640625000000002 0.7875000000000002 0.7640625000000002 0.928125 0.93125 0.928125
0 0.996875 0.6828125000000002 0.821875 0.6828125000000002 0.821875 0.828125 0.996875 0.828125
0 0.7875000000000002 0.7609375 0.6421875000000001 0.7609375 0.6421875000000001 0.9375 0.7875000000000002 0.9375
0 0.915625 0.6718750000000001 0.6921875 0.671875 0.6921875000000001 0.7859375000000001 0.915625 0.7859375000000002
0 0.89375 0.6046875000000002 0.7296875 0.6046875000000002 0.7296875 0.7656250000000002 0.89375 0.7656250000000002
0 0.996875 0.5531250000000002 0.8515625 0.5531250000000002 0.8515625 0.6468750000000002 0.996875 0.6468750000000002
0 0.996875 0.4437500000000002 0.8703125 0.4437500000000002 0.8703125 0.5687500000000002 0.996875 0.5687500000000002
0 0.925 0.4906250000000002 0.8109375 0.4906250000000002 0.8109375 0.5687500000000002 0.925 0.5687500000000002
0 0.6546875000000002 0.740625 0.6093750000000002 0.740625 0.6093750000000002 0.896875 0.6546875000000002 0.896875
0 0.7109375000000001 0.5046875 0.596875 0.5046875 0.596875 0.7765625 0.7109375000000002 0.7765625
0 0.6546875000000001 0.6515625 0.596875 0.6515625 0.596875 0.765625 0.6546875000000002 0.765625
0 0.6000000000000001 0.609375 0.54375 0.609375 0.5437500000000001 0.796875 0.6000000000000002 0.796875
0 0.6125000000000002 0.7765625 0.5093750000000001 0.7765625 0.5093750000000001 0.8390625 0.6125000000000002 0.8390625
0 0.809375 0.4531250000000001 0.65 0.453125 0.65 0.6296875000000001 0.809375 0.6296875000000002
0 0.8515625 0.4265625000000002 0.75625 0.4265625000000002 0.75625 0.5937500000000002 0.8515625 0.5937500000000002
0 0.8890625 0.40156250000000016 0.7984375 0.40156250000000016 0.7984375 0.48437500000000017 0.8890625 0.48437500000000017
0 0.996875 0.31718750000000007 0.890625 0.31718750000000007 0.890625 0.45312500000000017 0.996875 0.45312500000000017
0 0.996875 0.2765625000000001 0.840625 0.2765625000000001 0.840625 0.3703125000000001 0.996875 0.3703125000000001
0 0.9390625 0.3343750000000001 0.6421875 0.3343750000000001 0.6421875 0.4593750000000001 0.9390625 0.4593750000000002
0 0.6890625 0.3390625000000001 0.5671875 0.3390625000000001 0.5671875 0.4171875 0.6890625 0.4171875
0 0.771875 0.3906250000000001 0.596875 0.3906250000000001 0.596875 0.4687500000000001 0.771875 0.46875000000000017
0 0.5359375 0.4328125 0.4 0.4328125 0.4 0.5109375 0.5359375 0.5109375
0 0.996875 0.1453125000000001 0.4 0.14531250000000004 0.4000000000000001 0.96875 0.996875 0.96875