0 0.9953125 0.04375000000000009 0.45 0.04375000000000005 0.45 0.7078125000000001 0.9953125 0.7078125000000002
0 0.85 0.6140625000000001 0.709375 0.6140625 0.7093750000000001 0.828125 0.85 0.828125
0 0.9953125 0.6500000000000001 0.85 0.6500000000000001 0.85 0.8 0.9953125 0.8
0 0.9953125 0.7796875000000002 0.9546875 0.7796875000000002 0.9546875 0.94375 0.9953125 0.94375
0 0.9609375 0.7718750000000002 0.7906250000000001 0.7718750000000002 0.7906250000000001 0.9578125 0.9609375 0.9578125
0 0.8 0.85 0.6703125000000002 0.85 0.6703125000000002 0.9921875 0.8 0.9921875
0 0.909375 0.95 0.8 0.95 0.8 0.9921875 0.909375 0.9921875
0 0.8 0.7859375000000001 0.6093750000000002 0.7859375 0.6093750000000002 0.8921875 0.8 0.8921875
0 0.6953125000000002 0.89375 0.5703125000000002 0.89375 0.5703125000000002 0.99375 0.6953125000000002 0.99375
0 0.5750000000000002 0.8359375 0.44062500000000016 0.8359375 0.44062500000000016 0.9921875 0.5750000000000002 0.9921875
0 0.44062500000000016 0.9296875 0.3046875000000001 0.9296875 0.3046875000000001 0.99375 0.44062500000000016 0.99375
0 0.7203125000000001 0.571875 0.3703125000000001 0.571875 0.3703125000000001 0.9359375 0.7203125000000001 0.9359375
0 0.3546875000000001 0.621875 7.615772282197602e-17 0.621875 9.883282371243874e-17 0.9921875 0.3546875000000001 0.9921875
0 0.5046875000000001 0.33593750000000006 0.17031250000000003 0.3359375 0.17031250000000006 0.75 0.5046875000000002 0.75
0 0.4796875 2.93723880732998e-17 0 0 2.27707764216461e-17 0.37187500000000007 0.4796875 0.37187500000000007
0 0.24062500000000003 0.16406250000000003 2.0091861548511263e-17 0.1640625 4.506317518737526e-17 0.571875 0.2406250000000001 0.571875
0 0.12500000000000006 0.5 6.123233995736766e-17 0.5 7.654042494670959e-17 0.75 0.12500000000000008 0.75
0 0.9703125 1.0170308964794034e-16 0.690625 8.457716956611408e-17 0.690625 0.10781250000000012 0.9703125 0.10781250000000013
0 0.99375 9.079607909303425e-17 0.4890625 5.989288252080025e-17 0.4890625 0.14218750000000008 0.99375 0.14218750000000013