0 0.046875 2.8702659355016093e-18 0 0 2.6789148731348354e-18 0.043750000000000004 0.046875 0.04375000000000001
0 0.115625 8.228095681771279e-18 0.01875 2.296212748401287e-18 0.018750000000000006 0.08750000000000001 0.115625 0.08750000000000002
0 0.20625 1.9709159423777714e-17 0.115625 1.4159978615141272e-17 0.115625 0.10312500000000002 0.20625 0.10312500000000005
0 0.2890625 3.052049444750044e-17 0.209375 2.5641042357147705e-17 0.209375 0.08125000000000003 0.2890625 0.08125000000000004
0 0.325 3.6739403974420595e-17 0.275 3.367778697655221e-17 0.275 0.07031250000000004 0.325 0.07031250000000004
0 0.3953125 4.4202095406724777e-17 0.3265625 3.999237203465575e-17 0.3265625 0.03281250000000004 0.3953125 0.03281250000000004
0 0.4453125 5.07080315271951e-17 0.3828125 4.6881010279859617e-17 0.3828125 0.12500000000000006 0.4453125 0.12500000000000006
0 0.4890625 5.348262193151332e-17 0.384375 4.7072361342226394e-17 0.384375 0.19687500000000005 0.4890625 0.19687500000000005
0 0.5578125 0.02187500000000006 0.4609375 0.021875000000000054 0.4609375 0.2671875000000001 0.5578125 0.2671875000000001
0 0.6890625 0.2843750000000001 0.584375 0.2843750000000001 0.584375 0.43125 0.6890625 0.43125
0 0.115625 0.06562500000000002 8.036744619404505e-18 0.065625 1.3394574365674177e-17 0.153125 0.115625 0.153125
0 0.18125000000000002 0.109375 0.07187500000000002 0.109375 0.07187500000000002 0.2234375 0.18125000000000005 0.2234375
0 0.2828125 0.07656250000000003 0.1671875 0.07656250000000002 0.1671875 0.15781250000000002 0.2828125 0.15781250000000005
0 0.2859375 0.10937500000000004 0.20625 0.10937500000000004 0.20625 0.21875 0.2859375 0.21875
0 0.31875 0.16406250000000006 0.2359375 0.16406250000000006 0.2359375 0.284375 0.31875 0.284375
0 0.06875000000000003 0.225 2.7554552980815448e-17 0.225 3.4921568881936244e-17 0.3453125 0.06875000000000005 0.3453125
0 0.12656250000000005 0.2015625 0.043750000000000025 0.2015625 0.043750000000000025 0.284375 0.12656250000000005 0.284375
0 0.06093750000000002 0.1421875 0.010937500000000017 0.1421875 0.010937500000000022 0.21875 0.06093750000000002 0.21875
0 0.021875000000000023 0.1375 1.6838893488276106e-17 0.1375 2.2866451952829482e-17 0.2359375 0.021875000000000026 0.2359375
0 0.23281250000000003 0.234375 0.13750000000000004 0.234375 0.13750000000000004 0.371875 0.2328125000000001 0.371875
0 0.3375 0.284375 0.2421875 0.284375 0.24218750000000006 0.4203125 0.3375000000000001 0.4203125
0 0.409375 0.37187500000000007 0.3265625000000001 0.371875 0.3265625000000001 0.4859375 0.409375 0.4859375
0 0.4203125 0.27343750000000006 0.34375 0.2734375 0.34375000000000006 0.38281250000000006 0.4203125 0.3828125000000001
0 0.3984375 0.22343750000000004 0.3078125 0.2234375 0.3078125 0.3609375 0.3984375 0.3609375000000001
0 0.38125 0.15937500000000004 0.3125 0.15937500000000004 0.3125 0.22500000000000003 0.38125 0.2250000000000001
0 0.15312500000000004 0.240625 0.11718750000000004 0.240625 0.11718750000000004 0.321875 0.15312500000000004 0.321875
0 0.050000000000000044 0.3328125 4.075777628412285e-17 0.3328125 4.3436691157257686e-17 0.3765625 0.050000000000000044 0.3765625
0 0.09375000000000004 0.3 0.03593750000000003 0.3 0.03593750000000004 0.371875 0.09375000000000004 0.371875
0 0.17812500000000003 0.3328125 0.057812500000000044 0.3328125 0.05781250000000006 0.48125 0.17812500000000003 0.48125
0 0.06875000000000006 0.371875 4.55415528432922e-17 0.371875 5.357829746269671e-17 0.503125 0.06875000000000006 0.503125
0 0.26093750000000004 0.3609375 0.17031250000000003 0.3609375 0.17031250000000003 0.503125 0.2609375000000001 0.503125
0 0.33281250000000007 0.409375 0.2390625000000001 0.409375 0.2390625000000001 0.5578125 0.33281250000000007 0.5578125
0 0.4890625 0.35625000000000007 0.409375 0.35625000000000007 0.409375 0.4875 0.4890625 0.4875
0 0.525 0.2890625000000001 0.4390625 0.2890625000000001 0.4390625 0.37187500000000007 0.525 0.37187500000000007
0 0.5 0.19687500000000005 0.3875 0.19687500000000005 0.3875 0.3062500000000001 0.5 0.3062500000000001
0 0.5984375 0.27812500000000007 0.521875 0.27812500000000007 0.521875 0.4046875 0.5984375 0.4046875
0 0.5609375 0.37187500000000007 0.4890625 0.37187500000000007 0.4890625 0.48125 0.5609375 0.48125
0 0.5875 0.409375 0.540625 0.409375 0.540625 0.48125 0.5875 0.48125
0 0.590625 0.475 0.5328125 0.475 0.5328125 0.5625 0.590625 0.5625
0 0.5625 0.48125 0.49375 0.48125 0.49375 0.6015625 0.5625 0.6015625
0 0.59375 0.5796875 0.521875 0.5796875 0.521875 0.6828125 0.59375 0.6828125
0 0.609375 0.546875 0.56875 0.546875 0.56875 0.6171875 0.609375 0.6171875
0 0.5578125 0.65625 0.5 0.65625 0.5000000000000001 0.759375 0.5578125000000002 0.759375
0 0.525 0.5734375 0.4671875 0.5734375 0.4671875 0.7109375 0.525 0.7109375
0 0.5078125000000001 0.6828125 0.428125 0.6828125 0.4281250000000001 0.8140625 0.5078125000000002 0.8140625
0 0.478125 0.5734375 0.4015625 0.5734375 0.4015625 0.7 0.478125 0.7
0 0.49375 0.4859375 0.4390625 0.4859375 0.4390625 0.584375 0.49375 0.584375
0 0.4453125 0.4703125 0.34843750000000007 0.4703125 0.34843750000000007 0.60625 0.4453125 0.60625
0 0.4093750000000001 0.584375 0.3296875000000001 0.584375 0.3296875000000001 0.74375 0.40937500000000016 0.74375
0 0.4234375000000001 0.69375 0.3593750000000001 0.69375 0.3593750000000001 0.8140625 0.4234375000000002 0.8140625
0 0.3625000000000001 0.671875 0.2609375000000001 0.671875 0.2609375000000001 0.8578125 0.3625000000000001 0.8578125
0 0.34843750000000007 0.5296875 0.2687500000000001 0.5296875 0.2687500000000001 0.6828125 0.34843750000000007 0.6828125
0 0.2718750000000001 0.5734375 0.19531250000000008 0.5734375 0.19531250000000008 0.715625 0.2718750000000001 0.715625
0 0.2640625000000001 0.5140625 0.13437500000000005 0.5140625 0.13437500000000008 0.6609375 0.2640625000000001 0.6609375
0 0.19687500000000008 0.4703125 0.05156250000000007 0.4703125 0.05156250000000007 0.6234375 0.19687500000000008 0.6234375
0 0.057812500000000065 0.4921875 6.027558464553379e-17 0.4921875 6.831232926493829e-17 0.6234375 0.057812500000000065 0.6234375
0 0.12031250000000009 0.5796875 7.099124413807313e-17 0.5796875 8.036744619404505e-17 0.7328125 0.12031250000000009 0.7328125
0 0.1921875000000001 0.6453125 0.10156250000000008 0.6453125 0.10156250000000008 0.74375 0.1921875000000001 0.74375
0 0.2656250000000001 0.69375 0.1531250000000001 0.69375 0.1531250000000001 0.809375 0.2656250000000001 0.809375
0 0.1781250000000001 0.7109375 0.04375000000000009 0.7109375 0.043750000000000094 0.809375 0.1781250000000001 0.809375