0 0.9015625 0.5421875000000002 0.7640625 0.5421875000000002 0.7640625000000001 0.8015625 0.9015625 0.8015625
0 0.9234375 0.6875000000000002 0.896875 0.6875000000000002 0.896875 0.7656250000000002 0.9234375 0.7656250000000002
0 0.96875 0.5218750000000002 0.84375 0.5218750000000002 0.84375 0.7406250000000002 0.96875 0.7406250000000002
0 0.7828125000000001 0.5984375000000001 0.603125 0.5984375 0.6031250000000001 0.8390625 0.7828125000000001 0.8390625
0 0.7859375 0.5375000000000001 0.690625 0.5375 0.690625 0.6156250000000001 0.7859375 0.6156250000000002
0 0.8390625 0.4687500000000001 0.6984375 0.46875 0.6984375 0.5734375 0.8390625 0.5734375000000002
0 0.6984375 0.4953125 0.640625 0.4953125 0.640625 0.546875 0.6984375 0.546875
0 0.70625 0.4734375 0.675 0.4734375 0.675 0.5 0.70625 0.5
0 0.653125 0.4328125 0.5875 0.4328125 0.5875 0.5203125 0.653125 0.5203125
0 0.6984375 0.521875 0.5609375 0.521875 0.5609375 0.678125 0.6984375 0.678125
0 0.6031250000000001 0.6359375 0.434375 0.6359375 0.43437500000000007 0.8546875 0.6031250000000001 0.8546875
0 0.6109375000000001 0.703125 0.571875 0.703125 0.5718750000000001 0.8125 0.6109375000000001 0.8125
0 0.56875 0.625 0.5234375 0.625 0.5234375 0.6765625 0.56875 0.6765625
0 0.5609375 0.53125 0.5 0.53125 0.5 0.625 0.5609375 0.625
0 0.6109375 0.4640625 0.5265625 0.4640625 0.5265625 0.5515625 0.6109375 0.5515625
0 0.534375 0.46875 0.4734375 0.46875 0.4734375 0.546875 0.534375 0.546875
0 0.5 0.5578125 0.428125 0.5578125 0.428125 0.671875 0.5 0.671875
0 0.484375 0.4328125 0.3359375000000001 0.4328125 0.3359375000000001 0.53125 0.484375 0.53125
0 0.6375 0.28593750000000007 0.3359375 0.2859375 0.33593750000000006 0.46875 0.6375 0.46875
0 0.45 0.428125 0.2671875000000001 0.428125 0.2671875000000001 0.678125 0.45 0.678125
0 0.47343750000000007 0.65625 0.3312500000000001 0.65625 0.3312500000000001 0.8484375 0.4734375000000002 0.8484375
0 0.3515625000000001 0.6296875 0.15625000000000008 0.6296875 0.15625000000000008 0.84375 0.3515625000000001 0.84375
0 0.2593750000000001 0.5578125 0.1453125000000001 0.5578125 0.1453125000000001 0.6921875 0.2593750000000001 0.6921875
0 0.3062500000000001 0.53125 0.2453125000000001 0.53125 0.2453125000000001 0.640625 0.3062500000000001 0.640625
0 0.2828125000000001 0.44375 0.16093750000000004 0.44375 0.16093750000000007 0.56875 0.2828125000000001 0.56875
0 0.3281250000000001 0.3703125 0.2406250000000001 0.3703125 0.2406250000000001 0.4953125 0.3281250000000001 0.4953125
0 0.16875000000000007 0.5359375 0.09531250000000006 0.5359375 0.09531250000000006 0.6046875 0.1687500000000001 0.6046875
0 0.10781250000000009 0.6140625 0.046875000000000076 0.6140625 0.04687500000000008 0.7609375 0.10781250000000009 0.7609375
0 0.1843750000000001 0.6203125 0.07343750000000007 0.6203125 0.07343750000000007 0.7859375 0.1843750000000001 0.7859375