0 0.9375 0.2812500000000001 0.9015625 0.2812500000000001 0.9015625 0.39531250000000007 0.9375 0.39531250000000007
0 0.9296875 0.3687500000000001 0.8796875 0.3687500000000001 0.8796875 0.5609375000000002 0.9296875 0.5609375000000002
0 0.9359375 0.5875000000000001 0.859375 0.5875000000000001 0.859375 0.8953125 0.9359375 0.8953125
0 0.884375 0.4390625000000002 0.8296875 0.4390625000000002 0.8296875 0.6484375000000002 0.884375 0.6484375000000002
0 0.8984375 0.25468750000000007 0.8453125 0.25468750000000007 0.8453125 0.46406250000000016 0.8984375 0.46406250000000016
0 0.853125 0.26250000000000007 0.7953125 0.26250000000000007 0.7953125 0.4828125000000002 0.853125 0.4828125000000002
0 0.8328125 0.49218750000000017 0.778125 0.49218750000000017 0.778125 0.7203125000000001 0.8328125 0.7203125000000001
0 0.85625 0.6328125000000002 0.7984375 0.6328125000000002 0.7984375000000001 0.878125 0.85625 0.878125
0 0.8 0.3078125000000001 0.74375 0.3078125000000001 0.74375 0.5531250000000002 0.8 0.5531250000000002
0 0.7671875000000001 0.5703125000000001 0.7125 0.5703125 0.7125000000000001 0.7890625000000001 0.7671875000000001 0.7890625000000002
0 0.8 0.6062500000000002 0.7421875 0.6062500000000002 0.7421875000000001 0.878125 0.8 0.878125
0 0.7328125 0.3781250000000001 0.6875 0.3781250000000001 0.6875 0.5796875000000001 0.7328125 0.5796875000000001
0 0.703125 0.23593750000000008 0.65 0.23593750000000008 0.65 0.4125 0.703125 0.4125
0 0.7078125000000001 0.5703125 0.6421875 0.5703125 0.6421875000000001 0.8328125 0.7078125000000002 0.8328125
0 0.653125 0.2453125000000001 0.59375 0.2453125000000001 0.59375 0.4296875 0.653125 0.4296875
0 0.6468750000000001 0.5796875 0.5859375 0.5796875 0.5859375000000001 0.8078125 0.6468750000000002 0.8078125
0 0.6125 0.45625 0.5578125 0.45625 0.5578125 0.7109375 0.6125 0.7109375
0 0.5984375 0.1750000000000001 0.553125 0.1750000000000001 0.553125 0.3687500000000001 0.5984375 0.3687500000000001
0 0.5765625 0.3078125000000001 0.5265625 0.3078125000000001 0.5265625 0.4921875 0.5765625 0.4921875
0 0.546875 0.11406250000000007 0.471875 0.11406250000000004 0.471875 0.3515625000000001 0.546875 0.3515625000000001
0 0.5078125 0.3421875000000001 0.446875 0.3421875000000001 0.446875 0.553125 0.5078125 0.553125
0 0.5484375000000001 0.5265625 0.4875 0.5265625 0.4875000000000001 0.771875 0.5484375000000001 0.771875
0 0.5703125000000001 0.5609375 0.540625 0.5609375 0.5406250000000001 0.7375 0.5703125000000002 0.7375
0 0.50625 0.3593750000000001 0.446875 0.3593750000000001 0.446875 0.5609375 0.50625 0.5609375
0 0.4625 0.13125000000000003 0.4109375 0.13125000000000003 0.4109375 0.3859375000000001 0.4625 0.3859375000000001
0 0.478125 0.18437500000000004 0.4515625 0.18437500000000004 0.4515625 0.2890625000000001 0.478125 0.2890625000000001
0 0.421875 0.10625000000000004 0.3625 0.10625000000000004 0.3625 0.30781250000000004 0.421875 0.3078125000000001
0 0.39062500000000006 0.22031250000000005 0.3296875 0.2203125 0.3296875 0.421875 0.3906250000000001 0.421875
0 0.4375 0.4390625 0.37187500000000007 0.4390625 0.37187500000000007 0.69375 0.4375 0.69375
0 0.4781250000000001 0.5609375 0.415625 0.5609375 0.4156250000000001 0.815625 0.4781250000000002 0.815625
0 0.3921875000000001 0.54375 0.3500000000000001 0.54375 0.3500000000000001 0.7625 0.3921875000000001 0.7625
0 0.3609375000000001 0.465625 0.2906250000000001 0.465625 0.2906250000000001 0.7890625 0.3609375000000001 0.7890625
0 0.31093750000000003 0.290625 0.246875 0.290625 0.24687500000000004 0.4921875 0.3109375000000001 0.4921875
0 0.34375 0.07031250000000004 0.2859375 0.07031250000000004 0.2859375 0.2984375 0.34375 0.2984375
0 0.28125 0.12343750000000005 0.25625 0.12343750000000005 0.25625 0.271875 0.28125 0.271875
0 0.265625 0.09687500000000002 0.2015625 0.09687500000000002 0.2015625 0.3421875 0.265625 0.3421875
0 0.2125 0.035937500000000025 0.1609375 0.035937500000000025 0.1609375 0.2640625 0.2125 0.2640625
0 0.18125000000000002 0.1671875 0.115625 0.1671875 0.11562500000000002 0.3859375 0.18125000000000005 0.3859375
0 0.13437500000000002 0.03593750000000001 0.08125 0.03593750000000001 0.08125000000000002 0.2375 0.13437500000000005 0.2375
0 0.09687500000000003 0.228125 0.03437500000000003 0.228125 0.034375000000000044 0.446875 0.09687500000000004 0.446875
0 0.07968750000000008 0.490625 0.02031250000000006 0.490625 0.020312500000000077 0.7546875 0.07968750000000009 0.7546875
0 0.15937500000000007 0.45625 0.07968750000000006 0.45625 0.07968750000000008 0.7375 0.1593750000000001 0.7375
0 0.2015625000000001 0.5359375 0.15468750000000003 0.5359375 0.15468750000000006 0.7453125 0.2015625000000001 0.7453125
0 0.2328125000000001 0.3859375 0.17031250000000003 0.3859375 0.17031250000000006 0.640625 0.2328125000000001 0.640625
0 0.27812500000000007 0.509375 0.2156250000000001 0.509375 0.2156250000000001 0.78125 0.27812500000000007 0.78125
0 0.9578125 0.026562500000000062 0.018750000000000006 0.0265625 0.01875000000000006 0.903125 0.9578125 0.903125