0 0.928125 0.5312500000000002 0.8359375 0.5312500000000002 0.8359375 0.6515625000000002 0.928125 0.6515625000000002
0 0.996875 0.3859375000000001 0.95 0.3859375000000001 0.95 0.48437500000000017 0.996875 0.48437500000000017
0 0.8625 0.43750000000000017 0.8046875 0.43750000000000017 0.8046875 0.5468750000000002 0.8625 0.5468750000000002
0 0.8328125 0.44843750000000016 0.759375 0.44843750000000016 0.759375 0.5578125000000002 0.8328125 0.5578125000000002
0 0.8625 0.5531250000000002 0.7703125 0.5531250000000002 0.7703125 0.6625000000000002 0.8625 0.6625000000000002
0 0.775 0.5359375000000001 0.7015625 0.5359375 0.7015625 0.6046875 0.775 0.6046875000000002
0 0.775 0.4218750000000001 0.6984375 0.421875 0.6984375 0.5468750000000001 0.775 0.5468750000000002
0 0.846875 0.3281250000000001 0.759375 0.3281250000000001 0.759375 0.4421875000000002 0.846875 0.4421875000000002
0 0.7640625 0.4015625000000001 0.703125 0.4015625 0.703125 0.4484375000000001 0.7640625 0.44843750000000016
0 0.790625 0.3078125000000001 0.6953125 0.3078125000000001 0.6953125 0.41093750000000007 0.790625 0.4109375000000002
0 0.7828125 0.1828125000000001 0.6828125 0.1828125000000001 0.6828125 0.3078125000000001 0.7828125 0.3078125000000001
0 0.709375 0.25468750000000007 0.6109375 0.25468750000000007 0.6109375 0.3593750000000001 0.709375 0.3593750000000001
0 0.7171875 0.36406250000000007 0.6296875 0.36406250000000007 0.6296875 0.453125 0.7171875 0.453125
0 0.70625 0.4421875 0.6109375 0.4421875 0.6109375 0.5625 0.70625 0.5625
0 0.6609375 0.53125 0.5734375 0.53125 0.5734375 0.609375 0.6609375 0.609375
0 0.7718750000000001 0.5828125000000001 0.65 0.5828125 0.6500000000000001 0.7453125 0.7718750000000002 0.7453125000000002
0 0.6453125000000001 0.65625 0.5265625 0.65625 0.5265625 0.8125 0.6453125000000002 0.8125
0 0.5984375 0.5265625 0.48125 0.5265625 0.48125 0.6875 0.5984375 0.6875
0 0.5953125 0.4375 0.5078125 0.4375 0.5078125 0.5578125 0.5953125 0.5578125
0 0.58125 0.33281250000000007 0.5046875 0.33281250000000007 0.5046875 0.4328125 0.58125 0.4328125
0 0.6265625 0.3437500000000001 0.5734375 0.3437500000000001 0.5734375 0.4375 0.6265625 0.4375
0 0.6265625 0.23437500000000008 0.5390625 0.23437500000000008 0.5390625 0.34843750000000007 0.6265625 0.34843750000000007
0 0.6953125 0.15625000000000008 0.6078125 0.15625000000000008 0.6078125 0.2765625000000001 0.6953125 0.2765625000000001
0 0.675 0.12031250000000009 0.61875 0.12031250000000009 0.61875 0.17187500000000008 0.675 0.17187500000000008
0 0.6484375 0.037500000000000075 0.565625 0.03750000000000007 0.565625 0.1625000000000001 0.6484375 0.1625000000000001
0 0.6109375 0.026562500000000072 0.5578125 0.026562500000000065 0.5578125 0.07812500000000007 0.6109375 0.07812500000000007
0 0.5765625 0.09843750000000007 0.5 0.09843750000000007 0.5 0.18750000000000006 0.5765625 0.18750000000000008
0 0.6140625 0.14531250000000007 0.534375 0.14531250000000004 0.534375 0.23437500000000008 0.6140625 0.23437500000000008
0 0.534375 0.18281250000000004 0.4765625 0.18281250000000004 0.4765625 0.27031250000000007 0.534375 0.27031250000000007
0 0.55 0.6984375 0.4625 0.6984375 0.4625000000000001 0.8234375 0.5500000000000002 0.8234375
0 0.4765625000000001 0.65625 0.3781250000000001 0.65625 0.3781250000000001 0.7859375 0.47656250000000017 0.7859375
0 0.4578125 0.5671875 0.3593750000000001 0.5671875 0.3593750000000001 0.703125 0.4578125 0.703125
0 0.3359375000000001 0.5515625 0.2750000000000001 0.5515625 0.2750000000000001 0.640625 0.3359375000000001 0.640625
0 0.3968750000000001 0.46875 0.3390625000000001 0.46875 0.3390625000000001 0.5578125 0.3968750000000001 0.5578125
0 0.4046875 0.33281250000000007 0.3015625 0.3328125 0.30156250000000007 0.4796875 0.4046875 0.4796875
0 0.44375 0.2812500000000001 0.375 0.2812500000000001 0.37500000000000006 0.3906250000000001 0.44375 0.3906250000000001
0 0.5 0.2968750000000001 0.434375 0.2968750000000001 0.434375 0.3390625000000001 0.5 0.3390625000000001
0 0.5109375 0.3234375000000001 0.43125 0.3234375000000001 0.43125 0.4171875 0.5109375 0.4171875
0 0.465625 0.3859375000000001 0.4078125 0.3859375000000001 0.4078125 0.4640625 0.465625 0.4640625
0 0.3062500000000001 0.396875 0.20312500000000008 0.396875 0.20312500000000008 0.521875 0.3062500000000001 0.521875
0 0.34062500000000007 0.453125 0.2375000000000001 0.453125 0.2375000000000001 0.546875 0.34062500000000007 0.546875
0 0.2250000000000001 0.4734375 0.15625000000000006 0.4734375 0.15625000000000006 0.5625 0.2250000000000001 0.5625
0 0.18750000000000006 0.4328125 0.10000000000000005 0.4328125 0.10000000000000005 0.5421875 0.18750000000000006 0.5421875
0 0.2406250000000001 0.3640625 0.16406250000000006 0.3640625 0.16406250000000006 0.4640625 0.2406250000000001 0.4640625
0 0.2640625 0.2703125 0.19531250000000006 0.2703125 0.19531250000000006 0.359375 0.2640625 0.359375
0 0.3359375 0.19218750000000004 0.25625 0.19218750000000004 0.25625 0.3234375 0.3359375 0.3234375
0 0.3734375 0.12968750000000004 0.309375 0.12968750000000004 0.309375 0.21406250000000004 0.3734375 0.2140625000000001
0 0.3734375 0.22500000000000003 0.3359375 0.225 0.3359375 0.30312500000000003 0.3734375 0.3031250000000001
0 0.30625 0.16093750000000004 0.2796875 0.16093750000000004 0.2796875 0.203125 0.30625 0.203125
0 0.2671875 0.18281250000000004 0.221875 0.18281250000000004 0.221875 0.2703125 0.2671875 0.2703125
0 0.225 0.1609375 0.16875 0.1609375 0.16875 0.2453125 0.225 0.2453125
0 0.19062500000000002 0.14062500000000003 0.1375 0.140625 0.1375 0.203125 0.19062500000000004 0.203125
0 0.20625 0.19843750000000002 0.12656250000000005 0.1984375 0.12656250000000005 0.2765625 0.20625 0.2765625
0 0.1296875 0.15625 0.07187500000000002 0.15625 0.07187500000000002 0.21875 0.12968750000000004 0.21875
0 0.13437500000000005 0.21875 0.06093750000000002 0.21875 0.06093750000000003 0.296875 0.13437500000000005 0.296875
0 0.1609375 1.5977813707625624e-17 0.1 1.2246467991473533e-17 0.1 0.026562500000000017 0.1609375 0.026562500000000024
0 0.1609375 0.010937500000000015 0.0953125 0.010937500000000011 0.0953125 0.08281250000000002 0.1609375 0.08281250000000002
0 0.1296875 0.06718750000000001 0.065625 0.0671875 0.06562500000000002 0.15625 0.1296875 0.15625
0 0.1 0.015625000000000007 0.046875 0.015625000000000007 0.04687500000000001 0.08281250000000001 0.1 0.08281250000000002
0 0.06562500000000002 0.0578125 0.012500000000000006 0.0578125 0.012500000000000011 0.1296875 0.06562500000000002 0.1296875
0 0.0796875 4.879452090352735e-18 0 0 4.401074434435801e-18 0.071875 0.0796875 0.071875
0 0.06562500000000002 0.04687500000000001 5.7405318710032185e-18 0.046875 1.4351329677508047e-17 0.1875 0.06562500000000002 0.1875
0 0.9859375 9.385769609090263e-17 0.546875 6.697287182837088e-17 0.546875 0.1875000000000001 0.9859375 0.18750000000000014
0 0.996875 0.0625000000000001 0.7859375 0.06250000000000008 0.7859375 0.2609375000000001 0.996875 0.2609375000000001
0 0.996875 0.2140625000000001 0.9234375 0.2140625000000001 0.9234375 0.4109375000000002 0.996875 0.4109375000000002