0 0.9734375 0.4734375000000002 0.91875 0.4734375000000002 0.91875 0.5500000000000002 0.9734375 0.5500000000000002
0 0.99375 0.5031250000000002 0.9390625 0.5031250000000002 0.9390625 0.5796875000000001 0.99375 0.5796875000000001
0 0.996875 0.5453125000000002 0.953125 0.5453125000000002 0.953125 0.6578125000000001 0.996875 0.6578125000000001
0 0.996875 0.4734375000000002 0.9765625 0.4734375000000002 0.9765625 0.5390625000000002 0.996875 0.5390625000000002
0 0.9671875 0.7640625000000002 0.896875 0.7640625000000002 0.896875 0.9 0.9671875 0.9
0 0.940625 0.6921875000000002 0.8765625 0.6921875000000002 0.8765625 0.7937500000000002 0.940625 0.7937500000000002
0 0.9125 0.6390625000000002 0.853125 0.6390625000000002 0.853125 0.7218750000000002 0.9125 0.7218750000000002
0 0.8953125 0.5796875000000001 0.8359375 0.5796875000000001 0.8359375 0.6625000000000002 0.8953125 0.6625000000000002
0 0.871875 0.5328125000000001 0.81875 0.5328125000000001 0.81875 0.6093750000000002 0.871875 0.6093750000000002
0 0.8921875 0.7687500000000002 0.821875 0.7687500000000002 0.821875 0.89375 0.8921875 0.89375
0 0.8796875 0.6984375000000002 0.80625 0.6984375000000002 0.80625 0.7875000000000002 0.8796875 0.7875000000000002
0 0.85 0.6453125000000002 0.7859375 0.6453125000000002 0.7859375 0.7156250000000002 0.85 0.7156250000000002
0 0.8328125 0.5921875000000002 0.775 0.5921875000000002 0.775 0.6562500000000002 0.8328125 0.6562500000000002
0 0.809375 0.5437500000000002 0.7546875 0.5437500000000002 0.7546875 0.6093750000000002 0.809375 0.6093750000000002
0 0.7484375 0.5453125000000001 0.6875 0.5453125 0.6875 0.5984375000000001 0.7484375 0.5984375000000002
0 0.7625 0.5859375000000001 0.6953125 0.5859375 0.6953125 0.6625000000000001 0.7625 0.6625000000000002
0 0.7890625 0.6328125000000001 0.71875 0.6328125 0.71875 0.721875 0.7890625 0.7218750000000002
0 0.7953125000000001 0.7046875000000001 0.73125 0.7046875000000001 0.7312500000000001 0.7937500000000002 0.7953125000000002 0.7937500000000002
0 0.81875 0.7578125000000002 0.7453125000000002 0.7578125000000002 0.7453125000000002 0.9 0.81875 0.9
0 0.7421875000000002 0.76875 0.6687500000000002 0.76875 0.6687500000000002 0.89375 0.7421875000000002 0.89375
0 0.7281250000000001 0.7046875000000001 0.6609375 0.7046875 0.6609375000000001 0.7937500000000001 0.7281250000000001 0.7937500000000002
0 0.7109375 0.6390625 0.6515625 0.6390625 0.6515625 0.721875 0.7109375 0.721875
0 0.690625 0.5921875 0.6375 0.5921875 0.6375 0.675 0.690625 0.675
0 0.68125 0.55625 0.628125 0.55625 0.628125 0.615625 0.68125 0.615625
0 0.625 0.5390625 0.5703125 0.5390625 0.5703125 0.615625 0.625 0.615625
0 0.634375 0.5921875 0.5734375 0.5921875 0.5734375 0.66875 0.634375 0.66875
0 0.6421875 0.6453125 0.578125 0.6453125 0.578125 0.721875 0.6421875 0.721875
0 0.6515625 0.6984375 0.578125 0.6984375 0.5781250000000001 0.78125 0.6515625000000002 0.78125
0 0.6640625000000002 0.775 0.5906250000000002 0.775 0.5906250000000002 0.9 0.6640625000000002 0.9
0 0.5875000000000001 0.76875 0.5093750000000001 0.76875 0.5093750000000001 0.89375 0.5875000000000001 0.89375
0 0.5734375 0.7046875 0.503125 0.7046875 0.503125 0.79375 0.5734375000000002 0.79375
0 0.5671875 0.6515625 0.50625 0.6515625 0.50625 0.715625 0.5671875 0.715625
0 0.5609375 0.5921875 0.50625 0.5921875 0.50625 0.6515625 0.5609375 0.6515625
0 0.5609375 0.5453125 0.5 0.5453125 0.5 0.6046875 0.5609375 0.6046875
0 0.578125 0.45 0.528125 0.45 0.528125 0.5328125 0.578125 0.5328125
0 0.6140625 0.45 0.584375 0.45 0.584375 0.5265625 0.6140625 0.5265625
0 0.8125 0.4500000000000002 0.7953125 0.4500000000000002 0.7953125 0.5140625000000002 0.8125 0.5140625000000002
0 0.45625 0.44375 0.4125 0.44375 0.4125 0.5390625 0.45625 0.5390625
0 0.821875 0.3078125000000001 0.7921875 0.3078125000000001 0.7921875 0.3906250000000001 0.821875 0.3906250000000001
0 0.8015625 0.2609375000000001 0.7859375 0.2609375000000001 0.7859375 0.3140625000000001 0.8015625 0.3140625000000001
0 0.7625 0.19531250000000008 0.73125 0.19531250000000008 0.73125 0.21875000000000008 0.7625 0.21875000000000008
0 0.715625 0.19531250000000008 0.6890625 0.19531250000000008 0.6890625 0.21875000000000008 0.715625 0.21875000000000008
0 0.678125 0.18906250000000008 0.6375 0.18906250000000008 0.6375 0.21875000000000008 0.678125 0.21875000000000008
0 0.6234375 0.18906250000000008 0.5875 0.18906250000000008 0.5875 0.2375000000000001 0.6234375 0.2375000000000001
0 0.6046875 0.2312500000000001 0.590625 0.2312500000000001 0.590625 0.2609375000000001 0.6046875 0.2609375000000001
0 0.6078125 0.2671875000000001 0.596875 0.2671875000000001 0.596875 0.2968750000000001 0.6078125 0.2968750000000001
0 0.596875 0.3078125000000001 0.55 0.3078125000000001 0.55 0.3843750000000001 0.596875 0.3843750000000001
0 0.59375 0.27812500000000007 0.553125 0.27812500000000007 0.553125 0.32500000000000007 0.59375 0.32500000000000007
0 0.584375 0.2375000000000001 0.540625 0.2375000000000001 0.540625 0.2906250000000001 0.584375 0.2906250000000001
0 0.58125 0.19531250000000006 0.540625 0.19531250000000006 0.540625 0.2484375000000001 0.58125 0.2484375000000001
0 0.546875 0.3078125000000001 0.5 0.3078125000000001 0.5 0.3906250000000001 0.546875 0.3906250000000001
0 0.5375 0.2656250000000001 0.496875 0.2656250000000001 0.496875 0.3140625000000001 0.5375 0.3140625000000001
0 0.534375 0.24375000000000008 0.49375 0.24375000000000008 0.49375 0.2968750000000001 0.534375 0.2968750000000001
0 0.53125 0.19531250000000006 0.490625 0.19531250000000006 0.490625 0.2484375000000001 0.53125 0.2484375000000001
0 0.21093750000000008 0.45 0.15468750000000003 0.45 0.15468750000000003 0.5390625 0.21093750000000008 0.5390625
0 0.66875 0.07187500000000008 0.625 0.07187500000000006 0.625 0.14843750000000008 0.66875 0.14843750000000008
0 0.7125 0.07187500000000009 0.66875 0.07187500000000009 0.66875 0.14843750000000008 0.7125 0.14843750000000008
0 0.7515625 0.07656250000000009 0.715625 0.07656250000000009 0.715625 0.14843750000000008 0.7515625 0.14843750000000008
0 0.734375 0.03593750000000009 0.7015625 0.03593750000000009 0.7015625 0.10000000000000009 0.734375 0.10000000000000009
0 0.715625 0.006250000000000086 0.684375 0.006250000000000084 0.684375 0.05312500000000009 0.715625 0.05312500000000009
0 0.690625 0.03593750000000008 0.6578125 0.03593750000000008 0.6578125 0.07656250000000009 0.690625 0.07656250000000009
0 0.675 8.103717491232877e-17 0.6484375 7.941069088221118e-17 0.6484375 0.04218750000000008 0.675 0.04218750000000008
0 0.64375 0.006250000000000077 0.6109375 0.006250000000000075 0.6109375 0.04062500000000008 0.64375 0.04062500000000008
0 0.6484375 0.03593750000000008 0.6171875 0.03593750000000008 0.6171875 0.09531250000000008 0.6484375 0.09531250000000009
0 0.61875 0.07656250000000006 0.578125 0.07656250000000006 0.578125 0.14218750000000008 0.61875 0.14218750000000008
0 0.6109375 0.04687500000000007 0.5703125 0.04687500000000007 0.5703125 0.08281250000000007 0.6109375 0.08281250000000007
0 0.6109375 7.175664838754022e-17 0.5609375 6.869503138967185e-17 0.5609375 0.04218750000000007 0.6109375 0.04218750000000008
0 0.578125 0.06562500000000007 0.53125 0.06562500000000007 0.53125 0.12968750000000007 0.578125 0.1296875000000001
0 0.5703125 0.03593750000000007 0.5265625 0.03593750000000007 0.5265625 0.06562500000000007 0.5703125 0.06562500000000007
0 0.5671875 6.697287182837088e-17 0.5265625 6.448530801760282e-17 0.5265625 0.03593750000000007 0.5671875 0.03593750000000007
0 0.528125 0.07187500000000006 0.4875 0.07187500000000006 0.4875 0.13125000000000003 0.528125 0.13125000000000003
0 0.5234375 0.006250000000000061 0.4859375 0.0062500000000000585 0.4859375 0.06562500000000007 0.5234375 0.06562500000000007
0 0.02031250000000008 0.615625 7.539231857250894e-17 0.615625 8.046312172522844e-17 0.6984375 0.020312500000000084 0.6984375
0 0.05000000000000008 0.5453125 6.678152076600411e-17 0.5453125 7.367015901120797e-17 0.6578125 0.050000000000000086 0.6578125
0 0.07031250000000006 0.4328125 0.014062500000000056 0.4328125 0.014062500000000061 0.521875 0.07031250000000007 0.521875
0 0.017187500000000057 0.4140625 5.070803152719509e-17 0.4140625 5.5109105961630896e-17 0.4859375 0.01718750000000006 0.4859375
0 0.08437500000000006 0.4078125 0.043750000000000046 0.4078125 0.04375000000000005 0.45625 0.08437500000000006 0.45625
0 0.4671875 0.2968750000000001 0.4171875 0.2968750000000001 0.4171875 0.3734375000000001 0.4671875 0.3734375000000001
0 0.4703125 0.2718750000000001 0.4265625 0.2718750000000001 0.4265625 0.3078125000000001 0.4703125 0.3078125000000001
0 0.4703125 0.2375000000000001 0.4296875 0.2375000000000001 0.4296875 0.2718750000000001 0.4703125 0.2718750000000001
0 0.4765625 0.21875000000000008 0.4328125 0.21875000000000008 0.4328125 0.25468750000000007 0.4765625 0.25468750000000007
0 0.4734375 0.18437500000000004 0.4296875 0.18437500000000004 0.4296875 0.21875000000000008 0.4734375 0.21875000000000008
0 0.4234375 0.18906250000000005 0.3859375 0.18906250000000005 0.3859375 0.2250000000000001 0.4234375 0.2250000000000001
0 0.4234375 0.21250000000000008 0.3859375 0.21250000000000008 0.3859375 0.25468750000000007 0.4234375 0.25468750000000007
0 0.3796875 0.19531250000000006 0.3390625 0.19531250000000006 0.3390625 0.23125000000000004 0.3796875 0.2312500000000001
0 0.3328125 0.18906250000000005 0.2890625 0.18906250000000005 0.2890625 0.23125 0.3328125 0.23125
0 0.278125 0.19531250000000006 0.2484375 0.19531250000000006 0.2484375 0.23125 0.278125 0.23125
0 0.228125 0.271875 0.2078125 0.271875 0.2078125 0.3015625 0.228125 0.3015625
0 0.22500000000000003 0.3140625 0.2046875 0.3140625 0.20468750000000005 0.390625 0.2250000000000001 0.390625
0 0.19843750000000004 0.278125 0.14375000000000004 0.278125 0.14375000000000004 0.390625 0.19843750000000004 0.390625
0 0.228125 0.21875 0.18125000000000005 0.21875 0.18125000000000005 0.290625 0.228125 0.290625
0 0.2375 0.18906250000000005 0.2015625 0.18906250000000005 0.2015625 0.2375 0.2375 0.2375
0 0.459375 0.07187500000000005 0.4265625 0.07187500000000005 0.4265625 0.14843750000000006 0.459375 0.14843750000000006
0 0.4671875 0.04218750000000006 0.4359375 0.04218750000000006 0.4359375 0.08281250000000005 0.4671875 0.08281250000000007
0 0.4734375 0.006250000000000056 0.4359375 0.006250000000000052 0.4359375 0.046875000000000056 0.4734375 0.046875000000000056
0 0.41875 0.059375000000000046 0.3859375 0.059375000000000046 0.3859375 0.13593750000000004 0.41875 0.13593750000000004
0 0.4234375 0.01718750000000005 0.3921875 0.01718750000000005 0.3921875 0.05312500000000005 0.4234375 0.05312500000000005
0 0.36875 0.07187500000000005 0.3359375 0.07187500000000005 0.3359375 0.13593750000000004 0.36875 0.13593750000000004
0 0.3828125 0.035937500000000046 0.3515625 0.035937500000000046 0.3515625 0.09531250000000005 0.3828125 0.09531250000000005
0 0.3859375 0.012500000000000048 0.35625 0.012500000000000044 0.35625 0.042187500000000044 0.3859375 0.042187500000000044
0 0.328125 0.07187500000000005 0.2921875 0.07187500000000005 0.2921875 0.13593750000000004 0.328125 0.13593750000000004
0 0.3359375 0.023437500000000038 0.2984375 0.023437500000000038 0.2984375 0.07656250000000005 0.3359375 0.07656250000000005
0 0.3484375 4.0662100752939466e-17 0.315625 3.865291459808834e-17 0.315625 0.05312500000000005 0.3484375 0.05312500000000005
0 0.3015625 3.5112919944303015e-17 0.271875 3.329508485181867e-17 0.271875 0.04218750000000003 0.3015625 0.04218750000000003
0 0.2953125 0.03593750000000003 0.2625 0.03593750000000003 0.2625 0.08281250000000004 0.2953125 0.08281250000000004
0 0.28125 0.07812500000000003 0.2453125 0.07812500000000003 0.2453125 0.13125000000000003 0.28125 0.13125000000000003
0 0.2359375 0.08281250000000002 0.1953125 0.08281250000000002 0.1953125 0.14218750000000005 0.2359375 0.14218750000000005
0 0.2515625 0.04218750000000003 0.2109375 0.042187500000000024 0.2109375 0.10156250000000004 0.2515625 0.10156250000000004
0 0.2546875 0.01718750000000003 0.221875 0.01718750000000003 0.221875 0.059375000000000025 0.2546875 0.059375000000000025
0 0.26875 3.0616169978683824e-17 0.23125 2.8319957230282545e-17 0.23125 0.03593750000000003 0.26875 0.03593750000000003
0 0.4734375 0.54375 0.415625 0.54375 0.415625 0.615625 0.4734375 0.615625
0 0.4765625 0.5984375 0.4125 0.5984375 0.4125 0.675 0.4765625 0.675
0 0.4796875000000001 0.6515625 0.409375 0.6515625 0.4093750000000001 0.728125 0.47968750000000016 0.728125
0 0.4796875000000001 0.7109375 0.4125 0.7109375 0.4125000000000001 0.79375 0.47968750000000016 0.79375
0 0.47968750000000016 0.7578125 0.4000000000000002 0.7578125 0.4000000000000002 0.9 0.47968750000000016 0.9
0 0.3890625000000001 0.76875 0.32500000000000007 0.76875 0.32500000000000007 0.9 0.3890625000000001 0.9
0 0.40312500000000007 0.7109375 0.3359375000000001 0.7109375 0.3359375000000001 0.79375 0.4031250000000002 0.79375
0 0.40625 0.6453125 0.3421875000000001 0.6453125 0.3421875000000001 0.721875 0.40625 0.721875
0 0.40625 0.5984375 0.3453125000000001 0.5984375 0.3453125000000001 0.675 0.40625 0.675
0 0.40625 0.55 0.3453125000000001 0.55 0.3453125000000001 0.609375 0.40625 0.609375
0 0.3421875000000001 0.5625 0.2921875000000001 0.5625 0.2921875000000001 0.621875 0.3421875000000001 0.621875
0 0.2750000000000001 0.5625 0.2250000000000001 0.5625 0.2250000000000001 0.609375 0.2750000000000001 0.609375
0 0.2140625000000001 0.5390625 0.15468750000000003 0.5390625 0.15468750000000006 0.621875 0.2140625000000001 0.621875
0 0.1546875000000001 0.5453125 0.08750000000000006 0.5453125 0.08750000000000006 0.628125 0.1546875000000001 0.628125
0 0.33281250000000007 0.6046875 0.2718750000000001 0.6046875 0.2718750000000001 0.68125 0.33281250000000007 0.68125
0 0.3296875000000001 0.6515625 0.26250000000000007 0.6515625 0.26250000000000007 0.728125 0.3296875000000001 0.728125
0 0.32500000000000007 0.7171875 0.2515625000000001 0.7171875 0.2515625000000001 0.79375 0.32500000000000007 0.79375
0 0.3218750000000001 0.7625 0.24218750000000008 0.7625 0.24218750000000008 0.89375 0.3218750000000001 0.89375
0 0.24218750000000008 0.76875 0.16406250000000008 0.76875 0.16406250000000008 0.89375 0.24218750000000008 0.89375
0 0.2484375000000001 0.6984375 0.1781250000000001 0.6984375 0.1781250000000001 0.7875 0.2484375000000001 0.7875
0 0.26250000000000007 0.6515625 0.1921875000000001 0.6515625 0.1921875000000001 0.734375 0.26250000000000007 0.734375
0 0.2718750000000001 0.6046875 0.2015625000000001 0.6046875 0.2015625000000001 0.68125 0.2718750000000001 0.68125
0 0.19531250000000008 0.5921875 0.1453125000000001 0.5921875 0.1453125000000001 0.6625 0.19531250000000008 0.6625
0 0.18125000000000008 0.6453125 0.11718750000000008 0.6453125 0.11718750000000008 0.721875 0.18125000000000008 0.721875
0 0.1687500000000001 0.7046875 0.0984375000000001 0.7046875 0.0984375000000001 0.79375 0.1687500000000001 0.79375
0 0.1609375000000001 0.78125 0.08437500000000009 0.78125 0.0843750000000001 0.9046875 0.1609375000000001 0.9046875
0 0.0812500000000001 0.7578125 9.280526524788537e-17 0.7578125 1.0179876517912375e-16 0.9046875 0.08125000000000011 0.9046875
0 0.0984375000000001 0.7109375 0.034375000000000086 0.7109375 0.03437500000000009 0.79375 0.0984375000000001 0.79375
0 0.11093750000000009 0.65625 0.050000000000000086 0.65625 0.050000000000000086 0.728125 0.11093750000000009 0.728125
0 0.1312500000000001 0.5984375 0.07031250000000007 0.5984375 0.07031250000000008 0.675 0.1312500000000001 0.675
0 0.14687500000000006 0.54375 0.09062500000000007 0.54375 0.09062500000000007 0.615625 0.1468750000000001 0.615625
0 0.16875000000000004 0.1953125 0.12812500000000004 0.1953125 0.12812500000000004 0.271875 0.16875000000000004 0.271875
0 0.11718750000000004 0.184375 0.07031250000000003 0.184375 0.07031250000000003 0.2734375 0.11718750000000004 0.2734375
0 0.13125000000000003 0.271875 0.07343750000000002 0.271875 0.07343750000000003 0.33125 0.13125000000000003 0.33125
0 0.06718750000000004 0.265625 0.014062500000000033 0.265625 0.014062500000000037 0.33125 0.06718750000000004 0.33125
0 0.05312500000000002 0.1890625 0.017187500000000022 0.1890625 0.017187500000000026 0.2375 0.05312500000000002 0.2375
0 0.07031250000000003 0.2078125 0.05312500000000002 0.2078125 0.05312500000000002 0.2375 0.07031250000000003 0.2375
0 0.01718750000000003 0.1890625 2.315347854637965e-17 0.1890625 3.147724975933431e-17 0.325 0.01718750000000004 0.325
0 0.175 0.05312500000000002 0.134375 0.05312500000000002 0.134375 0.10625 0.175 0.10625
0 0.13125 0.05312500000000001 0.0765625 0.053125 0.0765625 0.1 0.13125 0.1
0 0.1078125 1.0907010554906116e-17 0.0703125 8.610797806504827e-18 0.0703125 0.04218750000000001 0.1078125 0.04218750000000001
0 0.0671875 5.740531871003218e-18 0.0265625 3.2529680602351567e-18 0.0265625 0.035937500000000004 0.0671875 0.03593750000000001
0 0.07812500000000001 0.0421875 0.034375 0.0421875 0.034375 0.0953125 0.07812500000000003 0.0953125
0 0.029687500000000006 0.040625 4.975127621536122e-18 0.040625 7.845393557037732e-18 0.0875 0.029687500000000012 0.0875
0 0.0171875 1.0524308430172568e-18 0 0 2.2005372172179004e-18 0.0359375 0.017187500000000005 0.0359375