0 0.6015625000000002 0.7890625 0.3218750000000001 0.7890625 0.3218750000000001 0.9375 0.6015625000000002 0.9375
0 0.6562500000000002 0.8140625 0.5406250000000001 0.8140625 0.5406250000000001 0.9453125 0.6562500000000002 0.9453125
0 0.5468750000000002 0.8953125 0.45312500000000017 0.8953125 0.45312500000000017 0.9671875 0.5468750000000002 0.9671875
0 0.5953125000000001 0.7421875 0.4265625000000002 0.7421875 0.4265625000000002 0.8140625 0.5953125000000001 0.8140625
0 0.6828125000000002 0.73125 0.5906250000000002 0.73125 0.5906250000000002 0.840625 0.6828125000000002 0.840625
0 0.6390625000000001 0.715625 0.525 0.715625 0.5250000000000001 0.7640625 0.6390625000000002 0.7640625
0 0.5640625000000001 0.66875 0.3453125000000001 0.66875 0.3453125000000001 0.796875 0.5640625000000001 0.796875
0 0.3781250000000001 0.70625 0.2250000000000001 0.70625 0.2250000000000001 0.7859375 0.3781250000000001 0.7859375
0 0.2953125000000001 0.778125 0.1468750000000001 0.778125 0.1468750000000001 0.865625 0.2953125000000001 0.865625
0 0.3437500000000001 0.796875 0.2078125000000001 0.796875 0.2078125000000001 0.8953125 0.3437500000000001 0.8953125
0 0.2078125000000001 0.6703125 0.09218750000000009 0.6703125 0.09218750000000009 0.7828125 0.2078125000000001 0.7828125
0 0.12031250000000009 0.6796875 8.323771212954667e-17 0.6796875 9.261391418551857e-17 0.8328125 0.12031250000000009 0.8328125
0 0.1687500000000001 0.7859375 0.07656250000000009 0.7859375 0.0765625000000001 0.8296875 0.1687500000000001 0.8296875
0 0.4703125 0.014062500000000047 0.3390625 0.014062500000000039 0.3390625 0.10156250000000004 0.4703125 0.10156250000000004
0 0.584375 0.021875000000000068 0.48125 0.02187500000000006 0.48125 0.09375000000000007 0.584375 0.09375000000000007
0 0.671875 0.03593750000000008 0.5953125 0.03593750000000008 0.5953125 0.10937500000000008 0.671875 0.10937500000000008
0 0.759375 0.05937500000000009 0.678125 0.05937500000000009 0.678125 0.1390625000000001 0.759375 0.1390625000000001
0 0.86875 0.10156250000000008 0.74375 0.10156250000000008 0.74375 0.16406250000000008 0.86875 0.16406250000000008
0 0.934375 0.13125000000000012 0.825 0.1312500000000001 0.825 0.21093750000000008 0.934375 0.21093750000000008
0 0.9953125 0.1750000000000001 0.9015625 0.1750000000000001 0.9015625 0.26250000000000007 0.9953125 0.26250000000000007
0 0.9015625 0.1750000000000001 0.803125 0.1750000000000001 0.803125 0.2734375000000001 0.9015625 0.2734375000000001
0 0.7984375 0.13437500000000008 0.715625 0.13437500000000008 0.715625 0.18125000000000008 0.7984375 0.18125000000000008
0 0.825 0.18125000000000008 0.60625 0.18125000000000008 0.60625 0.2656250000000001 0.825 0.2656250000000001
0 0.7109375 0.11250000000000009 0.6171875 0.11250000000000009 0.6171875 0.19687500000000008 0.7109375 0.19687500000000008
0 0.6234375 0.09843750000000007 0.546875 0.09843750000000007 0.546875 0.1750000000000001 0.6234375 0.1750000000000001
0 0.30625 0.01875000000000003 0.175 0.018750000000000024 0.175 0.09843750000000004 0.30625 0.09843750000000004
0 0.35 0.01562500000000004 0.3 0.015625000000000038 0.3 0.08437500000000005 0.35 0.08437500000000005
0 0.4109375 0.08437500000000005 0.3125 0.08437500000000005 0.3125 0.15625000000000006 0.4109375 0.15625000000000006
0 0.5140625 0.08750000000000005 0.4265625 0.08750000000000005 0.4265625 0.15312500000000004 0.5140625 0.15312500000000004
0 0.56875 0.07968750000000006 0.4921875 0.07968750000000006 0.4921875 0.12343750000000006 0.56875 0.12343750000000009
0 0.2296875 0.06250000000000001 0.03281250000000001 0.0625 0.032812500000000015 0.17500000000000002 0.2296875 0.17500000000000004
0 0.05937500000000003 0.2 2.4492935982947065e-17 0.2 3.0042116791583504e-17 0.290625 0.059375000000000046 0.290625
0 0.07656250000000002 0.15 0.01093750000000002 0.15 0.010937500000000024 0.215625 0.07656250000000002 0.215625
0 0.17031250000000003 0.175 0.03906250000000002 0.175 0.03906250000000003 0.2625 0.17031250000000003 0.2625
0 0.203125 0.1453125 0.06093750000000002 0.1453125 0.06093750000000002 0.18593750000000003 0.203125 0.18593750000000003
0 0.12031250000000009 0.5859375 0.02187500000000007 0.5859375 0.02187500000000008 0.66875 0.12031250000000009 0.66875
0 0.1859375000000001 0.5890625 0.10937500000000008 0.5890625 0.10937500000000008 0.6734375 0.1859375000000001 0.6734375
0 0.3546875000000001 0.6140625 0.19687500000000008 0.6140625 0.19687500000000008 0.709375 0.3546875000000001 0.709375
0 0.459375 0.596875 0.3546875000000001 0.596875 0.3546875000000001 0.6953125 0.459375 0.6953125
0 0.5578125 0.625 0.4375 0.625 0.4375 0.709375 0.5578125 0.709375
0 0.7484375 0.6218750000000001 0.584375 0.621875 0.584375 0.7203125000000001 0.7484375 0.7203125000000001
0 0.809375 0.6187500000000001 0.7109375 0.61875 0.7109375 0.7093750000000001 0.809375 0.7093750000000002
0 0.8203125 0.5750000000000002 0.7265625 0.5750000000000002 0.7265625 0.6468750000000002 0.8203125 0.6468750000000002
0 0.7375 0.55 0.6171875 0.55 0.6171875 0.6296875000000001 0.7375 0.6296875000000002
0 0.65 0.6046875 0.584375 0.6046875 0.584375 0.659375 0.65 0.659375
0 0.6234375 0.50625 0.4921875 0.50625 0.4921875 0.6515625 0.6234375 0.6515625
0 0.4203125 0.53125 0.3281250000000001 0.53125 0.3281250000000001 0.6296875 0.4203125 0.6296875
0 0.31718750000000007 0.5453125 0.2234375000000001 0.5453125 0.2234375000000001 0.6296875 0.31718750000000007 0.6296875
0 0.23593750000000008 0.4953125 0.10468750000000004 0.4953125 0.10468750000000007 0.6078125 0.23593750000000008 0.6078125
0 0.14843750000000006 0.515625 0.06093750000000007 0.515625 0.06093750000000007 0.5640625 0.14843750000000008 0.5640625
0 0.07031250000000007 0.5234375 6.410260589286927e-17 0.5234375 6.946043563913895e-17 0.6109375 0.07031250000000007 0.6109375
0 0.2406250000000001 0.3890625 0.08750000000000005 0.3890625 0.08750000000000005 0.509375 0.2406250000000001 0.509375
0 0.37187500000000007 0.4296875 0.2296875000000001 0.4296875 0.2296875000000001 0.55625 0.37187500000000007 0.55625
0 0.4921875 0.4140625 0.3656250000000001 0.4140625 0.3656250000000001 0.4984375 0.4921875 0.4984375
0 0.5578125 0.4375 0.4703125 0.4375 0.4703125 0.5171875 0.5578125 0.5171875
0 0.7109375 0.3859375000000001 0.5296875 0.3859375000000001 0.5296875 0.490625 0.7109375 0.490625
0 0.671875 0.4734375 0.56875 0.4734375 0.56875 0.5828125 0.671875 0.5828125
0 0.78125 0.4468750000000001 0.65 0.446875 0.65 0.5421875 0.78125 0.5421875000000002
0 0.8578125 0.5015625000000001 0.7375 0.5015625000000001 0.7375 0.5750000000000002 0.8578125 0.5750000000000002
0 0.95625 0.47656250000000017 0.83125 0.47656250000000017 0.83125 0.5343750000000002 0.95625 0.5343750000000002
0 0.8421875 0.4000000000000002 0.7484375 0.4000000000000002 0.7484375 0.48750000000000016 0.8421875 0.48750000000000016
0 0.846875 0.36406250000000007 0.78125 0.36406250000000007 0.78125 0.4437500000000002 0.846875 0.4437500000000002
0 0.978125 0.4078125000000002 0.846875 0.4078125000000002 0.846875 0.47968750000000016 0.978125 0.47968750000000016
0 0.984375 0.37187500000000007 0.853125 0.37187500000000007 0.853125 0.42968750000000017 0.984375 0.42968750000000017
0 0.9953125 0.2984375000000001 0.9015625 0.2984375000000001 0.9015625 0.3859375000000001 0.9953125 0.3859375000000001
0 0.9453125 0.27031250000000007 0.8421875 0.27031250000000007 0.8421875 0.3281250000000001 0.9453125 0.3281250000000001
0 0.8640625 0.2734375000000001 0.7921875 0.2734375000000001 0.7921875 0.31718750000000007 0.8640625 0.31718750000000007
0 0.8203125 0.25468750000000007 0.7265625 0.25468750000000007 0.7265625 0.2875000000000001 0.8203125 0.2875000000000001
0 0.8203125 0.2734375000000001 0.6390625 0.2734375000000001 0.6390625 0.35625000000000007 0.8203125 0.35625000000000007
0 0.7765625 0.3609375000000001 0.6609375 0.3609375000000001 0.6609375 0.4406250000000001 0.7765625 0.44062500000000016
0 0.8578125 0.3593750000000001 0.7984375 0.3593750000000001 0.7984375 0.4109375000000002 0.8578125 0.4109375000000002
0 0.6234375 0.3421875000000001 0.4859375 0.3421875000000001 0.4859375 0.421875 0.6234375 0.421875
0 0.6609375 0.2875000000000001 0.4703125 0.2875000000000001 0.4703125 0.3703125000000001 0.6609375 0.3703125000000001
0 0.6234375 0.2296875000000001 0.4640625 0.2296875000000001 0.4640625 0.3062500000000001 0.6234375 0.3062500000000001
0 0.6171875 0.18281250000000007 0.4859375 0.18281250000000004 0.4859375 0.2406250000000001 0.6171875 0.2406250000000001
0 0.540625 0.12031250000000004 0.459375 0.12031250000000004 0.459375 0.19218750000000004 0.540625 0.19218750000000004
0 0.6125 0.11250000000000009 0.546875 0.11250000000000009 0.546875 0.18906250000000008 0.6125 0.18906250000000008
0 0.4703125 0.17812500000000003 0.3390625 0.17812500000000003 0.3390625 0.26250000000000007 0.4703125 0.26250000000000007
0 0.37187500000000007 0.31718750000000007 0.21875 0.3171875 0.21875000000000006 0.440625 0.37187500000000007 0.440625
0 0.496875 0.3375000000000001 0.371875 0.3375000000000001 0.37187500000000007 0.4109375 0.496875 0.4109375
0 0.459375 0.259375 0.3390625 0.259375 0.3390625 0.33906250000000004 0.459375 0.3390625000000001
0 0.409375 0.24687500000000004 0.328125 0.246875 0.328125 0.30156250000000007 0.409375 0.30156250000000007
0 0.30625 0.2796875 0.2015625 0.2796875 0.2015625 0.3421875 0.30625 0.3421875
0 0.2890625 0.246875 0.19687500000000005 0.246875 0.19687500000000005 0.2953125 0.2890625 0.2953125
0 0.3390625 0.18281250000000002 0.15781250000000005 0.1828125 0.15781250000000005 0.259375 0.3390625 0.259375
0 0.3671875 0.11562500000000005 0.225 0.11562500000000005 0.225 0.20000000000000004 0.3671875 0.2000000000000001
0 0.19687500000000005 0.2359375 2.8894010417382865e-17 0.2359375 3.559129760021995e-17 0.3453125 0.19687500000000005 0.3453125
0 0.21875000000000006 0.33125 0.06562500000000004 0.33125 0.06562500000000004 0.3890625 0.21875000000000008 0.3890625
0 0.09218750000000006 0.421875 5.166478683902896e-17 0.421875 5.72139676476654e-17 0.5125 0.09218750000000006 0.5125
0 0.10312500000000005 0.3484375 4.267128690779059e-17 0.3484375 4.7550738998143316e-17 0.428125 0.10312500000000005 0.428125
2 0.9953125 0.4000000000000002 0.803125 0.4000000000000002 0.803125 0.996875 0.9953125 0.996875