0 0.996875 0.7328125000000002 0.7593750000000001 0.7328125000000002 0.7593750000000001 0.8859375 0.996875 0.8859375
0 0.7625000000000001 0.6531250000000001 0.528125 0.653125 0.5281250000000001 0.8859375 0.7625000000000002 0.8859375
0 0.5765625000000001 0.6765625 0.3390625000000001 0.6765625 0.3390625000000001 0.8859375 0.5765625000000002 0.8859375
0 0.3500000000000001 0.75625 0.13281250000000008 0.75625 0.13281250000000008 0.88125 0.3500000000000001 0.88125
0 0.3109375000000001 0.415625 5.089938258956187e-17 0.415625 7.94106908822112e-17 0.88125 0.3109375000000001 0.88125
0 0.4406250000000001 0.36875 0.22031250000000008 0.36875 0.22031250000000008 0.7390625 0.44062500000000016 0.7390625
0 0.565625 0.16562500000000008 0.321875 0.16562500000000005 0.321875 0.528125 0.565625 0.528125
0 0.7375 0.3343750000000001 0.4859375 0.3343750000000001 0.4859375 0.659375 0.7375 0.6593750000000002
0 0.7765625 0.5234375000000001 0.68125 0.5234375 0.68125 0.6937500000000001 0.7765625 0.6937500000000002
0 0.934375 0.4265625000000002 0.7796875 0.4265625000000002 0.7796875000000001 0.7500000000000002 0.934375 0.7500000000000002
0 0.996875 0.4203125000000002 0.9015625 0.4203125000000002 0.9015625 0.81875 0.996875 0.81875
0 0.8953125 0.2390625000000001 0.675 0.2390625000000001 0.675 0.5906250000000001 0.8953125 0.5906250000000002
0 0.49375 0.5171875 0.4296875 0.5171875 0.4296875 0.6140625 0.49375 0.6140625
0 0.996875 0.2734375000000001 0.8734375 0.2734375000000001 0.8734375 0.4437500000000002 0.996875 0.4437500000000002
0 0.975 0.2328125000000001 0.878125 0.2328125000000001 0.878125 0.3187500000000001 0.975 0.3187500000000001
0 0.8890625 0.12031250000000009 0.665625 0.12031250000000009 0.665625 0.3531250000000001 0.8890625 0.3531250000000001
0 0.5875 0.07968750000000005 0.4296875 0.07968750000000005 0.4296875 0.3062500000000001 0.5875 0.3062500000000001
0 0.6546875 0.2156250000000001 0.584375 0.2156250000000001 0.584375 0.3234375000000001 0.6546875 0.3234375000000001
0 0.6984375 0.1531250000000001 0.615625 0.1531250000000001 0.615625 0.2906250000000001 0.6984375 0.2906250000000001
0 0.7765625 0.09687500000000009 0.6640625 0.09687500000000009 0.6640625 0.16406250000000008 0.7765625 0.16406250000000008
0 0.6671875 0.1593750000000001 0.6015625 0.1593750000000001 0.6015625 0.2218750000000001 0.6671875 0.2218750000000001
0 0.61875 0.08437500000000006 0.5875 0.08437500000000006 0.5875 0.2218750000000001 0.61875 0.2218750000000001
0 0.4125 3.8748590129271723e-17 0.2203125 2.6980499793715128e-17 0.2203125 0.22656250000000006 0.4125 0.22656250000000008
0 0.4625 0.09687500000000006 0.3015625 0.09687500000000004 0.3015625 0.35156250000000006 0.4625 0.3515625000000001
0 0.30468750000000006 0.11406250000000002 0.1328125 0.1140625 0.13281250000000003 0.4203125 0.3046875000000001 0.4203125
0 0.23125000000000004 0.14843750000000003 1.8178350924843523e-17 0.1484375 3.7313457161520915e-17 0.4609375 0.2312500000000001 0.4609375
0 0.1328125 8.132420150587892e-18 0 0 1.0045930774255631e-17 0.1640625 0.1328125 0.1640625
0 0.2234375 0.01718750000000002 0.1125 0.017187500000000012 0.1125 0.14218750000000002 0.2234375 0.14218750000000005