0 0.4500000000000002 0.8359375 0.0640625000000001 0.8359375 0.0640625000000001 0.990625 0.4500000000000002 0.990625
0 0.7062500000000002 0.7765625 0.4234375000000002 0.7765625 0.4234375000000002 0.9953125 0.7062500000000002 0.9953125
0 0.3625000000000001 0.5921875 0.18750000000000008 0.5921875 0.18750000000000008 0.8609375 0.3625000000000001 0.8609375
0 0.2234375000000001 0.571875 7.003448882623926e-17 0.571875 9.596255777693713e-17 0.9953125 0.2234375000000001 0.9953125
0 0.3625000000000001 0.496875 0.18750000000000006 0.496875 0.18750000000000006 0.6765625 0.3625000000000001 0.6765625
0 0.08437500000000007 0.5328125 6.52507122670699e-17 0.5328125 7.433988772949167e-17 0.68125 0.08437500000000009 0.68125
0 0.15937500000000007 0.2890625 0.04375000000000003 0.2890625 0.04375000000000005 0.571875 0.1593750000000001 0.571875
0 0.10468750000000004 0.2984375 0.07656250000000005 0.2984375 0.07656250000000005 0.3984375 0.10468750000000004 0.3984375
0 0.08437500000000006 0.39375 0.051562500000000046 0.39375 0.05156250000000005 0.5125 0.08437500000000006 0.5125
0 0.25468750000000007 0.4125 0.12343750000000005 0.4125 0.12343750000000006 0.5875 0.25468750000000007 0.5875
0 0.7656250000000002 0.7312500000000001 0.3390625000000001 0.73125 0.3390625000000001 0.840625 0.7656250000000002 0.840625
0 0.7656250000000002 0.9109375 0.7250000000000002 0.9109375 0.7250000000000002 0.965625 0.7656250000000002 0.965625
0 0.7890625000000002 0.8859375 0.7562500000000002 0.8859375 0.7562500000000002 0.9296875 0.7890625000000002 0.9296875
0 0.821875 0.8796875 0.7937500000000002 0.8796875 0.7937500000000002 0.915625 0.821875 0.915625
0 0.8484375 0.85625 0.828125 0.85625 0.828125 0.88125 0.8484375 0.88125
0 0.7531250000000002 0.8453125 0.7125000000000001 0.8453125 0.7125000000000001 0.9109375 0.7531250000000002 0.9109375
0 0.7375000000000002 0.8953125 0.7015625000000002 0.8953125 0.7015625000000002 0.9359375 0.7375000000000002 0.9359375
0 0.7093750000000002 0.90625 0.6890625000000001 0.90625 0.6890625000000001 0.95625 0.7093750000000002 0.95625
0 0.6968750000000001 0.85625 0.6734375000000001 0.85625 0.6734375000000001 0.9 0.6968750000000001 0.9
0 0.996875 0.5328125000000001 0.909375 0.5328125000000001 0.909375 0.8109375 0.996875 0.8109375
0 0.996875 0.18437500000000012 0.7734375 0.1843750000000001 0.7734375 0.7109375000000002 0.996875 0.7109375000000002
0 0.9484375 0.7359375000000001 0.84375 0.7359375000000001 0.84375 0.88125 0.9484375 0.88125
0 0.8890625 0.6875000000000002 0.8375 0.6875000000000002 0.8375 0.7421875000000002 0.8890625 0.7421875000000002
0 0.8453125 0.7125000000000001 0.7375 0.7125000000000001 0.7375 0.8765625 0.8453125 0.8765625
0 0.8921875 0.9203125 0.8046875 0.9203125 0.8046875 0.9953125 0.8921875 0.9953125
0 0.9015625 0.85 0.7578125000000002 0.85 0.7578125000000002 0.9953125 0.9015625 0.9953125
0 0.86875 0.85625 0.7093750000000002 0.85625 0.7093750000000002 0.9953125 0.86875 0.9953125
0 0.7734375000000001 0.5328125000000001 0.6453125 0.5328125 0.6453125000000001 0.7468750000000001 0.7734375000000002 0.7468750000000002
0 0.6968750000000001 0.6171875 0.3593750000000001 0.6171875 0.3593750000000001 0.740625 0.6968750000000001 0.740625
0 0.6578125 0.3937500000000001 0.4625 0.3937500000000001 0.4625 0.6625 0.6578125 0.6625
0 0.49375 0.496875 0.3156250000000001 0.496875 0.3156250000000001 0.671875 0.49375 0.671875
0 0.821875 0.3296875000000001 0.5828125 0.3296875000000001 0.5828125 0.5781250000000001 0.821875 0.5781250000000002
0 0.8734375 0.3234375000000001 0.8015625 0.3234375000000001 0.8015625 0.4234375000000002 0.8734375 0.4234375000000002
0 0.9015625 0.2890625000000001 0.7421875 0.2890625000000001 0.7421875 0.3984375000000001 0.9015625 0.3984375000000001
0 0.925 0.2687500000000001 0.840625 0.2687500000000001 0.840625 0.34843750000000007 0.925 0.34843750000000007
0 0.9953125 1.116533448910126e-16 0.828125 1.0141606305439018e-16 0.828125 0.1984375000000001 0.9953125 0.19843750000000013
0 0.9 0.08906250000000011 0.8484375 0.08906250000000011 0.8484375 0.1546875000000001 0.9 0.1546875000000001
0 0.9046875 0.0890625000000001 0.696875 0.08906250000000009 0.696875 0.2984375000000001 0.9046875 0.2984375000000001
0 0.78125 0.2140625000000001 0.69375 0.2140625000000001 0.69375 0.2890625000000001 0.78125 0.2890625000000001
0 0.7578125 0.2531250000000001 0.69375 0.2531250000000001 0.69375 0.3437500000000001 0.7578125 0.3437500000000001
0 0.69375 0.2250000000000001 0.6171875 0.2250000000000001 0.6171875 0.3343750000000001 0.69375 0.3343750000000001
0 0.6140625 0.2687500000000001 0.534375 0.2687500000000001 0.534375 0.3828125000000001 0.6140625 0.3828125000000001
0 0.7046875 0.01093750000000007 0.4421875 0.010937500000000055 0.4421875 0.30937500000000007 0.7046875 0.30937500000000007
0 0.8375 8.888256846936649e-17 0.6140625 7.520096751014216e-17 0.6140625 0.12500000000000008 0.8375 0.12500000000000008
0 0.625 6.993881329505588e-17 0.5171875 6.333720164340217e-17 0.5171875 0.03437500000000007 0.625 0.03437500000000008
0 0.5375 0.16875000000000004 0.24375 0.16875000000000004 0.24375000000000005 0.4921875 0.5375 0.4921875
0 0.4734375 0.5078125 0.3750000000000001 0.5078125 0.3750000000000001 0.5765625 0.4734375 0.5765625
0 0.378125 2.6789148731348354e-17 0.059375 7.271340369937409e-18 0.05937500000000001 0.20468750000000005 0.378125 0.20468750000000008
0 0.5015625 4.802911665406026e-17 0.2828125 3.463454228838608e-17 0.2828125 0.07500000000000005 0.5015625 0.07500000000000007
0 0.303125 0.10468750000000004 0.278125 0.10468750000000004 0.278125 0.14375000000000004 0.303125 0.14375000000000004
0 0.2984375 0.12500000000000006 0.2671875 0.12500000000000006 0.2671875 0.16406250000000006 0.2984375 0.16406250000000006
0 0.290625 0.14375000000000004 0.2546875 0.14375000000000004 0.2546875 0.17968750000000006 0.290625 0.17968750000000006
0 0.2796875 0.17500000000000004 0.2515625 0.17500000000000004 0.2515625 0.2046875 0.2796875 0.2046875
0 0.2703125 0.19375000000000003 0.2390625 0.19375000000000003 0.2390625 0.2234375 0.2703125 0.2234375
0 0.259375 0.2140625 0.2234375 0.2140625 0.2234375 0.253125 0.259375 0.253125
0 0.246875 0.24375 0.2078125 0.24375 0.2078125 0.278125 0.246875 0.278125
0 0.2359375 0.2734375 0.19218750000000004 0.2734375 0.19218750000000004 0.309375 0.2359375 0.309375
0 0.21875 0.3046875 0.18750000000000006 0.3046875 0.18750000000000006 0.334375 0.21875 0.334375
0 0.31562500000000004 0.08906250000000003 0.1765625 0.08906250000000002 0.1765625 0.378125 0.3156250000000001 0.378125
0 0.26250000000000007 0.10937500000000003 0.1 0.109375 0.10000000000000002 0.496875 0.26250000000000007 0.496875
0 0.23437500000000006 0.1296875 0.1 0.1296875 0.10000000000000002 0.496875 0.23437500000000008 0.496875
0 0.13906250000000003 0.05000000000000001 0.03593750000000001 0.05 0.035937500000000025 0.253125 0.13906250000000003 0.253125
0 0.0921875 0.07968750000000001 0.00781250000000001 0.0796875 0.007812500000000017 0.2140625 0.09218750000000002 0.2140625
0 0.19062500000000002 0.13906250000000003 1.703024455064288e-17 0.1390625 3.463454228838608e-17 0.4265625 0.19062500000000004 0.4265625
0 0.18750000000000006 0.18906250000000002 0.007812500000000023 0.1890625 0.007812500000000038 0.4328125 0.18750000000000006 0.4328125
0 0.07500000000000004 0.21875 2.6789148731348354e-17 0.21875 3.099887210341738e-17 0.2875 0.07500000000000004 0.2875