0 0.6140625 0.4109375 0.4546875 0.4109375 0.4546875 0.53125 0.6140625 0.53125
0 0.8625 0.3890625000000001 0.771875 0.3890625000000001 0.771875 0.5968750000000002 0.8625 0.5968750000000002
0 0.4984375000000002 0.7765625 0.3203125000000001 0.7765625 0.3203125000000001 0.9953125 0.4984375000000002 0.9953125
0 0.6406250000000002 0.8359375 0.47968750000000016 0.8359375 0.47968750000000016 0.9953125 0.6406250000000002 0.9953125
0 0.3281250000000001 0.525 0.14531250000000004 0.525 0.14531250000000007 0.8578125 0.3281250000000001 0.8578125
0 0.3375000000000001 0.8359375 0.2656250000000001 0.8359375 0.2656250000000001 0.934375 0.3375000000000001 0.934375
0 0.5062500000000001 0.584375 0.3609375000000001 0.584375 0.3609375000000001 0.7328125 0.5062500000000002 0.7328125
0 0.6406250000000001 0.634375 0.490625 0.634375 0.4906250000000001 0.7484375 0.6406250000000002 0.7484375
0 0.6546875000000001 0.7046875 0.5484375 0.7046875 0.5484375000000001 0.8203125 0.6546875000000002 0.8203125
0 0.7718750000000001 0.628125 0.59375 0.628125 0.5937500000000001 0.7921875 0.7718750000000002 0.7921875000000002
0 0.815625 0.721875 0.615625 0.721875 0.6156250000000001 0.9125 0.815625 0.9125
0 0.8625 0.49218750000000017 0.7453125 0.49218750000000017 0.7453125 0.7875000000000002 0.8625 0.7875000000000002
0 0.8765625 0.18125000000000008 0.6875 0.18125000000000008 0.6875 0.4437500000000001 0.8765625 0.4437500000000002
0 0.7125 0.1750000000000001 0.6546875 0.1750000000000001 0.6546875 0.2515625000000001 0.7125 0.2515625000000001
0 0.7125 0.13750000000000007 0.5171875 0.13750000000000004 0.5171875 0.2578125000000001 0.7125 0.2578125000000001
0 0.5640625 0.032812500000000064 0.4546875 0.03281250000000006 0.4546875 0.2296875000000001 0.5640625 0.2296875000000001
0 0.490625 0.02187500000000005 0.309375 0.02187500000000004 0.309375 0.27812500000000007 0.490625 0.27812500000000007
0 0.3234375 0.054687500000000035 0.2109375 0.05468750000000002 0.2109375 0.2625 0.3234375 0.2625
0 0.36406250000000007 0.22343750000000004 0.18125000000000005 0.2234375 0.18125000000000005 0.4921875 0.36406250000000007 0.4921875
0 0.371875 0.2515625 0.28125 0.2515625 0.28125 0.32812500000000006 0.371875 0.3281250000000001
0 0.30937500000000007 0.290625 0.10937500000000004 0.290625 0.10937500000000007 0.553125 0.30937500000000007 0.553125
0 0.18906250000000008 0.4375 0.07656250000000005 0.4375 0.07656250000000006 0.590625 0.18906250000000008 0.590625
0 0.8625 5.702261658529864e-17 0.06875 8.419446744138053e-18 0.06875000000000006 0.9953125 0.8625 0.9953125
3 0.996875 9.309229184143553e-17 0.5234375 6.410260589286927e-17 0.5234375 0.4921875000000001 0.996875 0.49218750000000017