0 0.8765625 0.5671875000000001 0.44375 0.5671875 0.4437500000000001 0.99375 0.8765625 0.99375
0 0.5140625000000002 0.8703125 0.4000000000000002 0.8703125 0.4000000000000002 0.99375 0.5140625000000002 0.99375
0 0.9015625 8.51512227532144e-17 0.4890625 5.989288252080025e-17 0.4890625 0.721875 0.9015625 0.7218750000000002
0 0.5328125000000001 3.8270212473354795e-17 0.0921875 1.1289712679639661e-17 0.09218750000000006 0.8515625 0.5328125000000001 0.8515625
0 0.3265625000000001 0.8390625 0.10781250000000009 0.8390625 0.10781250000000012 0.99375 0.3265625000000001 0.99375
0 0.45312500000000017 0.8 0.26250000000000007 0.8 0.26250000000000007 0.99375 0.45312500000000017 0.99375
0 0.971875 0.6250000000000002 0.846875 0.6250000000000002 0.846875 0.7421875000000002 0.971875 0.7421875000000002
0 0.9609375 0.7421875000000002 0.859375 0.7421875000000002 0.859375 0.8703125 0.9609375 0.8703125
0 0.959375 0.2906250000000001 0.8984375 0.2906250000000001 0.8984375 0.4703125000000002 0.959375 0.4703125000000002
0 0.08906250000000006 0.3546875 0.05312500000000005 0.3546875 0.053125000000000054 0.496875 0.08906250000000007 0.496875
0 0.09843750000000007 0.496875 0.012500000000000061 0.496875 0.012500000000000067 0.60625 0.09843750000000007 0.60625
0 0.5265625 5.769234530358234e-17 0.415625 5.089938258956187e-17 0.415625 0.08437500000000006 0.5265625 0.08437500000000006