0 0.25468750000000007 0.6609375 0.21093750000000008 0.6609375 0.21093750000000008 0.721875 0.25468750000000007 0.721875
0 0.2875000000000001 0.65 0.2468750000000001 0.65 0.2468750000000001 0.7046875 0.2875000000000001 0.7046875
0 0.3281250000000001 0.6171875 0.2843750000000001 0.6171875 0.2843750000000001 0.671875 0.3281250000000001 0.671875
0 0.3500000000000001 0.60625 0.3125000000000001 0.60625 0.3125000000000001 0.65625 0.3500000000000001 0.65625
0 0.3812500000000001 0.584375 0.3453125000000001 0.584375 0.3453125000000001 0.634375 0.3812500000000001 0.634375
0 0.403125 0.584375 0.3781250000000001 0.584375 0.3781250000000001 0.6234375 0.403125 0.6234375
0 0.41875 0.5625 0.3859375000000001 0.5625 0.3859375000000001 0.6015625 0.41875 0.6015625
0 0.21875000000000008 0.65 0.1859375000000001 0.65 0.1859375000000001 0.69375 0.21875000000000008 0.69375
0 0.1859375000000001 0.65625 0.1453125000000001 0.65625 0.1453125000000001 0.7109375 0.1859375000000001 0.7109375
0 0.4828125 0.51875 0.4546875 0.51875 0.4546875 0.5625 0.4828125 0.5625
0 0.465625 0.503125 0.4328125 0.503125 0.4328125 0.525 0.465625 0.525
0 0.4546875 0.51875 0.425 0.51875 0.425 0.5578125 0.4546875 0.5578125
0 0.4546875 0.546875 0.4296875 0.546875 0.4296875 0.5796875 0.4546875 0.5796875
0 0.4328125 0.5625 0.4109375 0.5625 0.4109375 0.6015625 0.4328125 0.6015625
0 0.4296875 0.51875 0.4078125 0.51875 0.4078125 0.5625 0.4296875 0.5625
0 0.421875 0.4921875 0.3890625000000001 0.4921875 0.3890625000000001 0.5140625 0.421875 0.5140625
0 0.4109375 0.540625 0.3859375000000001 0.540625 0.3859375000000001 0.5734375 0.4109375 0.5734375
0 0.3859375000000001 0.5578125 0.3453125000000001 0.5578125 0.3453125000000001 0.584375 0.3859375000000001 0.584375
0 0.3671875000000001 0.5296875 0.3343750000000001 0.5296875 0.3343750000000001 0.5796875 0.3671875000000001 0.5796875
0 0.3890625000000001 0.5078125 0.3531250000000001 0.5078125 0.3531250000000001 0.5296875 0.3890625000000001 0.5296875
0 0.4078125 0.525 0.3703125000000001 0.525 0.3703125000000001 0.5578125 0.4078125 0.5578125
0 0.3859375000000001 0.4765625 0.3531250000000001 0.4765625 0.3531250000000001 0.509375 0.3859375000000001 0.509375
0 0.3343750000000001 0.5515625 0.3062500000000001 0.5515625 0.3062500000000001 0.590625 0.3343750000000001 0.590625
0 0.34843750000000007 0.584375 0.30937500000000007 0.584375 0.30937500000000007 0.6125 0.34843750000000007 0.6125
0 0.2875000000000001 0.5578125 0.2578125000000001 0.5578125 0.2578125000000001 0.6125 0.2875000000000001 0.6125
0 0.3062500000000001 0.584375 0.2796875000000001 0.584375 0.2796875000000001 0.6234375 0.3062500000000001 0.6234375
0 0.2656250000000001 0.584375 0.2296875000000001 0.584375 0.2296875000000001 0.634375 0.2656250000000001 0.634375
0 0.2843750000000001 0.6125 0.2687500000000001 0.6125 0.2687500000000001 0.65 0.2843750000000001 0.65
0 0.2687500000000001 0.634375 0.2296875000000001 0.634375 0.2296875000000001 0.6609375 0.2687500000000001 0.6609375
0 0.3531250000000001 0.4640625 0.3265625000000001 0.4640625 0.3265625000000001 0.503125 0.3531250000000001 0.503125
0 0.3234375000000001 0.48125 0.2953125000000001 0.48125 0.2953125000000001 0.5078125 0.3234375000000001 0.5078125
0 0.2984375000000001 0.4703125 0.2796875000000001 0.4703125 0.2796875000000001 0.5078125 0.2984375000000001 0.5078125
0 0.2406250000000001 0.459375 0.2078125000000001 0.459375 0.2078125000000001 0.4921875 0.2406250000000001 0.4921875
0 0.2218750000000001 0.4921875 0.18906250000000005 0.4921875 0.18906250000000005 0.51875 0.2218750000000001 0.51875
0 0.17812500000000003 0.48125 0.15625000000000006 0.48125 0.15625000000000006 0.5078125 0.17812500000000003 0.5078125
0 0.2000000000000001 0.475 0.18125000000000005 0.475 0.18125000000000005 0.503125 0.2000000000000001 0.503125
0 0.2296875000000001 0.6234375 0.2000000000000001 0.6234375 0.2000000000000001 0.6609375 0.2296875000000001 0.6609375
0 0.24375000000000008 0.584375 0.2000000000000001 0.584375 0.2000000000000001 0.628125 0.24375000000000008 0.628125
0 0.2484375000000001 0.5578125 0.2156250000000001 0.5578125 0.2156250000000001 0.584375 0.2484375000000001 0.584375
0 0.18906250000000008 0.5625 0.15625000000000008 0.5625 0.15625000000000008 0.6015625 0.18906250000000008 0.6015625
0 0.21093750000000008 0.56875 0.1859375000000001 0.56875 0.1859375000000001 0.6171875 0.21093750000000008 0.6171875
0 0.21875000000000008 0.5296875 0.18593750000000003 0.5296875 0.18593750000000006 0.5625 0.21875000000000008 0.5625
0 0.2000000000000001 0.60625 0.1453125000000001 0.60625 0.1453125000000001 0.6671875 0.2000000000000001 0.6671875
0 0.15000000000000008 0.634375 0.11250000000000009 0.634375 0.11250000000000009 0.7 0.15000000000000008 0.7
0 0.11250000000000009 0.634375 0.08437500000000006 0.634375 0.08437500000000007 0.6890625 0.11250000000000009 0.6890625
0 0.08750000000000009 0.6453125 0.06562500000000009 0.6453125 0.06562500000000009 0.6828125 0.08750000000000009 0.6828125
0 0.06250000000000008 0.628125 0.03281250000000008 0.628125 0.03281250000000008 0.671875 0.06250000000000008 0.671875
0 0.04062500000000008 0.60625 0.014062500000000071 0.60625 0.014062500000000075 0.65625 0.04062500000000008 0.65625
0 0.018750000000000076 0.5953125 7.290475476174086e-17 0.5953125 7.596637175960924e-17 0.6453125 0.01875000000000008 0.6453125
0 0.02500000000000007 0.5625 6.888638245203862e-17 0.5625 7.089556860688975e-17 0.5953125 0.025000000000000078 0.5953125
0 0.06250000000000007 0.5734375 0.014062500000000071 0.5734375 0.014062500000000071 0.60625 0.06250000000000007 0.60625
0 0.07343750000000007 0.5953125 0.04062500000000008 0.5953125 0.04062500000000008 0.634375 0.07343750000000007 0.634375
0 0.11250000000000009 0.5953125 0.07343750000000007 0.5953125 0.07343750000000007 0.6390625 0.11250000000000009 0.6390625
0 0.1609375000000001 0.5734375 0.11250000000000009 0.5734375 0.11250000000000009 0.6390625 0.1609375000000001 0.6390625
0 0.06562500000000007 0.5359375 0.025000000000000067 0.5359375 0.025000000000000067 0.5734375 0.06562500000000007 0.5734375
0 0.11250000000000009 0.5734375 0.06875000000000006 0.5734375 0.06875000000000006 0.5953125 0.11250000000000009 0.5953125
0 0.11718750000000007 0.5296875 0.06875000000000006 0.5296875 0.06875000000000006 0.56875 0.11718750000000008 0.56875
0 0.17812500000000006 0.540625 0.15625000000000006 0.540625 0.15625000000000006 0.5625 0.1781250000000001 0.5625
0 0.15625000000000008 0.5515625 0.11718750000000008 0.5515625 0.11718750000000008 0.5734375 0.15625000000000008 0.5734375
0 0.15000000000000005 0.503125 0.11718750000000004 0.503125 0.11718750000000004 0.5359375 0.15000000000000005 0.5359375
0 0.17812500000000003 0.5140625 0.14531250000000004 0.5140625 0.14531250000000004 0.5359375 0.17812500000000003 0.5359375
0 0.15000000000000008 0.525 0.11718750000000004 0.525 0.11718750000000007 0.546875 0.15000000000000008 0.546875
0 0.534375 0.459375 0.4078125 0.459375 0.4078125 0.5515625 0.534375 0.5515625
0 0.5828125 0.44375 0.4625 0.44375 0.4625 0.5203125 0.5828125 0.5203125
0 0.603125 0.409375 0.5015625 0.409375 0.5015625 0.503125 0.603125 0.503125
0 0.6796875 0.3828125000000001 0.64375 0.3828125000000001 0.64375 0.4203125 0.6796875 0.4203125
0 0.6734375 0.4265625 0.625 0.4265625 0.625 0.4640625 0.6734375 0.4640625
0 0.9453125 0.38750000000000007 0.93125 0.38750000000000007 0.93125 0.4156250000000002 0.9453125 0.4156250000000002
0 0.9234375 0.3984375000000001 0.909375 0.3984375000000001 0.909375 0.4156250000000002 0.9234375 0.4156250000000002
0 0.9171875 0.37187500000000007 0.9015625 0.37187500000000007 0.9015625 0.3828125000000001 0.9171875 0.3828125000000001
0 0.9265625 0.38750000000000007 0.909375 0.38750000000000007 0.909375 0.4046875000000002 0.9265625 0.4046875000000002
0 0.8984375 0.4046875000000002 0.8765625 0.4046875000000002 0.8765625 0.4156250000000002 0.8984375 0.4156250000000002
0 0.909375 0.3937500000000001 0.8984375 0.3937500000000001 0.8984375 0.40937500000000016 0.909375 0.40937500000000016
0 0.9015625 0.3828125000000001 0.8796875 0.3828125000000001 0.8796875 0.4046875000000002 0.9015625 0.4046875000000002
0 0.8796875 0.3937500000000001 0.865625 0.3937500000000001 0.865625 0.4203125000000002 0.8796875 0.4203125000000002
0 0.996875 0.5187500000000002 0.8625 0.5187500000000002 0.8625 0.5734375000000002 0.996875 0.5734375000000002
0 0.996875 0.5953125000000001 0.975 0.5953125000000001 0.975 0.6062500000000002 0.996875 0.6062500000000002
0 0.9671875 0.5906250000000002 0.95625 0.5906250000000002 0.95625 0.6062500000000002 0.9671875 0.6062500000000002
0 0.996875 0.6125000000000002 0.975 0.6125000000000002 0.975 0.6343750000000001 0.996875 0.6343750000000001
0 0.978125 0.6171875000000002 0.95625 0.6171875000000002 0.95625 0.6453125000000002 0.978125 0.6453125000000002
0 0.98125 0.6453125000000002 0.95625 0.6453125000000002 0.95625 0.6828125000000002 0.98125 0.6828125000000002
0 0.996875 0.6390625000000002 0.9859375 0.6390625000000002 0.9859375 0.6609375000000002 0.996875 0.6609375000000002
0 0.95625 0.6453125000000002 0.9453125 0.6453125000000002 0.9453125 0.6671875000000002 0.95625 0.6671875000000002
0 0.9453125 0.6390625000000002 0.9234375 0.6390625000000002 0.9234375 0.6671875000000002 0.9453125 0.6671875000000002
0 0.9203125 0.6453125000000002 0.9046875 0.6453125000000002 0.9046875 0.6609375000000002 0.9203125 0.6609375000000002
0 0.8984375 0.6343750000000001 0.8828125 0.6343750000000001 0.8828125 0.6562500000000002 0.8984375 0.6562500000000002
0 0.8796875 0.6390625000000002 0.86875 0.6390625000000002 0.86875 0.6609375000000002 0.8796875 0.6609375000000002
0 0.865625 0.6281250000000002 0.846875 0.6281250000000002 0.846875 0.6562500000000002 0.865625 0.6562500000000002
0 0.953125 0.6781250000000002 0.934375 0.6781250000000002 0.934375 0.6937500000000002 0.953125 0.6937500000000002
0 0.9390625 0.6781250000000002 0.9234375 0.6781250000000002 0.9234375 0.6890625000000001 0.9390625 0.6890625000000001
0 0.928125 0.6718750000000002 0.9015625 0.6718750000000002 0.9015625 0.6828125000000002 0.928125 0.6828125000000002
0 0.95625 0.6171875000000002 0.934375 0.6171875000000002 0.934375 0.6390625000000002 0.95625 0.6390625000000002
0 0.95 0.5906250000000002 0.934375 0.5906250000000002 0.934375 0.6125000000000002 0.95 0.6125000000000002
0 0.93125 0.5843750000000002 0.9203125 0.5843750000000002 0.9203125 0.6015625000000002 0.93125 0.6015625000000002
0 0.934375 0.6062500000000002 0.9203125 0.6062500000000002 0.9203125 0.6281250000000002 0.934375 0.6281250000000002
0 0.9171875 0.5734375000000002 0.9015625 0.5734375000000002 0.9015625 0.5953125000000001 0.9171875 0.5953125000000001
0 0.9203125 0.6015625000000002 0.9015625 0.6015625000000002 0.9015625 0.6281250000000002 0.9203125 0.6281250000000002
0 0.8984375 0.5796875000000001 0.8828125 0.5796875000000001 0.8828125 0.6062500000000002 0.8984375 0.6062500000000002
0 0.909375 0.6062500000000002 0.890625 0.6062500000000002 0.890625 0.6343750000000001 0.909375 0.6343750000000001
0 0.884375 0.5687500000000002 0.86875 0.5687500000000002 0.86875 0.5906250000000002 0.884375 0.5906250000000002
0 0.8875 0.5906250000000002 0.86875 0.5906250000000002 0.86875 0.6234375000000002 0.8875 0.6234375000000002
0 0.86875 0.6015625000000002 0.8546875 0.6015625000000002 0.8546875 0.6234375000000002 0.86875 0.6234375000000002
0 0.86875 0.5687500000000002 0.8578125 0.5687500000000002 0.8578125 0.5953125000000001 0.86875 0.5953125000000001