0 0.996875 0.6968750000000001 0.853125 0.6968750000000001 0.853125 0.99375 0.996875 0.99375
0 0.953125 0.928125 0.8328125 0.928125 0.8328125 0.99375 0.953125 0.99375
0 0.996875 0.9640625 0.959375 0.9640625 0.959375 0.99375 0.996875 0.99375
0 0.890625 0.38750000000000007 0.60625 0.38750000000000007 0.6062500000000001 0.9640625 0.890625 0.9640625
0 0.93125 0.1671875000000001 0.484375 0.16718750000000004 0.484375 0.6781250000000001 0.93125 0.6781250000000002
0 0.9765625 0.44062500000000016 0.909375 0.44062500000000016 0.909375 0.5296875000000002 0.9765625 0.5296875000000002
0 0.9296875 0.3046875000000001 0.840625 0.3046875000000001 0.840625 0.45312500000000017 0.9296875 0.45312500000000017
0 0.9703125 0.33281250000000007 0.9171875 0.33281250000000007 0.9171875 0.46406250000000016 0.9703125 0.46406250000000016
0 0.996875 0.4109375000000002 0.95625 0.4109375000000002 0.95625 0.5234375000000002 0.996875 0.5234375000000002
0 0.9359375 0.17812500000000012 0.8 0.1781250000000001 0.8 0.3515625000000001 0.9359375 0.3515625000000001
0 0.996875 0.2500000000000001 0.9390625 0.2500000000000001 0.9390625 0.4046875000000002 0.996875 0.4046875000000002
0 0.996875 0.10781250000000012 0.89375 0.10781250000000009 0.89375 0.2921875000000001 0.996875 0.2921875000000001
0 0.9 1.0189444071030711e-16 0.7640625 9.357066949735246e-17 0.7640625 0.19687500000000008 0.9 0.19687500000000008
0 0.996875 1.1471496188888098e-16 0.8765625 1.0734794598776019e-16 0.8765625 0.13125000000000012 0.996875 0.13125000000000014
0 0.996875 1.1921171185450015e-16 0.95 1.1634144591899854e-16 0.95 0.035937500000000115 0.996875 0.03593750000000012
0 0.80625 0.1843750000000001 0.75 0.1843750000000001 0.75 0.26250000000000007 0.80625 0.26250000000000007
0 0.796875 0.22031250000000008 0.7359375 0.22031250000000008 0.7359375 0.2921875000000001 0.796875 0.2921875000000001
0 0.746875 0.19687500000000008 0.703125 0.19687500000000008 0.703125 0.24375000000000008 0.746875 0.24375000000000008
0 0.7765625 0.1437500000000001 0.746875 0.1437500000000001 0.746875 0.20312500000000008 0.7765625 0.20312500000000008
0 0.75 0.1312500000000001 0.7140625 0.1312500000000001 0.7140625 0.19687500000000008 0.75 0.19687500000000008
0 0.7640625 0.08906250000000009 0.7375 0.08906250000000009 0.7375 0.1375000000000001 0.7640625 0.1375000000000001
0 0.7109375 0.1781250000000001 0.684375 0.1781250000000001 0.684375 0.22656250000000008 0.7109375 0.22656250000000008
0 0.6828125 0.434375 0.596875 0.434375 0.596875 0.6015625 0.6828125 0.6015625
0 0.6234375 0.3156250000000001 0.5234375 0.3156250000000001 0.5234375 0.4578125 0.6234375 0.4578125
0 0.60625 0.459375 0.5265625 0.459375 0.5265625 0.584375 0.60625 0.584375
0 0.5296875 0.4703125 0.4765625 0.4703125 0.4765625 0.565625 0.5296875 0.565625
0 0.5265625 0.28593750000000007 0.4234375 0.28593750000000007 0.4234375 0.4765625 0.5265625 0.4765625
0 0.484375 0.10781250000000005 0.38125 0.10781250000000005 0.38125 0.3031250000000001 0.484375 0.3031250000000001
0 0.4265625 0.3156250000000001 0.4 0.3156250000000001 0.4 0.440625 0.4265625 0.440625
0 0.4671875 0.4234375 0.3734375000000001 0.4234375 0.3734375000000001 0.5421875 0.4671875 0.5421875
0 0.39375000000000004 0.33437500000000003 0.2640625 0.334375 0.26406250000000003 0.51875 0.3937500000000001 0.51875
0 0.4140625 0.25625000000000003 0.3296875 0.25625 0.3296875 0.37500000000000006 0.4140625 0.3750000000000001
0 0.3859375 0.18437500000000004 0.346875 0.18437500000000004 0.346875 0.28593750000000007 0.3859375 0.28593750000000007
0 0.346875 0.2375 0.2796875 0.2375 0.2796875 0.3453125 0.346875 0.3453125
0 0.6109375 0.09531250000000006 0.48125 0.09531250000000006 0.48125 0.2015625000000001 0.6109375 0.2015625000000001
0 0.6671875 0.1546875000000001 0.6140625 0.1546875000000001 0.6140625 0.20312500000000008 0.6671875 0.20312500000000008
0 0.6296875 0.035937500000000074 0.55 0.03593750000000007 0.55 0.1671875000000001 0.6296875 0.1671875000000001
0 0.7234375 0.006250000000000084 0.6265625 0.0062500000000000775 0.6265625 0.2078125000000001 0.7234375 0.2078125000000001
0 0.7609375 8.869121740699973e-17 0.6875 8.419446744138054e-17 0.6875 0.1312500000000001 0.7609375 0.1312500000000001
0 0.6296875 7.079989307570636e-17 0.5265625 6.448530801760282e-17 0.5265625 0.11875000000000006 0.6296875 0.11875000000000009
0 0.5453125 6.419828142405267e-17 0.503125 6.161504208210122e-17 0.503125 0.11250000000000007 0.5453125 0.11250000000000009
0 0.503125 5.4535052774530576e-17 0.3875 4.7455063466959936e-17 0.3875 0.13750000000000004 0.503125 0.13750000000000004
0 0.7875000000000002 0.7328125000000001 0.6343750000000001 0.7328125 0.6343750000000001 0.99375 0.7875000000000002 0.99375
0 0.7843750000000002 0.940625 0.7078125000000002 0.940625 0.7078125000000002 0.99375 0.7843750000000002 0.99375
0 0.4 3.530427100666979e-17 0.1765625 2.1622670047445454e-17 0.1765625 0.23750000000000004 0.4 0.2375000000000001
0 0.19375 1.1863765866739984e-17 0 0 8.419446744138055e-18 0.1375 0.19375 0.13750000000000004
0 0.08281250000000001 0.010937500000000006 1.3394574365674175e-18 0.0109375 1.4829707333424978e-17 0.23125 0.08281250000000002 0.23125
0 0.1765625 0.08906250000000002 0.0875 0.0890625 0.08750000000000001 0.1609375 0.1765625 0.1609375
0 0.1765625 0.1375 0.1203125 0.1375 0.12031250000000002 0.25625 0.17656250000000004 0.25625
0 0.2875 0.07812500000000003 0.1671875 0.07812500000000003 0.16718750000000002 0.25 0.2875 0.25
0 0.27343750000000006 0.19687500000000002 0.14375000000000004 0.196875 0.14375000000000004 0.3875 0.2734375000000001 0.3875
0 0.2828125000000001 0.39375 0.17343750000000005 0.39375 0.17343750000000008 0.584375 0.2828125000000001 0.584375
0 0.21718750000000003 0.3578125 0.10000000000000005 0.3578125 0.10000000000000006 0.5953125 0.2171875000000001 0.5953125
0 0.16406250000000006 0.3328125 0.11093750000000005 0.3328125 0.11093750000000005 0.4046875 0.16406250000000006 0.4046875
0 0.15625000000000003 0.15 0.04062500000000002 0.15 0.040625000000000036 0.334375 0.15625000000000006 0.334375
0 0.04062500000000003 0.2140625 2.6215095544248028e-17 0.2140625 2.985076572921673e-17 0.2734375 0.040625000000000036 0.2734375
0 0.06718750000000005 0.2734375 3.348643591418544e-17 0.2734375 4.5158850718558645e-17 0.4640625 0.06718750000000007 0.4640625
0 0.10625000000000007 0.4640625 5.683126552293186e-17 0.4640625 6.486801014233636e-17 0.5953125 0.1062500000000001 0.5953125
0 0.11406250000000004 0.334375 0.06718750000000004 0.334375 0.06718750000000005 0.4828125 0.11406250000000004 0.4828125
0 0.29375000000000007 0.5296875 0.2171875000000001 0.5296875 0.2171875000000001 0.6546875 0.29375000000000007 0.6546875
0 0.3500000000000001 0.4703125 0.2765625000000001 0.4703125 0.2765625000000001 0.6015625 0.3500000000000001 0.6015625
0 0.4109375 0.49375 0.3531250000000001 0.49375 0.3531250000000001 0.63125 0.4109375 0.63125
0 0.4671875 0.50625 0.3937500000000001 0.50625 0.3937500000000001 0.625 0.4671875 0.625
0 0.5671875 0.565625 0.4671875 0.565625 0.4671875 0.690625 0.5671875 0.690625
0 0.6375 0.5890625 0.5671875 0.5890625 0.5671875 0.690625 0.6375 0.690625
0 0.6765625000000001 0.6375 0.5796875 0.6375 0.5796875000000001 0.803125 0.6765625000000002 0.803125
0 0.6109375000000001 0.7625 0.5140625000000002 0.7625 0.5140625000000002 0.9828125 0.6109375000000001 0.9828125
0 0.6343750000000001 0.75625 0.5609375000000002 0.75625 0.5609375000000002 0.9171875 0.6343750000000001 0.9171875
0 0.6593750000000002 0.9234375 0.5734375000000002 0.9234375 0.5734375000000002 0.99375 0.6593750000000002 0.99375
0 0.5468750000000002 0.88125 0.4500000000000002 0.88125 0.4500000000000002 0.99375 0.5468750000000002 0.99375
0 0.4734375000000002 0.928125 0.4125000000000002 0.928125 0.4125000000000002 0.99375 0.4734375000000002 0.99375
0 0.4437500000000002 0.821875 0.3265625000000001 0.821875 0.3265625000000001 0.9875 0.4437500000000002 0.9875
0 0.4906250000000002 0.775 0.4203125000000002 0.775 0.4203125000000002 0.9234375 0.4906250000000002 0.9234375
0 0.2171875000000001 0.5828125 7.137394626280668e-17 0.5828125 7.979339300694474e-17 0.7203125 0.2171875000000001 0.7203125
0 0.0828125000000001 0.696875 8.534257381558118e-17 0.696875 9.261391418551857e-17 0.815625 0.0828125000000001 0.815625
0 0.04062500000000011 0.7796875 9.54841801210202e-17 0.7796875 1.0639119067592632e-16 0.9578125 0.04062500000000012 0.9578125
0 0.10000000000000012 0.7859375 9.62495843704873e-17 0.7859375 1.0897443001787776e-16 0.99375 0.10000000000000013 0.99375
0 0.1796875000000001 0.828125 0.05312500000000011 0.828125 0.05312500000000011 0.99375 0.17968750000000014 0.99375
0 0.24375000000000008 0.7328125 0.13281250000000008 0.7328125 0.1328125000000001 0.928125 0.24375000000000008 0.928125
0 0.20312500000000008 0.63125 0.06718750000000007 0.63125 0.06718750000000008 0.796875 0.20312500000000008 0.796875
0 0.20312500000000008 0.6546875 0.1671875000000001 0.6546875 0.1671875000000001 0.7265625 0.20312500000000008 0.7265625
0 0.3031250000000001 0.815625 0.1906250000000001 0.815625 0.1906250000000001 0.99375 0.3031250000000001 0.99375
0 0.36406250000000007 0.8984375 0.2640625000000001 0.8984375 0.2640625000000001 0.99375 0.36406250000000007 0.99375
0 0.3671875000000001 0.696875 0.2765625000000001 0.696875 0.2765625000000001 0.86875 0.3671875000000001 0.86875
0 0.4234375000000001 0.7140625 0.3468750000000001 0.7140625 0.3468750000000001 0.8875 0.4234375000000002 0.8875
0 0.4765625000000001 0.64375 0.4 0.64375 0.4000000000000001 0.7984375 0.47656250000000017 0.7984375
0 0.42656250000000007 0.6203125 0.3703125000000001 0.6203125 0.3703125000000001 0.7390625 0.4265625000000002 0.7390625
0 0.3859375000000001 0.5828125 0.2968750000000001 0.5828125 0.2968750000000001 0.7203125 0.3859375000000001 0.7203125
0 0.3109375000000001 0.63125 0.2140625000000001 0.63125 0.2140625000000001 0.7734375 0.3109375000000001 0.7734375