0 0.653125 0.25781250000000006 0.3609375 0.2578125 0.3609375 0.5515625 0.653125 0.5515625
0 0.9015625 0.1281250000000001 0.609375 0.1281250000000001 0.609375 0.4046875000000001 0.9015625 0.4046875000000002
0 0.871875 0.3968750000000001 0.6 0.3968750000000001 0.6 0.6765625000000001 0.871875 0.6765625000000002
0 0.6796875000000001 0.5546875 0.3828125000000001 0.5546875 0.3828125000000001 0.8625 0.6796875000000002 0.8625
0 0.38750000000000007 0.6359375 0.08437500000000009 0.6359375 0.0843750000000001 0.8984375 0.38750000000000007 0.8984375
0 0.4 0.38750000000000007 0.09843750000000004 0.3875 0.09843750000000007 0.653125 0.4 0.653125
0 0.33437500000000003 0.12031250000000002 0.08125000000000002 0.1203125 0.08125000000000003 0.390625 0.3343750000000001 0.390625
0 0.5828125 0.03593750000000005 0.2984375 0.03593750000000003 0.2984375 0.28437500000000004 0.5828125 0.2843750000000001
1 0.9953125 0.8765625 0.0046875000000001065 0.8765625 0.004687500000000114 0.996875 0.9953125 0.996875
1 0.996875 0.6671875 0.6765625 0.6671875 0.6765625000000001 0.871875 0.996875 0.871875
1 0.9953125 0.3468750000000001 0.8625 0.3468750000000001 0.8625 0.6671875000000002 0.9953125 0.6671875000000002
1 0.9953125 1.1624577038781518e-16 0.903125 1.1060091404799533e-16 0.903125 0.3468750000000001 0.9953125 0.3468750000000001
1 0.903125 6.352855270576895e-17 0.134375 1.6456191363542558e-17 0.134375 0.03593750000000006 0.903125 0.03593750000000011
1 0.9015625 0.03125000000000009 0.578125 0.03125000000000007 0.578125 0.13281250000000008 0.9015625 0.13281250000000008
1 0.303125 2.6502122137798194e-17 0.1296875 1.5882138176442238e-17 0.1296875 0.12031250000000002 0.303125 0.12031250000000004
1 0.08437500000000006 5.1664786839028995e-18 0 0 6.017990911435041e-17 0.9828125 0.08437500000000012 0.9828125
1 0.1375 1.329889883449079e-17 0.0796875 9.75890418070547e-18 0.07968750000000001 0.1109375 0.1375 0.1109375
1 0.8578125 0.3921875000000001 0.809375 0.3921875000000001 0.809375 0.44531250000000017 0.8578125 0.44531250000000017
1 0.6140625 0.1296875000000001 0.578125 0.1296875000000001 0.578125 0.3031250000000001 0.6140625 0.3031250000000001
1 0.3421875 0.03593750000000004 0.3015625 0.03593750000000003 0.3015625 0.07500000000000004 0.3421875 0.07500000000000004
1 0.578125 0.040625000000000064 0.5328125 0.040625000000000064 0.5328125 0.07656250000000006 0.578125 0.07656250000000006
1 0.36562500000000003 0.26250000000000007 0.334375 0.2625 0.33437500000000003 0.39531250000000007 0.3656250000000001 0.39531250000000007
1 0.4671875 0.5375 0.39531250000000007 0.5375 0.39531250000000007 0.5875 0.4671875 0.5875