0 0.7234375000000001 0.29531250000000003 0.309375 0.2953125 0.30937500000000007 0.8796875 0.7234375000000002 0.8796875
0 0.846875 0.6562500000000001 0.6515625 0.65625 0.6515625 0.91875 0.846875 0.91875
0 0.9265625 0.4593750000000001 0.509375 0.459375 0.509375 0.6718750000000001 0.9265625 0.6718750000000002
0 0.8140625 0.4312500000000001 0.4875 0.43125 0.4875 0.48125000000000007 0.8140625 0.4812500000000002
0 0.8578125 0.3500000000000001 0.440625 0.3500000000000001 0.440625 0.44218750000000007 0.8578125 0.4421875000000002
0 0.5828125000000001 0.5734375 0.415625 0.5734375 0.4156250000000001 0.934375 0.5828125000000002 0.934375
0 0.4484375000000001 0.010937500000000041 0.2265625 0.010937500000000027 0.22656250000000006 0.9625 0.44843750000000016 0.9625
4 0.996875 8.869121740699973e-17 0.4515625 5.5300457023997667e-17 0.4515625 0.3500000000000001 0.996875 0.3500000000000001
4 0.996875 0.3609375000000001 0.8578125 0.3609375000000001 0.8578125 0.49218750000000017 0.996875 0.49218750000000017
4 0.996875 0.49218750000000017 0.9234375 0.49218750000000017 0.9234375 0.99375 0.996875 0.99375
4 0.928125 0.6671875000000002 0.840625 0.6671875000000002 0.840625 0.9953125 0.928125 0.9953125
4 0.840625 0.9234375 0.46875000000000017 0.9234375 0.46875000000000017 0.9953125 0.840625 0.9953125
4 0.6406250000000002 0.83125 0.5859375000000002 0.83125 0.5859375000000002 0.9234375 0.6406250000000002 0.9234375
4 0.7234375000000002 0.8796875 0.6468750000000002 0.8796875 0.6468750000000002 0.91875 0.7234375000000002 0.91875
4 0.44062500000000016 0.74375 0.36406250000000007 0.74375 0.36406250000000007 0.9953125 0.44062500000000016 0.9953125
4 0.4218750000000001 0.5953125 0.3859375000000001 0.5953125 0.3859375000000001 0.7484375 0.42187500000000017 0.7484375
4 0.36406250000000007 0.9515625 0.09843750000000011 0.9515625 0.09843750000000011 0.9953125 0.36406250000000007 0.9953125
4 0.22187500000000004 1.3585925428040953e-17 0 0 5.826639849068266e-17 0.9515625 0.2218750000000001 0.9515625