0 0.996875 0.6734375000000001 0.89375 0.6734375000000001 0.89375 0.9265625 0.996875 0.9265625
0 0.996875 0.7531250000000002 0.8578125 0.7531250000000002 0.8578125 0.965625 0.996875 0.965625
0 0.996875 0.9609375 0.934375 0.9609375 0.934375 0.9953125 0.996875 0.9953125
0 0.9140625 0.896875 0.865625 0.896875 0.865625 0.965625 0.9140625 0.965625
0 0.8921875 0.9484375 0.8484375 0.9484375 0.8484375 0.99375 0.8921875 0.99375
0 0.859375 0.896875 0.8171875 0.896875 0.8171875 0.965625 0.859375 0.965625
0 0.83125 0.9609375 0.803125 0.9609375 0.803125 0.9953125 0.83125 0.9953125
0 0.8625 0.8109375 0.8 0.8109375 0.8 0.9484375 0.8625 0.9484375
0 0.85625 0.6906250000000002 0.8046875 0.6906250000000002 0.8046875 0.8171875 0.85625 0.8171875
0 0.8171875 0.6734375000000001 0.8 0.6734375000000001 0.8 0.7078125000000002 0.8171875 0.7078125000000002
0 0.85625 0.6734375000000001 0.825 0.6734375000000001 0.825 0.7078125000000002 0.85625 0.7078125000000002
0 0.8796875 0.6718750000000002 0.859375 0.6718750000000002 0.859375 0.7015625000000002 0.8796875 0.7015625000000002
0 0.9 0.6718750000000002 0.8828125 0.6718750000000002 0.8828125 0.7015625000000002 0.9 0.7015625000000002
0 0.93125 0.6734375000000001 0.9 0.6734375000000001 0.9 0.7078125000000002 0.93125 0.7078125000000002
0 0.965625 0.6718750000000002 0.934375 0.6718750000000002 0.934375 0.7187500000000002 0.965625 0.7187500000000002
0 0.9796875 0.6718750000000002 0.965625 0.6718750000000002 0.965625 0.7125000000000001 0.9796875 0.7125000000000001
0 0.8859375 0.7062500000000002 0.8625 0.7062500000000002 0.8625 0.7359375000000001 0.8859375 0.7359375000000001
0 0.9140625 0.7125000000000001 0.8890625 0.7125000000000001 0.8890625 0.7421875000000002 0.9140625 0.7421875000000002
0 0.9421875 0.7125000000000001 0.9171875 0.7125000000000001 0.9171875 0.7468750000000002 0.9421875 0.7468750000000002
0 0.96875 0.7187500000000002 0.9375 0.7187500000000002 0.9375 0.7765625000000002 0.96875 0.7765625000000002
0 0.996875 0.5343750000000002 0.940625 0.5343750000000002 0.940625 0.6500000000000001 0.996875 0.6500000000000001
0 0.9453125 0.4937500000000002 0.8859375 0.4937500000000002 0.8859375 0.6265625000000001 0.9453125 0.6265625000000001
0 0.9375 0.6156250000000002 0.86875 0.6156250000000002 0.86875 0.6546875000000002 0.9375 0.6546875000000002
0 0.996875 0.3390625000000001 0.9375 0.3390625000000001 0.9375 0.5062500000000002 0.996875 0.5062500000000002
0 0.996875 0.41406250000000017 0.928125 0.41406250000000017 0.928125 0.5343750000000002 0.996875 0.5343750000000002
0 0.9828125 0.33281250000000007 0.9453125 0.33281250000000007 0.9453125 0.4078125000000002 0.9828125 0.4078125000000002
0 0.9453125 0.3390625000000001 0.871875 0.3390625000000001 0.871875 0.42500000000000016 0.9453125 0.42500000000000016
0 0.928125 0.42500000000000016 0.8796875 0.42500000000000016 0.8796875 0.5171875000000001 0.928125 0.5171875000000001
0 0.896875 0.47656250000000017 0.840625 0.47656250000000017 0.840625 0.5578125000000002 0.896875 0.5578125000000002
0 0.89375 0.5578125000000002 0.8421875 0.5578125000000002 0.8421875 0.6500000000000001 0.89375 0.6500000000000001
0 0.8484375 0.5921875000000002 0.803125 0.5921875000000002 0.803125 0.6546875000000002 0.8484375 0.6546875000000002
0 0.8484375 0.4828125000000002 0.803125 0.4828125000000002 0.803125 0.5921875000000002 0.8484375 0.5921875000000002
0 0.8828125 0.3843750000000001 0.828125 0.3843750000000001 0.828125 0.4828125000000002 0.8828125 0.4828125000000002
0 0.828125 0.41406250000000017 0.803125 0.41406250000000017 0.803125 0.47656250000000017 0.828125 0.47656250000000017
0 0.8765625 0.3390625000000001 0.803125 0.3390625000000001 0.803125 0.4203125000000002 0.8765625 0.4203125000000002
0 0.996875 0.23593750000000008 0.9484375 0.23593750000000008 0.9484375 0.3156250000000001 0.996875 0.3156250000000001
0 0.9453125 0.2296875000000001 0.8796875 0.2296875000000001 0.8796875 0.3156250000000001 0.9453125 0.3156250000000001
0 0.971875 0.18906250000000013 0.934375 0.18906250000000013 0.934375 0.27031250000000007 0.971875 0.27031250000000007
0 0.996875 0.16093750000000012 0.971875 0.16093750000000012 0.971875 0.2406250000000001 0.996875 0.2406250000000001
0 0.996875 0.08593750000000011 0.9546875 0.08593750000000011 0.9546875 0.16718750000000013 0.996875 0.16718750000000013
0 0.8796875 0.2593750000000001 0.8234375 0.2593750000000001 0.8234375 0.31718750000000007 0.8796875 0.31718750000000007
0 0.828125 0.1609375000000001 0.803125 0.1609375000000001 0.803125 0.3156250000000001 0.828125 0.3156250000000001
0 0.8859375 0.11562500000000009 0.8203125 0.11562500000000009 0.8203125 0.24218750000000008 0.8859375 0.24218750000000008
0 0.9171875 0.12031250000000011 0.859375 0.12031250000000009 0.859375 0.2812500000000001 0.9171875 0.2812500000000001
0 0.9375 0.17343750000000013 0.9171875 0.17343750000000013 0.9171875 0.2250000000000001 0.9375 0.2250000000000001
0 0.9625 0.15000000000000013 0.9421875 0.15000000000000013 0.9421875 0.19531250000000014 0.9625 0.19531250000000014
0 0.9515625 0.11562500000000013 0.9203125 0.11562500000000013 0.9203125 0.15468750000000014 0.9515625 0.15468750000000014
0 0.925 0.10468750000000011 0.89375 0.10468750000000009 0.89375 0.1562500000000001 0.925 0.15625000000000014
0 0.928125 0.15468750000000012 0.903125 0.1546875000000001 0.903125 0.18437500000000012 0.928125 0.18437500000000012
0 0.9109375 0.08125000000000011 0.8859375 0.08125000000000011 0.8859375 0.12031250000000011 0.9109375 0.12031250000000013
0 0.9421875 0.07500000000000011 0.9171875 0.07500000000000011 0.9171875 0.10937500000000014 0.9421875 0.10937500000000014
0 0.9625 0.07500000000000011 0.9421875 0.07500000000000011 0.9421875 0.10937500000000014 0.9625 0.10937500000000014
0 0.996875 1.1911603632331678e-16 0.9484375 1.1615009485663178e-16 0.9484375 0.09218750000000012 0.996875 0.09218750000000012
0 0.946875 1.1261010020284646e-16 0.8921875 1.0926145661142792e-16 0.8921875 0.0796875000000001 0.946875 0.0796875000000001
0 0.9578125 1.1356685551468033e-16 0.896875 1.0983550979852825e-16 0.896875 0.017187500000000112 0.9578125 0.017187500000000116
0 0.8890625 0.040625000000000105 0.834375 0.0406250000000001 0.834375 0.10937500000000008 0.8890625 0.10937500000000008
0 0.8375 0.0578125000000001 0.803125 0.057812500000000086 0.803125 0.1546875000000001 0.8375 0.1546875000000001
0 0.83125 0.0125000000000001 0.8 0.0125000000000001 0.8 0.0640625000000001 0.83125 0.0640625000000001
0 0.8140625 9.883282371243874e-17 0.8 9.797174393178826e-17 0.8 0.010937500000000098 0.8140625 0.0109375000000001
0 0.8515625 1.019901162414905e-16 0.8140625 9.969390349308921e-17 0.8140625 0.017187500000000102 0.8515625 0.017187500000000105
0 0.8578125 0.010937500000000103 0.83125 0.010937500000000103 0.83125 0.0343750000000001 0.8578125 0.0343750000000001
0 0.8796875 0.017187500000000105 0.8625 0.017187500000000105 0.8625 0.034375000000000114 0.8796875 0.034375000000000114
0 0.8921875 1.0840037683077745e-16 0.878125 1.0753929705012696e-16 0.878125 0.02812500000000011 0.8921875 0.02812500000000011
0 0.871875 1.0553011089527582e-16 0.8515625 1.0428632898989179e-16 0.8515625 0.006250000000000105 0.871875 0.006250000000000105
0 0.7625000000000002 0.896875 0.7109375000000002 0.896875 0.7109375000000002 0.99375 0.7625000000000002 0.99375
0 0.7890625000000002 0.94375 0.7625000000000002 0.94375 0.7625000000000002 0.9953125 0.7890625000000002 0.9953125
0 0.7937500000000002 0.8453125 0.7546875000000002 0.8453125 0.7546875000000002 0.9484375 0.7937500000000002 0.9484375
0 0.7937500000000002 0.7875000000000002 0.7625000000000002 0.7875000000000002 0.7625000000000002 0.8671875 0.7937500000000002 0.8671875
0 0.7937500000000001 0.7187500000000002 0.7796875 0.7187500000000002 0.7796875000000001 0.7875000000000002 0.7937500000000002 0.7875000000000002
0 0.7890625000000001 0.6953125000000002 0.7625 0.6953125000000002 0.7625000000000001 0.7421875000000002 0.7890625000000002 0.7421875000000002
0 0.7828125 0.6671875000000002 0.7375 0.6671875000000002 0.7375 0.7187500000000002 0.7828125 0.7187500000000002
0 0.7890625 0.6734375000000001 0.7828125 0.6734375000000001 0.7828125 0.6906250000000002 0.7890625 0.6906250000000002
0 0.7578125 0.6671875 0.7140625 0.6671875 0.7140625 0.6890625000000001 0.7578125 0.6890625000000001
0 0.76875 0.6953125000000001 0.6515625 0.6953125 0.6515625 0.9140625 0.7687500000000002 0.9140625
0 0.7062500000000002 0.896875 0.6312500000000002 0.896875 0.6312500000000002 0.99375 0.7062500000000002 0.99375
0 0.6343750000000001 0.9140625 0.6031250000000001 0.9140625 0.6031250000000001 0.99375 0.6343750000000001 0.99375
0 0.70625 0.6671875 0.6171875 0.6671875 0.6171875 0.70625 0.70625 0.70625
0 0.63125 0.671875 0.603125 0.671875 0.603125 0.71875 0.63125 0.71875
0 0.6765625000000001 0.7078125 0.6453125 0.7078125 0.6453125000000001 0.765625 0.6765625000000002 0.765625
0 0.6453125000000001 0.7125 0.625 0.7125 0.6250000000000001 0.7640625 0.6453125000000002 0.7640625
0 0.6625000000000002 0.753125 0.6343750000000001 0.753125 0.6343750000000001 0.8046875 0.6625000000000002 0.8046875
0 0.6546875000000002 0.8046875 0.6281250000000002 0.8046875 0.6281250000000002 0.85 0.6546875000000002 0.85
0 0.6515625000000002 0.8625 0.6203125000000002 0.8625 0.6203125000000002 0.896875 0.6515625000000002 0.896875
0 0.6421875000000001 0.896875 0.6218750000000002 0.896875 0.6218750000000002 0.93125 0.6421875000000001 0.93125
0 0.6312500000000002 0.8515625 0.6000000000000002 0.8515625 0.6000000000000002 0.909375 0.6312500000000002 0.909375
0 0.6312500000000002 0.8109375 0.6109375000000001 0.8109375 0.6109375000000001 0.8625 0.6312500000000002 0.8625
0 0.6140625000000002 0.8109375 0.6031250000000001 0.8109375 0.6031250000000001 0.8390625 0.6140625000000002 0.8390625
0 0.6484375000000002 0.7640625 0.6109375000000001 0.7640625 0.6109375000000001 0.7765625 0.6484375000000002 0.7765625
0 0.6109375000000001 0.725 0.6 0.725 0.6000000000000001 0.759375 0.6109375000000001 0.759375
0 0.6109375000000001 0.7703125 0.5968750000000002 0.7703125 0.5968750000000002 0.7921875 0.6109375000000001 0.7921875
0 0.79375 0.4203125000000001 0.703125 0.4203125 0.703125 0.5687500000000001 0.79375 0.5687500000000002
0 0.79375 0.3343750000000001 0.7453125 0.3343750000000001 0.7453125 0.4265625000000002 0.79375 0.4265625000000002
0 0.79375 0.5406250000000001 0.759375 0.5406250000000001 0.759375 0.6265625000000001 0.79375 0.6265625000000001
0 0.79375 0.6218750000000002 0.7828125 0.6218750000000002 0.7828125 0.6562500000000002 0.79375 0.6562500000000002
0 0.7765625 0.4953125000000001 0.69375 0.4953125 0.69375 0.6562500000000001 0.7765625 0.6562500000000002
0 0.728125 0.6390625000000001 0.703125 0.6390625 0.703125 0.6562500000000001 0.728125 0.6562500000000002
0 0.7109375 0.575 0.66875 0.575 0.66875 0.6546875 0.7109375 0.6546875
0 0.671875 0.5984375 0.6453125 0.5984375 0.6453125 0.65 0.671875 0.65
0 0.671875 0.540625 0.63125 0.540625 0.63125 0.603125 0.671875 0.603125
0 0.6484375 0.5984375 0.6 0.5984375 0.6 0.65625 0.6484375 0.65625
0 0.7375 0.3343750000000001 0.66875 0.3343750000000001 0.66875 0.4203125000000001 0.7375 0.4203125000000002
0 0.7453125 0.3968750000000001 0.69375 0.3968750000000001 0.69375 0.44218750000000007 0.7453125 0.4421875000000002
0 0.6734375 0.33281250000000007 0.6390625 0.33281250000000007 0.6390625 0.3734375000000001 0.6734375 0.3734375000000001
0 0.690625 0.35625000000000007 0.5765625 0.35625000000000007 0.5765625 0.534375 0.690625 0.534375
0 0.4859375 0.465625 0.403125 0.465625 0.403125 0.65 0.4859375 0.65
0 0.4171875 0.615625 0.403125 0.615625 0.403125 0.6546875 0.4171875 0.6546875
0 0.565625 0.5859375 0.5 0.5859375 0.5 0.6546875 0.565625 0.6546875
0 0.496875 0.603125 0.46875 0.603125 0.46875 0.65 0.496875 0.65
0 0.53125 0.5578125 0.4890625 0.5578125 0.4890625 0.596875 0.53125 0.596875
0 0.5 0.33281250000000007 0.403125 0.33281250000000007 0.403125 0.471875 0.5 0.471875
0 0.6421875 0.33281250000000007 0.503125 0.33281250000000007 0.503125 0.4078125 0.6421875 0.4078125
0 0.5140625 0.3625000000000001 0.4859375 0.3625000000000001 0.4859375 0.4140625 0.5140625 0.4140625
0 0.5 0.4015625 0.4765625 0.4015625 0.4765625 0.4484375 0.5 0.4484375
0 0.46875 0.425 0.4421875 0.425 0.4421875 0.465625 0.46875 0.465625
0 0.4828125 0.4484375 0.465625 0.4484375 0.465625 0.50625 0.4828125 0.50625
0 0.5171875 0.4546875 0.49375 0.4546875 0.49375 0.5 0.5171875 0.5
0 0.5484375 0.4359375 0.5203125 0.4359375 0.5203125 0.465625 0.5484375 0.465625
0 0.5375 0.3968750000000001 0.503125 0.3968750000000001 0.503125 0.4359375 0.5375 0.4359375
0 0.5578125 0.3859375000000001 0.53125 0.3859375000000001 0.53125 0.4375 0.5578125 0.4375
0 0.5796875 0.4015625 0.5546875 0.4015625 0.5546875 0.4484375 0.5796875 0.4484375
0 0.571875 0.4484375 0.5484375 0.4484375 0.5484375 0.4828125 0.571875 0.4828125
0 0.596875 0.471875 0.571875 0.471875 0.571875 0.5234375 0.596875 0.5234375
0 0.56875 0.465625 0.5453125 0.465625 0.5453125 0.5 0.56875 0.5
0 0.5625 0.49375 0.53125 0.49375 0.53125 0.540625 0.5625 0.540625
0 0.540625 0.465625 0.5140625 0.465625 0.5140625 0.528125 0.540625 0.528125
0 0.5234375 0.5171875 0.5 0.5171875 0.5 0.5625 0.5234375 0.5625
0 0.5171875 0.4890625 0.4796875 0.4890625 0.4796875 0.5578125 0.5171875 0.5578125
0 0.5625 0.540625 0.528125 0.540625 0.528125 0.5796875 0.5625 0.5796875
0 0.603125 0.56875 0.565625 0.56875 0.565625 0.6671875 0.603125 0.6671875
0 0.628125 0.540625 0.603125 0.540625 0.603125 0.603125 0.628125 0.603125
0 0.603125 0.5296875 0.5765625 0.5296875 0.5765625 0.5640625 0.603125 0.5640625
0 0.39687500000000003 0.33906250000000004 0.2859375 0.3390625 0.28593750000000007 0.5625 0.3968750000000001 0.5625
0 0.39687500000000003 0.33437500000000003 0.33125 0.334375 0.33125000000000004 0.403125 0.3968750000000001 0.403125
0 0.325 0.3390625 0.259375 0.3390625 0.259375 0.3625 0.325 0.3625
0 0.28593750000000007 0.3390625 0.2375 0.3390625 0.23750000000000004 0.425 0.28593750000000007 0.425
0 0.30312500000000003 0.334375 0.2 0.334375 0.20000000000000004 0.546875 0.3031250000000001 0.546875
0 0.3546875000000001 0.425 0.2484375000000001 0.425 0.2484375000000001 0.6609375 0.3546875000000001 0.6609375
0 0.3343750000000001 0.5578125 0.25468750000000007 0.5578125 0.25468750000000007 0.65 0.3343750000000001 0.65
0 0.3687500000000001 0.471875 0.3203125000000001 0.471875 0.3203125000000001 0.6546875 0.3687500000000001 0.6546875
0 0.3968750000000001 0.5171875 0.3515625000000001 0.5171875 0.3515625000000001 0.5984375 0.3968750000000001 0.5984375
0 0.3968750000000001 0.56875 0.37187500000000007 0.56875 0.37187500000000007 0.65 0.3968750000000001 0.65
0 0.37968750000000007 0.5921875 0.3546875000000001 0.5921875 0.3546875000000001 0.6546875 0.37968750000000007 0.6546875
0 0.26250000000000007 0.5578125 0.2062500000000001 0.5578125 0.2062500000000001 0.6375 0.26250000000000007 0.6375
0 0.28593750000000007 0.5796875 0.2515625000000001 0.5796875 0.2515625000000001 0.6265625 0.28593750000000007 0.6265625
0 0.2718750000000001 0.6265625 0.2312500000000001 0.6265625 0.2312500000000001 0.6546875 0.2718750000000001 0.6546875
0 0.23437500000000008 0.5 0.2000000000000001 0.5 0.2000000000000001 0.575 0.23437500000000008 0.575
0 0.22812500000000008 0.5859375 0.20312500000000008 0.5859375 0.20312500000000008 0.6546875 0.22812500000000008 0.6546875
0 0.5890625 0.7015625 0.53125 0.7015625 0.5312500000000001 0.8671875 0.5890625000000002 0.8671875
0 0.59375 0.671875 0.5765625 0.671875 0.5765625 0.71875 0.59375 0.71875
0 0.5750000000000001 0.6734375 0.4484375 0.6734375 0.4484375000000001 0.765625 0.5750000000000002 0.765625
0 0.5312500000000002 0.753125 0.4968750000000002 0.753125 0.4968750000000002 0.815625 0.5312500000000002 0.815625
0 0.5937500000000002 0.8390625 0.5203125000000002 0.8390625 0.5203125000000002 0.965625 0.5937500000000002 0.965625
0 0.5828125000000002 0.94375 0.5406250000000001 0.94375 0.5406250000000001 0.9953125 0.5828125000000002 0.9953125
0 0.5937500000000002 0.94375 0.5765625000000002 0.94375 0.5765625000000002 0.9953125 0.5937500000000002 0.9953125
0 0.5343750000000002 0.9421875 0.4937500000000002 0.9421875 0.4937500000000002 0.9890625 0.5343750000000002 0.9890625
0 0.5453125000000002 0.971875 0.5140625000000002 0.971875 0.5140625000000002 0.99375 0.5453125000000002 0.99375
0 0.4937500000000002 0.978125 0.4656250000000002 0.978125 0.4656250000000002 0.9953125 0.4937500000000002 0.9953125
0 0.5000000000000002 0.9484375 0.47656250000000017 0.9484375 0.47656250000000017 0.971875 0.5000000000000002 0.971875
0 0.4546875000000002 0.971875 0.4281250000000002 0.971875 0.4281250000000002 0.99375 0.4546875000000002 0.99375
0 0.4343750000000002 0.9265625 0.3937500000000001 0.9265625 0.3937500000000001 0.9953125 0.4343750000000002 0.9953125
0 0.4859375000000002 0.9078125 0.4421875000000002 0.9078125 0.4421875000000002 0.9765625 0.4859375000000002 0.9765625
0 0.5203125000000002 0.8796875 0.4828125000000002 0.8796875 0.4828125000000002 0.9484375 0.5203125000000002 0.9484375
0 0.5000000000000002 0.8390625 0.4656250000000002 0.8390625 0.4656250000000002 0.9015625 0.5000000000000002 0.9015625
0 0.5000000000000001 0.6609375 0.4109375 0.6609375 0.41093750000000007 0.8734375 0.5000000000000002 0.8734375
0 0.5281250000000002 0.815625 0.4937500000000002 0.815625 0.4937500000000002 0.8734375 0.5281250000000002 0.8734375
0 0.47656250000000017 0.86875 0.43750000000000017 0.86875 0.43750000000000017 0.9203125 0.47656250000000017 0.9203125
0 0.4390625000000002 0.8453125 0.3906250000000001 0.8453125 0.3906250000000001 0.925 0.4390625000000002 0.925
0 0.4031250000000002 0.8046875 0.3625000000000001 0.8046875 0.3625000000000001 0.8625 0.4031250000000002 0.8625
0 0.37968750000000007 0.7359375 0.3312500000000001 0.7359375 0.3312500000000001 0.821875 0.37968750000000007 0.821875
0 0.3312500000000001 0.7421875 0.28593750000000007 0.7421875 0.28593750000000007 0.8109375 0.3312500000000001 0.8109375
0 0.3593750000000001 0.8109375 0.3078125000000001 0.8109375 0.3078125000000001 0.8859375 0.3593750000000001 0.8859375
0 0.3828125000000001 0.86875 0.3343750000000001 0.86875 0.3343750000000001 0.94375 0.3828125000000001 0.94375
0 0.4171875000000001 0.671875 0.3234375000000001 0.671875 0.3234375000000001 0.8046875 0.41718750000000016 0.8046875
0 0.3234375000000001 0.765625 0.2171875000000001 0.765625 0.2171875000000001 0.9953125 0.3234375000000001 0.9953125
0 0.3593750000000001 0.8859375 0.3203125000000001 0.8859375 0.3203125000000001 0.9953125 0.3593750000000001 0.9953125
0 0.3968750000000001 0.93125 0.3578125000000001 0.93125 0.3578125000000001 0.99375 0.3968750000000001 0.99375
0 0.3453125000000001 0.6671875 0.20312500000000008 0.6671875 0.20312500000000008 0.815625 0.3453125000000001 0.815625
0 0.2906250000000001 0.671875 0.20468750000000008 0.671875 0.20468750000000008 0.7703125 0.2906250000000001 0.7703125
0 0.2562500000000001 0.8046875 0.20468750000000008 0.8046875 0.20468750000000008 0.8625 0.2562500000000001 0.8625
0 0.2484375000000001 0.8453125 0.2000000000000001 0.8453125 0.2000000000000001 0.9828125 0.2484375000000001 0.9828125
0 0.22812500000000008 0.9828125 0.20312500000000008 0.9828125 0.20312500000000008 0.99375 0.22812500000000008 0.99375
0 0.5453125 0.21875000000000008 0.4765625 0.21875000000000008 0.4765625 0.3218750000000001 0.5453125 0.3218750000000001
0 0.59375 0.2078125000000001 0.5453125 0.2078125000000001 0.5453125 0.31718750000000007 0.59375 0.31718750000000007
0 0.59375 0.13281250000000008 0.5546875 0.13281250000000008 0.5546875 0.21250000000000008 0.59375 0.21250000000000008
0 0.596875 0.03437500000000007 0.571875 0.034375000000000065 0.571875 0.15000000000000008 0.596875 0.15000000000000008
0 0.5921875 7.003448882623926e-17 0.5515625 6.754692501547121e-17 0.5515625 0.045312500000000075 0.5921875 0.045312500000000075
0 0.56875 5.989288252080024e-17 0.409375 5.013397834009477e-17 0.409375 0.15468750000000006 0.56875 0.1546875000000001
0 0.565625 0.11562500000000006 0.4890625 0.11562500000000005 0.4890625 0.2250000000000001 0.565625 0.2250000000000001
0 0.4828125 0.27031250000000007 0.440625 0.27031250000000007 0.440625 0.3156250000000001 0.4828125 0.3156250000000001
0 0.459375 0.29375000000000007 0.425 0.29375000000000007 0.425 0.3156250000000001 0.459375 0.3156250000000001
0 0.496875 0.13750000000000004 0.3859375 0.13750000000000004 0.3859375 0.2765625000000001 0.496875 0.2765625000000001
0 0.43125 0.21875000000000008 0.375 0.21875000000000008 0.375 0.3218750000000001 0.43125 0.3218750000000001
0 0.3890625 0.28125000000000006 0.328125 0.28125 0.328125 0.321875 0.3890625 0.3218750000000001
0 0.33125 0.253125 0.2828125 0.253125 0.2828125 0.315625 0.33125 0.315625
0 0.371875 0.19531250000000006 0.3140625 0.19531250000000006 0.3140625 0.28125000000000006 0.371875 0.2812500000000001
0 0.3859375 0.19531250000000006 0.359375 0.19531250000000006 0.359375 0.24687500000000004 0.3859375 0.2468750000000001
0 0.2765625 0.240625 0.203125 0.240625 0.203125 0.321875 0.2765625 0.321875
0 0.228125 0.13750000000000004 0.203125 0.13750000000000004 0.203125 0.253125 0.228125 0.253125
0 0.3109375 0.17343750000000005 0.234375 0.17343750000000005 0.234375 0.2765625 0.3109375 0.2765625
0 0.33125 0.16093750000000004 0.3 0.16093750000000004 0.3 0.2234375 0.33125 0.2234375
0 0.3546875 0.15468750000000003 0.33125 0.15468750000000003 0.33125 0.19531250000000006 0.3546875 0.19531250000000006
0 0.359375 0.12656250000000005 0.3421875 0.12656250000000005 0.3421875 0.16093750000000004 0.359375 0.16093750000000004
0 0.3890625 0.12656250000000005 0.365625 0.12656250000000005 0.365625 0.19531250000000006 0.3890625 0.19531250000000006
0 0.4140625 0.12031250000000004 0.3890625 0.12031250000000004 0.3890625 0.18437500000000004 0.4140625 0.18437500000000004
0 0.428125 0.13750000000000004 0.4109375 0.13750000000000004 0.4109375 0.17812500000000003 0.428125 0.17812500000000003
0 0.43125 0.07500000000000004 0.403125 0.07500000000000004 0.403125 0.13281250000000006 0.43125 0.13281250000000006
0 0.4546875 0.07500000000000005 0.428125 0.07500000000000004 0.428125 0.12031250000000004 0.4546875 0.12031250000000004
0 0.4625 0.05156250000000005 0.434375 0.051562500000000046 0.434375 0.08593750000000006 0.4625 0.08593750000000007
0 0.4546875 0.12656250000000005 0.434375 0.12656250000000005 0.434375 0.14375000000000004 0.4546875 0.14375000000000004
0 0.4078125 0.02343750000000005 0.3875 0.02343750000000005 0.3875 0.051562500000000046 0.4078125 0.051562500000000046
0 0.3859375 4.55415528432922e-17 0.3578125 4.3819393281991234e-17 0.3578125 0.028125000000000046 0.3859375 0.028125000000000046
0 0.359375 0.010937500000000041 0.325 0.01093750000000004 0.325 0.051562500000000046 0.359375 0.051562500000000046
0 0.3859375 0.029687500000000044 0.359375 0.029687500000000044 0.359375 0.08125000000000004 0.3859375 0.08125000000000004
0 0.4078125 0.057812500000000044 0.3875 0.057812500000000044 0.3875 0.10312500000000005 0.4078125 0.10312500000000005
0 0.3828125 0.08593750000000004 0.3546875 0.08593750000000004 0.3546875 0.12031250000000004 0.3828125 0.12031250000000004
0 0.3546875 0.08593750000000004 0.328125 0.08593750000000004 0.328125 0.12656250000000005 0.3546875 0.12656250000000005
0 0.3546875 0.04687500000000004 0.328125 0.04687500000000004 0.328125 0.08125000000000004 0.3546875 0.08125000000000004
0 0.334375 0.07500000000000004 0.3 0.07500000000000004 0.3 0.11406250000000004 0.334375 0.11406250000000004
0 0.334375 0.12187500000000004 0.3140625 0.12187500000000004 0.3140625 0.15625000000000006 0.334375 0.15625000000000006
0 0.3109375 0.12031250000000004 0.290625 0.12031250000000004 0.290625 0.16718750000000004 0.3109375 0.16718750000000004
0 0.29375 0.09218750000000003 0.265625 0.09218750000000002 0.265625 0.17187500000000006 0.29375 0.17187500000000006
0 0.2828125 0.15468750000000003 0.2484375 0.15468750000000003 0.2484375 0.2015625 0.2828125 0.2015625
0 0.265625 0.10937500000000004 0.23125 0.10937500000000004 0.23125 0.17812500000000003 0.265625 0.17812500000000003
0 0.25625 0.08593750000000003 0.221875 0.08593750000000003 0.221875 0.15000000000000005 0.25625 0.15000000000000005
0 0.23125 0.06406250000000002 0.203125 0.06406250000000002 0.203125 0.11562500000000005 0.23125 0.11562500000000005
0 0.2453125 0.010937500000000027 0.20625 0.010937500000000025 0.20625 0.06875000000000002 0.2453125 0.06875000000000002
0 0.2484375 2.8319957230282545e-17 0.2140625 2.6215095544248028e-17 0.2140625 0.010937500000000027 0.2484375 0.01093750000000003
0 0.2140625 2.554536682596432e-17 0.203125 2.487563810768061e-17 0.203125 0.023437500000000024 0.2140625 0.023437500000000028
0 0.3203125 3.463454228838608e-17 0.2453125 3.004211679158351e-17 0.2453125 0.08593750000000003 0.3203125 0.08593750000000004
0 0.19218750000000012 0.86875 0.14843750000000008 0.86875 0.1484375000000001 0.9953125 0.19218750000000012 0.9953125
0 0.15468750000000014 0.9203125 0.0796875000000001 0.9203125 0.0796875000000001 0.9953125 0.15468750000000014 0.9953125
0 0.1593750000000001 0.8328125 0.11718750000000008 0.8328125 0.11718750000000008 0.8734375 0.1593750000000001 0.8734375
0 0.19687500000000008 0.7421875 0.1546875000000001 0.7421875 0.1546875000000001 0.8734375 0.19687500000000008 0.8734375
0 0.1937500000000001 0.678125 0.17968750000000008 0.678125 0.17968750000000008 0.7421875 0.1937500000000001 0.7421875
0 0.06562500000000009 0.6890625 0.028125000000000087 0.6890625 0.028125000000000087 0.7359375 0.06562500000000009 0.7359375
0 0.05156250000000009 0.7359375 0.014062500000000089 0.7359375 0.014062500000000092 0.78125 0.05156250000000009 0.78125
0 0.010937500000000091 0.725 8.878689293818311e-17 0.725 9.117878121776779e-17 0.7640625 0.010937500000000095 0.7640625
0 0.18593750000000012 0.6671875 8.170690363061247e-17 0.6671875 1.0170308964794034e-16 0.99375 0.18593750000000014 0.99375
0 0.19687500000000008 0.540625 0.13125000000000003 0.540625 0.13125000000000006 0.65 0.19687500000000008 0.65
0 0.19687500000000008 0.603125 0.1828125000000001 0.603125 0.1828125000000001 0.65 0.19687500000000008 0.65
0 0.15468750000000006 0.459375 5.625721233583154e-17 0.459375 6.821665373375491e-17 0.6546875 0.1546875000000001 0.6546875
0 0.19687500000000008 0.41875 0.15468750000000003 0.41875 0.15468750000000006 0.5578125 0.19687500000000008 0.5578125
0 0.19687500000000005 0.3390625 0.16250000000000003 0.3390625 0.16250000000000003 0.4421875 0.19687500000000005 0.4421875
0 0.17968750000000006 0.3390625 0.11406250000000004 0.3390625 0.11406250000000004 0.459375 0.17968750000000006 0.459375
0 0.13750000000000007 0.3265625 3.999237203465575e-17 0.3265625 5.79793718971325e-17 0.6203125 0.1375000000000001 0.6203125
0 0.19687500000000005 0.253125 0.15156250000000004 0.253125 0.15156250000000004 0.315625 0.19687500000000005 0.315625
0 0.19687500000000005 0.184375 0.15781250000000005 0.184375 0.15781250000000005 0.253125 0.19687500000000005 0.253125
0 0.196875 0.10937500000000003 0.16875 0.109375 0.16875 0.17812500000000003 0.196875 0.17812500000000003
0 0.196875 1.9613483892594332e-17 0.1234375 1.511673392697514e-17 0.1234375 0.15000000000000002 0.196875 0.15000000000000005
0 0.125 0.06406250000000001 0.0734375 0.0640625 0.07343750000000002 0.15 0.125 0.15
0 0.16875 0.115625 0.1109375 0.115625 0.11093750000000002 0.2125 0.16875000000000004 0.2125
0 0.1453125 0.109375 0.051562500000000025 0.109375 0.051562500000000025 0.21875 0.14531250000000004 0.21875
0 0.16875000000000004 0.2078125 0.13125000000000003 0.2078125 0.13125000000000003 0.265625 0.16875000000000004 0.265625
0 0.15468750000000003 0.184375 0.06250000000000003 0.184375 0.06250000000000003 0.2984375 0.15468750000000003 0.2984375
0 0.14843750000000006 0.2640625 0.08593750000000003 0.2640625 0.08593750000000003 0.321875 0.14843750000000006 0.321875
0 0.08906250000000002 0.171875 0.034375000000000024 0.171875 0.03437500000000003 0.253125 0.08906250000000002 0.253125
0 0.08906250000000003 0.259375 0.04531250000000003 0.259375 0.04531250000000003 0.29375 0.08906250000000004 0.29375
0 0.10781250000000005 0.2875 0.06875000000000005 0.2875 0.06875000000000005 0.315625 0.10781250000000005 0.315625
0 0.06875000000000005 0.29375 0.04531250000000003 0.29375 0.04531250000000003 0.315625 0.06875000000000005 0.315625
0 0.04531250000000004 0.2296875 2.812860616791577e-17 0.2296875 3.3773462507735604e-17 0.321875 0.04531250000000005 0.321875
0 0.05468750000000002 0.103125 1.262917011620708e-17 0.103125 2.0378888142061426e-17 0.2296875 0.05468750000000002 0.2296875
0 0.07187500000000001 0.075 0.0515625 0.075 0.05156250000000001 0.109375 0.07187500000000002 0.109375
0 0.06875 0.03437500000000001 0.0484375 0.03437500000000001 0.04843750000000001 0.0640625 0.06875 0.0640625
0 0.1 0.04062500000000001 0.0765625 0.04062500000000001 0.0765625 0.06875 0.1 0.06875000000000002
0 0.04843750000000001 0.0640625 0.023437500000000007 0.0640625 0.023437500000000007 0.103125 0.04843750000000001 0.103125
0 0.031250000000000014 0.0859375 0.01406250000000001 0.0859375 0.014062500000000014 0.1203125 0.031250000000000014 0.1203125
0 0.020312500000000004 0.040625 4.975127621536122e-18 0.040625 6.31458505810354e-18 0.0625 0.020312500000000004 0.0625
0 0.02343750000000001 0.0734375 8.993499931238374e-18 0.0734375 1.0811335023722727e-17 0.103125 0.02343750000000001 0.103125
0 0.0171875 1.0524308430172568e-18 0 0 2.487563810768061e-18 0.040625 0.017187500000000005 0.040625
0 0.0765625 5.7405318710032185e-18 0.0171875 2.1048616860345133e-18 0.0171875 0.0578125 0.0765625 0.0578125
0 0.1265625 1.2342143522656918e-17 0.075 9.184850993605149e-18 0.075 0.06250000000000001 0.1265625 0.06250000000000003