0 0.884375 0.4046875000000001 0.684375 0.4046875 0.684375 0.7187500000000001 0.884375 0.7187500000000002
0 0.996875 0.4125000000000002 0.88125 0.4125000000000002 0.88125 0.7000000000000002 0.996875 0.7000000000000002
0 0.9609375 0.84375 0.8578125 0.84375 0.8578125 0.99375 0.9609375 0.99375
0 0.8546875 0.7578125000000002 0.7781250000000002 0.7578125000000002 0.7781250000000002 0.99375 0.8546875 0.99375
0 0.9359375 0.0718750000000001 0.8640625 0.0718750000000001 0.8640625 0.22812500000000008 0.9359375 0.22812500000000008
0 0.9703125 0.16406250000000014 0.925 0.16406250000000014 0.925 0.2687500000000001 0.9703125 0.2687500000000001
0 0.8640625 0.006250000000000101 0.796875 0.0062500000000000975 0.796875 0.20312500000000008 0.8640625 0.20312500000000008
0 0.8296875 9.91198503059889e-17 0.7890625 9.663228649522084e-17 0.7890625 0.0843750000000001 0.8296875 0.08437500000000012
0 0.765625 0.03906250000000009 0.684375 0.03906250000000009 0.684375 0.1437500000000001 0.765625 0.1437500000000001
0 0.76875 9.213553652960166e-17 0.7359375 9.012635037475052e-17 0.7359375 0.02656250000000009 0.76875 0.02656250000000009
0 0.66875 0.006250000000000079 0.6078125 0.006250000000000075 0.6078125 0.1437500000000001 0.66875 0.1437500000000001
0 0.6046875 5.989288252080025e-17 0.3734375 4.573290390565898e-17 0.37343750000000003 0.3921875000000001 0.6046875 0.3921875000000001
0 0.3890625 0.09843750000000004 0.346875 0.09843750000000004 0.346875 0.24843750000000003 0.3890625 0.2484375000000001
0 0.11250000000000002 0.045312500000000006 0.012500000000000006 0.0453125 0.012500000000000015 0.1828125 0.11250000000000004 0.1828125
0 0.309375 2.6119420013064645e-17 0.1171875 1.4351329677508044e-17 0.11718750000000003 0.18906250000000002 0.309375 0.18906250000000005
0 0.34687500000000004 0.18906250000000002 0.10625000000000004 0.1890625 0.10625000000000007 0.6671875 0.3468750000000001 0.6671875
0 0.2765625000000001 0.371875 0.16718750000000004 0.371875 0.16718750000000007 0.6796875 0.2765625000000001 0.6796875
0 0.11250000000000004 0.2359375 0.0031250000000000292 0.2359375 0.0031250000000000444 0.484375 0.11250000000000004 0.484375
0 0.13750000000000012 0.71875 8.802148868871601e-17 0.71875 1.0486038217699212e-16 0.99375 0.13750000000000012 0.99375
0 0.5265625000000002 0.7578125 0.1515625000000001 0.7578125 0.1515625000000001 0.99375 0.5265625000000002 0.99375