0 0.9328125 0.8328125 0.7546875000000002 0.8328125 0.7546875000000002 0.99375 0.9328125 0.99375
0 0.996875 0.6703125000000002 0.8625 0.6703125000000002 0.8625 0.9328125 0.996875 0.9328125
0 0.996875 0.9109375 0.9359375 0.9109375 0.9359375 0.99375 0.996875 0.99375
0 0.9828125 0.4421875000000002 0.765625 0.4421875000000002 0.765625 0.7046875000000001 0.9828125 0.7046875000000001
0 0.8015625 0.6703125000000001 0.659375 0.6703125 0.659375 0.9109375 0.8015625 0.9109375
0 0.8875 0.6703125000000002 0.784375 0.6703125000000002 0.784375 0.84375 0.8875 0.84375
0 0.996875 0.5484375000000001 0.94375 0.5484375000000001 0.94375 0.6828125000000002 0.996875 0.6828125000000002
0 0.996875 0.18437500000000012 0.921875 0.18437500000000012 0.921875 0.5203125000000002 0.996875 0.5203125000000002
0 0.975 1.1117496723509566e-16 0.840625 1.0294687155332437e-16 0.840625 0.1953125000000001 0.975 0.19531250000000014
0 0.996875 1.0380795133397485e-16 0.6984375 8.553392487794795e-17 0.6984375 0.6984375 0.996875 0.6984375000000002
0 0.6812500000000001 0.821875 0.6093750000000002 0.821875 0.6093750000000002 0.9328125 0.6812500000000001 0.9328125
0 0.6781250000000002 0.9 0.6250000000000002 0.9 0.6250000000000002 0.971875 0.6781250000000002 0.971875
0 0.7343750000000002 0.928125 0.6671875000000002 0.928125 0.6671875000000002 0.9953125 0.7343750000000002 0.9953125
0 0.7562500000000002 0.89375 0.7031250000000002 0.89375 0.7031250000000002 0.9890625 0.7562500000000002 0.9890625
0 0.6593750000000002 0.9453125 0.6031250000000001 0.9453125 0.6031250000000001 0.9953125 0.6593750000000002 0.9953125
0 0.6203125000000002 0.8546875 0.5750000000000002 0.8546875 0.5750000000000002 0.94375 0.6203125000000002 0.94375
0 0.6031250000000001 0.90625 0.5453125000000002 0.90625 0.5453125000000002 0.9953125 0.6031250000000001 0.9953125
0 0.5750000000000002 0.8546875 0.5218750000000002 0.8546875 0.5218750000000002 0.9390625 0.5750000000000002 0.9390625
0 0.5421875000000002 0.928125 0.4968750000000002 0.928125 0.4968750000000002 0.9953125 0.5421875000000002 0.9953125
0 0.5078125000000002 0.8828125 0.42968750000000017 0.8828125 0.42968750000000017 0.9890625 0.5078125000000002 0.9890625
0 0.5218750000000002 0.84375 0.4546875000000002 0.84375 0.4546875000000002 0.9328125 0.5218750000000002 0.9328125
0 0.5109375000000002 0.7484375 0.4359375000000002 0.7484375 0.4359375000000002 0.85 0.5109375000000002 0.85
0 0.5703125000000001 0.46875 0.37968750000000007 0.46875 0.37968750000000007 0.7546875 0.5703125000000002 0.7546875
0 0.703125 0.453125 0.5609375 0.453125 0.5609375 0.6765625 0.703125 0.6765625
0 0.6671875 0.5984375 0.503125 0.5984375 0.503125 0.8609375 0.6671875000000002 0.8609375
0 0.7515625 0.2234375000000001 0.578125 0.2234375000000001 0.578125 0.503125 0.7515625 0.5031250000000002
0 0.8453125 0.0890625000000001 0.703125 0.08906250000000009 0.703125 0.3078125000000001 0.8453125 0.3078125000000001
0 0.8578125 9.25182386543352e-17 0.653125 7.99847440693115e-17 0.653125 0.0843750000000001 0.8578125 0.08437500000000012
0 0.7171875 0.010937500000000079 0.571875 0.010937500000000069 0.571875 0.23437500000000008 0.7171875 0.23437500000000008
0 0.659375 7.032151541978942e-17 0.4890625 5.989288252080025e-17 0.4890625 0.10625000000000007 0.659375 0.1062500000000001
0 0.584375 0.10625000000000007 0.471875 0.10625000000000004 0.471875 0.23437500000000008 0.584375 0.23437500000000008
0 0.5921875 0.16250000000000006 0.39375 0.16250000000000003 0.39375000000000004 0.46875 0.5921875 0.46875
0 0.4390625 0.34062500000000007 0.3515625 0.340625 0.35156250000000006 0.5203125 0.4390625 0.5203125
0 0.4328125 0.12343750000000005 0.31875 0.12343750000000005 0.31875 0.33593750000000006 0.4328125 0.3359375000000001
0 0.36875 0.30156250000000007 0.315625 0.3015625 0.31562500000000004 0.37500000000000006 0.3687500000000001 0.3750000000000001
0 0.503125 5.1473435776662193e-17 0.3375 4.133182947122317e-17 0.3375 0.15625000000000006 0.503125 0.15625000000000006
0 0.3609375 0.03906250000000004 0.234375 0.039062500000000035 0.234375 0.2734375 0.3609375 0.2734375
0 0.3296875 3.319940932063528e-17 0.2125 2.6023744481881253e-17 0.2125 0.10000000000000005 0.3296875 0.10000000000000005
0 0.3765625 3.243400507116819e-17 0.153125 1.8752404111943846e-17 0.15312500000000004 0.58125 0.3765625000000001 0.58125
0 0.37968750000000007 0.5875 0.3046875000000001 0.5875 0.3046875000000001 0.7046875 0.37968750000000007 0.7046875
0 0.41875000000000007 0.6875 0.34062500000000007 0.6875 0.34062500000000007 0.7875 0.4187500000000002 0.7875
0 0.4546875000000002 0.7375 0.4125000000000002 0.7375 0.4125000000000002 0.8546875 0.4546875000000002 0.8546875
0 0.42187500000000017 0.765625 0.3375000000000001 0.765625 0.3375000000000001 0.9 0.42187500000000017 0.9
0 0.4546875000000002 0.8609375 0.38750000000000007 0.8609375 0.38750000000000007 0.9609375 0.4546875000000002 0.9609375
0 0.4468750000000002 0.9609375 0.37968750000000007 0.9609375 0.37968750000000007 0.99375 0.4468750000000002 0.99375
0 0.3937500000000001 0.871875 0.3296875000000001 0.871875 0.3296875000000001 0.99375 0.3937500000000001 0.99375
0 0.34062500000000007 0.8390625 0.2406250000000001 0.8390625 0.2406250000000001 0.9953125 0.34062500000000007 0.9953125
0 0.34062500000000007 0.95 0.2296875000000001 0.95 0.2296875000000001 0.99375 0.34062500000000007 0.99375
0 0.34062500000000007 0.721875 0.2687500000000001 0.721875 0.2687500000000001 0.8390625 0.34062500000000007 0.8390625
0 0.2765625000000001 0.709375 0.1843750000000001 0.709375 0.1843750000000001 0.85 0.2765625000000001 0.85
0 0.2765625000000001 0.6984375 0.23437500000000008 0.6984375 0.23437500000000008 0.7484375 0.2765625000000001 0.7484375
0 0.33281250000000007 0.6828125 0.2765625000000001 0.6828125 0.2765625000000001 0.7328125 0.33281250000000007 0.7328125
0 0.3437500000000001 0.821875 0.3234375000000001 0.821875 0.3234375000000001 0.871875 0.3437500000000001 0.871875
0 0.2453125000000001 0.8546875 0.1281250000000001 0.8546875 0.1281250000000001 0.99375 0.2453125000000001 0.99375
0 0.18750000000000008 0.7546875 0.10000000000000009 0.7546875 0.10000000000000009 0.9 0.18750000000000008 0.9
0 0.11406250000000011 0.771875 0.014062500000000094 0.771875 0.014062500000000103 0.928125 0.11406250000000014 0.928125
0 0.12031250000000011 0.8890625 0.03906250000000011 0.8890625 0.03906250000000012 0.9953125 0.12031250000000013 0.9953125
0 0.042187500000000114 0.9265625 1.1347117998349694e-16 0.9265625 1.172982012308324e-16 0.9890625 0.04218750000000012 0.9890625
0 0.0312500000000001 0.759375 9.299661631025214e-17 0.759375 1.0323389814687454e-16 0.9265625 0.03125000000000011 0.9265625
0 0.19531250000000008 0.6765625 0.1453125000000001 0.6765625 0.1453125000000001 0.771875 0.19531250000000008 0.771875
0 0.19531250000000008 0.609375 0.14218750000000008 0.609375 0.14218750000000008 0.68125 0.19531250000000008 0.68125
0 0.18437500000000007 0.5203125 0.14218750000000005 0.5203125 0.14218750000000008 0.615625 0.1843750000000001 0.615625
0 0.2906250000000001 0.48125 0.2562500000000001 0.48125 0.2562500000000001 0.5484375 0.2906250000000001 0.5484375
0 0.3265625000000001 0.5421875 0.2765625000000001 0.5421875 0.2765625000000001 0.603125 0.3265625000000001 0.603125
0 0.30156250000000007 0.5921875 0.2765625000000001 0.5921875 0.2765625000000001 0.653125 0.30156250000000007 0.653125
0 0.2515625 2.1239967922711906e-17 0.0953125 1.1672414804373211e-17 0.09531250000000002 0.3578125 0.2515625 0.3578125
0 0.31562500000000004 2.190969664099562e-17 0.0421875 5.1664786839028965e-18 0.04218750000000003 0.559375 0.3156250000000001 0.559375
0 0.19531250000000003 0.039062500000000014 0.0609375 0.039062500000000014 0.06093750000000002 0.4078125 0.19531250000000006 0.4078125
0 0.25468750000000007 0.2296875 0.15625000000000006 0.2296875 0.15625000000000006 0.5203125 0.25468750000000007 0.5203125
0 0.29375000000000007 1.7986999862476752e-17 0 0 4.209723372069027e-17 0.6875 0.29375000000000007 0.6875
0 0.2562500000000001 0.4359375 0.17500000000000004 0.4359375 0.17500000000000007 0.6921875 0.2562500000000001 0.6921875
0 0.24062500000000003 0.3515625 0.11718750000000004 0.3515625 0.11718750000000007 0.709375 0.2406250000000001 0.709375
0 0.12343750000000005 0.3140625 0.07812500000000004 0.3140625 0.07812500000000004 0.3921875 0.12343750000000005 0.3921875
0 0.09531250000000005 0.2953125 0.07500000000000004 0.2953125 0.07500000000000004 0.31875 0.09531250000000005 0.31875
0 0.07812500000000004 0.2796875 0.04218750000000003 0.2796875 0.04218750000000004 0.3359375 0.07812500000000004 0.3359375
0 0.06718750000000004 0.2296875 0.014062500000000028 0.2296875 0.01406250000000003 0.2859375 0.06718750000000004 0.2859375
0 0.057812500000000024 0.1796875 0.004687500000000022 0.1796875 0.004687500000000027 0.246875 0.057812500000000024 0.246875
0 0.03125000000000002 0.1390625 1.703024455064288e-17 0.1390625 2.076159026679497e-17 0.2 0.03125000000000002 0.2
0 0.04687500000000004 0.25625 3.138157422815093e-17 0.25625 3.5208595475486407e-17 0.31875 0.04687500000000004 0.31875
0 0.06093750000000005 0.3015625 0.014062500000000039 0.3015625 0.014062500000000042 0.3515625 0.06093750000000005 0.3515625
0 0.15000000000000008 0.625 0.08593750000000007 0.625 0.08593750000000008 0.6875 0.15000000000000008 0.6875
0 0.14843750000000008 0.553125 0.09218750000000006 0.553125 0.09218750000000006 0.6203125 0.14843750000000008 0.6203125
0 0.12031250000000007 0.503125 0.08125000000000007 0.503125 0.08125000000000007 0.575 0.12031250000000009 0.575
0 0.15000000000000005 0.475 0.09687500000000007 0.475 0.09687500000000007 0.53125 0.15000000000000005 0.53125
0 0.12031250000000004 0.403125 0.07500000000000004 0.403125 0.07500000000000005 0.4703125 0.12031250000000004 0.4703125
0 0.08125000000000004 0.3921875 0.035937500000000046 0.3921875 0.03593750000000005 0.4421875 0.08125000000000004 0.4421875
0 0.043750000000000046 0.346875 0.004687500000000043 0.346875 0.004687500000000047 0.403125 0.043750000000000046 0.403125
0 0.010937500000000055 0.4078125 4.9942627277728e-17 0.4078125 5.367397299388009e-17 0.46875 0.010937500000000058 0.46875
0 0.08906250000000006 0.4359375 0.021875000000000054 0.4359375 0.021875000000000058 0.5140625 0.08906250000000007 0.5140625
0 0.05312500000000007 0.48125 0.014062500000000061 0.48125 0.014062500000000065 0.5640625 0.05312500000000007 0.5640625
0 0.08437500000000006 0.51875 0.050000000000000065 0.51875 0.050000000000000065 0.58125 0.08437500000000006 0.58125
0 0.06406250000000006 0.559375 0.028125000000000067 0.559375 0.028125000000000074 0.63125 0.06406250000000006 0.63125
0 0.03125000000000007 0.5359375 6.563341439180346e-17 0.5359375 7.070421754452296e-17 0.61875 0.031250000000000076 0.61875
0 0.08125000000000007 0.6203125 0.028125000000000077 0.6203125 0.028125000000000077 0.659375 0.08125000000000009 0.659375
0 0.09218750000000009 0.6484375 0.03593750000000008 0.6484375 0.03593750000000008 0.73125 0.09218750000000009 0.73125
0 0.08593750000000008 0.6875 0.018750000000000083 0.6875 0.01875000000000009 0.765625 0.08593750000000008 0.765625