0 0.703125 0.2171875000000001 0.4765625 0.2171875000000001 0.4765625 0.5390625 0.703125 0.5390625
0 0.534375 0.2375000000000001 0.428125 0.2375000000000001 0.428125 0.3812500000000001 0.534375 0.3812500000000001
0 0.6875 0.5234375 0.646875 0.5234375 0.646875 0.603125 0.6875 0.603125
0 0.6203125 0.25468750000000007 0.3875 0.25468750000000007 0.38750000000000007 0.5921875 0.6203125 0.5921875
0 0.6703125 0.5125 0.60625 0.5125 0.60625 0.6296875 0.6703125 0.6296875
0 0.6203125 0.5765625 0.5078125 0.5765625 0.5078125000000001 0.7515625 0.6203125000000002 0.7515625
0 0.5640625 0.4921875 0.428125 0.4921875 0.428125 0.6765625 0.5640625 0.6765625
0 0.465625 0.25468750000000007 0.2671875 0.2546875 0.2671875 0.540625 0.465625 0.540625
0 0.428125 0.15312500000000004 0.3421875 0.15312500000000004 0.3421875 0.31718750000000007 0.428125 0.31718750000000007
0 0.4546875 0.36562500000000003 0.2750000000000001 0.365625 0.2750000000000001 0.703125 0.4546875 0.703125
0 0.28906250000000006 0.3171875 0.259375 0.3171875 0.259375 0.3859375 0.2890625000000001 0.3859375
0 0.5078125 0.5609375 0.4328125 0.5609375 0.4328125 0.7140625 0.5078125 0.7140625
5 0.7515625000000001 0.15468750000000006 0.2296875 0.15468750000000003 0.22968750000000004 0.8421875 0.7515625000000001 0.8421875