0 0.7890625000000001 0.5906250000000001 0.575 0.590625 0.5750000000000001 0.9953125 0.7890625000000002 0.9953125
0 0.996875 0.5843750000000002 0.8140625 0.5843750000000002 0.8140625 0.9953125 0.996875 0.9953125
0 0.8796875 0.9234375 0.7281250000000001 0.9234375 0.7281250000000001 0.9953125 0.8796875 0.9953125
0 0.5203125000000002 0.7484375 0.3265625000000001 0.7484375 0.3265625000000001 0.9953125 0.5203125000000002 0.9953125
0 0.6406250000000002 0.9078125 0.49531250000000016 0.9078125 0.49531250000000016 0.9953125 0.6406250000000002 0.9953125
0 0.596875 0.27812500000000007 0.3390625 0.278125 0.33906250000000004 0.721875 0.596875 0.721875
0 0.9234375 0.26250000000000007 0.6578125 0.26250000000000007 0.6578125 0.6390625000000001 0.9234375 0.6390625000000002
0 0.996875 1.0782632364367712e-16 0.7640625 9.357066949735246e-17 0.7640625 0.3281250000000001 0.996875 0.3281250000000001
0 0.996875 0.2578125000000001 0.90625 0.2578125000000001 0.90625 0.6187500000000001 0.996875 0.6187500000000001
0 0.4140625000000001 0.5953125 0.16406250000000008 0.5953125 0.1640625000000001 0.9296875 0.41406250000000017 0.9296875
0 0.18593750000000012 0.765625 9.376202055971923e-17 0.765625 1.0782632364367712e-16 0.9953125 0.18593750000000014 0.9953125
0 0.2328125000000001 0.43125 5.281289321322961e-17 0.43125 7.357448348002458e-17 0.7703125 0.2328125000000001 0.7703125
0 0.39375000000000004 0.21406250000000004 0.09218750000000002 0.2140625 0.09218750000000005 0.553125 0.3937500000000001 0.553125
0 0.21093750000000006 0.010937500000000013 0.0031250000000000015 0.0109375 0.0031250000000000245 0.3828125 0.21093750000000008 0.3828125
0 0.4203125 3.6165350787320275e-17 0.1703125 2.085726579797836e-17 0.17031250000000003 0.27812500000000007 0.4203125 0.27812500000000007
0 0.684375 6.888638245203862e-17 0.440625 5.3960999587430256e-17 0.440625 0.3390625000000001 0.684375 0.3390625000000001
0 0.821875 8.821283975108278e-17 0.61875 7.577502069724248e-17 0.61875 0.07656250000000009 0.821875 0.07656250000000012
0 0.7890625 0.08750000000000009 0.646875 0.08750000000000009 0.646875 0.3281250000000001 0.7890625 0.3281250000000001
0 0.13125000000000003 0.35625 4.362804221962446e-17 0.35625 5.099505812074525e-17 0.4765625 0.13125000000000003 0.4765625