0 0.9953125 0.8421875 0.7218750000000002 0.8421875 0.7218750000000002 0.996875 0.9953125 0.996875
0 0.9953125 0.7000000000000002 0.825 0.7000000000000002 0.825 0.88125 0.9953125 0.88125
0 0.9953125 0.4937500000000002 0.7265625 0.4937500000000002 0.7265625000000001 0.7296875000000002 0.9953125 0.7296875000000002
0 0.9953125 0.40156250000000016 0.9484375 0.40156250000000016 0.9484375 0.5640625000000001 0.9953125 0.5640625000000001
0 0.9125 0.28593750000000007 0.6640625 0.28593750000000007 0.6640625 0.4906250000000001 0.9125 0.4906250000000002
0 0.9953125 0.30156250000000007 0.871875 0.30156250000000007 0.871875 0.46406250000000016 0.9953125 0.46406250000000016
0 0.9953125 0.20468750000000008 0.9171875 0.20468750000000008 0.9171875 0.3437500000000001 0.9953125 0.3437500000000001
0 0.9953125 0.1421875000000001 0.871875 0.14218750000000008 0.871875 0.27031250000000007 0.9953125 0.27031250000000007
0 0.8875 0.1671875000000001 0.675 0.1671875000000001 0.675 0.2906250000000001 0.8875 0.2906250000000001
0 0.8609375 9.280526524788537e-17 0.6546875 8.017609513167828e-17 0.6546875 0.1859375000000001 0.8609375 0.1859375000000001
0 0.9953125 1.114619938286458e-16 0.825 1.0103336092965664e-16 0.825 0.16250000000000012 0.9953125 0.16250000000000014
0 0.6546875 0.023437500000000062 0.38125 0.023437500000000045 0.38125 0.21250000000000008 0.6546875 0.21250000000000008
0 0.7109375 7.606204729079263e-17 0.53125 6.505936120470313e-17 0.53125 0.039062500000000076 0.7109375 0.03906250000000009
0 0.70625 0.18125000000000008 0.428125 0.18125000000000005 0.428125 0.3859375000000001 0.70625 0.3859375000000001
0 0.675 0.3468750000000001 0.3875 0.3468750000000001 0.38750000000000007 0.571875 0.675 0.571875
0 0.7421875 0.4515625000000001 0.61875 0.4515625 0.61875 0.6140625000000001 0.7421875 0.6140625000000002
0 0.7265625000000001 0.5671875000000001 0.3921875000000001 0.5671875 0.3921875000000001 0.8375 0.7265625000000002 0.8375
0 0.834375 0.6687500000000001 0.634375 0.66875 0.6343750000000001 0.88125 0.834375 0.88125
0 0.6609375000000002 0.8 0.3359375000000001 0.8 0.3359375000000001 0.9734375 0.6609375000000002 0.9734375
0 0.7015625000000002 0.9234375 0.3296875000000001 0.9234375 0.3296875000000001 0.996875 0.7015625000000002 0.996875
0 0.7531250000000002 0.8734375 0.6593750000000002 0.8734375 0.6593750000000002 0.996875 0.7531250000000002 0.996875
0 0.4078125000000001 0.6796875 0.031250000000000076 0.6796875 0.0312500000000001 0.95 0.4078125000000002 0.95
0 0.24218750000000008 0.76875 9.414472268445279e-17 0.76875 1.0811335023722728e-16 0.996875 0.24218750000000008 0.996875
0 0.3046875000000001 0.965625 0.2375000000000001 0.965625 0.2375000000000001 0.996875 0.3046875000000001 0.996875
0 0.010937500000000079 0.55625 6.812097820257152e-17 0.55625 7.845393557037733e-17 0.725 0.01093750000000009 0.725
0 0.03125000000000009 0.671875 8.22809568177128e-17 0.671875 8.916959506291665e-17 0.784375 0.0312500000000001 0.784375
0 0.4484375 0.36718750000000006 0.026562500000000044 0.3671875 0.026562500000000065 0.71875 0.4484375 0.71875
0 0.38593750000000004 0.24687500000000004 0.046875000000000035 0.246875 0.04687500000000004 0.4171875 0.3859375000000001 0.4171875
0 0.453125 0.31718750000000007 0.3609375 0.3171875 0.3609375 0.4015625 0.453125 0.4015625
0 0.396875 0.12031250000000002 0.134375 0.1203125 0.13437500000000002 0.30156250000000007 0.396875 0.30156250000000007
0 0.4390625 0.22812500000000008 0.371875 0.22812500000000008 0.371875 0.32500000000000007 0.4390625 0.32500000000000007
0 0.453125 4.860316984116058e-17 0.340625 4.171453159595672e-17 0.340625 0.08906250000000004 0.453125 0.08906250000000004
0 0.5203125 5.903180274014976e-17 0.44375 5.43437017121638e-17 0.44375 0.03437500000000006 0.5203125 0.034375000000000065
0 0.3453125 2.3057803015196263e-17 0.03125 3.827021247335479e-18 0.031250000000000014 0.15000000000000002 0.3453125 0.15000000000000005
0 0.12812500000000002 0.05000000000000001 6.123233995736766e-18 0.05 2.0474563673244812e-17 0.284375 0.12812500000000004 0.284375
0 0.08750000000000005 0.2359375 2.8894010417382865e-17 0.2359375 4.448912200027494e-17 0.490625 0.08750000000000006 0.490625
0 0.0359375 2.2005372172179004e-18 0 0 2.5832393419514482e-18 0.0421875 0.0359375 0.0421875