0 0.07656250000000012 0.8375 1.0256416942859082e-16 0.8375 1.0581713748882599e-16 0.890625 0.07656250000000012 0.890625
0 0.7421875000000002 0.91875 0.6500000000000001 0.91875 0.6500000000000001 0.9734375 0.7421875000000002 0.9734375
0 0.7421875000000001 0.4296875000000001 0.3656250000000001 0.4296875 0.3656250000000001 0.93125 0.7421875000000002 0.93125
0 0.871875 0.5453125000000002 0.7265625 0.5453125000000002 0.7265625000000001 0.9390625 0.871875 0.9390625
0 0.9953125 0.7218750000000002 0.8296875 0.7218750000000002 0.8296875 0.9421875 0.9953125 0.9421875
0 0.3609375000000001 0.4671875 0.18593750000000003 0.4671875 0.1859375000000001 0.9234375 0.3609375000000001 0.9234375
0 0.21093750000000008 0.703125 0.06250000000000008 0.703125 0.0625000000000001 0.915625 0.21093750000000008 0.915625
0 0.64375 0.2828125000000001 0.5 0.2828125000000001 0.5 0.4140625 0.64375 0.4140625
0 0.7015625 0.3281250000000001 0.64375 0.3281250000000001 0.64375 0.4171875 0.7015625 0.4171875
0 0.490625 0.32500000000000007 0.4078125 0.32500000000000007 0.4078125 0.4015625 0.490625 0.4015625
0 0.634375 0.2515625000000001 0.5203125 0.2515625000000001 0.5203125 0.2828125000000001 0.634375 0.2828125000000001