0 0.6015625000000001 0.425 0.16250000000000003 0.425 0.1625000000000001 0.99375 0.6015625000000002 0.99375
0 0.6250000000000002 0.8625 0.5609375000000002 0.8625 0.5609375000000002 0.99375 0.6250000000000002 0.99375
0 0.6625000000000002 0.9390625 0.5781250000000002 0.9390625 0.5781250000000002 0.99375 0.6625000000000002 0.99375
0 0.7156250000000002 0.85625 0.6281250000000002 0.85625 0.6281250000000002 0.965625 0.7156250000000002 0.965625
0 0.7968750000000002 0.890625 0.6625000000000002 0.890625 0.6625000000000002 0.99375 0.7968750000000002 0.99375
0 0.2796875000000001 0.56875 0.08437500000000006 0.56875 0.08437500000000009 0.99375 0.2796875000000001 0.99375
0 0.09843750000000011 0.8625 1.0562578642645922e-16 0.8625 1.1356685551468035e-16 0.9921875 0.09843750000000011 0.9921875
0 0.996875 0.3296875000000001 0.590625 0.3296875000000001 0.5906250000000001 0.9328125 0.996875 0.9328125
0 0.959375 0.07656250000000009 0.49375 0.07656250000000006 0.4937500000000001 0.7406250000000001 0.959375 0.7406250000000002
0 0.778125 7.079989307570636e-17 0.378125 4.63069570927593e-17 0.378125 0.17812500000000006 0.778125 0.1781250000000001
0 0.26093750000000004 0.17812500000000003 2.181402110981223e-17 0.178125 4.4393446469091554e-17 0.546875 0.2609375000000001 0.546875
0 0.35468750000000004 0.3359375 0.2125 0.3359375 0.21250000000000005 0.5828125 0.3546875000000001 0.5828125
3 0.6015625 0.028125000000000056 0.25 0.028125000000000032 0.25000000000000006 0.49375 0.6015625 0.49375