0 0.971875 0.6656250000000001 0.79375 0.6656250000000001 0.7937500000000001 0.9953125 0.971875 0.9953125
0 0.996875 0.7937500000000002 0.96875 0.7937500000000002 0.96875 0.99375 0.996875 0.99375
0 0.996875 0.49218750000000017 0.8890625 0.49218750000000017 0.8890625 0.7875000000000002 0.996875 0.7875000000000002
0 0.996875 0.2015625000000001 0.84375 0.2015625000000001 0.84375 0.5312500000000002 0.996875 0.5312500000000002
0 0.996875 1.094528076737947e-16 0.790625 9.682363755758761e-17 0.790625 0.2234375000000001 0.996875 0.2234375000000001
0 0.84375 0.0890625000000001 0.6796875 0.08906250000000009 0.6796875 0.41875000000000007 0.84375 0.4187500000000002
0 0.8609375 0.4250000000000001 0.6484375 0.425 0.6484375000000001 0.7437500000000001 0.8609375 0.7437500000000001
0 0.7937500000000001 0.721875 0.61875 0.721875 0.6187500000000001 0.9953125 0.7937500000000002 0.9953125
0 0.8078125 8.649068018978182e-17 0.6046875 7.405286113594152e-17 0.6046875 0.12343750000000009 0.8078125 0.12343750000000009
0 0.6796875 0.07812500000000008 0.4796875 0.07812500000000007 0.4796875 0.4078125 0.6796875 0.4078125
0 0.6406250000000001 0.37968750000000007 0.4453125 0.37968750000000007 0.4453125000000001 0.7375 0.6406250000000002 0.7375
0 0.6203125 0.721875 0.453125 0.721875 0.4531250000000001 0.9953125 0.6203125000000002 0.9953125
0 0.4812500000000002 0.9671875 0.45625000000000016 0.9671875 0.45625000000000016 0.9953125 0.4812500000000002 0.9953125
0 0.4484375000000001 0.6484375 0.27031250000000007 0.6484375 0.27031250000000007 0.971875 0.44843750000000016 0.971875
0 0.44531250000000017 0.9390625 0.2984375000000001 0.9390625 0.2984375000000001 0.9953125 0.44531250000000017 0.9953125
0 0.4453125 0.35156250000000006 0.2671875 0.3515625 0.2671875 0.659375 0.4453125 0.659375
0 0.4734375 0.06718750000000005 0.2953125 0.06718750000000004 0.29531250000000003 0.38593750000000004 0.4734375 0.3859375000000001
0 0.5734375 5.845774955304943e-17 0.38125 4.6689659217492845e-17 0.38125 0.12812500000000007 0.5734375 0.1281250000000001
0 0.3703125 3.6165350787320275e-17 0.2203125 2.6980499793715128e-17 0.2203125 0.12343750000000005 0.3703125 0.12343750000000005
0 0.209375 1.4351329677508044e-17 0.025 3.061616997868383e-18 0.025000000000000005 0.084375 0.209375 0.08437500000000002
0 0.30312500000000003 0.06718750000000004 0.1171875 0.06718750000000002 0.11718750000000003 0.3796875 0.3031250000000001 0.3796875
0 0.275 0.3515625 0.10781250000000005 0.3515625 0.10781250000000006 0.6375 0.2750000000000001 0.6375
0 0.2875000000000001 0.6203125 0.1281250000000001 0.6203125 0.1281250000000001 0.9109375 0.2875000000000001 0.9109375
0 0.2953125000000001 0.9 0.1312500000000001 0.9 0.13125000000000012 0.9953125 0.2953125000000001 0.9953125
0 0.13906250000000012 0.85 1.0409497792752501e-16 0.85 1.1299280232758e-16 0.9953125 0.13906250000000014 0.9953125
0 0.1390625000000001 0.58125 7.11825952004399e-17 0.58125 8.96479727188336e-17 0.8828125 0.1390625000000001 0.8828125
0 0.12500000000000006 0.325 3.980102097228898e-17 0.325 5.65442389293817e-17 0.5984375 0.12500000000000008 0.5984375
0 0.12500000000000003 0.006250000000000008 7.654042494670958e-19 0.00625 2.05702392044282e-17 0.3296875 0.12500000000000006 0.3296875