0 0.6875000000000001 0.590625 0.4984375 0.590625 0.4984375000000001 0.8359375 0.6875000000000002 0.8359375
0 0.30937500000000007 0.7265625 0.18906250000000008 0.7265625 0.1890625000000001 0.9125 0.30937500000000007 0.9125
0 0.4296875000000001 0.65 0.2906250000000001 0.65 0.2906250000000001 0.890625 0.42968750000000017 0.890625
0 0.3343750000000001 0.60625 0.1609375000000001 0.60625 0.1609375000000001 0.7875 0.3343750000000001 0.7875
0 0.2296875000000001 0.51875 0.057812500000000065 0.51875 0.05781250000000008 0.715625 0.2296875000000001 0.715625
0 0.12031250000000009 0.5796875 0.014062500000000071 0.5796875 0.014062500000000084 0.759375 0.12031250000000009 0.759375
0 0.021875000000000075 0.496875 6.084963783263412e-17 0.496875 7.491394091659199e-17 0.7265625 0.02187500000000009 0.7265625
0 0.16718750000000007 0.3875 0.003125000000000047 0.3875 0.0031250000000000583 0.56875 0.1671875000000001 0.56875
0 0.26250000000000007 0.3171875 0.16406250000000006 0.3171875 0.16406250000000006 0.51875 0.26250000000000007 0.51875
0 0.36718750000000006 0.22968750000000004 0.240625 0.2296875 0.24062500000000003 0.475 0.3671875000000001 0.475
0 0.403125 0.475 0.2328125000000001 0.475 0.2328125000000001 0.6234375 0.403125 0.6234375
0 0.41875 0.5953125 0.3703125000000001 0.5953125 0.3703125000000001 0.6890625 0.41875 0.6890625
0 0.5531250000000001 0.540625 0.4140625 0.540625 0.4140625000000001 0.78125 0.5531250000000002 0.78125
0 0.6578125 0.4109375 0.446875 0.4109375 0.446875 0.5859375 0.6578125 0.5859375
0 0.75 0.5250000000000001 0.6265625 0.525 0.6265625 0.6390625000000001 0.75 0.6390625000000002
0 0.734375 0.3390625000000001 0.646875 0.3390625000000001 0.646875 0.5140625000000001 0.734375 0.5140625000000002
0 0.5640625 0.15312500000000007 0.38125 0.15312500000000004 0.38125000000000003 0.415625 0.5640625 0.415625
0 0.64375 0.12656250000000008 0.4828125 0.12656250000000005 0.4828125 0.4109375 0.64375 0.4109375
0 0.6734375 0.2015625000000001 0.5859375 0.2015625000000001 0.5859375 0.3500000000000001 0.6734375 0.3500000000000001
0 0.6328125 0.043750000000000074 0.5046875 0.04375000000000007 0.5046875 0.21250000000000008 0.6328125 0.21250000000000008
0 0.4546875 0.06562500000000006 0.353125 0.06562500000000004 0.353125 0.15312500000000004 0.4546875 0.15312500000000004
0 0.38125 0.08281250000000004 0.2765625 0.08281250000000004 0.2765625 0.22500000000000003 0.38125 0.2250000000000001
0 0.3421875 0.12656250000000005 0.2296875 0.12656250000000005 0.2296875 0.2359375 0.3421875 0.2359375
0 0.3015625 0.2125 0.2109375 0.2125 0.2109375 0.3171875 0.3015625 0.3171875
0 0.2515625 0.10937500000000003 0.1015625 0.109375 0.10156250000000003 0.2296875 0.2515625 0.2296875
0 0.18281250000000004 0.2125 0.09218750000000002 0.2125 0.09218750000000003 0.30625 0.18281250000000004 0.30625
0 0.21875 0.2296875 0.15000000000000005 0.2296875 0.15000000000000005 0.30625 0.21875 0.30625
0 0.16718750000000004 0.2953125 0.06875000000000005 0.2953125 0.06875000000000005 0.39375 0.16718750000000004 0.39375
0 0.09843750000000004 0.2625 0.010937500000000034 0.2625 0.010937500000000041 0.3875 0.09843750000000004 0.3875
0 0.02500000000000004 0.278125 3.406048910128576e-17 0.278125 3.8748590129271723e-17 0.3546875 0.025000000000000043 0.3546875
0 0.10156250000000003 0.18125 2.2196723234545777e-17 0.18125 2.7554552980815448e-17 0.26875 0.10156250000000004 0.26875
0 0.07343750000000002 0.1640625 2.0091861548511263e-17 0.1640625 2.4397260451763677e-17 0.234375 0.07343750000000002 0.234375