0 0.69375 0.12031250000000007 0.4765625 0.12031250000000004 0.4765625 0.453125 0.69375 0.453125
0 0.58125 0.27343750000000006 0.33125 0.2734375 0.33125000000000004 0.6171875 0.58125 0.6171875
0 0.35000000000000003 0.35 0.10625000000000004 0.35 0.10625000000000007 0.721875 0.3500000000000001 0.721875
0 0.32812500000000006 0.13593750000000002 0.09531250000000002 0.1359375 0.09531250000000004 0.4046875 0.3281250000000001 0.4046875
0 0.4953125 0.028125000000000046 0.284375 0.028125000000000032 0.284375 0.32343750000000004 0.4953125 0.3234375000000001
0 0.99375 0.3828125000000001 0.884375 0.3828125000000001 0.884375 0.890625 0.99375 0.890625
0 0.8984375 0.3609375000000001 0.7890625 0.3609375000000001 0.7890625000000001 0.9171875 0.8984375 0.9171875
0 0.5093750000000001 0.65625 0.08750000000000009 0.65625 0.0875000000000001 0.9953125 0.5093750000000001 0.9953125
0 0.5500000000000002 0.7984375 0.3390625000000001 0.7984375 0.3390625000000001 0.890625 0.5500000000000002 0.890625
0 0.7640625000000002 0.890625 0.01875000000000011 0.890625 0.018750000000000117 0.9953125 0.7640625000000002 0.9953125
0 0.8140625 0.8578125 0.5531250000000002 0.8578125 0.5531250000000002 0.9515625 0.8140625 0.9515625
0 0.17187500000000003 0.05937500000000001 0.004687500000000007 0.059375 0.004687500000000018 0.240625 0.17187500000000006 0.240625
0 0.153125 1.578646264525885e-17 0.1046875 1.2820521178573852e-17 0.1046875 0.06562500000000002 0.153125 0.06562500000000002
0 0.5421875 4.343669115725768e-17 0.1671875 2.0474563673244812e-17 0.1671875 0.16406250000000003 0.5421875 0.16406250000000006
0 0.9953125 9.40490471532694e-17 0.540625 6.620746757890377e-17 0.540625 0.38750000000000007 0.9953125 0.38750000000000007