0 0.9859375 0.8640625 0.840625 0.8640625 0.840625 0.9953125 0.9859375 0.9953125
0 0.996875 0.83125 0.9203125 0.83125 0.9203125 0.9953125 0.996875 0.9953125
0 0.996875 0.6609375000000002 0.953125 0.6609375000000002 0.953125 0.8578125 0.996875 0.8578125
0 0.9890625 0.6125000000000002 0.8328125 0.6125000000000002 0.8328125 0.8578125 0.9890625 0.8578125
0 0.996875 0.4812500000000002 0.9484375 0.4812500000000002 0.9484375 0.6390625000000002 0.996875 0.6390625000000002
0 0.996875 0.2453125000000001 0.8546875 0.2453125000000001 0.8546875 0.5140625000000002 0.996875 0.5140625000000002
0 0.996875 0.17500000000000013 0.959375 0.17500000000000013 0.959375 0.2890625000000001 0.996875 0.2890625000000001
0 0.996875 0.10312500000000013 0.93125 0.10312500000000013 0.93125 0.2515625000000001 0.996875 0.2515625000000001
0 0.959375 0.10937500000000011 0.8078125 0.10937500000000008 0.8078125 0.3218750000000001 0.959375 0.3218750000000001
0 0.9671875 1.0820902576841065e-16 0.8 9.797174393178826e-17 0.8 0.12031250000000011 0.9671875 0.12031250000000013
0 0.9921875 0.06093750000000011 0.9125 0.06093750000000011 0.9125 0.12656250000000013 0.9921875 0.12656250000000013
0 0.9953125 1.198814405727839e-16 0.9625 1.1787225441793274e-16 0.9625 0.09218750000000012 0.9953125 0.09218750000000012
0 0.8484375 0.0765625000000001 0.771875 0.07656250000000009 0.771875 0.1687500000000001 0.8484375 0.1687500000000001
0 0.8109375 9.510147799628663e-17 0.7421875 9.089175462421762e-17 0.7421875 0.10312500000000009 0.8109375 0.10312500000000009
0 0.821875 0.12500000000000008 0.66875 0.12500000000000008 0.66875 0.3500000000000001 0.821875 0.3500000000000001
0 0.8140625 0.31718750000000007 0.6875 0.31718750000000007 0.6875 0.49687500000000007 0.8140625 0.4968750000000002
0 0.9421875 0.3500000000000001 0.75625 0.3500000000000001 0.75625 0.6234375000000002 0.9421875 0.6234375000000002
0 0.759375 0.49687500000000007 0.665625 0.496875 0.665625 0.6062500000000001 0.759375 0.6062500000000002
0 0.840625 0.5687500000000001 0.709375 0.56875 0.7093750000000001 0.803125 0.840625 0.803125
0 0.865625 0.7921875000000002 0.7750000000000001 0.7921875000000002 0.7750000000000001 0.940625 0.865625 0.940625
0 0.996875 0.8640625 0.8328125 0.8640625 0.8328125 0.9953125 0.996875 0.9953125
0 0.8578125 0.91875 0.7203125000000001 0.91875 0.7203125000000001 0.9953125 0.8578125 0.9953125
0 0.7781250000000002 0.7375 0.6140625000000002 0.7375 0.6140625000000002 0.9953125 0.7781250000000002 0.9953125
0 0.7125000000000001 0.5578125 0.5171875 0.5578125 0.5171875000000001 0.759375 0.7125000000000001 0.759375
0 0.6796875000000001 0.65 0.5171875 0.65 0.5171875000000001 0.890625 0.6796875000000002 0.890625
0 0.6046875000000002 0.8421875 0.43750000000000017 0.8421875 0.43750000000000017 0.9953125 0.6046875000000002 0.9953125
0 0.5203125000000001 0.5953125 0.3703125000000001 0.5953125 0.3703125000000001 0.9296875 0.5203125000000002 0.9296875
0 0.528125 0.56875 0.3828125000000001 0.56875 0.3828125000000001 0.715625 0.528125 0.715625
0 0.6578125 0.3546875000000001 0.4796875 0.3546875000000001 0.4796875 0.6125 0.6578125 0.6125
0 0.734375 0.3234375000000001 0.6 0.3234375000000001 0.6 0.5531250000000001 0.734375 0.5531250000000002
0 0.8078125 0.3437500000000001 0.7203125 0.3437500000000001 0.7203125 0.503125 0.8078125 0.5031250000000002
0 0.6140625 0.2953125000000001 0.5203125 0.2953125000000001 0.5203125 0.3656250000000001 0.6140625 0.3656250000000001
0 0.66875 0.07656250000000007 0.5203125 0.07656250000000006 0.5203125 0.33281250000000007 0.66875 0.33281250000000007
0 0.7703125 8.524689828439779e-17 0.621875 7.615772282197602e-17 0.621875 0.1859375000000001 0.7703125 0.1859375000000001
0 0.6515625 7.529664304132553e-17 0.578125 7.079989307570636e-17 0.578125 0.06562500000000007 0.6515625 0.06562500000000009
0 0.5890625 6.228477080038491e-17 0.428125 5.2430191088496056e-17 0.428125 0.15781250000000008 0.5890625 0.15781250000000008
0 0.5265625 0.11562500000000005 0.353125 0.11562500000000005 0.353125 0.32343750000000004 0.5265625 0.3234375000000001
0 0.4421875 4.7072361342226394e-17 0.3265625 3.999237203465575e-17 0.3265625 0.08125000000000004 0.4421875 0.08125000000000004
0 0.4 0.03750000000000004 0.2578125 0.03750000000000003 0.2578125 0.26250000000000007 0.4 0.26250000000000007
0 0.328125 0.09843750000000004 0.1671875 0.09843750000000002 0.16718750000000002 0.328125 0.328125 0.328125
0 0.37031250000000004 0.27343750000000006 0.2546875 0.2734375 0.25468750000000007 0.4484375 0.3703125000000001 0.4484375
0 0.465625 0.409375 0.29375000000000007 0.409375 0.29375000000000007 0.678125 0.465625 0.678125
0 0.3671875000000001 0.496875 0.18906250000000005 0.496875 0.18906250000000008 0.74375 0.3671875000000001 0.74375
0 0.3156250000000001 0.6125 0.14218750000000008 0.6125 0.14218750000000008 0.86875 0.3156250000000001 0.86875
0 0.4000000000000002 0.74375 0.23593750000000008 0.74375 0.23593750000000008 0.9734375 0.4000000000000002 0.9734375
0 0.3312500000000001 0.875 0.11250000000000009 0.875 0.11250000000000011 0.9953125 0.3312500000000001 0.9953125
0 0.42187500000000017 0.9515625 0.3375000000000001 0.9515625 0.3375000000000001 0.9953125 0.42187500000000017 0.9953125
0 0.1750000000000001 0.74375 0.01875000000000009 0.74375 0.018750000000000103 0.9671875 0.17500000000000013 0.9671875
0 0.11718750000000014 0.9125 0.007812500000000111 0.9125 0.007812500000000116 0.9953125 0.11718750000000014 0.9953125
0 0.0437500000000001 0.721875 8.840419081344957e-17 0.721875 9.739769074468794e-17 0.86875 0.04375000000000011 0.86875
0 0.18125000000000008 0.446875 5.472640383689735e-17 0.446875 7.481826538540861e-17 0.775 0.18125000000000008 0.775
0 0.26562500000000006 0.3015625 0.08281250000000004 0.3015625 0.08281250000000005 0.5421875 0.2656250000000001 0.5421875
0 0.2109375 0.0046875000000000154 0.0328125 0.004687500000000004 0.032812500000000015 0.2515625 0.2109375 0.2515625
0 0.09843750000000004 0.2078125 2.5449691294780934e-17 0.2078125 4.018372309702253e-17 0.4484375 0.09843750000000004 0.4484375
0 0.14218750000000005 0.2515625 0.09843750000000002 0.2515625 0.09843750000000004 0.34375 0.14218750000000005 0.34375
0 0.09375000000000001 5.7405318710032185e-18 0 0 9.663228649522084e-18 0.1578125 0.09375000000000003 0.1578125
0 0.2578125 2.1335643453895294e-17 0.090625 1.1098361617272889e-17 0.090625 0.054687500000000014 0.2578125 0.05468750000000002
0 0.2578125 0.026562500000000027 0.178125 0.026562500000000024 0.178125 0.13125000000000003 0.2578125 0.13125000000000003
0 0.315625 3.4156164632469147e-17 0.2421875 2.9659414666849956e-17 0.2421875 0.026562500000000034 0.315625 0.026562500000000034
0 0.996875 6.104098889500089e-17 0 0 6.09453133638175e-17 0.9953125 0.996875 0.9953125