0 0.9671875 1.1423658423296405e-16 0.8984375 1.1002686086089502e-16 0.8984375 0.0875000000000001 0.9671875 0.0875000000000001
0 0.996875 1.2007279163515065e-16 0.9640625 1.1806360548029952e-16 0.9640625 0.06562500000000011 0.996875 0.06562500000000011
0 0.9859375 0.07031250000000011 0.9421875 0.07031250000000011 0.9421875 0.12031250000000013 0.9859375 0.12031250000000013
0 0.9375 0.07031250000000011 0.8875 0.07031250000000011 0.8875 0.12031250000000011 0.9375 0.12031250000000013
0 0.8984375 0.006250000000000108 0.8546875 0.006250000000000105 0.8546875 0.08281250000000011 0.8984375 0.08281250000000011
0 0.996875 0.19687500000000013 0.9421875 0.19687500000000013 0.9421875 0.2890625000000001 0.996875 0.2890625000000001
0 0.9640625 0.1421875000000001 0.8875 0.14218750000000008 0.8875 0.2671875000000001 0.9640625 0.2671875000000001
0 0.996875 0.13125000000000014 0.9453125 0.13125000000000014 0.9453125 0.17500000000000013 0.996875 0.17500000000000013
0 0.8875 0.1468750000000001 0.8546875 0.1468750000000001 0.8546875 0.21875000000000008 0.8875 0.21875000000000008
0 0.890625 0.2140625000000001 0.840625 0.2140625000000001 0.840625 0.2687500000000001 0.890625 0.2687500000000001
0 0.95625 0.26250000000000007 0.8765625 0.26250000000000007 0.8765625 0.3218750000000001 0.95625 0.3218750000000001
0 0.996875 0.3125000000000001 0.95625 0.3125000000000001 0.95625 0.3890625000000001 0.996875 0.3890625000000001
0 0.9890625 0.37187500000000007 0.909375 0.37187500000000007 0.909375 0.45312500000000017 0.9890625 0.45312500000000017
0 0.996875 0.4703125000000002 0.9671875 0.4703125000000002 0.9671875 0.5406250000000001 0.996875 0.5406250000000001
0 0.98125 0.4859375000000002 0.934375 0.4859375000000002 0.934375 0.5625000000000002 0.98125 0.5625000000000002
0 0.996875 0.5625000000000002 0.9484375 0.5625000000000002 0.9484375 0.6453125000000002 0.996875 0.6453125000000002
0 0.996875 0.6828125000000002 0.959375 0.6828125000000002 0.959375 0.7593750000000001 0.996875 0.7593750000000001
0 0.996875 0.7703125000000002 0.975 0.7703125000000002 0.975 0.853125 0.996875 0.853125
0 0.9421875 0.7218750000000002 0.865625 0.7218750000000002 0.865625 0.8859375 0.9421875 0.8859375
0 0.978125 0.7000000000000002 0.909375 0.7000000000000002 0.909375 0.809375 0.978125 0.809375
0 0.9828125 0.809375 0.9140625 0.809375 0.9140625 0.91875 0.9828125 0.91875
0 0.9046875 0.6781250000000002 0.8546875 0.6781250000000002 0.8546875 0.7218750000000002 0.9046875 0.7218750000000002
0 0.859375 0.6937500000000002 0.815625 0.6937500000000002 0.815625 0.7703125000000002 0.859375 0.7703125000000002
0 0.865625 0.7765625000000002 0.81875 0.7765625000000002 0.81875 0.853125 0.865625 0.853125
0 0.909375 0.846875 0.840625 0.846875 0.840625 0.91875 0.909375 0.91875
0 0.8625 0.6015625000000002 0.796875 0.6015625000000002 0.796875 0.6718750000000002 0.8625 0.6718750000000002
0 0.8296875 0.4859375000000002 0.78125 0.4859375000000002 0.78125 0.5906250000000002 0.8296875 0.5906250000000002
0 0.9390625 0.4593750000000002 0.8296875 0.4593750000000002 0.8296875 0.5359375000000002 0.9390625 0.5359375000000002
0 0.9125 0.4703125000000002 0.8296875 0.4703125000000002 0.8296875 0.6171875000000002 0.9125 0.6171875000000002
0 0.934375 0.5406250000000001 0.90625 0.5406250000000001 0.90625 0.6609375000000002 0.934375 0.6609375000000002
0 0.9203125 0.6125000000000002 0.8578125 0.6125000000000002 0.8578125 0.6671875000000002 0.9203125 0.6671875000000002
0 0.890625 0.3281250000000001 0.81875 0.3281250000000001 0.81875 0.44843750000000016 0.890625 0.44843750000000016
0 0.9015625 0.3937500000000001 0.8578125 0.3937500000000001 0.8578125 0.46406250000000016 0.9015625 0.46406250000000016
0 0.9046875 0.3500000000000001 0.8875 0.3500000000000001 0.8875 0.3984375000000001 0.9046875 0.3984375000000001
0 0.81875 0.31718750000000007 0.778125 0.31718750000000007 0.778125 0.3937500000000001 0.81875 0.3937500000000001
0 0.84375 0.38750000000000007 0.7859375 0.38750000000000007 0.7859375 0.4593750000000002 0.84375 0.4593750000000002
0 0.8515625 0.1375000000000001 0.8 0.1375000000000001 0.8 0.2578125000000001 0.8515625 0.2578125000000001
0 0.8078125 0.12031250000000009 0.759375 0.12031250000000009 0.759375 0.21250000000000008 0.8078125 0.21250000000000008
0 0.7921875 0.19687500000000008 0.75625 0.19687500000000008 0.75625 0.2843750000000001 0.7921875 0.2843750000000001
0 0.821875 0.2515625000000001 0.796875 0.2515625000000001 0.796875 0.2953125000000001 0.821875 0.2953125000000001
0 0.825 0.0718750000000001 0.7640625 0.07187500000000009 0.7640625 0.12656250000000008 0.825 0.12656250000000008
0 0.840625 9.940687689953906e-17 0.7828125 9.586688224575374e-17 0.7828125 0.0765625000000001 0.840625 0.07656250000000012
0 0.78125 0.021875000000000092 0.734375 0.02187500000000009 0.734375 0.09218750000000009 0.78125 0.09218750000000009
0 0.778125 9.299661631025212e-17 0.740625 9.070040356185083e-17 0.740625 0.026562500000000093 0.778125 0.0265625000000001
0 0.75625 0.1312500000000001 0.7171875 0.1312500000000001 0.7171875 0.21250000000000008 0.75625 0.21250000000000008
0 0.7203125 0.12031250000000009 0.671875 0.12031250000000009 0.671875 0.15781250000000008 0.7203125 0.15781250000000008
0 0.7125 0.1531250000000001 0.6578125 0.1531250000000001 0.6578125 0.2234375000000001 0.7125 0.2234375000000001
0 0.7453125 0.20312500000000008 0.690625 0.20312500000000008 0.690625 0.2796875000000001 0.7453125 0.2796875000000001
0 0.6765625 0.12656250000000008 0.628125 0.12656250000000008 0.628125 0.18125000000000008 0.6765625 0.18125000000000008
0 0.665625 0.16406250000000008 0.6328125 0.16406250000000008 0.6328125 0.2515625000000001 0.665625 0.2515625000000001
0 0.690625 0.2250000000000001 0.6359375 0.2250000000000001 0.6359375 0.2687500000000001 0.690625 0.2687500000000001
0 0.75625 0.27812500000000007 0.6796875 0.27812500000000007 0.6796875 0.3390625000000001 0.75625 0.3390625000000001
0 0.6796875 0.2843750000000001 0.640625 0.2843750000000001 0.640625 0.3500000000000001 0.6796875 0.3500000000000001
0 0.7421875 0.3281250000000001 0.6734375 0.3281250000000001 0.6734375 0.4046875000000001 0.7421875 0.4046875000000002
0 0.7640625 0.3281250000000001 0.7421875 0.3281250000000001 0.7421875 0.38750000000000007 0.7640625 0.38750000000000007
0 0.775 0.3828125000000001 0.7171875 0.3828125000000001 0.7171875 0.4531250000000001 0.775 0.45312500000000017
0 0.715625 0.3984375000000001 0.6546875 0.3984375000000001 0.6546875 0.459375 0.715625 0.459375
0 0.6828125 0.3437500000000001 0.6328125 0.3437500000000001 0.6328125 0.4375 0.6828125 0.4375
0 0.753125 0.4546875000000001 0.6953125 0.4546875 0.6953125 0.5203125000000001 0.753125 0.5203125000000002
0 0.8 0.5140625000000002 0.7421875 0.5140625000000002 0.7421875 0.6015625000000002 0.8 0.6015625000000002
0 0.7859375 0.5906250000000002 0.734375 0.5906250000000002 0.734375 0.6671875000000002 0.7859375 0.6671875000000002
0 0.73125 0.5906250000000001 0.665625 0.590625 0.665625 0.6609375000000001 0.73125 0.6609375000000002
0 0.75 0.5078125000000001 0.68125 0.5078125 0.68125 0.5953125000000001 0.75 0.5953125000000001
0 0.6984375 0.4640625 0.64375 0.4640625 0.64375 0.540625 0.6984375 0.540625
0 0.6828125 0.5296875 0.6328125 0.5296875 0.6328125 0.6390625 0.6828125 0.6390625
0 0.7750000000000001 0.721875 0.70625 0.721875 0.70625 0.825 0.7750000000000001 0.825
0 0.81875 0.7375000000000002 0.7671875000000001 0.7375000000000002 0.7671875000000001 0.8203125 0.81875 0.8203125
0 0.7781250000000001 0.6781250000000001 0.7234375 0.678125 0.7234375000000001 0.7437500000000001 0.7781250000000002 0.7437500000000001
0 0.7234375000000001 0.671875 0.6625 0.671875 0.6625000000000001 0.759375 0.7234375000000002 0.759375
0 0.7171875000000002 0.7484375 0.6625000000000002 0.7484375 0.6625000000000002 0.8578125 0.7171875000000002 0.8578125
0 0.7531250000000002 0.83125 0.6765625000000002 0.83125 0.6765625000000002 0.91875 0.7531250000000002 0.91875
0 0.8109375 0.8203125 0.7593750000000001 0.8203125 0.7593750000000001 0.9015625 0.8109375 0.9015625
0 0.621875 0.006250000000000073 0.578125 0.006250000000000072 0.578125 0.08281250000000007 0.621875 0.08281250000000007
0 0.61875 0.07656250000000006 0.575 0.07656250000000006 0.575 0.1312500000000001 0.61875 0.1312500000000001
0 0.6296875 0.1312500000000001 0.578125 0.1312500000000001 0.578125 0.2296875000000001 0.6296875 0.2296875000000001
0 0.61875 0.21250000000000008 0.58125 0.21250000000000008 0.58125 0.2953125000000001 0.61875 0.2953125000000001
0 0.6328125 0.31718750000000007 0.596875 0.31718750000000007 0.596875 0.409375 0.6328125 0.409375
0 0.6328125 0.3984375000000001 0.58125 0.3984375000000001 0.58125 0.4703125 0.6328125 0.4703125
0 0.6359375 0.5078125 0.6 0.5078125 0.6 0.584375 0.6359375 0.584375
0 0.6359375 0.584375 0.5890625 0.584375 0.5890625 0.6671875 0.6359375 0.6671875
0 0.6578125000000001 0.69375 0.6078125 0.69375 0.6078125000000001 0.7921875 0.6578125000000001 0.7921875
0 0.6546875000000002 0.7984375 0.6078125000000002 0.7984375 0.6078125000000002 0.896875 0.6546875000000002 0.896875
0 0.6218750000000002 0.7484375 0.5593750000000002 0.7484375 0.5593750000000002 0.8359375 0.6218750000000002 0.8359375
0 0.6078125000000001 0.6828125 0.553125 0.6828125 0.5531250000000001 0.7546875 0.6078125000000002 0.7546875
0 0.6140625000000002 0.8359375 0.5453125000000002 0.8359375 0.5453125000000002 0.9078125 0.6140625000000002 0.9078125
0 0.596875 0.60625 0.5203125 0.60625 0.5203125 0.6828125 0.596875 0.6828125
0 0.6 0.525 0.5421875 0.525 0.5421875 0.6125 0.6 0.6125
0 0.6 0.475 0.5421875 0.475 0.5421875 0.546875 0.6 0.546875
0 0.5859375 0.409375 0.528125 0.409375 0.528125 0.48125 0.5859375 0.48125
0 0.603125 0.3281250000000001 0.5421875 0.3281250000000001 0.5421875 0.4203125 0.603125 0.4203125
0 0.5890625 0.2906250000000001 0.5453125 0.2906250000000001 0.5453125 0.3343750000000001 0.5890625 0.3343750000000001
0 0.5859375 0.2453125000000001 0.5375 0.2453125000000001 0.5375 0.2953125000000001 0.5859375 0.2953125000000001
0 0.58125 0.16406250000000006 0.534375 0.16406250000000006 0.534375 0.2406250000000001 0.58125 0.2406250000000001
0 0.571875 0.07031250000000007 0.5171875 0.07031250000000007 0.5171875 0.13125000000000006 0.571875 0.1312500000000001
0 0.578125 6.859935585848846e-17 0.5421875 6.639881864127056e-17 0.5421875 0.06562500000000007 0.578125 0.06562500000000007
0 0.540625 6.400693036168589e-17 0.5046875 6.180639314446799e-17 0.5046875 0.048437500000000064 0.540625 0.048437500000000064
0 0.5421875 0.05468750000000007 0.5015625 0.05468750000000007 0.5015625 0.11406250000000004 0.5421875 0.11406250000000004
0 0.5421875 0.13125000000000003 0.4984375 0.13125000000000003 0.4984375 0.21250000000000008 0.5421875 0.21250000000000008
0 0.5453125 0.2140625000000001 0.5015625 0.2140625000000001 0.5015625 0.2906250000000001 0.5453125 0.2906250000000001
0 0.553125 0.2890625000000001 0.4953125 0.2890625000000001 0.4953125 0.37187500000000007 0.553125 0.37187500000000007
0 0.5390625 0.3609375000000001 0.490625 0.3609375000000001 0.490625 0.4375 0.5390625 0.4375
0 0.5421875 0.4859375 0.4984375 0.4859375 0.4984375 0.546875 0.5421875 0.546875
0 0.5375 0.5515625 0.4984375 0.5515625 0.4984375 0.6390625 0.5375 0.6390625
0 0.5562500000000001 0.69375 0.5125 0.69375 0.5125000000000001 0.7765625 0.5562500000000001 0.7765625
0 0.5640625000000001 0.78125 0.5015625000000001 0.78125 0.5015625000000001 0.890625 0.5640625000000001 0.890625
0 0.5015625 5.87447761465996e-17 0.4578125 5.606586127346476e-17 0.4578125 0.06562500000000007 0.5015625 0.06562500000000007
0 0.4984375 0.06093750000000007 0.4578125 0.06093750000000007 0.4578125 0.12656250000000005 0.4984375 0.12656250000000005
0 0.46875 0.010937500000000055 0.421875 0.010937500000000053 0.421875 0.09843750000000005 0.46875 0.09843750000000007
0 0.421875 0.02656250000000005 0.38125 0.026562500000000044 0.38125 0.08750000000000005 0.421875 0.08750000000000005
0 0.4265625 0.08750000000000005 0.3828125 0.08750000000000005 0.3828125 0.13593750000000004 0.4265625 0.13593750000000004
0 0.4703125 0.09843750000000005 0.4265625 0.09843750000000004 0.4265625 0.14218750000000005 0.4703125 0.14218750000000005
0 0.4625 0.15781250000000005 0.4140625 0.15781250000000005 0.4140625 0.2406250000000001 0.4625 0.2406250000000001
0 0.4984375 0.14218750000000005 0.4609375 0.14218750000000005 0.4609375 0.2015625000000001 0.4984375 0.2015625000000001
0 0.4296875 0.14218750000000005 0.38125 0.14218750000000005 0.38125 0.2078125000000001 0.4296875 0.2078125000000001
0 0.41875 0.19687500000000005 0.3703125 0.19687500000000005 0.3703125 0.27812500000000007 0.41875 0.27812500000000007
0 0.4515625 0.2515625000000001 0.4 0.2515625000000001 0.4 0.2953125000000001 0.4515625 0.2953125000000001
0 0.484375 0.2406250000000001 0.446875 0.2406250000000001 0.446875 0.3000000000000001 0.484375 0.3000000000000001
0 0.5015625 0.19687500000000005 0.465625 0.19687500000000005 0.465625 0.26250000000000007 0.5015625 0.26250000000000007
0 0.4953125 0.3125000000000001 0.4578125 0.3125000000000001 0.4578125 0.3890625000000001 0.4953125 0.3890625000000001
0 0.5015625 0.3828125000000001 0.4625 0.3828125000000001 0.4625 0.48125 0.5015625 0.48125
0 0.4625 0.33281250000000007 0.4046875 0.33281250000000007 0.4046875 0.415625 0.4625 0.415625
0 0.4625 0.4203125 0.3828125000000001 0.4203125 0.3828125000000001 0.4921875 0.4625 0.4921875
0 0.4109375 0.3671875000000001 0.3703125000000001 0.3671875000000001 0.3703125000000001 0.465625 0.4109375 0.465625
0 0.4078125 0.3109375000000001 0.3703125 0.3109375000000001 0.37031250000000004 0.3828125000000001 0.4078125 0.3828125000000001
0 0.490625 0.5140625 0.4546875 0.5140625 0.4546875 0.60625 0.490625 0.60625
0 0.4625 0.4921875 0.3968750000000001 0.4921875 0.3968750000000001 0.546875 0.4625 0.546875
0 0.4625 0.540625 0.4046875 0.540625 0.4046875 0.6234375 0.4625 0.6234375
0 0.490625 0.60625 0.4296875 0.60625 0.4296875 0.671875 0.490625 0.671875
0 0.4328125 0.60625 0.3703125000000001 0.60625 0.3703125000000001 0.6828125 0.4328125 0.6828125
0 0.403125 0.51875 0.35625000000000007 0.51875 0.35625000000000007 0.6234375 0.403125 0.6234375
0 0.4953125000000001 0.678125 0.4265625 0.678125 0.42656250000000007 0.74375 0.49531250000000016 0.74375
0 0.5125000000000002 0.7265625 0.4578125000000002 0.7265625 0.4578125000000002 0.83125 0.5125000000000002 0.83125
0 0.5015625000000001 0.8203125 0.4437500000000002 0.8203125 0.4437500000000002 0.9234375 0.5015625000000001 0.9234375
0 0.4656250000000002 0.7375 0.3968750000000001 0.7375 0.3968750000000001 0.8578125 0.4656250000000002 0.8578125
0 0.4437500000000002 0.846875 0.3781250000000001 0.846875 0.3781250000000001 0.91875 0.4437500000000002 0.91875
0 0.4000000000000002 0.7484375 0.3593750000000001 0.7484375 0.3593750000000001 0.8640625 0.4000000000000002 0.8640625
0 0.4218750000000001 0.6828125 0.3593750000000001 0.6828125 0.3593750000000001 0.765625 0.42187500000000017 0.765625
0 0.3609375000000001 0.7546875 0.3031250000000001 0.7546875 0.3031250000000001 0.86875 0.3609375000000001 0.86875
0 0.3531250000000001 0.6890625 0.30156250000000007 0.6890625 0.30156250000000007 0.765625 0.3531250000000001 0.765625
0 0.3500000000000001 0.853125 0.30156250000000007 0.853125 0.30156250000000007 0.91875 0.3500000000000001 0.91875
0 0.30156250000000007 0.8359375 0.23593750000000008 0.8359375 0.23593750000000008 0.9296875 0.30156250000000007 0.9296875
0 0.30156250000000007 0.7375 0.23593750000000008 0.7375 0.23593750000000008 0.8359375 0.30156250000000007 0.8359375
0 0.30156250000000007 0.7046875 0.2734375000000001 0.7046875 0.2734375000000001 0.7484375 0.30156250000000007 0.7484375
0 0.2765625000000001 0.715625 0.2218750000000001 0.715625 0.2218750000000001 0.7984375 0.2765625000000001 0.7984375
0 0.26250000000000007 0.803125 0.21093750000000008 0.803125 0.21093750000000008 0.890625 0.26250000000000007 0.890625
0 0.3234375000000001 0.6125 0.24375000000000008 0.6125 0.24375000000000008 0.7046875 0.3234375000000001 0.7046875
0 0.3609375000000001 0.56875 0.3031250000000001 0.56875 0.3031250000000001 0.6671875 0.3609375000000001 0.6671875
0 0.35625000000000007 0.4859375 0.31718750000000007 0.4859375 0.31718750000000007 0.5625 0.35625000000000007 0.5625
0 0.3281250000000001 0.48125 0.26250000000000007 0.48125 0.26250000000000007 0.56875 0.3281250000000001 0.56875
0 0.2953125000000001 0.5359375 0.2296875000000001 0.5359375 0.2296875000000001 0.6390625 0.2953125000000001 0.6390625
0 0.26250000000000007 0.6234375 0.2296875000000001 0.6234375 0.2296875000000001 0.6890625 0.26250000000000007 0.6890625
0 0.37187500000000007 0.4046875 0.3140625000000001 0.4046875 0.3140625000000001 0.4859375 0.37187500000000007 0.4859375
0 0.37500000000000006 0.32812500000000006 0.3203125 0.328125 0.32031250000000006 0.4046875 0.3750000000000001 0.4046875
0 0.3421875 0.30625 0.290625 0.30625 0.290625 0.3546875 0.3421875 0.3546875
0 0.32031250000000006 0.328125 0.2625 0.328125 0.26250000000000007 0.415625 0.3203125000000001 0.415625
0 0.29375000000000007 0.30625 0.24375 0.30625 0.24375000000000005 0.365625 0.29375000000000007 0.365625
0 0.27187500000000003 0.3609375 0.2328125 0.3609375 0.23281250000000003 0.453125 0.2718750000000001 0.453125
0 0.31718750000000007 0.415625 0.2593750000000001 0.415625 0.2593750000000001 0.48125 0.31718750000000007 0.48125
0 0.3453125 0.2234375 0.290625 0.2234375 0.290625 0.30625 0.3453125 0.30625
0 0.3640625 0.20312500000000006 0.33125 0.203125 0.33125 0.27968750000000003 0.3640625 0.2796875000000001
0 0.378125 0.14218750000000005 0.334375 0.14218750000000005 0.334375 0.20781250000000004 0.378125 0.2078125000000001
0 0.33125 0.16875000000000004 0.2828125 0.16875000000000004 0.2828125 0.240625 0.33125 0.240625
0 0.3171875 0.14843750000000006 0.2796875 0.14843750000000006 0.2796875 0.18125000000000005 0.3171875 0.18125000000000005
0 0.290625 0.17500000000000004 0.2546875 0.17500000000000004 0.2546875 0.240625 0.290625 0.240625
0 0.2953125 0.2515625 0.2578125 0.2515625 0.2578125 0.2953125 0.2953125 0.2953125
0 0.35625 0.08281250000000004 0.3015625 0.08281250000000004 0.3015625 0.14843750000000006 0.35625 0.14843750000000006
0 0.3828125 0.05468750000000004 0.3390625 0.05468750000000004 0.3390625 0.12500000000000006 0.3828125 0.12500000000000006
0 0.3703125 4.372371775080784e-17 0.34375 4.209723372069027e-17 0.34375 0.059375000000000046 0.3703125 0.059375000000000046
0 0.3421875 0.01718750000000004 0.29375 0.017187500000000033 0.29375 0.09375000000000004 0.3421875 0.09375000000000004
0 0.3390625 3.884426566045511e-17 0.2953125 3.6165350787320275e-17 0.2953125 0.02187500000000004 0.3390625 0.02187500000000004
0 0.2953125 0.017187500000000036 0.2625 0.017187500000000033 0.2625 0.07187500000000004 0.2953125 0.07187500000000005
0 0.3125 0.07187500000000004 0.2625 0.07187500000000002 0.2625 0.14843750000000006 0.3125 0.14843750000000006
0 0.2609375 2.956373913566657e-17 0.221875 2.71718508560819e-17 0.221875 0.059375000000000025 0.2609375 0.059375000000000025
0 0.2296875 2.4971313638864e-17 0.178125 2.181402110981223e-17 0.178125 0.03281250000000003 0.2296875 0.032812500000000036
0 0.225 0.02812500000000002 0.175 0.02812500000000002 0.175 0.10468750000000002 0.225 0.10468750000000004
0 0.2625 0.05468750000000002 0.2140625 0.05468750000000002 0.2140625 0.13125000000000003 0.2625 0.13125000000000003
0 0.2296875 0.09843750000000002 0.1890625 0.09843750000000002 0.1890625 0.13593750000000004 0.2296875 0.13593750000000004
0 0.1890625 0.08281250000000002 0.1421875 0.08281250000000002 0.1421875 0.1375 0.1890625 0.13750000000000004
0 0.178125 0.03281250000000002 0.1484375 0.03281250000000002 0.1484375 0.08750000000000002 0.178125 0.08750000000000002
0 0.2578125 0.13750000000000004 0.2109375 0.13750000000000004 0.2109375 0.203125 0.2578125 0.203125
0 0.2140625 0.14218750000000005 0.1859375 0.14218750000000005 0.18593750000000003 0.19062500000000004 0.2140625 0.19062500000000004
0 0.2140625 0.16406250000000003 0.153125 0.1640625 0.153125 0.2453125 0.2140625 0.2453125
0 0.2546875 0.19062500000000004 0.2109375 0.19062500000000004 0.2109375 0.2734375 0.2546875 0.2734375
0 0.2359375 0.234375 0.17812500000000003 0.234375 0.17812500000000003 0.30625 0.2359375 0.30625
0 0.18125000000000005 0.2515625 0.14218750000000005 0.2515625 0.14218750000000005 0.3109375 0.18125000000000005 0.3109375
0 0.15312500000000004 0.196875 0.12656250000000005 0.196875 0.12656250000000005 0.2734375 0.15312500000000004 0.2734375
0 0.17500000000000002 0.153125 0.1421875 0.153125 0.14218750000000002 0.196875 0.17500000000000004 0.196875
0 0.24375000000000005 0.35 0.2 0.35 0.20000000000000004 0.4265625 0.24375000000000008 0.4265625
0 0.22187500000000004 0.3125 0.15937500000000004 0.3125 0.15937500000000004 0.3671875 0.2218750000000001 0.3671875
0 0.20000000000000004 0.35 0.14218750000000005 0.35 0.14218750000000005 0.4375 0.2000000000000001 0.4375
0 0.15625000000000006 0.3109375 0.11718750000000004 0.3109375 0.11718750000000004 0.371875 0.15625000000000006 0.371875
0 0.14843750000000006 0.365625 0.10937500000000004 0.365625 0.10937500000000004 0.459375 0.14843750000000006 0.459375
0 0.18281250000000004 0.4375 0.10625000000000004 0.4375 0.10625000000000004 0.4921875 0.18281250000000004 0.4921875
0 0.2406250000000001 0.415625 0.17812500000000003 0.415625 0.17812500000000003 0.4921875 0.2406250000000001 0.4921875
0 0.22656250000000008 0.546875 0.17187500000000008 0.546875 0.17187500000000008 0.628125 0.22656250000000008 0.628125
0 0.21093750000000008 0.503125 0.16406250000000006 0.503125 0.16406250000000006 0.5578125 0.21093750000000008 0.5578125
0 0.17812500000000006 0.5078125 0.10937500000000004 0.5078125 0.10937500000000007 0.6125 0.1781250000000001 0.6125
0 0.12656250000000008 0.56875 0.08750000000000006 0.56875 0.08750000000000006 0.6234375 0.12656250000000008 0.6234375
0 0.1390625000000001 0.6234375 0.08437500000000006 0.6234375 0.08437500000000007 0.7109375 0.1390625000000001 0.7109375
0 0.20468750000000008 0.6125 0.1390625000000001 0.6125 0.1390625000000001 0.7 0.20468750000000008 0.7
0 0.21093750000000008 0.7109375 0.14843750000000008 0.7109375 0.14843750000000008 0.7703125 0.21093750000000008 0.7703125
0 0.15000000000000008 0.7109375 0.09531250000000009 0.7109375 0.09531250000000009 0.7703125 0.15000000000000008 0.7703125
0 0.1609375000000001 0.7703125 0.07343750000000009 0.7703125 0.0734375000000001 0.8796875 0.1609375000000001 0.8796875
0 0.21093750000000008 0.7703125 0.14843750000000008 0.7703125 0.14843750000000008 0.875 0.21093750000000008 0.875
0 0.18593750000000012 0.853125 0.11250000000000009 0.853125 0.11250000000000011 0.9453125 0.18593750000000014 0.9453125
0 0.12031250000000011 0.8421875 0.057812500000000114 0.8421875 0.057812500000000114 0.934375 0.12031250000000013 0.934375
0 0.0937500000000001 0.7703125 0.06562500000000009 0.7703125 0.0656250000000001 0.83125 0.09375000000000011 0.83125
0 0.08437500000000007 0.6015625 0.018750000000000072 0.6015625 0.01875000000000008 0.7 0.08437500000000009 0.7
0 0.025000000000000085 0.6390625 7.826258450801054e-17 0.6390625 8.22809568177128e-17 0.7046875 0.025000000000000088 0.7046875
0 0.06875000000000009 0.7109375 0.007812500000000087 0.7109375 0.007812500000000092 0.803125 0.06875000000000009 0.803125
0 0.0656250000000001 0.78125 9.567553118338697e-17 0.78125 1.0103336092965665e-16 0.86875 0.06562500000000011 0.86875
0 0.029687500000000106 0.8578125 1.0505173323935891e-16 0.8578125 1.101225363920784e-16 0.940625 0.02968750000000011 0.940625
0 0.035937500000000074 0.5671875 6.946043563913895e-17 0.5671875 7.347880794884119e-17 0.6328125 0.03593750000000008 0.6328125
0 0.08281250000000007 0.51875 0.032812500000000064 0.51875 0.03281250000000007 0.60625 0.08281250000000007 0.60625
0 0.04687500000000007 0.5078125 6.218909526920153e-17 0.5078125 6.582476545417024e-17 0.5671875 0.04687500000000007 0.5671875
0 0.08437500000000006 0.4375 0.026562500000000055 0.4375 0.026562500000000055 0.496875 0.08437500000000006 0.496875
0 0.03281250000000006 0.4328125 5.300424427559639e-17 0.4328125 5.702261658529863e-17 0.4984375 0.03281250000000006 0.4984375
0 0.06250000000000004 0.3609375 4.420209540672478e-17 0.3609375 4.955992515299445e-17 0.4484375 0.06250000000000004 0.4484375
0 0.10937500000000004 0.3828125 0.05468750000000004 0.3828125 0.054687500000000056 0.459375 0.10937500000000004 0.459375
0 0.11718750000000004 0.30625 0.059375000000000046 0.30625 0.059375000000000046 0.3765625 0.11718750000000004 0.3765625
0 0.05468750000000004 0.328125 0.007812500000000038 0.328125 0.007812500000000042 0.371875 0.05468750000000004 0.371875
0 0.09531250000000004 0.25625 0.03750000000000003 0.25625 0.03750000000000004 0.328125 0.09531250000000005 0.328125
0 0.12343750000000005 0.225 0.08437500000000002 0.225 0.08437500000000003 0.3125 0.12343750000000005 0.3125
0 0.13437500000000002 0.153125 0.07968750000000002 0.153125 0.07968750000000002 0.21875 0.13437500000000005 0.21875
0 0.08750000000000002 0.1859375 0.035937500000000025 0.1859375 0.035937500000000025 0.2453125 0.08750000000000002 0.2453125
0 0.046875000000000035 0.240625 2.9468063604483184e-17 0.240625 3.4156164632469147e-17 0.3171875 0.046875000000000035 0.3171875
0 0.043750000000000025 0.1859375 0.007812500000000023 0.1859375 0.007812500000000026 0.2453125 0.04375000000000003 0.2453125