0 0.996875 0.5906250000000002 0.8109375 0.5906250000000002 0.8109375 0.9734375 0.996875 0.9734375
0 0.996875 0.9515625 0.8703125 0.9515625 0.8703125 0.9953125 0.996875 0.9953125
0 0.996875 0.5140625000000002 0.975 0.5140625000000002 0.975 0.6125000000000002 0.996875 0.6125000000000002
0 0.996875 0.3937500000000001 0.790625 0.3937500000000001 0.790625 0.6234375000000002 0.996875 0.6234375000000002
0 0.996875 0.3125000000000001 0.975 0.3125000000000001 0.975 0.4437500000000002 0.996875 0.4437500000000002
0 0.9640625 0.2843750000000001 0.7859375 0.2843750000000001 0.7859375 0.46406250000000016 0.9640625 0.46406250000000016
0 0.996875 0.2015625000000001 0.8625 0.2015625000000001 0.8625 0.3937500000000001 0.996875 0.3937500000000001
0 0.996875 0.07031250000000011 0.8625 0.07031250000000011 0.8625 0.2734375000000001 0.996875 0.2734375000000001
0 0.996875 0.028125000000000122 0.971875 0.028125000000000122 0.971875 0.12656250000000013 0.996875 0.12656250000000013
0 0.8625 0.12031250000000009 0.771875 0.12031250000000009 0.771875 0.21875000000000008 0.8625 0.21875000000000008
0 0.865625 0.1750000000000001 0.8265625 0.1750000000000001 0.8265625 0.2671875000000001 0.865625 0.2671875000000001
0 0.8515625 0.2140625000000001 0.728125 0.2140625000000001 0.728125 0.35625000000000007 0.8515625 0.35625000000000007
0 0.7859375 0.31718750000000007 0.659375 0.31718750000000007 0.659375 0.4203125000000001 0.7859375 0.4203125000000002
0 0.790625 0.3828125000000001 0.6265625 0.3828125000000001 0.6265625 0.5625000000000001 0.790625 0.5625000000000002
0 0.8296875 0.51875 0.6515625 0.51875 0.6515625 0.6671875 0.8296875 0.6671875000000002
0 0.834375 0.6062500000000001 0.5734375 0.60625 0.5734375 0.9953125 0.834375 0.9953125
0 0.6156250000000001 0.634375 0.525 0.634375 0.5250000000000001 0.9296875 0.6156250000000002 0.9296875
0 0.565625 0.6015625 0.3375000000000001 0.6015625 0.3375000000000001 0.9515625 0.5656250000000002 0.9515625
0 0.6203125000000002 0.896875 0.41406250000000017 0.896875 0.41406250000000017 0.9953125 0.6203125000000002 0.9953125
0 0.40625000000000017 0.86875 0.2140625000000001 0.86875 0.2140625000000001 0.9953125 0.40625000000000017 0.9953125
0 0.3515625000000001 0.825 0.3265625000000001 0.825 0.3265625000000001 0.875 0.3515625000000001 0.875
0 0.4359375000000001 0.51875 0.2656250000000001 0.51875 0.2656250000000001 0.7984375 0.4359375000000002 0.7984375
0 0.565625 0.3937500000000001 0.40625 0.3937500000000001 0.40625 0.628125 0.565625 0.628125
0 0.6640625 0.496875 0.5265625 0.496875 0.5265625 0.6609375 0.6640625 0.6609375
0 0.6171875 0.2953125000000001 0.4828125 0.2953125000000001 0.4828125 0.496875 0.6171875 0.496875
0 0.54375 0.2515625000000001 0.4390625 0.2515625000000001 0.4390625 0.3437500000000001 0.54375 0.3437500000000001
0 0.48125 0.3390625000000001 0.3953125 0.3390625000000001 0.39531250000000007 0.453125 0.48125 0.453125
0 0.39531250000000007 0.3609375 0.2640625 0.3609375 0.26406250000000003 0.5296875 0.39531250000000007 0.5296875
0 0.721875 0.23437500000000008 0.5875 0.23437500000000008 0.5875 0.4265625 0.721875 0.4265625
0 0.6453125 0.2078125000000001 0.5609375 0.2078125000000001 0.5609375 0.3062500000000001 0.6453125 0.3062500000000001
0 0.6703125 0.1906250000000001 0.640625 0.1906250000000001 0.640625 0.2406250000000001 0.6703125 0.2406250000000001
0 0.771875 0.1359375000000001 0.6734375 0.1359375000000001 0.6734375 0.2515625000000001 0.771875 0.2515625000000001
0 0.7671875 0.2078125000000001 0.6921875 0.2078125000000001 0.6921875 0.31718750000000007 0.7671875 0.31718750000000007
0 0.22031250000000008 0.546875 0.05468750000000007 0.546875 0.054687500000000076 0.74375 0.22031250000000008 0.74375
0 0.3187500000000001 0.5796875 0.20312500000000008 0.5796875 0.20312500000000008 0.8203125 0.3187500000000001 0.8203125
0 0.2828125000000001 0.5359375 0.2500000000000001 0.5359375 0.2500000000000001 0.590625 0.2828125000000001 0.590625
0 0.3000000000000001 0.678125 0.13437500000000008 0.678125 0.13437500000000008 0.8359375 0.3000000000000001 0.8359375
0 0.33281250000000007 0.765625 0.12656250000000008 0.765625 0.1265625000000001 0.9890625 0.33281250000000007 0.9890625
0 0.1593750000000001 0.825 1.0103336092965664e-16 0.825 1.1107929170391227e-16 0.9890625 0.15937500000000013 0.9890625
0 0.1453125000000001 0.69375 8.495987169084762e-17 0.69375 9.672796202640423e-17 0.8859375 0.1453125000000001 0.8859375
0 0.1375000000000001 0.584375 7.156529732517345e-17 0.584375 8.22809568177128e-17 0.759375 0.1375000000000001 0.759375
0 0.18906250000000008 0.4921875 0.06875000000000006 0.4921875 0.06875000000000006 0.5625 0.18906250000000008 0.5625
0 0.2656250000000001 0.475 0.17500000000000004 0.475 0.17500000000000007 0.584375 0.2656250000000001 0.584375
0 0.2796875000000001 0.3828125 0.2171875000000001 0.3828125 0.2171875000000001 0.4859375 0.2796875000000001 0.4859375
0 0.21093750000000006 0.35 0.10937500000000004 0.35 0.10937500000000004 0.4859375 0.21093750000000008 0.4859375
0 0.08750000000000006 0.475 5.817072295949927e-17 0.475 6.151936655091781e-17 0.5296875 0.08750000000000006 0.5296875
0 0.057812500000000065 0.5078125 6.218909526920153e-17 0.5078125 6.754692501547121e-17 0.5953125 0.057812500000000065 0.5953125
0 0.11250000000000004 0.334375 4.0949127346489623e-17 0.334375 4.9655600684177836e-17 0.4765625 0.11250000000000004 0.4765625
0 0.11250000000000004 0.284375 0.050000000000000044 0.284375 0.050000000000000044 0.3546875 0.11250000000000004 0.3546875
0 0.05000000000000003 0.25625 3.138157422815093e-17 0.25625 3.6356701849687046e-17 0.3375 0.050000000000000044 0.3375
0 0.2 0.246875 0.11562500000000005 0.246875 0.11562500000000005 0.3453125 0.2 0.3453125
0 0.26562500000000006 0.30625 0.18593750000000003 0.30625 0.18593750000000003 0.4046875 0.2656250000000001 0.4046875
0 0.2859375 0.2515625 0.225 0.2515625 0.225 0.321875 0.2859375 0.321875
0 0.3546875 0.2453125 0.271875 0.2453125 0.271875 0.35 0.3546875 0.35
0 0.403125 0.33906250000000004 0.35625 0.3390625 0.35625000000000007 0.38750000000000007 0.403125 0.38750000000000007
0 0.4640625 0.21875000000000008 0.3875 0.21875000000000008 0.3875 0.33281250000000007 0.4640625 0.33281250000000007
0 0.3921875 0.24062500000000003 0.35625 0.240625 0.35625 0.32812500000000006 0.3921875 0.3281250000000001
0 0.525 0.20312500000000008 0.453125 0.20312500000000008 0.453125 0.2578125000000001 0.525 0.2578125000000001
0 0.590625 0.14843750000000006 0.521875 0.14843750000000006 0.521875 0.2578125000000001 0.590625 0.2578125000000001
0 0.6234375 0.06562500000000007 0.5546875 0.06562500000000007 0.5546875 0.15781250000000008 0.6234375 0.15781250000000008
0 0.6671875 0.1312500000000001 0.5984375 0.1312500000000001 0.5984375 0.2078125000000001 0.6671875 0.2078125000000001
0 0.54375 0.08750000000000006 0.478125 0.08750000000000006 0.478125 0.15312500000000004 0.54375 0.15312500000000004
0 0.5171875 0.12656250000000005 0.4421875 0.12656250000000005 0.4421875 0.20312500000000008 0.5171875 0.20312500000000008
0 0.5078125 0.04375000000000006 0.45 0.04375000000000005 0.45 0.13125000000000003 0.5078125 0.13125000000000003
0 0.45625 0.13125000000000003 0.3953125 0.13125000000000003 0.3953125 0.21875000000000008 0.45625 0.21875000000000008
0 0.45 0.21875000000000008 0.3875 0.21875000000000008 0.3875 0.3281250000000001 0.45 0.3281250000000001
0 0.4125 0.16875000000000004 0.3515625 0.16875000000000004 0.3515625 0.22968750000000004 0.4125 0.2296875000000001
0 0.4015625 0.07656250000000005 0.3078125 0.07656250000000005 0.3078125 0.16875000000000004 0.4015625 0.16875000000000004
0 0.365625 0.16406250000000006 0.2828125 0.16406250000000006 0.2828125 0.25625000000000003 0.365625 0.2562500000000001
0 0.3046875 0.15781250000000005 0.2609375 0.15781250000000005 0.2609375 0.21875 0.3046875 0.21875
0 0.2609375 0.15312500000000004 0.184375 0.15312500000000004 0.184375 0.234375 0.2609375 0.234375
0 0.2859375 0.19687500000000005 0.2 0.19687500000000005 0.2 0.2625 0.2859375 0.2625
0 0.18437500000000004 0.19687500000000002 0.10937500000000004 0.196875 0.10937500000000004 0.25625 0.18437500000000004 0.25625
0 0.11250000000000004 0.2578125 0.057812500000000024 0.2578125 0.05781250000000003 0.290625 0.11250000000000004 0.290625
0 0.321875 0.06562500000000003 0.2609375 0.06562500000000002 0.2609375 0.15781250000000005 0.321875 0.15781250000000005
0 0.2828125 0.03750000000000003 0.2359375 0.03750000000000003 0.2359375 0.10937500000000004 0.2828125 0.10937500000000004
0 0.246875 0.07187500000000002 0.1890625 0.07187500000000002 0.1890625 0.12656250000000005 0.246875 0.12656250000000005
0 0.2609375 0.11562500000000005 0.184375 0.11562500000000005 0.184375 0.15937500000000004 0.2609375 0.15937500000000004
0 0.184375 0.08750000000000002 0.1375 0.08750000000000002 0.1375 0.15781250000000002 0.184375 0.15781250000000005
0 0.18125000000000002 0.153125 0.11875 0.153125 0.11875000000000002 0.1859375 0.18125000000000005 0.1859375
0 0.140625 0.115625 0.07968750000000002 0.115625 0.07968750000000002 0.18125 0.140625 0.18125
0 0.12656250000000002 0.16875 0.06875000000000002 0.16875 0.06875000000000002 0.2078125 0.12656250000000005 0.2078125
0 0.13437500000000005 0.196875 0.08750000000000002 0.196875 0.08750000000000002 0.25625 0.13437500000000005 0.25625
0 0.09843750000000002 0.196875 0.051562500000000025 0.196875 0.051562500000000025 0.2515625 0.09843750000000002 0.2515625
0 0.06093750000000002 0.1578125 1.932645729904417e-17 0.1578125 2.5641042357147705e-17 0.2609375 0.06093750000000002 0.2609375
0 0.09375000000000003 0.1203125 0.04375000000000001 0.1203125 0.04375000000000002 0.1640625 0.09375000000000003 0.1640625