0 0.9453125 0.3046875000000001 0.615625 0.3046875000000001 0.6156250000000001 0.8828125 0.9453125 0.8828125
0 0.996875 0.6781250000000002 0.846875 0.6781250000000002 0.846875 0.99375 0.996875 0.99375
0 0.840625 0.8546875 0.5343750000000002 0.8546875 0.5343750000000002 0.9953125 0.840625 0.9953125
0 0.996875 0.08125000000000011 0.8609375 0.08125000000000011 0.8609375 0.5734375000000002 0.996875 0.5734375000000002
0 0.9859375 1.0017228114900615e-16 0.65 7.960204194457795e-17 0.65 0.3218750000000001 0.9859375 0.3218750000000001
0 0.7140625 0.012500000000000067 0.378125 0.012500000000000044 0.37812500000000004 0.5390625 0.7140625 0.5390625
0 0.6125 0.37500000000000006 0.2656250000000001 0.375 0.2656250000000001 0.9484375 0.6125000000000002 0.9484375
0 0.5062500000000002 0.784375 0.13281250000000008 0.784375 0.1328125000000001 0.99375 0.5062500000000002 0.99375
0 0.26250000000000007 0.375 4.592425496802575e-17 0.375 8.065447278759521e-17 0.9421875 0.26250000000000007 0.9421875
0 0.37812500000000004 2.631077107543142e-17 0.0515625 6.31458505810354e-18 0.05156250000000003 0.509375 0.3781250000000001 0.509375
0 0.571875 5.2908568744412996e-17 0.2921875 3.5782648662586727e-17 0.2921875 0.17031250000000006 0.571875 0.1703125000000001