0 0.515625 0.2812500000000001 0.375 0.2812500000000001 0.37500000000000006 0.37968750000000007 0.515625 0.37968750000000007
0 0.5406250000000001 0.678125 0.4546875 0.678125 0.4546875000000001 0.753125 0.5406250000000001 0.753125
0 0.4296875 0.6078125 0.3828125000000001 0.6078125 0.3828125000000001 0.6546875 0.4296875 0.6546875
0 0.3750000000000001 0.425 0.3281250000000001 0.425 0.3281250000000001 0.8265625 0.3750000000000001 0.8265625
0 0.4421875000000002 0.765625 0.3531250000000001 0.765625 0.3531250000000001 0.990625 0.4421875000000002 0.990625
0 0.565625 0.66875 0.459375 0.66875 0.4593750000000001 0.9953125 0.5656250000000002 0.9953125
0 0.6984375000000002 0.7609375 0.5656250000000002 0.7609375 0.5656250000000002 0.9953125 0.6984375000000002 0.9953125
0 0.9953125 0.7343750000000001 0.6468750000000002 0.734375 0.6468750000000002 0.9484375 0.9953125 0.9484375
0 0.9953125 0.9109375 0.6890625000000001 0.9109375 0.6890625000000001 0.9953125 0.9953125 0.9953125
0 0.9953125 0.9109375 0.7656250000000002 0.9109375 0.7656250000000002 0.9953125 0.9953125 0.9953125
0 0.3531250000000001 0.575 0.25468750000000007 0.575 0.25468750000000007 0.9953125 0.3531250000000001 0.9953125
0 0.3062500000000001 0.6875 0.1921875000000001 0.6875 0.1921875000000001 0.809375 0.3062500000000001 0.809375
0 0.2468750000000001 0.7765625 0.05937500000000009 0.7765625 0.0593750000000001 0.934375 0.2468750000000001 0.934375
0 0.4125000000000001 0.384375 4.7072361342226394e-17 0.384375 7.424421219830829e-17 0.828125 0.4125000000000002 0.828125
0 0.04218750000000011 0.790625 9.682363755758761e-17 0.790625 1.0371227580279148e-16 0.903125 0.042187500000000114 0.903125
0 0.659375 0.38750000000000007 0.4125 0.38750000000000007 0.4125 0.6453125 0.659375 0.6453125
0 0.9921875 0.5515625000000001 0.6046875 0.5515625 0.6046875 0.7609375 0.9921875 0.7609375000000002
0 0.9953125 0.5703125000000002 0.821875 0.5703125000000002 0.821875 0.7140625000000002 0.9953125 0.7140625000000002
0 0.84375 0.3828125000000001 0.6859375 0.3828125000000001 0.6859375 0.7156250000000001 0.84375 0.7156250000000002
0 0.996875 0.5046875000000002 0.8390625 0.5046875000000002 0.8390625 0.6312500000000002 0.996875 0.6312500000000002
0 0.9578125 0.2328125000000001 0.8546875 0.2328125000000001 0.8546875 0.5468750000000002 0.9578125 0.5468750000000002
0 0.996875 0.34062500000000007 0.9328125 0.34062500000000007 0.9328125 0.5187500000000002 0.996875 0.5187500000000002
0 0.7796875 0.17343750000000005 0.115625 0.1734375 0.11562500000000002 0.33593750000000006 0.7796875 0.3359375000000001
0 0.715625 0.1781250000000001 0.575 0.1781250000000001 0.575 0.3500000000000001 0.715625 0.3500000000000001
0 0.31562500000000004 0.15468750000000003 0.08906250000000002 0.1546875 0.08906250000000004 0.490625 0.3156250000000001 0.490625
0 0.4171875 0.23437500000000006 0.06406250000000002 0.234375 0.06406250000000004 0.39687500000000003 0.4171875 0.3968750000000001
0 0.5578125 0.03750000000000005 0.2421875 0.03750000000000003 0.2421875 0.26093750000000004 0.5578125 0.2609375000000001
0 0.4984375 5.0038302808911385e-17 0.31875 3.903561672282188e-17 0.31875 0.20156250000000003 0.4984375 0.2015625000000001
0 0.51875 5.65442389293817e-17 0.4046875 4.955992515299445e-17 0.4046875 0.17812500000000003 0.51875 0.17812500000000003
0 0.690625 7.309610582410764e-17 0.503125 6.161504208210122e-17 0.503125 0.21093750000000008 0.690625 0.21093750000000008
0 0.8171875 9.089175462421762e-17 0.6671875 8.170690363061247e-17 0.6671875 0.2296875000000001 0.8171875 0.2296875000000001
0 0.9953125 0.0656250000000001 0.7578125 0.06562500000000009 0.7578125 0.29375000000000007 0.9953125 0.29375000000000007
0 0.2 2.0283212610878037e-17 0.13125 1.607348923880901e-17 0.13125 0.12656250000000002 0.2 0.12656250000000005
0 0.6562500000000001 5.510910596163091e-17 0.24375 2.985076572921674e-17 0.24375000000000005 0.9953125 0.6562500000000002 0.9953125
0 0.9953125 0.06562500000000006 0.046875000000000014 0.065625 0.04687500000000006 0.9203125 0.9953125 0.9203125
0 0.07656250000000007 0.3 3.6739403974420595e-17 0.3 7.367015901120796e-17 0.903125 0.07656250000000012 0.903125