0 0.996875 0.7265625000000002 0.86875 0.7265625000000002 0.86875 0.9953125 0.996875 0.9953125
0 0.996875 0.46406250000000016 0.821875 0.46406250000000016 0.821875 0.91875 0.996875 0.91875
0 0.996875 0.46406250000000016 0.7484375 0.46406250000000016 0.7484375000000001 0.91875 0.996875 0.91875
0 0.890625 0.9078125 0.7890625000000002 0.9078125 0.7890625000000002 0.9953125 0.890625 0.9953125
0 0.996875 0.2296875000000001 0.9453125 0.2296875000000001 0.9453125 0.4859375000000002 0.996875 0.4859375000000002
0 0.95625 0.14687500000000012 0.7125 0.1468750000000001 0.7125 0.5250000000000001 0.95625 0.5250000000000001
0 0.8 0.3765625000000001 0.6 0.3765625000000001 0.6 0.6671875 0.8 0.6671875000000002
0 0.803125 0.6562500000000001 0.5859375 0.65625 0.5859375000000001 0.9953125 0.803125 0.9953125
0 0.64375 0.60625 0.3968750000000001 0.60625 0.3968750000000001 0.9953125 0.6437500000000002 0.9953125
0 0.4984375000000002 0.940625 0.3312500000000001 0.940625 0.3312500000000001 0.9953125 0.4984375000000002 0.9953125
0 0.4046875000000001 0.5953125 0.1390625000000001 0.5953125 0.13906250000000012 0.9953125 0.4046875000000002 0.9953125
0 0.2000000000000001 0.875 1.0715659492539341e-16 0.875 1.1452361082651422e-16 0.9953125 0.2000000000000001 0.9953125
0 0.15312500000000012 0.584375 7.156529732517345e-17 0.584375 9.137013228013456e-17 0.9078125 0.15312500000000012 0.9078125
0 0.23281250000000003 0.3171875 3.884426566045511e-17 0.3171875 6.362422823695233e-17 0.721875 0.2328125000000001 0.721875
0 0.5203125 0.23593750000000005 0.2625 0.2359375 0.26250000000000007 0.6515625 0.5203125 0.6515625
0 0.27656250000000004 0.3609375 0.2078125 0.3609375 0.20781250000000004 0.6125 0.2765625000000001 0.6125
0 0.7890625 0.2234375000000001 0.4765625 0.2234375000000001 0.4765625 0.6125 0.7890625 0.6125000000000002
0 0.78125 8.189825469297925e-17 0.55625 6.812097820257152e-17 0.55625 0.3390625000000001 0.78125 0.3390625000000001
0 0.553125 0.04375000000000005 0.3125 0.04375000000000003 0.3125 0.321875 0.553125 0.3218750000000001
0 0.3203125 0.004687500000000023 0.06875 0.0046875000000000085 0.06875000000000002 0.3609375 0.3203125 0.3609375
0 0.15625000000000003 0.05000000000000001 0.04375000000000001 0.05 0.043750000000000025 0.3234375 0.15625000000000006 0.3234375
0 0.05781250000000003 0.25625 3.138157422815093e-17 0.25625 4.11404784088564e-17 0.415625 0.057812500000000044 0.415625
0 0.046875000000000014 2.87026593550161e-18 0 0 1.703024455064288e-17 0.278125 0.046875000000000035 0.278125
1 0.9953125 1.0830470129959405e-16 0.7734375 9.47187758715531e-17 0.7734375 0.1578125000000001 0.9953125 0.15781250000000013
1 0.578125 5.4535052774530576e-17 0.3125 3.827021247335479e-17 0.3125 0.054687500000000056 0.578125 0.05468750000000007
1 0.3609375 3.8844265660455115e-17 0.2734375 3.348643591418544e-17 0.2734375 0.09843750000000004 0.3609375 0.09843750000000004
1 0.115625 9.47187758715531e-18 0.0390625 4.783776559169349e-18 0.03906250000000001 0.04843750000000001 0.115625 0.04843750000000001