0 0.15000000000000008 0.65 0.1140625000000001 0.65 0.1140625000000001 0.709375 0.15000000000000008 0.709375
0 0.05312500000000001 0.0890625 0.017187500000000012 0.0890625 0.017187500000000015 0.1546875 0.05312500000000002 0.1546875
0 0.2203125 2.3918882795846743e-17 0.1703125 2.085726579797836e-17 0.1703125 0.07812500000000003 0.2203125 0.07812500000000003
0 0.2765625 3.0329143385133673e-17 0.21875 2.6789148731348354e-17 0.21875 0.08281250000000004 0.2765625 0.08281250000000004
0 0.1875 0.02343750000000002 0.1640625 0.02343750000000002 0.1640625 0.09531250000000002 0.1875 0.09531250000000002
0 0.06093750000000005 0.315625 0.0031250000000000388 0.315625 0.0031250000000000453 0.4171875 0.06093750000000005 0.4171875
0 0.75625 0.018750000000000083 0.590625 0.018750000000000072 0.590625 0.5484375000000001 0.75625 0.5484375000000001
0 0.59375 0.07812500000000007 0.503125 0.07812500000000007 0.503125 0.38750000000000007 0.59375 0.38750000000000007
0 0.6 0.3812500000000001 0.55 0.3812500000000001 0.55 0.4703125 0.6 0.4703125
0 0.59375 0.4828125 0.5671875 0.4828125 0.5671875 0.6375 0.59375 0.6375
0 0.54375 0.6484375 0.5 0.6484375 0.5 0.696875 0.54375 0.696875
0 0.5171875000000001 0.7375 0.4703125000000002 0.7375 0.4703125000000002 0.815625 0.5171875000000001 0.815625
0 0.4828125000000002 0.803125 0.44062500000000016 0.803125 0.44062500000000016 0.88125 0.4828125000000002 0.88125
0 0.496875 0.012500000000000053 0.3828125 0.012500000000000044 0.3828125 0.2328125000000001 0.496875 0.2328125000000001
0 0.4703125 0.19687500000000005 0.3828125 0.19687500000000005 0.38281250000000006 0.428125 0.4703125 0.428125
0 0.440625 0.35156250000000006 0.340625 0.3515625 0.34062500000000007 0.5125 0.440625 0.5125
3 0.6171875 0.428125 0.5296875 0.428125 0.5296875 0.49375 0.6171875 0.49375