0 0.9890625 0.47968750000000016 0.7890625 0.47968750000000016 0.7890625 0.6734375000000001 0.9890625 0.6734375000000001
0 0.996875 0.2921875000000001 0.8609375 0.2921875000000001 0.8609375 0.4906250000000002 0.996875 0.4906250000000002
0 0.9234375 0.21250000000000008 0.884375 0.21250000000000008 0.884375 0.2875000000000001 0.9234375 0.2875000000000001
0 0.9953125 0.21875000000000008 0.9203125 0.21875000000000008 0.9203125 0.3031250000000001 0.9953125 0.3031250000000001
0 0.971875 0.04062500000000011 0.8515625 0.0406250000000001 0.8515625 0.21875000000000008 0.971875 0.21875000000000008
0 0.8953125 0.04531250000000009 0.5640625 0.04531250000000007 0.5640625 0.4156250000000001 0.8953125 0.4156250000000002
0 0.884375 1.0065065880492311e-16 0.759375 9.299661631025214e-17 0.759375 0.1140625000000001 0.884375 0.1140625000000001
0 0.8515625 9.280526524788535e-17 0.6640625 8.132420150587893e-17 0.6640625 0.0500000000000001 0.8515625 0.050000000000000114
0 0.7203125 0.004687500000000086 0.6640625 0.004687500000000082 0.6640625 0.05937500000000009 0.7203125 0.05937500000000009
0 0.671875 6.343287717458556e-17 0.3640625 4.4584797531458325e-17 0.3640625 0.2375000000000001 0.671875 0.2375000000000001
0 0.34375000000000006 0.12343750000000002 1.511673392697514e-17 0.1234375 5.663991446056509e-17 0.8015625 0.3437500000000001 0.8015625
0 0.5312500000000001 0.6640625 0.08437500000000009 0.6640625 0.0843750000000001 0.9109375 0.5312500000000002 0.9109375
0 0.5609375000000002 0.8171875 0.5250000000000001 0.8171875 0.5250000000000001 0.871875 0.5609375000000002 0.871875
0 0.5718750000000001 0.7234375 0.528125 0.7234375 0.5281250000000001 0.7671875 0.5718750000000001 0.7671875
0 0.5640625000000001 0.88125 0.5406250000000001 0.88125 0.5406250000000001 0.9203125 0.5640625000000001 0.9203125
0 0.6484375000000002 0.9015625 0.6078125000000002 0.9015625 0.6078125000000002 0.9203125 0.6484375000000002 0.9203125
0 0.6531250000000002 0.8609375 0.6171875000000002 0.8609375 0.6171875000000002 0.90625 0.6531250000000002 0.90625
0 0.7000000000000002 0.8671875 0.6640625000000002 0.8671875 0.6640625000000002 0.915625 0.7000000000000002 0.915625
0 0.7234375000000002 0.8515625 0.6921875000000002 0.8515625 0.6921875000000002 0.90625 0.7234375000000002 0.90625
0 0.8203125 0.8421875 0.7875000000000002 0.8421875 0.7875000000000002 0.88125 0.8203125 0.88125
0 0.840625 0.7187500000000002 0.8078125 0.7187500000000002 0.8078125 0.7484375000000002 0.840625 0.7484375000000002
0 0.9515625 0.6640625000000002 0.9125 0.6640625000000002 0.9125 0.6937500000000002 0.9515625 0.6937500000000002
0 0.8 0.6937500000000002 0.771875 0.6937500000000002 0.7718750000000001 0.7375000000000002 0.8 0.7375000000000002
0 0.6890625 0.6875 0.66875 0.6875 0.66875 0.7078125 0.6890625 0.7078125
0 0.7125 0.6984375 0.6796875 0.6984375 0.6796875 0.7171875 0.7125 0.7171875
0 0.6875000000000002 0.7375 0.6484375000000002 0.7375 0.6484375000000002 0.771875 0.6875000000000002 0.771875
0 0.784375 0.5000000000000001 0.6796875 0.5 0.6796875 0.64375 0.784375 0.6437500000000002
0 0.7796875 0.4312500000000001 0.66875 0.43125 0.66875 0.5156250000000001 0.7796875 0.5156250000000002
0 0.86875 0.3765625000000001 0.7078125 0.3765625000000001 0.7078125 0.4953125000000001 0.86875 0.49531250000000016
0 0.7078125 0.3515625000000001 0.4 0.3515625000000001 0.4 0.7171875 0.7078125 0.7171875
0 0.4359375 0.38593750000000004 0.3125000000000001 0.3859375 0.3125000000000001 0.575 0.4359375 0.575
0 0.5515625 0.07500000000000004 0.1765625 0.07500000000000002 0.1765625 0.475 0.5515625 0.475
0 0.375 2.7363201918448673e-17 0.071875 8.802148868871602e-18 0.07187500000000002 0.27656250000000004 0.375 0.2765625000000001