0 0.9953125 0.7109375000000002 0.878125 0.7109375000000002 0.878125 0.9953125 0.9953125 0.9953125
0 0.975 0.7421875000000001 0.6703125000000002 0.7421875 0.6703125000000002 0.9953125 0.975 0.9953125
0 0.7468750000000001 0.7187500000000001 0.559375 0.71875 0.5593750000000001 0.996875 0.7468750000000002 0.996875
0 0.5781250000000001 0.66875 0.3812500000000001 0.66875 0.3812500000000001 0.996875 0.5781250000000002 0.996875
0 0.41093750000000007 0.5859375 0.17343750000000008 0.5859375 0.1734375000000001 0.9953125 0.4109375000000002 0.9953125
0 0.3296875000000001 0.48125 0.02031250000000006 0.48125 0.020312500000000087 0.903125 0.3296875000000001 0.903125
0 0.7921875 0.4296875000000001 0.3203125000000001 0.4296875 0.3203125000000001 0.7546875000000001 0.7921875000000002 0.7546875000000002
0 0.8171875 0.33906250000000004 0.3 0.3390625 0.30000000000000004 0.6015625000000001 0.8171875 0.6015625000000002
0 0.9953125 0.2500000000000001 0.7671875 0.2500000000000001 0.7671875 0.7062500000000002 0.9953125 0.7062500000000002
0 0.9140625 0.4265625000000002 0.7265625 0.4265625000000002 0.7265625000000001 0.7859375000000002 0.9140625 0.7859375000000002
0 0.9953125 0.2468750000000001 0.878125 0.2468750000000001 0.878125 0.5156250000000002 0.9953125 0.5156250000000002
0 0.9953125 0.10156250000000011 0.553125 0.10156250000000008 0.553125 0.2968750000000001 0.9953125 0.2968750000000001
0 0.9328125 9.156148334250133e-17 0.5625 6.888638245203862e-17 0.5625 0.1437500000000001 0.9328125 0.14375000000000013
0 0.5734375 0.05937500000000005 0.3609375 0.059375000000000046 0.3609375 0.30156250000000007 0.5734375 0.30156250000000007
0 0.7859375 0.2156250000000001 0.4265625 0.2156250000000001 0.4265625 0.4531250000000001 0.7859375 0.45312500000000017
0 0.3609375 3.2721031664718344e-17 0.1734375 2.1239967922711906e-17 0.17343750000000002 0.340625 0.3609375 0.340625
0 0.28906250000000006 0.2734375 3.348643591418544e-17 0.2734375 6.171071761328458e-17 0.734375 0.2890625000000001 0.734375
0 0.1718750000000001 0.734375 8.993499931238375e-17 0.734375 1.0591281302000936e-16 0.9953125 0.17187500000000014 0.9953125
0 0.16718750000000002 0.05156250000000001 6.31458505810354e-18 0.0515625 2.946806360448319e-17 0.4296875 0.16718750000000004 0.4296875
0 0.18750000000000003 1.1481063742006437e-17 0 0 1.3203223303307403e-17 0.215625 0.18750000000000006 0.215625
0 0.7765625 6.965178670150572e-17 0.3609375 4.420209540672478e-17 0.3609375 0.05937500000000007 0.7765625 0.05937500000000009