0 0.971875 0.8453125 0.83125 0.8453125 0.83125 0.99375 0.971875 0.99375
0 0.996875 0.828125 0.96875 0.828125 0.96875 0.99375 0.996875 0.99375
0 0.9828125 0.6609375000000002 0.8453125 0.6609375000000002 0.8453125 0.8625 0.9828125 0.8625
0 0.996875 0.5640625000000001 0.96875 0.5640625000000001 0.96875 0.7421875000000002 0.996875 0.7421875000000002
0 0.996875 0.10937500000000011 0.8484375 0.10937500000000008 0.8484375 0.45312500000000017 0.996875 0.45312500000000017
0 0.996875 0.1031250000000001 0.8203125 0.10312500000000009 0.8203125 0.5515625000000002 0.996875 0.5515625000000002
0 0.996875 0.1031250000000001 0.7828125 0.10312500000000009 0.7828125 0.6156250000000002 0.996875 0.6156250000000002
0 0.8 0.10937500000000008 0.7453125 0.10937500000000008 0.7453125 0.2234375000000001 0.8 0.2234375000000001
0 0.965625 0.5984375000000002 0.896875 0.5984375000000002 0.896875 0.7015625000000002 0.965625 0.7015625000000002
0 0.9078125 0.5062500000000002 0.8078125 0.5062500000000002 0.8078125 0.6718750000000002 0.9078125 0.6718750000000002
0 0.8625 0.6500000000000001 0.80625 0.6500000000000001 0.80625 0.7468750000000002 0.8625 0.7468750000000002
0 0.8515625 0.6953125000000001 0.7203125 0.6953125 0.7203125000000001 0.971875 0.8515625 0.971875
0 0.80625 0.9484375 0.7343750000000002 0.9484375 0.7343750000000002 0.99375 0.80625 0.99375
0 0.7453125000000002 0.7812500000000001 0.6171875000000002 0.78125 0.6171875000000002 0.965625 0.7453125000000002 0.965625
0 0.7234375000000002 0.890625 0.5312500000000002 0.890625 0.5312500000000002 0.99375 0.7234375000000002 0.99375
0 0.5515625000000002 0.8859375 0.3968750000000001 0.8859375 0.3968750000000001 0.9953125 0.5515625000000002 0.9953125
0 0.6375000000000002 0.759375 0.04531250000000009 0.759375 0.0453125000000001 0.903125 0.6375000000000002 0.903125
0 0.44218750000000007 0.603125 0.17343750000000008 0.603125 0.1734375000000001 0.9890625 0.4421875000000002 0.9890625
0 0.3421875000000001 0.5578125 0.08593750000000007 0.5578125 0.08593750000000008 0.79375 0.3421875000000001 0.79375
0 0.37187500000000007 0.621875 0.08281250000000007 0.621875 0.0828125000000001 0.9953125 0.37187500000000007 0.9953125
0 0.3234375000000001 0.6671875 0.06562500000000009 0.6671875 0.0656250000000001 0.99375 0.3234375000000001 0.99375
0 0.2484375000000001 0.79375 0.05468750000000009 0.79375 0.0546875000000001 0.99375 0.2484375000000001 0.99375
0 0.10000000000000012 0.8625 1.0562578642645922e-16 0.8625 1.1366253104586372e-16 0.99375 0.10000000000000013 0.99375
0 0.7421875000000001 0.6781250000000001 0.6078125 0.678125 0.6078125000000001 0.890625 0.7421875000000002 0.890625
0 0.8109375 0.5796875000000001 0.7171875 0.5796875 0.7171875000000001 0.7359375000000001 0.8109375 0.7359375000000001
0 0.8140625 0.48906250000000007 0.675 0.4890625 0.675 0.6718750000000001 0.8140625 0.6718750000000002
0 0.825 0.3859375000000001 0.721875 0.3859375000000001 0.721875 0.5296875000000001 0.825 0.5296875000000002
0 0.8203125 0.2875000000000001 0.7625 0.2875000000000001 0.7625 0.40156250000000016 0.8203125 0.40156250000000016
0 0.759375 0.29375000000000007 0.7078125 0.29375000000000007 0.7078125 0.3968750000000001 0.759375 0.3968750000000001
0 0.7109375 0.3390625000000001 0.66875 0.3390625000000001 0.66875 0.4421875 0.7109375 0.4421875
0 0.7171875 0.4375 0.6828125 0.4375 0.6828125 0.5234375 0.7171875 0.5234375
0 0.7765625 0.1843750000000001 0.7078125 0.1843750000000001 0.7078125 0.29375000000000007 0.7765625 0.29375000000000007
0 0.7171875 0.2640625000000001 0.665625 0.2640625000000001 0.665625 0.3453125000000001 0.7171875 0.3453125000000001
0 0.703125 0.1843750000000001 0.659375 0.1843750000000001 0.659375 0.2765625000000001 0.703125 0.2765625000000001
0 0.7453125 0.11562500000000009 0.6765625 0.11562500000000009 0.6765625 0.2015625000000001 0.7453125 0.2015625000000001
0 0.759375 0.1437500000000001 0.734375 0.1437500000000001 0.734375 0.1843750000000001 0.759375 0.1843750000000001
0 0.6765625 0.1375000000000001 0.6203125 0.1375000000000001 0.6203125 0.23593750000000008 0.6765625 0.23593750000000008
0 0.665625 0.2593750000000001 0.60625 0.2593750000000001 0.60625 0.3453125000000001 0.665625 0.3453125000000001
0 0.6515625 0.17343750000000008 0.6078125 0.17343750000000008 0.6078125 0.2656250000000001 0.6515625 0.2656250000000001
0 0.6078125 0.16718750000000007 0.5421875 0.16718750000000004 0.5421875 0.2812500000000001 0.6078125 0.2812500000000001
0 0.5453125 0.2015625000000001 0.50625 0.2015625000000001 0.50625 0.27031250000000007 0.5453125 0.27031250000000007
0 0.6 0.2593750000000001 0.496875 0.2593750000000001 0.496875 0.4203125 0.6 0.4203125
0 0.6859375 0.3453125000000001 0.5484375 0.3453125000000001 0.5484375 0.534375 0.6859375 0.534375
0 0.6828125 0.5109375 0.5484375 0.5109375 0.5484375 0.7125 0.6828125 0.7125
0 0.6000000000000002 0.7296875 0.5484375000000001 0.7296875 0.5484375000000001 0.8109375 0.6000000000000002 0.8109375
0 0.6000000000000001 0.7015625 0.5765625 0.7015625 0.5765625000000001 0.753125 0.6000000000000002 0.753125
0 0.5828125000000002 0.8046875 0.5453125000000002 0.8046875 0.5453125000000002 0.8453125 0.5828125000000002 0.8453125
0 0.5562500000000001 0.725 0.5046875 0.725 0.5046875000000001 0.8171875 0.5562500000000001 0.8171875
0 0.5171875 0.03437500000000006 0.3421875 0.034375000000000044 0.34218750000000003 0.37968750000000007 0.5171875 0.37968750000000007
0 0.5421875 0.16093750000000004 0.4859375 0.16093750000000004 0.4859375 0.21875000000000008 0.5421875 0.21875000000000008
0 0.428125 0.21875000000000006 0.2546875 0.21875 0.25468750000000007 0.37968750000000007 0.428125 0.37968750000000007
0 0.503125 0.5984375 0.4625 0.5984375 0.4625 0.6734375 0.503125 0.6734375
0 0.5312500000000001 0.6609375 0.4828125 0.6609375 0.4828125000000001 0.7296875 0.5312500000000002 0.7296875
0 0.5000000000000002 0.7359375 0.4656250000000002 0.7359375 0.4656250000000002 0.79375 0.5000000000000002 0.79375
0 0.47187500000000016 0.753125 0.4312500000000002 0.753125 0.4312500000000002 0.821875 0.47187500000000016 0.821875
0 0.5484375 0.5578125 0.503125 0.5578125 0.503125 0.65 0.5484375 0.65
0 0.53125 0.50625 0.4921875 0.50625 0.4921875 0.5578125 0.53125 0.5578125
0 0.5140625 0.4484375 0.465625 0.4484375 0.465625 0.5109375 0.5140625 0.5109375
0 0.4734375 0.4421875 0.4421875 0.4421875 0.4421875 0.50625 0.4734375 0.50625
0 0.4515625 0.459375 0.4140625 0.459375 0.4140625 0.540625 0.4515625 0.540625
0 0.428125 0.5 0.3937500000000001 0.5 0.3937500000000001 0.5453125 0.428125 0.5453125
0 0.4140625 0.5234375 0.3687500000000001 0.5234375 0.3687500000000001 0.5984375 0.4140625 0.5984375
0 0.4484375 0.540625 0.3968750000000001 0.540625 0.3968750000000001 0.6203125 0.4484375 0.6203125
0 0.49375 0.5234375 0.4453125 0.5234375 0.4453125 0.5921875 0.49375 0.5921875
0 0.4625 0.603125 0.4203125 0.603125 0.4203125 0.6953125 0.4625 0.6953125
0 0.4140625 0.5984375 0.37968750000000007 0.5984375 0.37968750000000007 0.684375 0.4140625 0.684375
0 0.4281250000000001 0.684375 0.3859375000000001 0.684375 0.3859375000000001 0.7421875 0.4281250000000002 0.7421875
0 0.3859375000000001 0.6328125 0.3421875000000001 0.6328125 0.3421875000000001 0.7125 0.3859375000000001 0.7125
0 0.3546875000000001 0.615625 0.3109375000000001 0.615625 0.3109375000000001 0.684375 0.3546875000000001 0.684375
0 0.3734375000000001 0.546875 0.32500000000000007 0.546875 0.32500000000000007 0.6328125 0.3734375000000001 0.6328125
0 0.2968750000000001 0.6375 0.2515625000000001 0.6375 0.2515625000000001 0.71875 0.2968750000000001 0.71875
0 0.34062500000000007 0.684375 0.2968750000000001 0.684375 0.2968750000000001 0.7359375 0.34062500000000007 0.7359375
0 0.4484375 0.3625000000000001 0.4140625 0.3625000000000001 0.4140625 0.43125 0.4484375 0.43125
0 0.4171875 0.3281250000000001 0.3828125 0.3281250000000001 0.38281250000000006 0.3968750000000001 0.4171875 0.3968750000000001
0 0.4203125 0.3968750000000001 0.3859375000000001 0.3968750000000001 0.3859375000000001 0.4484375 0.4203125 0.4484375
0 0.3859375000000001 0.36875 0.3375000000000001 0.36875 0.3375000000000001 0.4203125 0.3859375000000001 0.4203125
0 0.3937500000000001 0.4140625 0.3421875000000001 0.4140625 0.3421875000000001 0.4765625 0.3937500000000001 0.4765625
0 0.3343750000000001 0.4015625 0.3031250000000001 0.4015625 0.3031250000000001 0.465625 0.3343750000000001 0.465625
0 0.33125000000000004 0.35625 0.3 0.35625 0.30000000000000004 0.403125 0.3312500000000001 0.403125
0 0.29687500000000006 0.3390625 0.271875 0.3390625 0.27187500000000003 0.3671875 0.2968750000000001 0.3671875
0 0.3000000000000001 0.3734375 0.2718750000000001 0.3734375 0.2718750000000001 0.4203125 0.3000000000000001 0.4203125
0 0.3031250000000001 0.4140625 0.26250000000000007 0.4140625 0.26250000000000007 0.4828125 0.3031250000000001 0.4828125
0 0.2718750000000001 0.36875 0.2312500000000001 0.36875 0.2312500000000001 0.4375 0.2718750000000001 0.4375
0 0.2593750000000001 0.43125 0.2171875000000001 0.43125 0.2171875000000001 0.4890625 0.2593750000000001 0.4890625
0 0.28593750000000007 0.4828125 0.2515625000000001 0.4828125 0.2515625000000001 0.540625 0.28593750000000007 0.540625
0 0.3281250000000001 0.5 0.2890625000000001 0.5 0.2890625000000001 0.56875 0.3281250000000001 0.56875
0 0.3625000000000001 0.465625 0.3031250000000001 0.465625 0.3031250000000001 0.534375 0.3625000000000001 0.534375
0 0.3000000000000001 0.5453125 0.26250000000000007 0.5453125 0.26250000000000007 0.609375 0.3000000000000001 0.609375
0 0.2593750000000001 0.5 0.22031250000000008 0.5 0.22031250000000008 0.5625 0.2593750000000001 0.5625
0 0.2593750000000001 0.5640625 0.2171875000000001 0.5640625 0.2171875000000001 0.6328125 0.2593750000000001 0.6328125
0 0.628125 6.525071226706992e-17 0.4375 5.357829746269671e-17 0.4375 0.2015625000000001 0.628125 0.2015625000000001
0 0.86875 9.117878121776779e-17 0.6203125 7.596637175960925e-17 0.6203125 0.1375000000000001 0.86875 0.1375000000000001
0 0.9953125 1.1050523851681195e-16 0.809375 9.91198503059889e-17 0.809375 0.2062500000000001 0.9953125 0.2062500000000001
0 0.996875 0.19062500000000013 0.96875 0.19062500000000013 0.96875 0.3000000000000001 0.996875 0.3000000000000001
0 0.4484375 4.7263712404593165e-17 0.3234375 3.9609669909922206e-17 0.3234375 0.11562500000000005 0.4484375 0.11562500000000005
0 0.5453125 5.998855805198363e-17 0.434375 5.319559533796316e-17 0.434375 0.05781250000000006 0.5453125 0.057812500000000065
0 0.33125 3.252968060235157e-17 0.2 2.4492935982947065e-17 0.2 0.16718750000000004 0.33125 0.16718750000000004
0 0.3765625 0.12656250000000005 0.2765625 0.12656250000000005 0.2765625 0.2984375 0.3765625 0.2984375000000001
0 0.3 0.259375 0.23125 0.259375 0.23125 0.35625 0.3 0.35625
0 0.2859375 0.04062500000000003 0.16875 0.04062500000000002 0.16875 0.259375 0.2859375 0.259375
0 0.17968750000000003 1.1002686086089503e-17 0 0 1.5882138176442238e-17 0.259375 0.17968750000000006 0.259375
0 0.06562500000000003 0.184375 2.2579425359279323e-17 0.184375 3.3103733789451887e-17 0.35625 0.06562500000000004 0.35625
0 0.24531250000000004 0.2078125 0.06250000000000003 0.2078125 0.06250000000000003 0.4375 0.2453125000000001 0.4375
0 0.08281250000000005 0.3453125 4.228858478305704e-17 0.3453125 5.319559533796316e-17 0.5234375 0.08281250000000007 0.5234375
0 0.16562500000000008 0.396875 0.03125000000000004 0.396875 0.03125000000000006 0.6265625 0.16562500000000008 0.6265625
0 0.2250000000000001 0.425 0.15156250000000004 0.425 0.15156250000000007 0.6265625 0.2250000000000001 0.6265625
0 0.0828125000000001 0.534375 6.544206332943669e-17 0.534375 8.51512227532144e-17 0.85625 0.08281250000000011 0.85625