0 0.8890625 0.6375000000000002 0.8 0.6375000000000002 0.8 0.7906250000000001 0.8890625 0.7906250000000001
0 0.81875 0.7046875000000001 0.7109375 0.7046875 0.7109375000000001 0.8375 0.81875 0.8375
0 0.7625000000000001 0.5984375000000001 0.6796875 0.5984375 0.6796875000000001 0.7640625000000001 0.7625000000000002 0.7640625000000002
0 0.7109375000000001 0.603125 0.6140625 0.603125 0.6140625000000001 0.8671875 0.7109375000000002 0.8671875
0 0.6234375000000002 0.74375 0.49218750000000017 0.74375 0.49218750000000017 0.8796875 0.6234375000000002 0.8796875
0 0.6562500000000001 0.671875 0.571875 0.671875 0.5718750000000001 0.7875 0.6562500000000002 0.7875
0 0.6375000000000001 0.590625 0.3437500000000001 0.590625 0.3437500000000001 0.89375 0.6375000000000002 0.89375
0 0.6328125 0.5171875 0.428125 0.5171875 0.428125 0.6796875 0.6328125 0.6796875
0 0.6 0.465625 0.428125 0.465625 0.428125 0.6921875 0.6 0.6921875
0 0.4328125000000001 0.590625 0.2609375000000001 0.590625 0.2609375000000001 0.9109375 0.43281250000000016 0.9109375
0 0.2968750000000001 0.6453125 0.023437500000000076 0.6453125 0.023437500000000087 0.790625 0.2968750000000001 0.790625
0 0.3593750000000001 0.5 0.12187500000000004 0.5 0.1218750000000001 0.9953125 0.3593750000000001 0.9953125
0 0.2000000000000001 0.603125 0.06562500000000007 0.603125 0.06562500000000007 0.6875 0.2000000000000001 0.6875
0 0.2046875 0.004687500000000013 5.740531871003218e-19 0.0046875 1.4159978615141272e-17 0.2265625 0.2046875 0.2265625
0 0.41875 0.004687500000000037 0.1765625 0.004687500000000022 0.1765625 0.16718750000000002 0.41875 0.16718750000000004
0 0.9953125 8.601230253386488e-17 0.409375 5.013397834009477e-17 0.409375 0.5984375000000001 0.9953125 0.5984375000000002
0 0.521875 0.16250000000000003 0.3125 0.16250000000000003 0.31250000000000006 0.59375 0.521875 0.59375
3 0.3296875 0.209375 0.17656250000000004 0.209375 0.17656250000000004 0.3671875 0.3296875000000001 0.3671875