0 0.68125 0.05937500000000008 0.6015625 0.05937500000000007 0.6015625 0.1859375000000001 0.68125 0.1859375000000001
0 0.821875 0.1750000000000001 0.75 0.1750000000000001 0.75 0.3828125000000001 0.821875 0.3828125000000001
0 0.8984375 0.3125000000000001 0.8109375 0.3125000000000001 0.8109375 0.4109375000000002 0.8984375 0.4109375000000002
0 0.928125 0.2953125000000001 0.859375 0.2953125000000001 0.859375 0.3656250000000001 0.928125 0.3656250000000001
0 0.95625 0.2953125000000001 0.90625 0.2953125000000001 0.90625 0.3500000000000001 0.95625 0.3500000000000001
0 0.98125 0.3609375000000001 0.884375 0.3609375000000001 0.884375 0.44843750000000016 0.98125 0.44843750000000016
0 0.996875 0.40937500000000016 0.9671875 0.40937500000000016 0.9671875 0.49218750000000017 0.996875 0.49218750000000017
0 0.9890625 0.42187500000000017 0.8734375 0.42187500000000017 0.8734375 0.5640625000000001 0.9890625 0.5640625000000001
0 0.996875 0.5468750000000002 0.93125 0.5468750000000002 0.93125 0.7109375000000002 0.996875 0.7109375000000002
0 0.996875 0.5687500000000002 0.8546875 0.5687500000000002 0.8546875 0.896875 0.996875 0.896875
0 0.9203125 0.5078125000000002 0.865625 0.5078125000000002 0.865625 0.5796875000000001 0.9203125 0.5796875000000001
0 0.8765625 0.44843750000000016 0.7859375 0.44843750000000016 0.7859375 0.5796875000000001 0.8765625 0.5796875000000001
0 0.909375 0.3828125000000001 0.790625 0.3828125000000001 0.790625 0.4750000000000002 0.909375 0.4750000000000002
0 0.753125 0.19687500000000008 0.6265625 0.19687500000000008 0.6265625 0.31718750000000007 0.753125 0.31718750000000007
0 0.7578125 0.30156250000000007 0.6671875 0.30156250000000007 0.6671875 0.4000000000000001 0.7578125 0.4000000000000002
0 0.8296875 0.3609375000000001 0.75 0.3609375000000001 0.75 0.49218750000000017 0.8296875 0.49218750000000017
0 0.8375 0.3937500000000001 0.684375 0.3937500000000001 0.684375 0.6234375000000001 0.8375 0.6234375000000002
0 0.8515625 0.6062500000000002 0.79375 0.6062500000000002 0.79375 0.7046875000000001 0.8515625 0.7046875000000001
0 0.8734375 0.4593750000000002 0.8 0.4593750000000002 0.8 0.5906250000000002 0.8734375 0.5906250000000002
0 0.84375 0.5953125000000001 0.728125 0.5953125000000001 0.7281250000000001 0.7875000000000002 0.84375 0.7875000000000002
0 0.8078125 0.7265625000000001 0.7250000000000002 0.7265625 0.7250000000000002 0.83125 0.8078125 0.83125
0 0.865625 0.803125 0.7906250000000001 0.803125 0.7906250000000001 0.9296875 0.865625 0.9296875
0 0.7718750000000002 0.8203125 0.7140625000000002 0.8203125 0.7140625000000002 0.9125 0.7718750000000002 0.9125
0 0.7250000000000002 0.78125 0.6562500000000002 0.78125 0.6562500000000002 0.9078125 0.7250000000000002 0.9078125
0 0.7250000000000001 0.5296875 0.521875 0.5296875 0.5218750000000001 0.7375 0.7250000000000002 0.7375
0 0.815625 0.4531250000000001 0.6125 0.453125 0.6125 0.6234375000000001 0.815625 0.6234375000000002
0 0.6890625 0.30156250000000007 0.584375 0.30156250000000007 0.584375 0.465625 0.6890625 0.465625
0 0.6921875 0.3984375000000001 0.4125 0.3984375000000001 0.4125 0.65625 0.6921875 0.65625
0 0.5828125 0.26250000000000007 0.5 0.26250000000000007 0.5 0.3984375000000001 0.5828125 0.3984375000000001
0 0.63125 0.2015625000000001 0.546875 0.2015625000000001 0.546875 0.3062500000000001 0.63125 0.3062500000000001
0 0.5328125 0.14218750000000005 0.4234375 0.14218750000000005 0.4234375 0.3000000000000001 0.5328125 0.3000000000000001
0 0.4609375 0.2734375000000001 0.3921875 0.2734375000000001 0.3921875 0.3765625000000001 0.4609375 0.3765625000000001
0 0.496875 0.2890625000000001 0.45625 0.2890625000000001 0.45625 0.37187500000000007 0.496875 0.37187500000000007
0 0.4609375 0.14218750000000005 0.3296875 0.14218750000000005 0.3296875 0.459375 0.4609375 0.459375
0 0.3546875 0.11562500000000005 0.225 0.11562500000000005 0.225 0.3125 0.3546875 0.3125
0 0.2828125 0.13125000000000003 0.09687500000000002 0.13125 0.09687500000000003 0.3875 0.2828125000000001 0.3875
0 0.37031250000000004 0.28906250000000006 0.275 0.2890625 0.275 0.39375000000000004 0.3703125000000001 0.3937500000000001
0 0.10468750000000004 0.278125 0.03593750000000003 0.278125 0.035937500000000046 0.4484375 0.10468750000000004 0.4484375
0 0.17343750000000005 0.321875 0.10156250000000004 0.321875 0.10156250000000004 0.4484375 0.17343750000000005 0.4484375
0 0.21718750000000003 0.3546875 0.13750000000000004 0.3546875 0.13750000000000004 0.459375 0.2171875000000001 0.459375
0 0.2171875000000001 0.4375 0.09375000000000004 0.4375 0.09375000000000006 0.546875 0.2171875000000001 0.546875
0 0.060937500000000054 0.3765625 4.6115606030392526e-17 0.3765625 5.109073365192865e-17 0.4578125 0.06093750000000007 0.4578125
0 0.09375000000000007 0.4203125 5.147343577666219e-17 0.4203125 7.089556860688975e-17 0.7375 0.09375000000000008 0.7375
0 0.20312500000000008 0.4421875 0.003125000000000054 0.4421875 0.0031250000000000735 0.7546875 0.20312500000000008 0.7546875
0 0.1515625000000001 0.73125 8.955229718765019e-17 0.73125 9.557985565220359e-17 0.8296875 0.1515625000000001 0.8296875
0 0.0718750000000001 0.825 1.0103336092965664e-16 0.825 1.1136631829746244e-16 0.99375 0.0718750000000001 0.99375
0 0.3218750000000001 0.7265625 0.12343750000000009 0.7265625 0.12343750000000012 0.9953125 0.3218750000000001 0.9953125
0 0.5765625000000001 0.65625 0.3156250000000001 0.65625 0.3156250000000001 0.9453125 0.5765625000000002 0.9453125
0 0.5765625000000001 0.6015625 0.4890625 0.6015625 0.48906250000000007 0.9515625 0.5765625000000002 0.9515625
0 0.6156250000000002 0.7265625 0.5187500000000002 0.7265625 0.5187500000000002 0.9515625 0.6156250000000002 0.9515625
0 0.6453125000000002 0.7703125 0.5296875000000002 0.7703125 0.5296875000000002 0.9015625 0.6453125000000002 0.9015625
0 0.22500000000000003 0.246875 0.14843750000000006 0.246875 0.14843750000000006 0.4109375 0.2250000000000001 0.4109375
0 0.1593750000000001 0.6234375 0.07656250000000006 0.6234375 0.07656250000000007 0.74375 0.1593750000000001 0.74375
0 0.2250000000000001 0.5625 0.1515625000000001 0.5625 0.1515625000000001 0.65625 0.2250000000000001 0.65625
0 0.2968750000000001 0.525 0.22812500000000008 0.525 0.22812500000000008 0.6015625 0.2968750000000001 0.6015625
0 0.2500000000000001 0.5296875 0.15156250000000004 0.5296875 0.15156250000000007 0.853125 0.2500000000000001 0.853125
0 0.4171875000000001 0.4046875 0.19218750000000004 0.4046875 0.19218750000000007 0.7265625 0.41718750000000016 0.7265625
0 0.5296875 0.36562500000000003 0.3234375000000001 0.365625 0.3234375000000001 0.6609375 0.5296875 0.6609375
0 0.38750000000000007 0.4265625 0.2140625000000001 0.4265625 0.2140625000000001 0.525 0.38750000000000007 0.525
0 0.428125 0.35625000000000007 0.3328125 0.35625 0.33281250000000007 0.4546875 0.428125 0.4546875