0 0.996875 0.6937500000000001 0.5171875 0.69375 0.5171875000000001 0.9953125 0.996875 0.9953125
0 0.996875 0.054687500000000076 0.353125 0.05468750000000004 0.353125 0.8203125 0.996875 0.8203125
0 0.8359375 8.87868929381831e-17 0.6140625 7.520096751014216e-17 0.6140625 0.15781250000000008 0.8359375 0.15781250000000008
0 0.9734375 1.0543443536409245e-16 0.7484375 9.165715887368473e-17 0.7484375 0.1031250000000001 0.9734375 0.10312500000000013
0 0.9953125 1.183506320738497e-16 0.9375 1.1481063742006435e-16 0.9375 0.05937500000000011 0.9953125 0.05937500000000011
0 0.621875 6.745124948428782e-17 0.4796875 5.87447761465996e-17 0.4796875 0.14218750000000008 0.621875 0.14218750000000008
0 0.50625 0.021875000000000044 0.2484375 0.021875000000000026 0.2484375 0.31093750000000003 0.50625 0.3109375000000001
0 0.3703125 0.01562500000000003 0.1203125 0.015625000000000017 0.12031250000000002 0.24062500000000003 0.3703125 0.2406250000000001
0 0.27968750000000003 0.2890625 3.539994653785318e-17 0.2890625 5.2525866619679453e-17 0.56875 0.2796875000000001 0.56875
0 0.38593750000000004 0.30625 3.750480822388769e-17 0.30625 6.324152611221879e-17 0.7265625 0.3859375000000001 0.7265625
0 0.20312500000000008 0.715625 8.763878656398247e-17 0.715625 1.0466903111462535e-16 0.99375 0.20312500000000008 0.99375