0 0.9765625 0.8390625 0.934375 0.8390625 0.934375 0.884375 0.9765625 0.884375
0 0.996875 0.903125 0.96875 0.903125 0.96875 0.9375 0.996875 0.9375
0 0.9515625 0.896875 0.903125 0.896875 0.903125 0.9421875 0.9515625 0.9421875
0 0.9 0.8859375 0.8484375 0.8859375 0.8484375 0.9375 0.9 0.9375
0 0.8421875 0.8734375 0.803125 0.8734375 0.803125 0.9203125 0.8421875 0.9203125
0 0.8625 0.815625 0.8234375 0.815625 0.8234375 0.85625 0.8625 0.85625
0 0.921875 0.821875 0.8734375 0.821875 0.8734375 0.8734375 0.921875 0.8734375
0 0.996875 0.7765625000000002 0.9625 0.7765625000000002 0.9625 0.821875 0.996875 0.821875
0 0.9890625 0.7078125000000002 0.9453125 0.7078125000000002 0.9453125 0.7765625000000002 0.9890625 0.7765625000000002
0 0.996875 0.7015625000000002 0.9859375 0.7015625000000002 0.9859375 0.7765625000000002 0.996875 0.7765625000000002
0 0.9625 0.7593750000000001 0.90625 0.7593750000000001 0.90625 0.8171875 0.9625 0.8171875
0 0.9453125 0.7015625000000002 0.9109375 0.7015625000000002 0.9109375 0.7593750000000001 0.9453125 0.7593750000000001
0 0.9765625 0.6781250000000002 0.934375 0.6781250000000002 0.934375 0.7125000000000001 0.9765625 0.7125000000000001
0 0.9203125 0.6781250000000002 0.9 0.6781250000000002 0.9 0.7062500000000002 0.9203125 0.7062500000000002
0 0.9109375 0.6890625000000001 0.865625 0.6890625000000001 0.865625 0.7531250000000002 0.9109375 0.7531250000000002
0 0.8890625 0.7078125000000002 0.8453125 0.7078125000000002 0.8453125 0.7656250000000002 0.8890625 0.7656250000000002
0 0.903125 0.7531250000000002 0.8515625 0.7531250000000002 0.8515625 0.8046875 0.903125 0.8046875
0 0.8484375 0.7421875000000002 0.7968750000000002 0.7421875000000002 0.7968750000000002 0.8 0.8484375 0.8
0 0.8140625 0.7187500000000002 0.7828125 0.7187500000000002 0.7828125000000001 0.7578125000000002 0.8140625 0.7578125000000002
0 0.8234375 0.6671875000000002 0.7796875 0.6671875000000002 0.7796875 0.7125000000000001 0.8234375 0.7125000000000001
0 0.8546875 0.6781250000000002 0.8109375 0.6781250000000002 0.8109375 0.7359375000000001 0.8546875 0.7359375000000001
0 0.875 0.6781250000000002 0.8484375 0.6781250000000002 0.8484375 0.7015625000000002 0.875 0.7015625000000002
0 0.9515625 0.5281250000000002 0.9109375 0.5281250000000002 0.9109375 0.5921875000000002 0.9515625 0.5921875000000002
0 0.9453125 0.4593750000000002 0.9109375 0.4593750000000002 0.9109375 0.5171875000000001 0.9453125 0.5171875000000001
0 0.9171875 0.4656250000000002 0.86875 0.4656250000000002 0.86875 0.5234375000000002 0.9171875 0.5234375000000002
0 0.90625 0.41406250000000017 0.865625 0.41406250000000017 0.865625 0.4656250000000002 0.90625 0.4656250000000002
0 0.8796875 0.3968750000000001 0.8453125 0.3968750000000001 0.8453125 0.44843750000000016 0.8796875 0.44843750000000016
0 0.8546875 0.46093750000000017 0.8140625 0.46093750000000017 0.8140625 0.5125000000000002 0.8546875 0.5125000000000002
0 0.871875 0.4546875000000002 0.8453125 0.4546875000000002 0.8453125 0.5000000000000002 0.871875 0.5000000000000002
0 0.8453125 0.4203125000000002 0.8203125 0.4203125000000002 0.8203125 0.4546875000000002 0.8453125 0.4546875000000002
0 0.8859375 0.5296875000000002 0.8375 0.5296875000000002 0.8375 0.5640625000000001 0.8859375 0.5640625000000001
0 0.9171875 0.5750000000000002 0.86875 0.5750000000000002 0.86875 0.6203125000000002 0.9171875 0.6203125000000002
0 0.8515625 0.5859375000000002 0.8078125 0.5859375000000002 0.8078125 0.6156250000000002 0.8515625 0.6156250000000002
0 0.825 0.5234375000000002 0.7734375 0.5234375000000002 0.7734375 0.5687500000000002 0.825 0.5687500000000002
0 0.8171875 0.4593750000000002 0.765625 0.4593750000000002 0.765625 0.5062500000000002 0.8171875 0.5062500000000002
0 0.828125 0.41406250000000017 0.7859375 0.41406250000000017 0.7859375 0.4593750000000002 0.828125 0.4593750000000002
0 0.765625 0.5296875000000002 0.7375 0.5296875000000002 0.7375 0.5812500000000002 0.765625 0.5812500000000002
0 0.765625 0.4828125000000002 0.740625 0.4828125000000002 0.740625 0.5109375000000002 0.765625 0.5109375000000002
0 0.6828125 0.3390625000000001 0.5484375 0.3390625000000001 0.5484375 0.3843750000000001 0.6828125 0.3843750000000001
0 0.703125 0.3968750000000001 0.6859375 0.3968750000000001 0.6859375 0.41875 0.703125 0.41875
0 0.6890625 0.403125 0.6625 0.403125 0.6625 0.4375 0.6890625 0.4375
0 0.6796875 0.3734375000000001 0.6484375 0.3734375000000001 0.6484375 0.403125 0.6796875 0.403125
0 0.6578125 0.3906250000000001 0.63125 0.3906250000000001 0.63125 0.43125 0.6578125 0.43125
0 0.6453125 0.3734375000000001 0.6171875 0.3734375000000001 0.6171875 0.3968750000000001 0.6453125 0.3968750000000001
0 0.63125 0.3968750000000001 0.60625 0.3968750000000001 0.60625 0.43125 0.63125 0.43125
0 0.6109375 0.3859375000000001 0.5859375 0.3859375000000001 0.5859375 0.4078125 0.6109375 0.4078125
0 0.6109375 0.4078125 0.5796875 0.4078125 0.5796875 0.43125 0.6109375 0.43125
0 0.5796875 0.3859375000000001 0.5484375 0.3859375000000001 0.5484375 0.4078125 0.5796875 0.4078125
0 0.8078125 0.85625 0.7562500000000002 0.85625 0.7562500000000002 0.9203125 0.8078125 0.9203125
0 0.7578125000000002 0.9078125 0.7140625000000002 0.9078125 0.7140625000000002 0.9421875 0.7578125000000002 0.9421875
0 0.7687500000000002 0.8109375 0.7203125000000001 0.8109375 0.7203125000000001 0.85 0.7687500000000002 0.85
0 0.6968750000000001 0.8171875 0.6453125000000002 0.8171875 0.6453125000000002 0.8515625 0.6968750000000001 0.8515625
0 0.7250000000000002 0.8625 0.6859375000000002 0.8625 0.6859375000000002 0.9015625 0.7250000000000002 0.9015625
0 0.6937500000000002 0.903125 0.6546875000000002 0.903125 0.6546875000000002 0.9421875 0.6937500000000002 0.9421875
0 0.6515625000000002 0.8796875 0.6140625000000002 0.8796875 0.6140625000000002 0.925 0.6515625000000002 0.925
0 0.6109375000000001 0.8671875 0.5656250000000002 0.8671875 0.5656250000000002 0.9140625 0.6109375000000001 0.9140625
0 0.5828125000000002 0.9140625 0.5343750000000002 0.9140625 0.5343750000000002 0.965625 0.5828125000000002 0.965625
0 0.5203125000000002 0.9203125 0.4593750000000002 0.9203125 0.4593750000000002 0.9546875 0.5203125000000002 0.9546875
0 0.5484375000000001 0.8453125 0.4890625000000002 0.8453125 0.4890625000000002 0.9078125 0.5484375000000001 0.9078125
0 0.47656250000000017 0.86875 0.42500000000000016 0.86875 0.42500000000000016 0.903125 0.47656250000000017 0.903125
0 0.728125 0.6203125 0.6859375 0.6203125 0.6859375 0.6781250000000001 0.728125 0.6781250000000002
0 0.6859375 0.6265625 0.6375 0.6265625 0.6375 0.684375 0.6859375 0.684375
0 0.6484375 0.65 0.6109375 0.65 0.6109375 0.6890625 0.6484375 0.6890625
0 0.59375 0.65 0.56875 0.65 0.56875 0.6953125 0.59375 0.6953125
0 0.6171875 0.6609375 0.5859375 0.6609375 0.5859375 0.70625 0.6171875 0.70625
0 0.6375000000000001 0.6953125 0.6 0.6953125 0.6000000000000001 0.759375 0.6375000000000002 0.759375
0 0.6859375000000001 0.7125 0.6484375 0.7125 0.6484375000000001 0.7875 0.6859375000000002 0.7875
0 0.7312500000000002 0.7359375000000001 0.6890625000000001 0.7359375 0.6890625000000001 0.7937500000000001 0.7312500000000002 0.7937500000000002
0 0.7562500000000001 0.7250000000000001 0.725 0.725 0.7250000000000001 0.7828125000000001 0.7562500000000002 0.7828125000000001
0 0.7828125000000001 0.7125000000000001 0.7578125 0.7125000000000001 0.7578125000000001 0.7593750000000001 0.7828125000000001 0.7593750000000001
0 0.7625 0.6843750000000002 0.73125 0.6843750000000002 0.73125 0.7234375000000002 0.7625 0.7234375000000002
0 0.7343750000000001 0.6843750000000001 0.7 0.684375 0.7000000000000001 0.7296875 0.7343750000000002 0.7296875000000002
0 0.7031250000000001 0.684375 0.6625 0.684375 0.6625000000000001 0.746875 0.7031250000000002 0.746875
0 0.734375 0.5062500000000001 0.6890625 0.50625 0.6890625 0.5578125 0.734375 0.5578125000000002
0 0.6890625 0.465625 0.6515625 0.465625 0.6515625 0.5171875 0.6890625 0.5171875
0 0.70625 0.4890625 0.6828125 0.4890625 0.6828125 0.528125 0.70625 0.528125
0 0.6796875 0.5171875 0.640625 0.5171875 0.640625 0.5625 0.6796875 0.5625
0 0.696875 0.5234375 0.66875 0.5234375 0.66875 0.5515625 0.696875 0.5515625
0 0.65625 0.4953125 0.625 0.4953125 0.625 0.5296875 0.65625 0.5296875
0 0.634375 0.4953125 0.6 0.4953125 0.6 0.5640625 0.634375 0.5640625
0 0.6140625 0.4890625 0.59375 0.4890625 0.59375 0.50625 0.6140625 0.50625
0 0.596875 0.465625 0.5515625 0.465625 0.5515625 0.5234375 0.596875 0.5234375
0 0.596875 0.5125 0.5515625 0.5125 0.5515625 0.5640625 0.596875 0.5640625
0 0.5109375 0.5171875 0.4796875 0.5171875 0.4796875 0.5578125 0.5109375 0.5578125
0 0.540625 0.50625 0.5140625 0.50625 0.5140625 0.5515625 0.540625 0.5515625
0 0.5734375 0.5296875 0.5390625 0.5296875 0.5390625 0.5640625 0.5734375 0.5640625
0 0.559375 0.49375 0.534375 0.49375 0.534375 0.5171875 0.559375 0.5171875
0 0.7078125 0.575 0.66875 0.575 0.66875 0.609375 0.7078125 0.609375
0 0.6484375 0.5796875 0.6140625 0.5796875 0.6140625 0.609375 0.6484375 0.609375
0 0.59375 0.575 0.5625 0.575 0.5625 0.6140625 0.59375 0.6140625
0 0.5375 0.575 0.503125 0.575 0.503125 0.603125 0.5375 0.603125
0 0.4765625 0.58125 0.4421875 0.58125 0.4421875 0.615625 0.4765625 0.615625
0 0.428125 0.58125 0.3890625000000001 0.58125 0.3890625000000001 0.615625 0.428125 0.615625
0 0.3656250000000001 0.5796875 0.3343750000000001 0.5796875 0.3343750000000001 0.609375 0.3656250000000001 0.609375
0 0.3140625000000001 0.5796875 0.2828125000000001 0.5796875 0.2828125000000001 0.609375 0.3140625000000001 0.609375
0 0.5109375 0.621875 0.4765625 0.621875 0.4765625 0.65625 0.5109375 0.65625
0 0.5765625 0.6265625 0.5375 0.6265625 0.5375 0.6609375 0.5765625 0.6609375
0 0.6171875 0.6265625 0.59375 0.6265625 0.59375 0.6546875 0.6171875 0.6546875
0 0.4453125 0.6328125 0.4171875 0.6328125 0.4171875 0.6609375 0.4453125 0.6609375
0 0.4765625 0.671875 0.4453125 0.671875 0.4453125 0.7015625 0.4765625 0.7015625
0 0.471875 0.5234375 0.4453125 0.5234375 0.4453125 0.5625 0.471875 0.5625
0 0.4765625 0.4765625 0.4421875 0.4765625 0.4421875 0.5171875 0.4765625 0.5171875
0 0.4453125 0.50625 0.4171875 0.50625 0.4171875 0.528125 0.4453125 0.528125
0 0.4515625 0.5234375 0.4140625 0.5234375 0.4140625 0.5578125 0.4515625 0.5578125
0 0.4203125 0.4828125 0.37968750000000007 0.4828125 0.37968750000000007 0.5171875 0.4203125 0.5171875
0 0.421875 0.5234375 0.3906250000000001 0.5234375 0.3906250000000001 0.5625 0.421875 0.5625
0 0.3890625000000001 0.5234375 0.3656250000000001 0.5234375 0.3656250000000001 0.575 0.3890625000000001 0.575
0 0.3625000000000001 0.5109375 0.3312500000000001 0.5109375 0.3312500000000001 0.5578125 0.3625000000000001 0.5578125
0 0.31718750000000007 0.49375 0.2890625000000001 0.49375 0.2890625000000001 0.5578125 0.31718750000000007 0.5578125
0 0.3312500000000001 0.50625 0.31718750000000007 0.50625 0.31718750000000007 0.5453125 0.3312500000000001 0.5453125
0 0.14531250000000004 0.3859375 0.11093750000000005 0.3859375 0.11093750000000005 0.4203125 0.14531250000000004 0.4203125
0 0.17656250000000004 0.3859375 0.14531250000000004 0.3859375 0.14531250000000004 0.4375 0.17656250000000004 0.4375
0 0.14531250000000004 0.403125 0.10625000000000004 0.403125 0.10625000000000004 0.4421875 0.14531250000000004 0.4421875
0 0.08281250000000004 0.4140625 0.04843750000000006 0.4140625 0.04843750000000006 0.4484375 0.08281250000000004 0.4484375
0 0.11406250000000004 0.4078125 0.07968750000000005 0.4078125 0.07968750000000005 0.4484375 0.11406250000000004 0.4484375
0 0.08281250000000005 0.4421875 0.037500000000000054 0.4421875 0.037500000000000054 0.4890625 0.08281250000000007 0.4890625
0 0.06250000000000007 0.471875 0.017187500000000057 0.471875 0.017187500000000057 0.5171875 0.06250000000000007 0.5171875
0 0.13750000000000004 0.471875 0.09375000000000007 0.471875 0.09375000000000007 0.5171875 0.13750000000000004 0.5171875
0 0.17656250000000004 0.4484375 0.13437500000000005 0.4484375 0.13437500000000005 0.5 0.17656250000000004 0.5
0 0.14062500000000006 0.4484375 0.10000000000000005 0.4484375 0.10000000000000005 0.471875 0.14062500000000006 0.471875
0 0.2062500000000001 0.4765625 0.16250000000000003 0.4765625 0.16250000000000006 0.5578125 0.2062500000000001 0.5578125
0 0.16562500000000008 0.534375 0.12031250000000004 0.534375 0.12031250000000007 0.5578125 0.16562500000000008 0.5578125
0 0.10468750000000007 0.5234375 0.056250000000000064 0.5234375 0.056250000000000064 0.5625 0.10468750000000009 0.5625
0 0.06875000000000006 0.56875 0.020312500000000074 0.56875 0.020312500000000074 0.615625 0.06875000000000006 0.615625
0 0.1312500000000001 0.575 0.08593750000000007 0.575 0.08593750000000007 0.609375 0.1312500000000001 0.609375
0 0.19687500000000008 0.575 0.1546875000000001 0.575 0.1546875000000001 0.609375 0.19687500000000008 0.609375
0 0.1515625000000001 0.6546875 0.12031250000000009 0.6546875 0.12031250000000009 0.678125 0.1515625000000001 0.678125
0 0.1859375000000001 0.6671875 0.1453125000000001 0.6671875 0.1453125000000001 0.7296875 0.1859375000000001 0.7296875
0 0.2140625000000001 0.678125 0.17968750000000008 0.678125 0.17968750000000008 0.7296875 0.2140625000000001 0.7296875
0 0.14843750000000008 0.684375 0.1062500000000001 0.684375 0.1062500000000001 0.7359375 0.14843750000000008 0.7359375
0 0.1765625000000001 0.7359375 0.1375000000000001 0.7359375 0.1375000000000001 0.7578125 0.1765625000000001 0.7578125
0 0.2000000000000001 0.7296875 0.1625000000000001 0.7296875 0.1625000000000001 0.79375 0.2000000000000001 0.79375
0 0.23437500000000008 0.7125 0.20312500000000008 0.7125 0.20312500000000008 0.7640625 0.23437500000000008 0.7640625
0 0.23437500000000008 0.7640625 0.1828125000000001 0.7640625 0.1828125000000001 0.821875 0.23437500000000008 0.821875
0 0.1765625000000001 0.7640625 0.12500000000000008 0.7640625 0.12500000000000008 0.8109375 0.1765625000000001 0.8109375
0 0.09375000000000008 0.6546875 0.05468750000000009 0.6546875 0.05468750000000009 0.684375 0.09375000000000008 0.684375
0 0.06250000000000008 0.6734375 0.028125000000000077 0.6734375 0.028125000000000084 0.725 0.06250000000000008 0.725
0 0.09375000000000008 0.6890625 0.05156250000000009 0.6890625 0.05156250000000009 0.7359375 0.09375000000000008 0.7359375
0 0.1062500000000001 0.71875 0.07968750000000009 0.71875 0.07968750000000009 0.7703125 0.1062500000000001 0.7703125
0 0.1453125000000001 0.7359375 0.1062500000000001 0.7359375 0.1062500000000001 0.78125 0.1453125000000001 0.78125
0 0.11093750000000009 0.7703125 0.07656250000000009 0.7703125 0.07656250000000009 0.8046875 0.11093750000000009 0.8046875
0 0.07968750000000009 0.7359375 0.04531250000000009 0.7359375 0.045312500000000096 0.79375 0.07968750000000009 0.79375
0 0.05468750000000009 0.71875 0.028125000000000087 0.71875 0.028125000000000087 0.7578125 0.05468750000000009 0.7578125
0 0.03125000000000009 0.690625 8.457716956611408e-17 0.690625 8.81171642198994e-17 0.7484375 0.03125000000000009 0.7484375
0 0.023437500000000094 0.746875 9.146580781131795e-17 0.746875 9.500580246510326e-17 0.8046875 0.0234375000000001 0.8046875
0 0.04843750000000009 0.7640625 0.017187500000000095 0.7640625 0.0171875000000001 0.821875 0.0484375000000001 0.821875
0 0.2000000000000001 0.8328125 0.14843750000000008 0.8328125 0.14843750000000008 0.8734375 0.2000000000000001 0.8734375
0 0.1140625000000001 0.834375 0.0718750000000001 0.834375 0.0718750000000001 0.8859375 0.1140625000000001 0.8859375
0 0.040625000000000105 0.8328125 1.019901162414905e-16 0.8328125 1.0514740877054227e-16 0.884375 0.04062500000000011 0.884375
0 0.05937500000000011 0.9015625 0.007812500000000111 0.9015625 0.007812500000000114 0.965625 0.05937500000000011 0.965625
0 0.12187500000000014 0.9140625 0.07343750000000011 0.9140625 0.07343750000000011 0.959375 0.12187500000000014 0.959375
0 0.1734375000000001 0.903125 0.1218750000000001 0.903125 0.12187500000000011 0.9546875 0.17343750000000013 0.9546875
0 0.22031250000000008 0.890625 0.17968750000000008 0.890625 0.1796875000000001 0.9375 0.22031250000000008 0.9375
0 0.2828125000000001 0.9078125 0.2406250000000001 0.9078125 0.2406250000000001 0.9546875 0.2828125000000001 0.9546875
0 0.3625000000000001 0.925 0.3109375000000001 0.925 0.3109375000000001 0.9546875 0.3625000000000001 0.9546875
0 0.4281250000000002 0.903125 0.3859375000000001 0.903125 0.3859375000000001 0.9546875 0.4281250000000002 0.9546875
0 0.4000000000000002 0.8625 0.3453125000000001 0.8625 0.3453125000000001 0.925 0.4000000000000002 0.925
0 0.3281250000000001 0.8734375 0.2718750000000001 0.8734375 0.2718750000000001 0.9140625 0.3281250000000001 0.9140625
0 0.28593750000000007 0.828125 0.2375000000000001 0.828125 0.2375000000000001 0.8859375 0.28593750000000007 0.8859375
0 0.3546875000000001 0.8046875 0.3109375000000001 0.8046875 0.3109375000000001 0.8625 0.3546875000000001 0.8625
0 0.4281250000000002 0.8109375 0.3859375000000001 0.8109375 0.3859375000000001 0.8796875 0.4281250000000002 0.8796875
0 0.4656250000000002 0.7828125 0.4312500000000002 0.7828125 0.4312500000000002 0.8515625 0.4656250000000002 0.8515625
0 0.5140625000000002 0.79375 0.4656250000000002 0.79375 0.4656250000000002 0.8453125 0.5140625000000002 0.8453125
0 0.5796875000000001 0.78125 0.5375000000000002 0.78125 0.5375000000000002 0.8453125 0.5796875000000001 0.8453125
0 0.6078125000000002 0.7828125 0.5765625000000002 0.7828125 0.5765625000000002 0.834375 0.6078125000000002 0.834375
0 0.5390625000000002 0.7765625 0.5078125000000002 0.7765625 0.5078125000000002 0.821875 0.5390625000000002 0.821875
0 0.6000000000000002 0.7359375 0.5687500000000002 0.7359375 0.5687500000000002 0.78125 0.6000000000000002 0.78125
0 0.56875 0.7078125 0.5484375 0.7078125 0.5484375 0.725 0.56875 0.725
0 0.5453125000000001 0.6953125 0.5109375 0.6953125 0.5109375 0.7296875 0.5453125000000002 0.7296875
0 0.5140625 0.6953125 0.475 0.6953125 0.475 0.725 0.5140625 0.725
0 0.5281250000000001 0.725 0.4859375 0.725 0.4859375000000001 0.7828125 0.5281250000000002 0.7828125
0 0.5687500000000002 0.7359375 0.5281250000000002 0.7359375 0.5281250000000002 0.78125 0.5687500000000002 0.78125
0 0.4937500000000002 0.746875 0.4515625000000002 0.746875 0.4515625000000002 0.7765625 0.4937500000000002 0.7765625
0 0.48906250000000007 0.725 0.4484375 0.725 0.4484375000000001 0.759375 0.4890625000000002 0.759375
0 0.4765625 0.7015625 0.4421875 0.7015625 0.4421875 0.7234375 0.4765625 0.7234375
0 0.4484375000000001 0.70625 0.4203125 0.70625 0.4203125000000001 0.7359375 0.44843750000000016 0.7359375
0 0.4546875000000002 0.7421875 0.4312500000000002 0.7421875 0.4312500000000002 0.7765625 0.4546875000000002 0.7765625
0 0.3921875000000001 0.7421875 0.34843750000000007 0.7421875 0.34843750000000007 0.8 0.3921875000000001 0.8
0 0.4218750000000001 0.71875 0.3906250000000001 0.71875 0.3906250000000001 0.79375 0.42187500000000017 0.79375
0 0.41093750000000007 0.678125 0.3765625000000001 0.678125 0.3765625000000001 0.7296875 0.4109375000000002 0.7296875
0 0.3890625000000001 0.6265625 0.3515625000000001 0.6265625 0.3515625000000001 0.6953125 0.3890625000000001 0.6953125
0 0.40625 0.64375 0.3828125000000001 0.64375 0.3828125000000001 0.6671875 0.40625 0.6671875
0 0.3515625000000001 0.621875 0.3140625000000001 0.621875 0.3140625000000001 0.7078125 0.3515625000000001 0.7078125
0 0.3140625000000001 0.6328125 0.2687500000000001 0.6328125 0.2687500000000001 0.7125 0.3140625000000001 0.7125
0 0.2734375000000001 0.65 0.24218750000000008 0.65 0.24218750000000008 0.7078125 0.2734375000000001 0.7078125
0 0.2796875000000001 0.7125 0.2453125000000001 0.7125 0.2453125000000001 0.8046875 0.2796875000000001 0.8046875
0 0.3203125000000001 0.7015625 0.2765625000000001 0.7015625 0.2765625000000001 0.8046875 0.3203125000000001 0.8046875
0 0.3546875000000001 0.7015625 0.31718750000000007 0.7015625 0.31718750000000007 0.7703125 0.3546875000000001 0.7703125
0 0.3968750000000001 0.746875 0.34843750000000007 0.746875 0.34843750000000007 0.7984375 0.3968750000000001 0.7984375
0 0.14843750000000008 0.8328125 0.11718750000000008 0.8328125 0.11718750000000008 0.8625 0.14843750000000008 0.8625
0 0.10312500000000006 0.5234375 0.06250000000000007 0.5234375 0.06250000000000007 0.5578125 0.10312500000000009 0.5578125
0 0.2140625000000001 0.3734375 0.18281250000000004 0.3734375 0.18281250000000004 0.4078125 0.2140625000000001 0.4078125
0 0.24843750000000003 0.3625 0.2171875 0.3625 0.21718750000000003 0.4078125 0.2484375000000001 0.4078125
0 0.28593750000000007 0.3625 0.2546875 0.3625 0.25468750000000007 0.4140625 0.28593750000000007 0.4140625
0 0.22031250000000008 0.4140625 0.18593750000000003 0.4140625 0.18593750000000003 0.4484375 0.22031250000000008 0.4484375
0 0.2718750000000001 0.4140625 0.23437500000000008 0.4140625 0.23437500000000008 0.4484375 0.2718750000000001 0.4484375
0 0.4171875 0.3843750000000001 0.3890625000000001 0.3843750000000001 0.3890625000000001 0.4140625 0.4171875 0.4140625
0 0.4421875 0.4375 0.4078125 0.4375 0.4078125 0.471875 0.4421875 0.471875
0 0.403125 0.4421875 0.3765625000000001 0.4421875 0.3765625000000001 0.471875 0.403125 0.471875
0 0.3765625000000001 0.4484375 0.3375000000000001 0.4484375 0.3375000000000001 0.49375 0.3765625000000001 0.49375
0 0.3343750000000001 0.4140625 0.2890625000000001 0.4140625 0.2890625000000001 0.49375 0.3343750000000001 0.49375
0 0.34843750000000007 0.390625 0.3062500000000001 0.390625 0.3062500000000001 0.4546875 0.34843750000000007 0.4546875