0 0.96875 0.1875000000000001 0.5734375 0.18750000000000008 0.5734375 0.565625 0.96875 0.5656250000000002
0 0.8890625 1.0476470664580872e-16 0.821875 1.0065065880492308e-16 0.821875 0.0796875000000001 0.8890625 0.0796875000000001
0 0.81875 0.018750000000000096 0.765625 0.018750000000000093 0.765625 0.0984375000000001 0.81875 0.09843750000000011
0 0.8171875 9.739769074468794e-17 0.7734375 9.47187758715531e-17 0.7734375 0.021875000000000096 0.8171875 0.0218750000000001
0 0.04843750000000003 0.16875 2.0665914735611586e-17 0.16875 2.659779766898158e-17 0.265625 0.048437500000000036 0.265625
0 0.8046875 0.5203125000000001 0.409375 0.5203125 0.4093750000000001 0.9015625 0.8046875 0.9015625
0 0.5734375 0.11562500000000006 0.2359375 0.11562500000000005 0.23593750000000005 0.453125 0.5734375 0.453125
0 0.4093750000000001 0.4984375 0.014062500000000061 0.4984375 0.014062500000000085 0.903125 0.40937500000000016 0.903125
0 0.8890625 0.6750000000000002 0.7328125 0.6750000000000002 0.7328125000000001 0.9109375 0.8890625 0.9109375
0 0.9953125 0.8265625 0.809375 0.8265625 0.809375 0.9953125 0.9953125 0.9953125
0 0.8125 0.9296875 0.6312500000000002 0.9296875 0.6312500000000002 0.9953125 0.8125 0.9953125