0 0.7953125 7.022583988860603e-17 0.3515625 4.305398903252414e-17 0.35156250000000006 0.4593750000000001 0.7953125 0.4593750000000002
0 0.7265625 0.20156250000000003 0.18906250000000005 0.2015625 0.18906250000000005 0.5109375 0.7265625 0.5109375000000002
0 0.4859375 0.44375 0.31718750000000007 0.44375 0.31718750000000007 0.540625 0.4859375 0.540625
0 0.8078125 0.4796875000000001 0.2984375000000001 0.4796875 0.2984375000000001 0.690625 0.8078125 0.6906250000000002
0 0.7453125 0.6453125000000001 0.425 0.6453125 0.4250000000000001 0.76875 0.7453125000000002 0.7687500000000002
0 0.6140625000000001 0.675 0.2890625000000001 0.675 0.2890625000000001 0.85 0.6140625000000002 0.85
4 0.2859375 1.7508622206559815e-17 0 0 1.674321795709272e-17 0.2734375 0.2859375 0.2734375
4 0.45625 4.563722837447558e-17 0.2890625 3.539994653785318e-17 0.2890625 0.22187500000000004 0.45625 0.2218750000000001
4 0.821875 7.988906853812812e-17 0.4828125 5.912747827133314e-17 0.4828125 0.34062500000000007 0.821875 0.34062500000000007
4 0.996875 1.1002686086089502e-16 0.8 9.797174393178826e-17 0.8 0.7531250000000002 0.996875 0.7531250000000002
4 0.8234375 0.5046875000000002 0.75 0.5046875000000002 0.7500000000000001 0.7734375000000002 0.8234375 0.7734375000000002
4 0.6109375000000001 0.753125 0.2328125000000001 0.753125 0.2328125000000001 0.9234375 0.6109375000000001 0.9234375
4 0.7218750000000002 0.7578125 0.6109375000000001 0.7578125 0.6109375000000001 0.8921875 0.7218750000000002 0.8921875
4 0.34062500000000007 0.515625 0.19375000000000003 0.515625 0.19375000000000006 0.7828125 0.34062500000000007 0.7828125
4 0.1937500000000001 0.18593750000000003 2.27707764216461e-17 0.1859375 7.233070157464055e-17 0.9953125 0.19375000000000014 0.9953125
4 0.34062500000000007 0.3921875 0.18125000000000005 0.3921875 0.18125000000000008 0.546875 0.34062500000000007 0.546875
4 0.40625 0.12812500000000004 0.290625 0.12812500000000004 0.290625 0.23750000000000004 0.40625 0.2375000000000001
4 0.4859375 0.2171875000000001 0.375 0.2171875000000001 0.375 0.29375000000000007 0.4859375 0.29375000000000007
4 0.6218750000000002 0.8609375 0.1546875000000001 0.8609375 0.15468750000000012 0.9953125 0.6218750000000002 0.9953125
4 0.2468750000000001 0.721875 0.18906250000000008 0.721875 0.18906250000000008 0.865625 0.2468750000000001 0.865625
4 0.996875 0.5828125000000002 0.8 0.5828125000000002 0.8 0.9125 0.996875 0.9125
4 0.8078125 0.7578125000000001 0.7109375000000002 0.7578125 0.7109375000000002 0.9328125 0.8078125 0.9328125
4 0.7187500000000002 0.7984375 0.6640625000000002 0.7984375 0.6640625000000002 0.9640625 0.7187500000000002 0.9640625
4 0.6640625000000002 0.8921875 0.6218750000000002 0.8921875 0.6218750000000002 0.984375 0.6640625000000002 0.984375