0 0.26250000000000007 0.43125 0.046875000000000056 0.43125 0.04687500000000007 0.721875 0.26250000000000007 0.721875
0 0.4687500000000001 0.51875 0.25468750000000007 0.51875 0.25468750000000007 0.7265625 0.46875000000000017 0.7265625
0 0.7234375 0.2843750000000001 0.4359375 0.2843750000000001 0.4359375 0.721875 0.7234375 0.721875
0 0.996875 9.931120136835567e-17 0.625 7.654042494670958e-17 0.6250000000000001 0.9515625 0.996875 0.9515625
0 0.6109375 0.14218750000000005 1.741294667537643e-17 0.1421875 4.085345181530624e-17 0.525 0.6109375 0.525
0 0.12031250000000007 0.5140625 6.295449951866863e-17 0.5140625 7.567934516605909e-17 0.721875 0.12031250000000009 0.721875
0 0.28437500000000004 0.21875 0.051562500000000025 0.21875 0.05156250000000003 0.365625 0.2843750000000001 0.365625
0 0.375 0.08750000000000004 0.2078125 0.08750000000000002 0.2078125 0.29531250000000003 0.375 0.2953125000000001
0 0.64375 5.673558999174847e-17 0.2828125 3.463454228838608e-17 0.2828125 0.24062500000000003 0.64375 0.2406250000000001
0 0.3171875 0.010937500000000027 0.1171875 0.010937500000000013 0.11718750000000003 0.2625 0.3171875 0.2625
0 0.80625 8.543824934676456e-17 0.5890625 7.213935051227377e-17 0.5890625 0.3109375000000001 0.80625 0.3109375000000001
0 0.9125 9.663228649522084e-17 0.665625 8.15155525682457e-17 0.665625 0.0984375000000001 0.9125 0.09843750000000011
0 0.2796875 1.712592008182627e-17 0 0 1.769997326892659e-17 0.2890625 0.2796875 0.2890625
0 0.446875 0.39843750000000006 0.2875000000000001 0.3984375 0.2875000000000001 0.5578125 0.446875 0.5578125