0 0.6687500000000001 0.60625 0.5421875 0.60625 0.5421875 0.83125 0.6687500000000002 0.83125
0 0.846875 0.5515625000000002 0.73125 0.5515625000000002 0.73125 0.7109375000000002 0.846875 0.7109375000000002
0 0.9859375 0.6234375000000002 0.8359375 0.6234375000000002 0.8359375 0.825 0.9859375 0.825
0 0.5234375000000001 0.671875 0.403125 0.671875 0.40312500000000007 0.8421875 0.5234375000000002 0.8421875
0 0.4734375 0.48125 0.3890625000000001 0.48125 0.3890625000000001 0.590625 0.4734375 0.590625
0 0.6109375 0.3890625000000001 0.46875 0.3890625000000001 0.46875 0.6078125 0.6109375 0.6078125
0 0.4546875 0.35000000000000003 0.3484375 0.35 0.34843750000000007 0.503125 0.4546875 0.503125
0 0.3593750000000001 0.4203125 0.2218750000000001 0.4203125 0.2218750000000001 0.6234375 0.3593750000000001 0.6234375
0 0.45781250000000007 0.540625 0.3125000000000001 0.540625 0.3125000000000001 0.7484375 0.4578125000000002 0.7484375
0 0.640625 5.300424427559639e-17 0.225 2.7554552980815448e-17 0.22500000000000003 0.39375000000000004 0.640625 0.3937500000000001
0 0.9859375 9.462310034036972e-17 0.559375 6.850368032730508e-17 0.559375 0.5578125 0.9859375 0.5578125000000002