0 0.934375 0.5718750000000001 0.6609375 0.571875 0.6609375000000001 0.928125 0.934375 0.928125
0 0.8640625 0.4125000000000001 0.6796875 0.4125 0.6796875 0.6125 0.8640625 0.6125000000000002
0 0.965625 0.26250000000000007 0.7875 0.26250000000000007 0.7875 0.47968750000000016 0.965625 0.47968750000000016
0 0.7921875 0.2984375000000001 0.6375 0.2984375000000001 0.6375 0.4843750000000001 0.7921875 0.48437500000000017
0 0.7000000000000001 0.484375 0.4796875 0.484375 0.4796875000000001 0.778125 0.7000000000000002 0.778125
0 0.4906250000000001 0.4484375 0.29375000000000007 0.4484375 0.29375000000000007 0.7265625 0.4906250000000002 0.7265625
0 0.6328125 0.3812500000000001 0.4515625 0.3812500000000001 0.4515625 0.546875 0.6328125 0.546875
0 0.640625 0.2484375000000001 0.490625 0.2484375000000001 0.490625 0.41875 0.640625 0.41875
0 0.5015625 0.2984375 0.34375 0.2984375 0.34375000000000006 0.459375 0.5015625 0.459375
0 0.5015625 0.22656250000000008 0.3703125 0.22656250000000008 0.3703125 0.32500000000000007 0.5015625 0.32500000000000007
0 0.34843750000000007 0.38125 0.18593750000000003 0.38125 0.18593750000000006 0.571875 0.34843750000000007 0.571875
0 0.2828125000000001 0.475 0.06250000000000007 0.475 0.06250000000000008 0.778125 0.2828125000000001 0.778125
0 0.378125 0.19687500000000005 0.246875 0.19687500000000005 0.246875 0.33593750000000006 0.378125 0.3359375000000001
0 0.35468750000000004 0.2578125 0.17812500000000003 0.2578125 0.17812500000000003 0.421875 0.3546875000000001 0.421875
0 0.24687500000000004 0.18125000000000002 0.08906250000000002 0.18125 0.08906250000000003 0.3671875 0.2468750000000001 0.3671875
0 0.19375000000000006 0.3609375 0.004687500000000044 0.3609375 0.004687500000000058 0.5875 0.1937500000000001 0.5875
1 0.6671875000000002 0.7734375 9.47187758715531e-17 0.7734375 1.0830470129959405e-16 0.9953125 0.6671875000000002 0.9953125
1 0.8921875 0.9234375 0.6593750000000002 0.9234375 0.6593750000000002 0.9953125 0.8921875 0.9953125
1 0.06250000000000008 0.578125 7.079989307570636e-17 0.578125 8.304636106717989e-17 0.778125 0.06250000000000008 0.778125
1 0.08125000000000009 0.7171875 0.057812500000000086 0.7171875 0.057812500000000086 0.76875 0.08125000000000009 0.76875
1 0.10781250000000009 0.746875 0.07343750000000009 0.746875 0.07343750000000009 0.778125 0.10781250000000009 0.778125
1 0.5093750000000001 0.7265625 0.26250000000000007 0.7265625 0.26250000000000007 0.8140625 0.5093750000000001 0.8140625
1 0.08906250000000003 0.1703125 2.085726579797836e-17 0.1703125 3.406048910128576e-17 0.3859375 0.08906250000000004 0.3859375
1 0.915625 0.47968750000000016 0.8609375 0.47968750000000016 0.8609375 0.6187500000000001 0.915625 0.6187500000000001