0 0.7906250000000001 0.3578125000000001 0.7078125 0.3578125000000001 0.7078125000000001 0.8828125 0.7906250000000001 0.8828125
0 0.871875 0.6296875000000001 0.528125 0.6296875 0.5281250000000001 0.9328125 0.871875 0.9328125
0 0.8328125 0.5984375000000001 0.5921875 0.5984375 0.5921875000000001 0.98125 0.8328125 0.98125
0 0.8109375 0.3828125000000001 0.53125 0.3828125000000001 0.5312500000000001 0.94375 0.8109375 0.94375
0 0.5828125000000001 0.6796875 0.528125 0.6796875 0.5281250000000001 0.9140625 0.5828125000000002 0.9140625
0 0.6531250000000002 0.9390625 0.3125000000000001 0.9390625 0.3125000000000001 0.99375 0.6531250000000002 0.99375
0 0.3921875000000001 0.6734375 0.23437500000000008 0.6734375 0.23437500000000008 0.9265625 0.3921875000000001 0.9265625
0 0.5437500000000001 0.6796875 0.4109375 0.6796875 0.41093750000000007 0.8515625 0.5437500000000002 0.8515625
0 0.2000000000000001 0.6484375 0.039062500000000076 0.6484375 0.0390625000000001 0.8765625 0.2000000000000001 0.8765625
0 0.4953125 0.4390625 0.4171875 0.4390625 0.4171875 0.5375 0.4953125 0.5375
0 0.4859375 0.59375 0.440625 0.59375 0.440625 0.6921875 0.4859375 0.6921875
0 0.646875 0.2531250000000001 0.4859375 0.2531250000000001 0.4859375 0.4625 0.646875 0.4625
0 0.24375 0.06250000000000001 0.04843750000000001 0.0625 0.04843750000000002 0.315625 0.24375 0.315625
0 0.14843750000000008 0.5921875 0.057812500000000065 0.5921875 0.05781250000000008 0.6609375 0.14843750000000008 0.6609375
0 0.3437500000000001 0.45625 0.2484375000000001 0.45625 0.2484375000000001 0.54375 0.3437500000000001 0.54375
0 0.4765625 0.16718750000000004 0.3953125 0.16718750000000004 0.3953125 0.2906250000000001 0.4765625 0.2906250000000001
0 0.4078125 0.35781250000000003 0.334375 0.3578125 0.33437500000000003 0.4265625 0.4078125 0.4265625
0 0.3578125 0.07343750000000004 0.2859375 0.07343750000000004 0.2859375 0.13593750000000004 0.3578125 0.13593750000000004
0 0.7015625 0.2468750000000001 0.6296875 0.2468750000000001 0.6296875 0.4140625 0.7015625 0.4140625
0 0.6171875 0.09843750000000007 0.5140625 0.09843750000000007 0.5140625 0.30937500000000007 0.6171875 0.30937500000000007
0 0.875 5.357829746269671e-17 0 0 6.084963783263412e-17 0.99375 0.875 0.99375