0 0.5140625 0.07812500000000007 0.4828125 0.07812500000000007 0.4828125 0.12968750000000004 0.5140625 0.12968750000000004
0 0.5484375 0.09218750000000006 0.5171875 0.09218750000000006 0.5171875 0.13437500000000008 0.5484375 0.13437500000000008
0 0.621875 0.08750000000000006 0.5796875 0.08750000000000006 0.5796875 0.1390625000000001 0.621875 0.1390625000000001
0 0.6609375 0.10312500000000009 0.61875 0.10312500000000009 0.61875 0.1546875000000001 0.6609375 0.1546875000000001
0 0.7109375 0.21250000000000008 0.6796875 0.21250000000000008 0.6796875 0.2640625000000001 0.7109375 0.2640625000000001
0 0.7453125 0.1906250000000001 0.71875 0.1906250000000001 0.71875 0.2375000000000001 0.7453125 0.2375000000000001
0 0.7421875 0.2468750000000001 0.71875 0.2468750000000001 0.71875 0.2734375000000001 0.7421875 0.2734375000000001
0 0.6609375 0.1765625000000001 0.61875 0.1765625000000001 0.61875 0.2484375000000001 0.6609375 0.2484375000000001
0 0.6328125 0.1437500000000001 0.5828125 0.1437500000000001 0.5828125 0.1906250000000001 0.6328125 0.1906250000000001
0 0.575 0.12812500000000007 0.5140625 0.12812500000000004 0.5140625 0.17031250000000006 0.575 0.1703125000000001
0 0.590625 0.15000000000000008 0.540625 0.15000000000000005 0.540625 0.22656250000000008 0.590625 0.22656250000000008
0 0.4828125 0.10312500000000005 0.44375 0.10312500000000005 0.44375 0.13906250000000003 0.4828125 0.13906250000000003
0 0.440625 0.11875000000000005 0.4171875 0.11875000000000005 0.4171875 0.13906250000000003 0.440625 0.13906250000000003
0 0.440625 0.15937500000000004 0.390625 0.15937500000000004 0.390625 0.24218750000000008 0.440625 0.24218750000000008
0 0.5140625 0.14375000000000004 0.44375 0.14375000000000004 0.44375 0.2062500000000001 0.5140625 0.2062500000000001
0 0.559375 0.19062500000000007 0.4828125 0.19062500000000004 0.4828125 0.2578125000000001 0.559375 0.2578125000000001
0 0.540625 0.17656250000000004 0.5140625 0.17656250000000004 0.5140625 0.19687500000000005 0.540625 0.19687500000000005
0 0.5640625 0.13437500000000008 0.5140625 0.13437500000000005 0.5140625 0.17031250000000006 0.5640625 0.1703125000000001
0 0.6140625 0.2218750000000001 0.559375 0.2218750000000001 0.559375 0.2734375000000001 0.6140625 0.2734375000000001
0 0.65625 0.2484375000000001 0.6140625 0.2484375000000001 0.6140625 0.3203125000000001 0.65625 0.3203125000000001
0 0.609375 0.27812500000000007 0.55625 0.27812500000000007 0.55625 0.3140625000000001 0.609375 0.3140625000000001
0 0.5828125 0.30937500000000007 0.5515625 0.30937500000000007 0.5515625 0.3296875000000001 0.5828125 0.3296875000000001
0 0.5984375 0.3203125000000001 0.559375 0.3203125000000001 0.559375 0.3656250000000001 0.5984375 0.3656250000000001
0 0.559375 0.30937500000000007 0.5328125 0.30937500000000007 0.5328125 0.3343750000000001 0.559375 0.3343750000000001
0 0.5671875 0.34062500000000007 0.521875 0.34062500000000007 0.521875 0.3921875000000001 0.5671875 0.3921875000000001
0 0.5296875 0.3296875000000001 0.4875 0.3296875000000001 0.4875 0.3656250000000001 0.5296875 0.3656250000000001
0 0.553125 0.2734375000000001 0.521875 0.2734375000000001 0.521875 0.3187500000000001 0.553125 0.3187500000000001
0 0.5296875 0.2531250000000001 0.4875 0.2531250000000001 0.4875 0.2984375000000001 0.5296875 0.2984375000000001
0 0.571875 0.2578125000000001 0.525 0.2578125000000001 0.525 0.2890625000000001 0.571875 0.2890625000000001
0 0.4859375 0.29375000000000007 0.4484375 0.29375000000000007 0.4484375 0.3296875000000001 0.4859375 0.3296875000000001
0 0.5171875 0.3046875000000001 0.4828125 0.3046875000000001 0.4828125 0.3203125000000001 0.5171875 0.3203125000000001
0 0.471875 0.2531250000000001 0.4140625 0.2531250000000001 0.4140625 0.2984375000000001 0.471875 0.2984375000000001
0 0.490625 0.2015625000000001 0.44375 0.2015625000000001 0.44375 0.24218750000000008 0.490625 0.24218750000000008
0 0.4328125 0.30937500000000007 0.4015625 0.30937500000000007 0.4015625 0.3343750000000001 0.4328125 0.3343750000000001
0 0.45625 0.3609375000000001 0.425 0.3609375000000001 0.425 0.4015625 0.45625 0.4015625
0 0.4015625 0.27812500000000007 0.3828125 0.27812500000000007 0.3828125 0.29375000000000007 0.4015625 0.29375000000000007
0 0.3937500000000001 0.4640625 0.3390625000000001 0.4640625 0.3390625000000001 0.515625 0.3937500000000001 0.515625
0 0.215625 0.2109375 0.15468750000000003 0.2109375 0.15468750000000003 0.26875 0.215625 0.26875
0 0.24375 0.2375 0.17812500000000003 0.2375 0.17812500000000003 0.29375 0.24375 0.29375
0 0.2203125 0.29375 0.17031250000000003 0.29375 0.17031250000000003 0.3203125 0.2203125 0.3203125
0 0.17812500000000003 0.284375 0.12812500000000004 0.284375 0.12812500000000004 0.3515625 0.17812500000000003 0.3515625
0 0.2890625 0.2375 0.246875 0.2375 0.246875 0.29375 0.2890625 0.29375
0 0.340625 0.19062500000000004 0.2671875 0.19062500000000004 0.2671875 0.2890625 0.340625 0.2890625
0 0.3859375 0.20625000000000004 0.325 0.20625 0.325 0.24687500000000004 0.3859375 0.2468750000000001
0 0.40625 0.19531250000000006 0.378125 0.19531250000000006 0.378125 0.24218750000000008 0.40625 0.24218750000000008
0 0.425 0.23750000000000004 0.34375 0.2375 0.34375 0.29375000000000007 0.425 0.29375000000000007
0 0.3828125 0.28906250000000006 0.340625 0.2890625 0.340625 0.34062500000000007 0.3828125 0.34062500000000007
0 0.340625 0.29375 0.30625 0.29375 0.30625 0.325 0.340625 0.325
0 0.39375000000000004 0.3453125 0.3546875 0.3453125 0.35468750000000004 0.3765625 0.3937500000000001 0.3765625000000001
0 0.18906250000000005 0.35625 0.12343750000000005 0.35625 0.12343750000000005 0.4125 0.18906250000000005 0.4125
0 0.2515625 0.2984375 0.2171875 0.2984375 0.2171875 0.3453125 0.2515625 0.3453125
0 0.12343750000000005 0.3671875 0.09218750000000005 0.3671875 0.09218750000000005 0.403125 0.12343750000000005 0.403125
0 0.12031250000000004 0.4796875 0.07812500000000007 0.4796875 0.07812500000000007 0.5109375 0.12031250000000004 0.5109375
0 0.16250000000000003 0.3921875 0.10000000000000005 0.3921875 0.10000000000000005 0.4375 0.16250000000000003 0.4375
0 0.18593750000000006 0.4484375 0.12343750000000005 0.4484375 0.12343750000000006 0.5515625 0.1859375000000001 0.5515625
0 0.2468750000000001 0.403125 0.16562500000000005 0.403125 0.16562500000000005 0.490625 0.2468750000000001 0.490625
0 0.2750000000000001 0.3765625 0.2171875000000001 0.3765625 0.2171875000000001 0.459375 0.2750000000000001 0.459375
0 0.2984375 0.3046875 0.2328125 0.3046875 0.23281250000000003 0.3921875 0.2984375000000001 0.3921875
0 0.3625000000000001 0.4234375 0.27031250000000007 0.4234375 0.27031250000000007 0.4953125 0.3625000000000001 0.4953125
0 0.37500000000000006 0.34062500000000007 0.296875 0.340625 0.29687500000000006 0.4234375 0.3750000000000001 0.4234375
0 0.4328125 0.3812500000000001 0.3703125000000001 0.3812500000000001 0.3703125000000001 0.4484375 0.4328125 0.4484375
0 0.30937500000000007 0.4390625 0.24375000000000008 0.4390625 0.24375000000000008 0.5109375 0.30937500000000007 0.5109375
0 0.34062500000000007 0.515625 0.2906250000000001 0.515625 0.2906250000000001 0.6125 0.34062500000000007 0.6125
0 0.3046875000000001 0.5265625 0.25468750000000007 0.5265625 0.25468750000000007 0.6296875 0.3046875000000001 0.6296875
0 0.2250000000000001 0.546875 0.1515625000000001 0.546875 0.1515625000000001 0.6140625 0.2250000000000001 0.6140625
0 0.2078125000000001 0.628125 0.1625000000000001 0.628125 0.1625000000000001 0.70625 0.2078125000000001 0.70625
0 0.2656250000000001 0.603125 0.20468750000000008 0.603125 0.20468750000000008 0.6796875 0.2656250000000001 0.6796875
0 0.7375 0.27812500000000007 0.703125 0.27812500000000007 0.703125 0.3140625000000001 0.7375 0.3140625000000001
0 0.7078125 0.3203125000000001 0.6765625 0.3203125000000001 0.6765625 0.3515625000000001 0.7078125 0.3515625000000001
0 0.6796875 0.30937500000000007 0.653125 0.30937500000000007 0.653125 0.3453125000000001 0.6796875 0.3453125000000001
0 0.6484375 0.3187500000000001 0.5953125 0.3187500000000001 0.5953125 0.3765625000000001 0.6484375 0.3765625000000001
0 0.6609375 0.3500000000000001 0.6296875 0.3500000000000001 0.6296875 0.3812500000000001 0.6609375 0.3812500000000001
0 0.6953125 0.34062500000000007 0.653125 0.34062500000000007 0.653125 0.3859375000000001 0.6953125 0.3859375000000001
0 0.690625 0.37187500000000007 0.6640625 0.37187500000000007 0.6640625 0.3921875000000001 0.690625 0.3921875000000001
0 0.721875 0.34062500000000007 0.6875 0.34062500000000007 0.6875 0.3921875000000001 0.721875 0.3921875000000001
0 0.7875 0.32500000000000007 0.7265625 0.32500000000000007 0.7265625 0.3703125000000001 0.7875 0.3703125000000001
0 0.7953125 0.3656250000000001 0.753125 0.3656250000000001 0.753125 0.41718750000000016 0.7953125 0.41718750000000016
0 0.815625 0.3921875000000001 0.784375 0.3921875000000001 0.784375 0.4281250000000002 0.815625 0.4281250000000002
0 0.8640625 0.3859375000000001 0.8265625 0.3859375000000001 0.8265625 0.4437500000000002 0.8640625 0.4437500000000002
0 0.834375 0.5671875000000002 0.8 0.5671875000000002 0.8 0.6078125000000002 0.834375 0.6078125000000002
0 0.8 0.5000000000000002 0.7765625 0.5000000000000002 0.7765625 0.5312500000000002 0.8 0.5312500000000002
0 0.784375 0.5312500000000002 0.75625 0.5312500000000002 0.75625 0.5671875000000002 0.784375 0.5671875000000002
0 0.8 0.5718750000000001 0.765625 0.5718750000000001 0.765625 0.6078125000000002 0.8 0.6078125000000002
0 0.753125 0.5578125000000002 0.7296875 0.5578125000000002 0.7296875 0.5781250000000002 0.753125 0.5781250000000002
0 0.75625 0.5781250000000002 0.7296875 0.5781250000000002 0.7296875 0.5984375000000002 0.75625 0.5984375000000002
0 0.7609375 0.6078125000000002 0.7296875 0.6078125000000002 0.7296875 0.6343750000000001 0.7609375 0.6343750000000001
0 0.76875 0.6656250000000001 0.740625 0.6656250000000001 0.740625 0.7109375000000002 0.76875 0.7109375000000002
0 0.71875 0.5765625 0.6875 0.5765625 0.6875 0.61875 0.71875 0.61875
0 0.7375 0.628125 0.6953125 0.628125 0.6953125 0.6703125000000001 0.7375 0.6703125000000002
0 0.7562500000000002 0.7421875000000001 0.7187500000000002 0.7421875 0.7187500000000002 0.7781250000000001 0.7562500000000002 0.7781250000000002
0 0.7375 0.6656250000000001 0.7140625 0.665625 0.7140625 0.7109375000000001 0.7375 0.7109375000000002
0 0.5953125 0.3703125000000001 0.5609375 0.3703125000000001 0.5609375 0.4125 0.5953125 0.4125
0 0.5984375 0.4078125 0.55625 0.4078125 0.55625 0.4484375 0.5984375 0.4484375
0 0.575 0.3859375000000001 0.525 0.3859375000000001 0.525 0.428125 0.575 0.428125
0 0.5859375 0.4328125 0.5484375 0.4328125 0.5484375 0.46875 0.5859375 0.46875
0 0.55625 0.4484375 0.521875 0.4484375 0.521875 0.484375 0.55625 0.484375
0 0.6328125 0.44375 0.5828125 0.44375 0.5828125 0.484375 0.6328125 0.484375
0 0.65625 0.3859375000000001 0.5984375 0.3859375000000001 0.5984375 0.4484375 0.65625 0.4484375
0 0.684375 0.4125 0.6421875 0.4125 0.6421875 0.453125 0.684375 0.453125
0 0.6484375 0.4640625 0.6140625 0.4640625 0.6140625 0.5046875 0.6484375 0.5046875
0 0.66875 0.4546875 0.634375 0.4546875 0.634375 0.490625 0.66875 0.490625
0 0.6875 0.4546875 0.65625 0.4546875 0.65625 0.50625 0.6875 0.50625
0 0.703125 0.428125 0.671875 0.428125 0.671875 0.4796875 0.703125 0.4796875
0 0.71875 0.46875 0.6953125 0.46875 0.6953125 0.4953125 0.71875 0.4953125
0 0.7109375 0.4953125 0.6765625 0.4953125 0.6765625 0.540625 0.7109375 0.540625
0 0.6796875 0.5203125 0.6375 0.5203125 0.6375 0.5625 0.6796875 0.5625
0 0.6640625 0.5046875 0.6296875 0.5046875 0.6296875 0.546875 0.6640625 0.546875
0 0.634375 0.515625 0.603125 0.515625 0.603125 0.5609375 0.634375 0.5609375
0 0.6421875 0.55625 0.6109375 0.55625 0.6109375 0.5984375 0.6421875 0.5984375
0 0.66875 0.5578125 0.6375 0.5578125 0.6375 0.59375 0.66875 0.59375
0 0.621875 0.484375 0.571875 0.484375 0.571875 0.5515625 0.621875 0.5515625
0 0.6875 0.5984375 0.653125 0.5984375 0.653125 0.64375 0.6875 0.64375
0 0.6609375 0.5984375 0.6109375 0.5984375 0.6109375 0.6390625 0.6609375 0.6390625
0 0.65 0.6390625 0.61875 0.6390625 0.61875 0.690625 0.65 0.690625
0 0.6828125 0.634375 0.6453125 0.634375 0.6453125 0.6703125 0.6828125 0.6703125
0 0.7109375 0.6546875 0.6640625 0.6546875 0.6640625 0.70625 0.7109375 0.70625
0 0.7156250000000001 0.696875 0.684375 0.696875 0.6843750000000001 0.728125 0.7156250000000002 0.728125
0 0.7062500000000002 0.7265625 0.6718750000000002 0.7265625 0.6718750000000002 0.7578125 0.7062500000000002 0.7578125
0 0.6718750000000001 0.70625 0.625 0.70625 0.6250000000000001 0.753125 0.6718750000000002 0.753125
0 0.6296875 0.690625 0.6015625 0.690625 0.6015625 0.721875 0.6296875 0.721875
0 0.6109375 0.6078125 0.5765625 0.6078125 0.5765625 0.6546875 0.6109375 0.6546875
0 0.60625 0.665625 0.5671875 0.665625 0.5671875 0.696875 0.60625 0.696875
0 0.6109375 0.70625 0.5765625 0.70625 0.5765625 0.7171875 0.6109375 0.7171875
0 0.6062500000000002 0.7421875 0.5718750000000001 0.7421875 0.5718750000000001 0.7734375 0.6062500000000002 0.7734375
0 0.5640625 0.6703125 0.54375 0.6703125 0.54375 0.690625 0.5640625 0.690625
0 0.571875 0.634375 0.540625 0.634375 0.540625 0.6546875 0.571875 0.6546875
0 0.5640625 0.609375 0.5515625 0.609375 0.5515625 0.6296875 0.5640625 0.6296875
0 0.590625 0.571875 0.55625 0.571875 0.55625 0.6234375 0.590625 0.6234375
0 0.5375 0.5421875 0.5171875 0.5421875 0.5171875 0.59375 0.5375 0.59375
0 0.5296875 0.484375 0.4984375 0.484375 0.4984375 0.5265625 0.5296875 0.5265625
0 0.5109375 0.4484375 0.4796875 0.4484375 0.4796875 0.5 0.5109375 0.5
0 0.49375 0.540625 0.4484375 0.540625 0.4484375 0.5875 0.49375 0.5875
0 0.5328125 0.5515625 0.490625 0.5515625 0.490625 0.5875 0.5328125 0.5875
0 0.4484375 0.5359375 0.4203125 0.5359375 0.4203125 0.571875 0.4484375 0.571875
0 0.4203125 0.5203125 0.4015625 0.5203125 0.4015625 0.55625 0.4203125 0.55625
0 0.475 0.4328125 0.4625 0.4328125 0.4625 0.459375 0.475 0.459375
0 0.521875 0.421875 0.4984375 0.421875 0.4984375 0.4640625 0.521875 0.4640625
0 0.4328125 0.578125 0.3984375000000001 0.578125 0.3984375000000001 0.6296875 0.4328125 0.6296875
0 0.459375 0.59375 0.4359375 0.59375 0.4359375 0.6453125 0.459375 0.6453125
0 0.4984375 0.5875 0.459375 0.5875 0.459375 0.65 0.4984375 0.65
0 0.4453125 0.6390625 0.4140625 0.6390625 0.4140625 0.675 0.4453125 0.675
0 0.475 0.6546875 0.4484375 0.6546875 0.4484375 0.6796875 0.475 0.6796875
0 0.5375 0.61875 0.5140625 0.61875 0.5140625 0.65 0.5375 0.65
0 0.521875 0.59375 0.49375 0.59375 0.49375 0.6140625 0.521875 0.6140625
0 0.55625 0.5984375 0.528125 0.5984375 0.528125 0.6296875 0.55625 0.6296875
0 0.5140625 0.6546875 0.490625 0.6546875 0.490625 0.6859375 0.5140625 0.6859375
0 0.5375 0.665625 0.5140625 0.665625 0.5140625 0.7015625 0.5375 0.7015625
0 0.4015625000000001 0.7171875 0.3468750000000001 0.7171875 0.3468750000000001 0.7625 0.40156250000000016 0.7625
0 0.3859375000000001 0.8046875 0.3515625000000001 0.8046875 0.3515625000000001 0.8453125 0.3859375000000001 0.8453125
0 0.42187500000000017 0.8 0.3906250000000001 0.8 0.3906250000000001 0.8359375 0.42187500000000017 0.8359375
0 0.41406250000000017 0.7578125 0.37968750000000007 0.7578125 0.37968750000000007 0.79375 0.41406250000000017 0.79375
0 0.43281250000000016 0.76875 0.40937500000000016 0.76875 0.40937500000000016 0.8 0.43281250000000016 0.8
0 0.4203125000000002 0.7328125 0.3937500000000001 0.7328125 0.3937500000000001 0.76875 0.4203125000000002 0.76875
0 0.44843750000000016 0.73125 0.4281250000000002 0.73125 0.4281250000000002 0.7578125 0.44843750000000016 0.7578125
0 0.4484375 0.675 0.4203125 0.675 0.4203125 0.70625 0.4484375 0.70625
0 0.4593750000000001 0.7109375 0.4328125 0.7109375 0.4328125000000001 0.7375 0.4593750000000002 0.7375
0 0.4796875 0.690625 0.4640625 0.690625 0.4640625 0.7109375 0.4796875 0.7109375
0 0.5015625000000001 0.7015625 0.4828125 0.7015625 0.4828125000000001 0.7265625 0.5015625000000001 0.7265625
0 0.47187500000000016 0.7328125 0.4437500000000002 0.7328125 0.4437500000000002 0.778125 0.47187500000000016 0.778125
0 0.5062500000000002 0.7265625 0.4781250000000002 0.7265625 0.4781250000000002 0.76875 0.5062500000000002 0.76875
0 0.5296875000000002 0.7375 0.5062500000000002 0.7375 0.5062500000000002 0.76875 0.5296875000000002 0.76875
0 0.5453125000000001 0.7109375 0.5109375 0.7109375 0.5109375 0.7421875 0.5453125000000002 0.7421875
0 0.5515625000000002 0.7421875 0.5328125000000001 0.7421875 0.5328125000000001 0.7625 0.5515625000000002 0.7625
0 0.5750000000000002 0.7328125 0.5562500000000001 0.7328125 0.5562500000000001 0.778125 0.5750000000000002 0.778125
0 0.6140625000000002 0.7890625 0.5796875000000001 0.7890625 0.5796875000000001 0.809375 0.6140625000000002 0.809375
0 0.6343750000000001 0.784375 0.6187500000000001 0.784375 0.6187500000000001 0.8046875 0.6343750000000001 0.8046875
0 0.6453125000000002 0.7421875 0.6140625000000002 0.7421875 0.6140625000000002 0.7734375 0.6453125000000002 0.7734375
0 0.6640625000000002 0.76875 0.6296875000000002 0.76875 0.6296875000000002 0.8 0.6640625000000002 0.8
0 0.6843750000000002 0.7578125 0.6500000000000001 0.7578125 0.6500000000000001 0.7828125 0.6843750000000002 0.7828125
0 0.5984375000000002 0.8046875 0.5750000000000002 0.8046875 0.5750000000000002 0.840625 0.5984375000000002 0.840625
0 0.5906250000000002 0.8296875 0.5593750000000002 0.8296875 0.5593750000000002 0.865625 0.5906250000000002 0.865625
0 0.6375000000000002 0.815625 0.6140625000000002 0.815625 0.6140625000000002 0.8515625 0.6375000000000002 0.8515625
0 0.5796875000000001 0.815625 0.5484375000000001 0.815625 0.5484375000000001 0.8515625 0.5796875000000001 0.8515625
0 0.6140625000000002 0.871875 0.5906250000000002 0.871875 0.5906250000000002 0.9078125 0.6140625000000002 0.9078125
0 0.5593750000000002 0.7734375 0.5218750000000002 0.7734375 0.5218750000000002 0.8140625 0.5593750000000002 0.8140625
0 0.5218750000000002 0.7734375 0.4937500000000002 0.7734375 0.4937500000000002 0.81875 0.5218750000000002 0.81875
0 0.5375000000000002 0.825 0.48750000000000016 0.825 0.48750000000000016 0.85625 0.5375000000000002 0.85625
0 0.5250000000000001 0.85 0.4906250000000002 0.85 0.4906250000000002 0.8921875 0.5250000000000001 0.8921875
0 0.4906250000000002 0.8296875 0.4625000000000002 0.8296875 0.4625000000000002 0.871875 0.4906250000000002 0.871875
0 0.4593750000000002 0.840625 0.4281250000000002 0.840625 0.4281250000000002 0.871875 0.4593750000000002 0.871875
0 0.45625000000000016 0.809375 0.43281250000000016 0.809375 0.43281250000000016 0.834375 0.45625000000000016 0.834375
0 0.4937500000000002 0.76875 0.4437500000000002 0.76875 0.4437500000000002 0.8203125 0.4937500000000002 0.8203125
3 0.4828125 0.428125 0.3515625000000001 0.428125 0.3515625000000001 0.6703125 0.4828125 0.6703125