0 0.784375 0.7171875000000001 0.3546875000000001 0.7171875 0.3546875000000001 0.9953125 0.7843750000000002 0.9953125
0 0.9953125 0.4484375000000001 0.6796875 0.4484375 0.6796875000000001 0.9171875 0.9953125 0.9171875
0 0.821875 0.22656250000000008 0.4484375 0.22656250000000008 0.4484375000000001 0.7734375000000001 0.821875 0.7734375000000002
0 0.9953125 1.0304254708450775e-16 0.6875 8.419446744138054e-17 0.6875 0.4328125000000001 0.9953125 0.43281250000000016
0 0.9953125 0.3500000000000001 0.8109375 0.3500000000000001 0.8109375 0.5312500000000002 0.9953125 0.5312500000000002
0 0.7109375 0.11875000000000009 0.575 0.11875000000000009 0.575 0.24218750000000008 0.7109375 0.24218750000000008
0 0.7140625 7.845393557037732e-17 0.5671875 6.946043563913895e-17 0.5671875 0.11875000000000009 0.7140625 0.11875000000000009
0 0.65625 5.960585592725007e-17 0.3171875 3.884426566045511e-17 0.31718750000000007 0.3921875 0.65625 0.3921875000000001
0 0.70625 0.12343750000000009 0.6484375 0.12343750000000009 0.6484375 0.2328125000000001 0.70625 0.2328125000000001
0 0.5062500000000001 0.3765625 0.2734375000000001 0.3765625 0.2734375000000001 0.7375 0.5062500000000002 0.7375
0 0.3046875000000001 0.4953125 6.065828677026735e-17 0.4953125 9.127445674895118e-17 0.9953125 0.3046875000000001 0.9953125
0 0.35156250000000006 0.15937500000000002 0.09218750000000002 0.159375 0.09218750000000005 0.53125 0.3515625000000001 0.53125
0 0.3125 2.4110233858213517e-17 0.08125 9.950255243072244e-18 0.08125000000000002 0.2375 0.3125 0.2375
0 0.378125 3.8270212473354795e-17 0.246875 3.023346785395028e-17 0.246875 0.09218750000000003 0.378125 0.09218750000000005
0 0.08125000000000002 0.0421875 5.1664786839028965e-18 0.0421875 2.1239967922711906e-17 0.3046875 0.08125000000000004 0.3046875
0 0.12343750000000006 0.309375 3.788751034862124e-17 0.309375 5.683126552293186e-17 0.61875 0.12343750000000009 0.61875