0 0.9703125 0.5859375000000002 0.8046875 0.5859375000000002 0.8046875 0.8609375 0.9703125 0.8609375
0 0.996875 0.6828125000000002 0.934375 0.6828125000000002 0.934375 0.9953125 0.996875 0.9953125
0 0.9453125 0.8015625 0.7875000000000002 0.8015625 0.7875000000000002 0.9953125 0.9453125 0.9953125
0 0.815625 0.3500000000000001 0.603125 0.3500000000000001 0.603125 0.6828125 0.815625 0.6828125000000002
0 0.83125 0.5546875000000001 0.54375 0.5546875 0.5437500000000001 0.909375 0.83125 0.909375
0 0.7468750000000002 0.7421875000000001 0.5593750000000002 0.7421875 0.5593750000000002 0.99375 0.7468750000000002 0.99375
0 0.7937500000000002 0.7312500000000002 0.7312500000000002 0.7312500000000002 0.7312500000000002 0.8390625 0.7937500000000002 0.8390625
0 0.834375 0.85 0.6656250000000001 0.85 0.6656250000000001 0.9953125 0.834375 0.9953125
0 0.6109375000000001 0.5328125 0.4640625 0.5328125 0.4640625000000001 0.7578125 0.6109375000000001 0.7578125
0 0.6625 0.2906250000000001 0.5078125 0.2906250000000001 0.5078125 0.5703125 0.6625 0.5703125
0 0.521875 0.46875 0.3906250000000001 0.46875 0.3906250000000001 0.6296875 0.521875 0.6296875
0 0.47343750000000007 0.6015625 0.415625 0.6015625 0.4156250000000001 0.73125 0.4734375000000002 0.73125
0 0.4125000000000001 0.6125 0.1625000000000001 0.6125 0.16250000000000012 0.9140625 0.4125000000000002 0.9140625
0 0.5406250000000001 0.7203125 0.2468750000000001 0.7203125 0.2468750000000001 0.9953125 0.5406250000000001 0.9953125
0 0.5953125000000001 0.88125 0.3937500000000001 0.88125 0.3937500000000001 0.9953125 0.5953125000000001 0.9953125
0 0.2578125000000001 0.88125 0.17968750000000008 0.88125 0.1796875000000001 0.9953125 0.2578125000000001 0.9953125
0 0.1250000000000001 0.8234375 1.0084200986728987e-16 0.8234375 1.1136631829746244e-16 0.9953125 0.12500000000000014 0.9953125
0 0.9703125 0.24218750000000008 0.8046875 0.24218750000000008 0.8046875 0.4890625000000002 0.9703125 0.4890625000000002
0 0.996875 0.31718750000000007 0.959375 0.31718750000000007 0.959375 0.5265625000000002 0.996875 0.5265625000000002
0 0.996875 0.08593750000000011 0.9125 0.08593750000000011 0.9125 0.3546875000000001 0.996875 0.3546875000000001
0 0.996875 1.1863765866739982e-16 0.940625 1.1519333954479792e-16 0.940625 0.08125000000000011 0.996875 0.08125000000000011
0 0.9921875 0.006250000000000115 0.8828125 0.006250000000000108 0.8828125 0.1671875000000001 0.9921875 0.16718750000000013
0 0.9265625 0.0375000000000001 0.771875 0.0375000000000001 0.771875 0.2640625000000001 0.9265625 0.2640625000000001
0 0.8015625 0.20468750000000008 0.6875 0.20468750000000008 0.6875 0.3609375000000001 0.8015625 0.3609375000000001
0 0.7125 0.1671875000000001 0.603125 0.1671875000000001 0.603125 0.3125000000000001 0.7125 0.3125000000000001
0 0.7765625 0.13437500000000008 0.6953125 0.13437500000000008 0.6953125 0.2156250000000001 0.7765625 0.2156250000000001
0 0.76875 0.01093750000000009 0.6765625 0.010937500000000083 0.6765625 0.15000000000000008 0.76875 0.15000000000000008
0 0.85625 9.969390349308921e-17 0.771875 9.452742480918633e-17 0.771875 0.11250000000000009 0.85625 0.11250000000000009
0 0.6984375 7.883663769511086e-17 0.5890625 7.213935051227377e-17 0.5890625 0.08593750000000008 0.6984375 0.08593750000000008
0 0.6796875 0.08125000000000007 0.621875 0.08125000000000007 0.621875 0.1671875000000001 0.6796875 0.1671875000000001
0 0.64375 0.12968750000000007 0.54375 0.12968750000000004 0.54375 0.2640625000000001 0.64375 0.2640625000000001
0 0.5921875 6.802530267138814e-17 0.51875 6.352855270576895e-17 0.51875 0.12343750000000006 0.5921875 0.12343750000000009
0 0.5359375 0.05937500000000007 0.4890625 0.05937500000000007 0.4890625 0.13906250000000003 0.5359375 0.13906250000000003
0 0.58125 0.11406250000000007 0.5109375 0.11406250000000004 0.5109375 0.2000000000000001 0.58125 0.2000000000000001
0 0.525 0.16093750000000004 0.478125 0.16093750000000004 0.478125 0.2312500000000001 0.525 0.2312500000000001
0 0.5515625 0.19843750000000007 0.51875 0.19843750000000004 0.51875 0.2578125000000001 0.5515625 0.2578125000000001
0 0.4890625 0.09687500000000007 0.459375 0.09687500000000007 0.459375 0.16093750000000004 0.4890625 0.16093750000000004
0 0.49375 0.017187500000000057 0.4421875 0.017187500000000057 0.4421875 0.10312500000000005 0.49375 0.10312500000000005
0 0.590625 6.515503673588653e-17 0.4734375 5.79793718971325e-17 0.4734375 0.05312500000000007 0.590625 0.05312500000000007
0 0.515625 5.86491006154162e-17 0.4421875 5.415235064979703e-17 0.4421875 0.021875000000000058 0.515625 0.02187500000000006
0 0.4515625 4.91772230282609e-17 0.3515625 4.305398903252414e-17 0.3515625 0.06406250000000005 0.4515625 0.06406250000000005
0 0.4078125 0.010937500000000048 0.3609375 0.010937500000000044 0.3609375 0.06406250000000005 0.4078125 0.06406250000000005
0 0.459375 0.07031250000000006 0.4078125 0.07031250000000004 0.4078125 0.14531250000000004 0.459375 0.14531250000000004
0 0.4125 0.07500000000000004 0.3859375 0.07500000000000004 0.3859375 0.12343750000000005 0.4125 0.12343750000000005
0 0.4671875 0.15000000000000005 0.4296875 0.15000000000000005 0.4296875 0.20468750000000008 0.4671875 0.20468750000000008
0 0.4375 0.14062500000000006 0.4046875 0.14062500000000006 0.4046875 0.2000000000000001 0.4375 0.2000000000000001
0 0.415625 0.12343750000000005 0.3859375 0.12343750000000005 0.3859375 0.19843750000000004 0.415625 0.19843750000000004
0 0.396875 0.11875000000000005 0.371875 0.11875000000000005 0.371875 0.17187500000000006 0.396875 0.17187500000000006
0 0.375 0.12343750000000005 0.3609375 0.12343750000000005 0.3609375 0.16718750000000004 0.375 0.16718750000000004
0 0.3828125 0.048437500000000036 0.309375 0.048437500000000036 0.309375 0.11250000000000004 0.3828125 0.11250000000000004
0 0.3890625 0.004687500000000044 0.3234375 0.004687500000000041 0.3234375 0.07031250000000004 0.3890625 0.07031250000000004
0 0.3609375 0.09687500000000004 0.309375 0.09687500000000004 0.309375 0.15000000000000005 0.3609375 0.15000000000000005
0 0.20625 2.430158492058029e-17 0.190625 2.3344829608746423e-17 0.190625 0.03281250000000002 0.20625 0.03281250000000002
0 0.23125 0.01718750000000003 0.209375 0.01718750000000003 0.209375 0.043750000000000025 0.23125 0.04375000000000003
0 0.2390625 2.7458877449632062e-17 0.209375 2.5641042357147705e-17 0.209375 0.015625000000000028 0.2390625 0.015625000000000028
0 0.3046875 0.015625000000000035 0.2359375 0.015625000000000028 0.2359375 0.07031250000000003 0.3046875 0.07031250000000004
0 0.29375 3.310373378945189e-17 0.246875 3.023346785395028e-17 0.246875 0.032812500000000036 0.29375 0.032812500000000036
0 0.3375 3.846156353572156e-17 0.290625 3.559129760021995e-17 0.290625 0.032812500000000036 0.3375 0.03281250000000004
0 0.309375 0.03750000000000003 0.271875 0.03750000000000003 0.271875 0.08125000000000003 0.309375 0.08125000000000004
0 0.2875 0.07031250000000003 0.26875 0.07031250000000003 0.26875 0.10781250000000005 0.2875 0.10781250000000005
0 0.3125 0.08125000000000004 0.2875 0.08125000000000004 0.2875 0.12343750000000005 0.3125 0.12343750000000005
0 0.121875 1.2437819053840305e-17 0.08125 9.950255243072244e-18 0.08125 0.04375000000000001 0.121875 0.04375000000000001
0 0.1734375 0.048437500000000015 0.1109375 0.04843750000000001 0.1109375 0.1015625 0.1734375 0.1015625
0 0.0734375 0.021875000000000006 0.010937500000000003 0.021875 0.010937500000000006 0.0640625 0.0734375 0.0640625
0 0.1359375 0.05312500000000001 0.04843750000000001 0.053125 0.04843750000000001 0.11875 0.1359375 0.11875
0 0.04375000000000001 0.0703125 8.610797806504827e-18 0.0703125 1.1576739273189821e-17 0.11875 0.04375000000000001 0.11875
0 0.11406250000000002 0.07500000000000001 0.029687500000000012 0.075 0.029687500000000016 0.1828125 0.11406250000000004 0.1828125
0 0.06250000000000003 0.1125 1.3777276490407724e-17 0.1125 1.741294667537643e-17 0.171875 0.06250000000000003 0.171875
0 0.1734375 0.09687500000000002 0.1109375 0.09687500000000002 0.1109375 0.1765625 0.1734375 0.1765625
0 0.209375 0.08125000000000002 0.165625 0.08125000000000002 0.165625 0.1296875 0.209375 0.12968750000000004
0 0.059375000000000025 0.1609375 1.9709159423777714e-17 0.1609375 2.3344829608746423e-17 0.2203125 0.059375000000000025 0.2203125
0 0.09531250000000002 0.1890625 0.03750000000000002 0.1890625 0.03750000000000002 0.2265625 0.09531250000000002 0.2265625
0 0.184375 0.16718750000000002 0.1 0.1671875 0.10000000000000002 0.246875 0.18437500000000004 0.246875
0 0.11406250000000004 0.215625 0.035937500000000025 0.215625 0.035937500000000025 0.2796875 0.11406250000000004 0.2796875
0 0.029687500000000026 0.2265625 2.7745904043182222e-17 0.2265625 2.93723880732998e-17 0.253125 0.029687500000000033 0.253125
0 0.04375000000000004 0.2421875 2.9659414666849956e-17 0.2421875 3.587832419377011e-17 0.34375 0.043750000000000046 0.34375
0 0.08906250000000003 0.246875 0.026562500000000034 0.246875 0.026562500000000034 0.3125 0.08906250000000004 0.3125
0 0.225 0.17187500000000006 0.1875 0.17187500000000006 0.18750000000000003 0.2265625 0.225 0.2265625
0 0.2171875 0.13437500000000002 0.1609375 0.134375 0.1609375 0.18750000000000003 0.2171875 0.18750000000000006
0 0.209375 0.09687500000000002 0.1796875 0.09687500000000002 0.1796875 0.1453125 0.209375 0.14531250000000004
0 0.253125 0.14062500000000006 0.209375 0.14062500000000006 0.209375 0.18906250000000005 0.253125 0.18906250000000005
0 0.3015625 0.14531250000000004 0.2578125 0.14531250000000004 0.2578125 0.209375 0.3015625 0.209375
0 0.2765625 0.11250000000000004 0.24375 0.11250000000000004 0.24375 0.15625000000000006 0.2765625 0.15625000000000006
0 0.271875 0.05312500000000002 0.225 0.05312500000000002 0.225 0.14531250000000004 0.271875 0.14531250000000004
0 0.29375 0.18281250000000004 0.228125 0.18281250000000004 0.228125 0.2734375 0.29375 0.2734375
0 0.3265625 0.18906250000000005 0.290625 0.18906250000000005 0.290625 0.2375 0.3265625 0.2375
0 0.209375 0.19843750000000002 0.15156250000000004 0.1984375 0.15156250000000004 0.2796875 0.209375 0.2796875
0 0.246875 0.2578125 0.18437500000000004 0.2578125 0.18437500000000004 0.3234375 0.246875 0.3234375
0 0.3015625 0.253125 0.246875 0.253125 0.246875 0.3390625 0.3015625 0.3390625
0 0.26875000000000004 0.3171875 0.18437500000000004 0.3171875 0.18437500000000004 0.4359375 0.2687500000000001 0.4359375
0 0.17343750000000005 0.23125 0.11406250000000004 0.23125 0.11406250000000004 0.3125 0.17343750000000005 0.3125
0 0.12968750000000004 0.26875 0.048437500000000036 0.26875 0.048437500000000036 0.3546875 0.12968750000000004 0.3546875
0 0.11406250000000004 0.3171875 0.029687500000000033 0.3171875 0.02968750000000004 0.403125 0.11406250000000004 0.403125
0 0.07343750000000006 0.34375 4.209723372069027e-17 0.34375 5.070803152719509e-17 0.484375 0.07343750000000007 0.484375
0 0.14375000000000004 0.4359375 0.059375000000000046 0.4359375 0.05937500000000005 0.5328125 0.14375000000000004 0.5328125
0 0.06250000000000007 0.4671875 0.025000000000000057 0.4671875 0.02500000000000006 0.521875 0.06250000000000007 0.521875
0 0.032812500000000064 0.49375 6.046693570790056e-17 0.49375 6.448530801760282e-17 0.559375 0.032812500000000064 0.559375
0 0.15468750000000003 0.4421875 0.12187500000000004 0.4421875 0.12187500000000004 0.46875 0.15468750000000003 0.46875
0 0.15468750000000003 0.3828125 0.11718750000000004 0.3828125 0.11718750000000004 0.43125 0.15468750000000003 0.43125
0 0.17968750000000006 0.3875 0.14687500000000003 0.3875 0.14687500000000003 0.4359375 0.17968750000000006 0.4359375
0 0.18437500000000004 0.328125 0.14687500000000003 0.328125 0.14687500000000003 0.3703125 0.18437500000000004 0.3703125
0 0.2609375 0.2953125 0.228125 0.2953125 0.228125 0.35 0.2609375 0.35
0 0.3609375 0.290625 0.33125 0.290625 0.33125 0.3390625 0.3609375 0.3390625
0 0.334375 0.3015625 0.3046875 0.3015625 0.3046875 0.35 0.334375 0.35
0 0.30625 0.2640625 0.2546875 0.2640625 0.25468750000000007 0.371875 0.3062500000000001 0.371875
0 0.3015625 0.23125 0.2796875 0.23125 0.2796875 0.26875 0.3015625 0.26875
0 0.328125 0.23125 0.2984375 0.23125 0.2984375 0.2796875 0.328125 0.2796875
0 0.3578125 0.2265625 0.328125 0.2265625 0.328125 0.26875 0.3578125 0.26875
0 0.371875 0.22031250000000005 0.3453125 0.2203125 0.3453125 0.25781250000000006 0.371875 0.2578125000000001
0 0.346875 0.2640625 0.3171875 0.2640625 0.3171875 0.2953125 0.346875 0.2953125
0 0.3671875 0.26406250000000003 0.3421875 0.2640625 0.3421875 0.30156250000000007 0.3671875 0.30156250000000007
0 0.39375 0.2593750000000001 0.3671875 0.2593750000000001 0.3671875 0.28593750000000007 0.39375 0.28593750000000007
0 0.4125 0.3828125000000001 0.37187500000000007 0.3828125000000001 0.37187500000000007 0.43125 0.4125 0.43125
0 0.415625 0.2953125000000001 0.3859375 0.2953125000000001 0.3859375 0.3390625000000001 0.415625 0.3390625000000001
0 0.1546875000000001 0.73125 0.0984375000000001 0.73125 0.0984375000000001 0.8015625 0.1546875000000001 0.8015625
0 0.0953125000000001 0.7203125 0.04062500000000009 0.7203125 0.04062500000000009 0.8234375 0.0953125000000001 0.8234375
0 0.037500000000000096 0.7203125 8.82128397510828e-17 0.7203125 9.481445140273649e-17 0.828125 0.0375000000000001 0.828125
0 0.025000000000000085 0.671875 8.22809568177128e-17 0.671875 8.524689828439779e-17 0.7203125 0.025000000000000088 0.7203125
0 0.1984375000000001 0.5546875 0.1468750000000001 0.5546875 0.1468750000000001 0.603125 0.1984375000000001 0.603125
0 0.2312500000000001 0.50625 0.18750000000000006 0.50625 0.18750000000000006 0.58125 0.2312500000000001 0.58125
0 0.2312500000000001 0.61875 0.1765625000000001 0.61875 0.1765625000000001 0.6828125 0.2312500000000001 0.6828125
0 0.30156250000000007 0.54375 0.2531250000000001 0.54375 0.2531250000000001 0.603125 0.30156250000000007 0.603125
0 0.3312500000000001 0.5 0.2609375000000001 0.5 0.2609375000000001 0.5703125 0.3312500000000001 0.5703125
0 0.1687500000000001 0.6390625 0.1140625000000001 0.6390625 0.1140625000000001 0.7046875 0.1687500000000001 0.7046875
0 0.1765625000000001 0.6828125 0.11718750000000008 0.6828125 0.11718750000000008 0.73125 0.1765625000000001 0.73125
0 0.3750000000000001 0.5109375 0.3343750000000001 0.5109375 0.3343750000000001 0.5703125 0.3750000000000001 0.5703125
0 0.3890625000000001 0.5484375 0.3531250000000001 0.5484375 0.3531250000000001 0.6125 0.3890625000000001 0.6125
0 0.3281250000000001 0.5046875 0.2718750000000001 0.5046875 0.2718750000000001 0.559375 0.3281250000000001 0.559375
0 0.16562500000000008 0.521875 6.39112548305025e-17 0.521875 7.347880794884119e-17 0.678125 0.16562500000000008 0.678125
0 0.3859375000000001 0.4671875 0.09218750000000006 0.4671875 0.09218750000000006 0.5859375 0.3859375000000001 0.5859375
0 0.19843750000000004 0.41875 0.17968750000000006 0.41875 0.17968750000000006 0.4625 0.19843750000000004 0.4625
0 0.22031250000000008 0.4515625 0.19843750000000004 0.4515625 0.19843750000000004 0.4890625 0.22031250000000008 0.4890625
0 0.24218750000000008 0.41875 0.22031250000000008 0.41875 0.22031250000000008 0.4625 0.24218750000000008 0.4625
0 0.2687500000000001 0.4140625 0.2390625000000001 0.4140625 0.2390625000000001 0.45625 0.2687500000000001 0.45625
0 0.29375000000000007 0.4140625 0.2687500000000001 0.4140625 0.2687500000000001 0.4515625 0.29375000000000007 0.4515625
0 0.2984375000000001 0.3703125 0.2718750000000001 0.3703125 0.2718750000000001 0.4140625 0.2984375000000001 0.4140625
0 0.30937500000000007 0.35 0.2796875 0.35 0.27968750000000003 0.3984375 0.30937500000000007 0.3984375
0 0.5109375 0.33906250000000004 0.309375 0.3390625 0.30937500000000007 0.4359375 0.5109375 0.4359375
0 0.5078125 0.3437500000000001 0.4296875 0.3437500000000001 0.4296875 0.4625 0.5078125 0.4625
0 0.4265625 0.3453125 0.3234375 0.3453125 0.32343750000000004 0.46875 0.4265625 0.46875
0 0.3937500000000001 0.38750000000000007 0.2828125000000001 0.3875 0.2828125000000001 0.6078125 0.3937500000000001 0.6078125
0 0.17343750000000008 0.7953125 0.12500000000000008 0.7953125 0.12500000000000008 0.8875 0.17343750000000008 0.8875
0 0.16875000000000012 0.8765625 0.1218750000000001 0.8765625 0.12187500000000011 0.9453125 0.16875000000000012 0.9453125