0 0.084375 5.1664786839028965e-18 0 0 4.496749965619187e-18 0.0734375 0.084375 0.0734375
0 0.06406250000000001 0.078125 9.567553118338697e-18 0.078125 1.9709159423777717e-17 0.24375 0.06406250000000002 0.24375
0 0.11406250000000004 0.1875 0.010937500000000022 0.1875 0.010937500000000037 0.421875 0.11406250000000004 0.421875
0 0.18750000000000006 0.25 0.09218750000000002 0.25 0.09218750000000005 0.484375 0.18750000000000006 0.484375
0 0.07187500000000005 0.328125 4.0183723097022526e-17 0.328125 4.8507494309977197e-17 0.4640625 0.07187500000000006 0.4640625
0 0.13750000000000007 0.428125 5.2430191088496056e-17 0.428125 7.060854201333958e-17 0.725 0.1375000000000001 0.725
0 0.39531250000000007 0.515625 0.19375000000000003 0.515625 0.19375000000000006 0.6875 0.39531250000000007 0.6875
0 0.4531250000000001 0.6765625 0.27812500000000007 0.6765625 0.27812500000000007 0.84375 0.45312500000000017 0.84375
0 0.5328125000000001 0.490625 0.3578125000000001 0.490625 0.3578125000000001 0.7875 0.5328125000000001 0.7875
0 0.6578125000000001 0.46875 0.5171875 0.46875 0.5171875000000001 0.75 0.6578125000000001 0.75
0 0.821875 0.3500000000000001 0.6359375 0.3500000000000001 0.6359375 0.6156250000000001 0.821875 0.6156250000000002
0 0.8359375 0.2500000000000001 0.7265625 0.2500000000000001 0.7265625 0.4421875000000002 0.8359375 0.4421875000000002
0 0.9390625 0.2765625000000001 0.8359375 0.2765625000000001 0.8359375 0.43750000000000017 0.9390625 0.43750000000000017
0 0.978125 0.20312500000000008 0.890625 0.20312500000000008 0.890625 0.37968750000000007 0.978125 0.37968750000000007
0 0.996875 0.06718750000000011 0.9015625 0.06718750000000011 0.9015625 0.2296875000000001 0.996875 0.2296875000000001
0 0.996875 1.1930738738568357e-16 0.9515625 1.1653279698136533e-16 0.9515625 0.057812500000000114 0.996875 0.057812500000000114
0 0.9046875 0.0468750000000001 0.7609375 0.04687500000000009 0.7609375 0.2453125000000001 0.9046875 0.2453125000000001
0 0.7796875 0.10468750000000009 0.6390625 0.10468750000000009 0.6390625 0.3125000000000001 0.7796875 0.3125000000000001
0 0.75 7.902798875747764e-17 0.540625 6.620746757890377e-17 0.540625 0.09375000000000008 0.75 0.09375000000000008
0 0.8546875 9.816309499415503e-17 0.7484375 9.165715887368473e-17 0.7484375 0.0671875000000001 0.8546875 0.06718750000000011
0 0.6390625 0.10937500000000007 0.5328125 0.10937500000000004 0.5328125 0.3281250000000001 0.6390625 0.3281250000000001
0 0.6390625 0.3031250000000001 0.50625 0.3031250000000001 0.50625 0.5375 0.6390625 0.5375
0 0.5671875 0.3390625000000001 0.4671875 0.3390625000000001 0.4671875 0.5046875 0.5671875 0.5046875
0 0.459375 0.15156250000000004 0.315625 0.15156250000000004 0.315625 0.35468750000000004 0.459375 0.3546875000000001
0 0.3109375 0.01093750000000003 0.1828125 0.010937500000000022 0.18281250000000002 0.2703125 0.3109375 0.2703125
0 0.19062500000000002 0.021875000000000016 0.084375 0.021875000000000012 0.084375 0.19375000000000003 0.19062500000000004 0.19375000000000003
0 0.19062500000000002 0.17187500000000003 0.121875 0.171875 0.12187500000000002 0.2765625 0.19062500000000004 0.2765625
0 0.3500000000000001 0.390625 0.14375000000000004 0.390625 0.14375000000000007 0.625 0.3500000000000001 0.625
0 0.490625 0.28125000000000006 0.31875 0.28125 0.31875000000000003 0.5 0.490625 0.5
0 0.35000000000000003 0.2609375 0.18281250000000004 0.2609375 0.18281250000000004 0.3953125 0.3500000000000001 0.3953125
0 0.48125 4.898587196589413e-17 0.31875 3.903561672282188e-17 0.31875 0.22343750000000004 0.48125 0.2234375000000001
0 0.5546875 5.95101803960667e-17 0.4171875 5.109073365192864e-17 0.4171875 0.14531250000000007 0.5546875 0.1453125000000001