0 0.98125 0.5093750000000001 0.7984375 0.5093750000000001 0.7984375000000001 0.8078125 0.98125 0.8078125
0 0.996875 0.3921875000000001 0.9234375 0.3921875000000001 0.9234375 0.6218750000000002 0.996875 0.6218750000000002
0 0.99375 0.7765625000000002 0.9546875 0.7765625000000002 0.9546875 0.8625 0.99375 0.8625
0 0.996875 0.6578125000000001 0.98125 0.6578125000000001 0.98125 0.7765625000000002 0.996875 0.7765625000000002
0 0.996875 0.8515625 0.9640625 0.8515625 0.9640625 0.9875 0.996875 0.9875
0 0.8859375 0.7640625000000002 0.8375 0.7640625000000002 0.8375 0.91875 0.8859375 0.91875
0 0.9453125 0.7953125000000002 0.8875 0.7953125000000002 0.8875 0.90625 0.9453125 0.90625
0 0.965625 0.88125 0.9140625 0.88125 0.9140625 0.99375 0.965625 0.99375
0 0.9109375 0.89375 0.8625 0.89375 0.8625 0.99375 0.9109375 0.99375
0 0.86875 0.9625 0.8296875 0.9625 0.8296875 0.99375 0.86875 0.99375
0 0.8359375 0.7828125000000001 0.7921875000000002 0.7828125000000001 0.7921875000000002 0.875 0.8359375 0.875
0 0.865625 0.8515625 0.7312500000000002 0.8515625 0.7312500000000002 0.96875 0.865625 0.96875
0 0.8375 0.91875 0.7859375000000002 0.91875 0.7859375000000002 0.99375 0.8375 0.99375
0 0.7843750000000002 0.8515625 0.6828125000000002 0.8515625 0.6828125000000002 0.99375 0.7843750000000002 0.99375
0 0.7109375000000002 0.93125 0.6703125000000002 0.93125 0.6703125000000002 0.99375 0.7109375000000002 0.99375
0 0.8140625 0.7203125000000001 0.6984375 0.7203125 0.6984375 0.8703125 0.8140625 0.8703125
0 0.85 0.6890625000000001 0.7921875 0.6890625000000001 0.7921875 0.7828125000000001 0.85 0.7828125000000001
0 0.76875 0.5468750000000001 0.6984375 0.546875 0.6984375 0.7703125000000001 0.7687500000000002 0.7703125000000002
0 0.8015625 0.5531250000000002 0.74375 0.5531250000000002 0.7437500000000001 0.7265625000000002 0.8015625 0.7265625000000002
0 0.7375 0.5156250000000001 0.7046875 0.515625 0.7046875 0.6031250000000001 0.7375 0.6031250000000001
0 0.7015625 0.440625 0.6640625 0.440625 0.6640625 0.553125 0.7015625 0.553125
0 0.7078125000000001 0.465625 0.5609375 0.465625 0.5609375000000001 0.8015625 0.7078125000000002 0.8015625
0 0.6609375000000001 0.7015625 0.509375 0.7015625 0.5093750000000001 0.99375 0.6609375000000002 0.99375
0 0.9109375 0.3046875000000001 0.753125 0.3046875000000001 0.753125 0.5093750000000001 0.9109375 0.5093750000000001
0 0.996875 0.2609375000000001 0.9234375 0.2609375000000001 0.9234375 0.42187500000000017 0.996875 0.42187500000000017
0 0.996875 0.09375000000000011 0.9296875 0.09375000000000011 0.9296875 0.2484375000000001 0.996875 0.2484375000000001
0 0.996875 1.2007279163515065e-16 0.9640625 1.1806360548029952e-16 0.9640625 0.04375000000000012 0.996875 0.04375000000000012
0 0.965625 1.1079226511036212e-16 0.84375 1.0332957367805792e-16 0.84375 0.11250000000000011 0.965625 0.11250000000000013
0 0.9328125 0.10625000000000011 0.8203125 0.1062500000000001 0.8203125 0.31718750000000007 0.9328125 0.31718750000000007
0 0.8234375 0.15000000000000008 0.6984375 0.15000000000000008 0.6984375 0.3671875000000001 0.8234375 0.3671875000000001
0 0.759375 0.24218750000000008 0.621875 0.24218750000000008 0.621875 0.5093750000000001 0.759375 0.5093750000000001
0 0.8484375 9.68236375575876e-17 0.7328125 8.974364825001696e-17 0.7328125 0.1546875000000001 0.8484375 0.1546875000000001
0 0.725 8.639500465859842e-17 0.6859375 8.400311637901375e-17 0.6859375 0.03125000000000009 0.725 0.03125000000000009
0 0.728125 0.006250000000000086 0.6765625 0.006250000000000084 0.6765625 0.09375000000000008 0.728125 0.09375000000000008
0 0.6890625 0.03125000000000008 0.6375 0.031250000000000076 0.6375 0.11093750000000009 0.6890625 0.11093750000000009
0 0.7140625 0.09375000000000008 0.6734375 0.09375000000000008 0.6734375 0.15625000000000008 0.7140625 0.15625000000000008
0 0.746875 0.08125000000000009 0.7171875 0.08125000000000009 0.7171875 0.1609375000000001 0.746875 0.1609375000000001
0 0.6671875 0.11875000000000009 0.628125 0.11875000000000009 0.628125 0.18125000000000008 0.6671875 0.18125000000000008
0 0.634375 0.06875000000000006 0.590625 0.06875000000000006 0.590625 0.1671875000000001 0.634375 0.1671875000000001
0 0.6390625 0.14843750000000008 0.5875 0.14843750000000008 0.5875 0.2484375000000001 0.6390625 0.2484375000000001
0 0.65625 0.17968750000000008 0.61875 0.17968750000000008 0.61875 0.2671875000000001 0.65625 0.2671875000000001
0 0.609375 0.1984375000000001 0.5703125 0.1984375000000001 0.5703125 0.31718750000000007 0.609375 0.31718750000000007
0 0.5765625 0.15468750000000006 0.5359375 0.15468750000000003 0.5359375 0.23593750000000008 0.5765625 0.23593750000000008
0 0.5765625 0.06250000000000007 0.5359375 0.06250000000000007 0.5359375 0.16718750000000007 0.5765625 0.1671875000000001
0 0.60625 0.012500000000000072 0.5671875 0.012500000000000072 0.5671875 0.12343750000000009 0.60625 0.12343750000000009
0 0.575 6.725989842192105e-17 0.5234375 6.410260589286927e-17 0.5234375 0.056250000000000064 0.575 0.056250000000000064
0 0.5359375 0.03750000000000006 0.496875 0.037500000000000054 0.496875 0.12343750000000005 0.5359375 0.12343750000000005
0 0.5265625 0.11250000000000004 0.478125 0.11250000000000004 0.478125 0.18593750000000003 0.5265625 0.18593750000000003
0 0.503125 0.03125000000000006 0.4484375 0.031250000000000056 0.4484375 0.12343750000000005 0.503125 0.12343750000000005
0 0.5328125 6.151936655091781e-17 0.471875 5.778802083476573e-17 0.471875 0.04375000000000006 0.5328125 0.04375000000000007
0 0.475 0.006250000000000056 0.4328125 0.006250000000000052 0.4328125 0.08125000000000006 0.475 0.08125000000000007
0 0.4359375 0.06875000000000005 0.403125 0.06875000000000005 0.403125 0.14843750000000006 0.4359375 0.14843750000000006
0 0.4703125 0.10000000000000005 0.4328125 0.10000000000000005 0.4328125 0.16718750000000004 0.4703125 0.16718750000000004
0 0.4390625 4.984695174654462e-17 0.375 4.592425496802575e-17 0.375 0.06875000000000005 0.4390625 0.06875000000000005
0 0.3875 4.5541552843292194e-17 0.35625 4.362804221962446e-17 0.35625 0.025000000000000043 0.3875 0.025000000000000043
0 0.5765625 0.16250000000000006 0.375 0.16250000000000003 0.37500000000000006 0.696875 0.5765625 0.696875
0 0.4781250000000001 0.653125 0.3078125000000001 0.653125 0.3078125000000001 0.96875 0.4781250000000002 0.96875
0 0.4718750000000001 0.6765625 0.4015625 0.6765625 0.4015625000000001 0.99375 0.47187500000000016 0.99375
0 0.38750000000000007 0.8640625 0.3468750000000001 0.8640625 0.3468750000000001 0.99375 0.38750000000000007 0.99375
0 0.37187500000000007 0.4234375 0.08593750000000004 0.4234375 0.08593750000000008 0.9453125 0.37187500000000007 0.9453125
0 0.4062500000000001 0.509375 0.12187500000000004 0.509375 0.1218750000000001 0.99375 0.40625000000000017 0.99375
0 0.246875 0.2234375 0.19531250000000006 0.2234375 0.19531250000000006 0.3234375 0.246875 0.3234375
0 0.3078125 0.2609375 0.25 0.2609375 0.25 0.3546875 0.3078125 0.3546875
0 0.25625000000000003 0.2859375 0.2015625 0.2859375 0.20156250000000003 0.390625 0.2562500000000001 0.390625
0 0.28593750000000007 0.3421875 0.234375 0.3421875 0.23437500000000006 0.428125 0.28593750000000007 0.428125
0 0.2093750000000001 0.390625 0.15156250000000004 0.390625 0.15156250000000004 0.503125 0.2093750000000001 0.503125
0 0.2796875000000001 0.3734375 0.2093750000000001 0.3734375 0.2093750000000001 0.465625 0.2796875000000001 0.465625
0 0.17031250000000006 0.490625 0.12500000000000006 0.490625 0.12500000000000006 0.565625 0.1703125000000001 0.565625
0 0.1765625 1.0811335023722727e-17 0 0 6.888638245203862e-18 0.1125 0.1765625 0.1125
0 0.14687500000000003 0.08750000000000001 0.04843750000000001 0.0875 0.04843750000000002 0.2921875 0.14687500000000003 0.2921875
0 0.10312500000000005 0.2796875 3.425184016365254e-17 0.2796875 4.755073899814333e-17 0.496875 0.10312500000000005 0.496875
0 0.05156250000000003 0.14375 1.7604297737743203e-17 0.14375 2.93723880732998e-17 0.3359375 0.051562500000000046 0.3359375
0 0.15156250000000004 0.3859375 0.10312500000000005 0.3859375 0.10312500000000005 0.471875 0.15156250000000004 0.471875
0 0.12812500000000004 0.440625 0.07968750000000005 0.440625 0.07968750000000005 0.528125 0.12812500000000004 0.528125
0 0.11250000000000007 0.503125 0.06406250000000006 0.503125 0.06406250000000006 0.596875 0.11250000000000009 0.596875
0 0.1390625000000001 0.559375 0.09062500000000007 0.559375 0.09062500000000007 0.6328125 0.1390625000000001 0.6328125
0 0.09843750000000008 0.621875 0.05468750000000007 0.621875 0.054687500000000076 0.7015625 0.0984375000000001 0.7015625
0 0.06406250000000008 0.578125 0.012500000000000072 0.578125 0.012500000000000077 0.6578125 0.06406250000000009 0.6578125
0 0.032812500000000085 0.646875 0.003125000000000079 0.646875 0.003125000000000084 0.7203125 0.03281250000000009 0.7203125
0 0.07031250000000008 0.6640625 0.018750000000000083 0.6640625 0.01875000000000009 0.7515625 0.07031250000000008 0.7515625
0 0.0609375000000001 0.7328125 0.0031250000000000904 0.7328125 0.0031250000000000956 0.8328125 0.06093750000000011 0.8328125
0 0.0890625000000001 0.7765625 0.05468750000000009 0.7765625 0.0546875000000001 0.88125 0.08906250000000011 0.88125
0 0.10312500000000009 0.7015625 0.06406250000000009 0.7015625 0.06406250000000009 0.7640625 0.10312500000000009 0.7640625
0 0.07812500000000011 0.8515625 0.0265625000000001 0.8515625 0.026562500000000107 0.95 0.07812500000000011 0.95
0 0.1281250000000001 0.8828125 0.08281250000000011 0.8828125 0.08281250000000011 0.9625 0.12812500000000013 0.9625
0 0.028125000000000105 0.825 1.0103336092965664e-16 0.825 1.0677389280065986e-16 0.91875 0.02812500000000011 0.91875
0 0.4203125 3.4347515694835924e-17 0.140625 1.7221595613009655e-17 0.14062500000000003 0.509375 0.4203125 0.509375