0 0.6140625 0.2062500000000001 0.3703125 0.2062500000000001 0.37031250000000004 0.5203125 0.6140625 0.5203125
0 0.690625 0.484375 0.571875 0.484375 0.571875 0.6296875 0.690625 0.6296875
0 0.1281250000000001 0.7265625 8.897824400054988e-17 0.7265625 1.0543443536409245e-16 0.9953125 0.12812500000000013 0.9953125
0 0.17812500000000012 0.8921875 0.11250000000000009 0.8921875 0.11250000000000011 0.9953125 0.17812500000000014 0.9953125
0 0.27031250000000007 0.6859375 0.12343750000000009 0.6859375 0.12343750000000012 0.9234375 0.27031250000000007 0.9234375
0 0.27031250000000007 0.59375 0.16562500000000008 0.59375 0.16562500000000008 0.88125 0.27031250000000007 0.88125
0 0.4093750000000001 0.65 0.2578125000000001 0.65 0.2578125000000001 0.8609375 0.40937500000000016 0.8609375
0 0.5062500000000002 0.7578125 0.27812500000000007 0.7578125 0.27812500000000007 0.9953125 0.5062500000000002 0.9953125
0 0.5328125000000001 0.7578125 0.4281250000000002 0.7578125 0.4281250000000002 0.9796875 0.5328125000000001 0.9796875
0 0.2828125000000001 0.9171875 0.15937500000000013 0.9171875 0.15937500000000013 0.9953125 0.2828125000000001 0.9953125
0 0.5796875000000001 0.840625 0.5296875000000002 0.840625 0.5296875000000002 0.959375 0.5796875000000001 0.959375
0 0.81875 0.6078125000000001 0.4828125 0.6078125 0.4828125000000001 0.9953125 0.81875 0.9953125
0 0.871875 0.840625 0.7953125000000002 0.840625 0.7953125000000002 0.96875 0.871875 0.96875
0 0.8953125 0.5562500000000001 0.721875 0.55625 0.721875 0.825 0.8953125 0.825
0 0.996875 0.6609375000000002 0.8609375 0.6609375000000002 0.8609375 0.9390625 0.996875 0.9390625
0 0.996875 0.9125 0.85 0.9125 0.85 0.9953125 0.996875 0.9953125
0 0.7265625000000001 0.5828125000000001 0.6109375 0.5828125 0.6109375000000001 0.7625000000000001 0.7265625000000002 0.7625000000000002
0 0.8 0.40312500000000007 0.6640625 0.403125 0.6640625 0.5734375 0.8 0.5734375000000002
0 0.815625 0.2015625000000001 0.6265625 0.2015625000000001 0.6265625 0.4531250000000001 0.815625 0.45312500000000017
0 0.86875 0.0937500000000001 0.6953125 0.09375000000000008 0.6953125 0.3812500000000001 0.86875 0.3812500000000001
0 0.996875 0.03593750000000011 0.8078125 0.0359375000000001 0.8078125 0.6859375000000002 0.996875 0.6859375000000002
0 0.996875 0.11875000000000013 0.9078125 0.11875000000000013 0.9078125 0.2578125000000001 0.996875 0.2578125000000001
0 0.9953125 0.26250000000000007 0.95 0.26250000000000007 0.95 0.4750000000000002 0.9953125 0.4750000000000002
0 0.93125 1.0457335558344195e-16 0.7765625 9.510147799628666e-17 0.7765625 0.1343750000000001 0.93125 0.13437500000000013
0 0.7921875 8.916959506291665e-17 0.6640625 8.132420150587893e-17 0.6640625 0.13437500000000008 0.7921875 0.13437500000000008
0 0.7015625 7.816690897682715e-17 0.575 7.041719095097281e-17 0.575 0.19531250000000008 0.7015625 0.19531250000000008
0 0.5984375 0.08750000000000006 0.4984375 0.08750000000000006 0.4984375 0.2468750000000001 0.5984375 0.2468750000000001
0 0.6375 0.2328125000000001 0.575 0.2328125000000001 0.575 0.3046875000000001 0.6375 0.3046875000000001
0 0.603125 0.4390625 0.5296875 0.4390625 0.5296875 0.5421875 0.603125 0.5421875
0 0.5906250000000001 0.5 0.4515625 0.5 0.4515625000000001 0.8046875 0.5906250000000002 0.8046875
0 0.5140625 0.540625 0.428125 0.540625 0.428125 0.65 0.5140625 0.65
0 0.45625 0.6140625 0.3828125000000001 0.6140625 0.3828125000000001 0.68125 0.45625 0.68125
0 0.440625 0.37187500000000007 0.27031250000000007 0.371875 0.27031250000000007 0.665625 0.440625 0.665625
0 0.28593750000000007 0.4640625 0.08906250000000007 0.4640625 0.08906250000000007 0.6859375 0.28593750000000007 0.6859375
0 0.1281250000000001 0.6390625 0.05468750000000009 0.6390625 0.05468750000000009 0.7171875 0.1281250000000001 0.7171875
0 0.1546875000000001 0.625 0.11562500000000009 0.625 0.11562500000000009 0.696875 0.1546875000000001 0.696875
0 0.05781250000000008 0.5421875 6.639881864127056e-17 0.5421875 7.807123344564376e-17 0.7328125 0.057812500000000086 0.7328125
0 0.11562500000000009 0.5828125 0.015625000000000073 0.5828125 0.015625000000000076 0.6796875 0.11562500000000009 0.6796875
0 0.08593750000000007 0.55625 0.020312500000000067 0.55625 0.02031250000000007 0.5875 0.08593750000000007 0.5875
0 0.09218750000000006 0.5 6.123233995736766e-17 0.5 6.659016970363734e-17 0.5875 0.09218750000000006 0.5875
0 0.27812500000000007 0.2484375 3.042481891631706e-17 0.2484375 4.649830815512607e-17 0.5109375 0.27812500000000007 0.5109375
0 0.10781250000000002 0.1140625 1.3968627552774498e-17 0.1140625 2.4397260451763677e-17 0.284375 0.10781250000000005 0.284375
0 0.2359375 0.18125000000000002 0.09218750000000002 0.18125 0.09218750000000003 0.284375 0.2359375 0.284375
0 0.3328125 0.12968750000000004 0.209375 0.12968750000000004 0.209375 0.35625 0.3328125 0.35625
0 0.4171875 0.17031250000000003 0.3125 0.17031250000000003 0.31250000000000006 0.4125 0.4171875 0.4125
0 0.4828125 4.91772230282609e-17 0.3203125 3.922696778518866e-17 0.3203125 0.14375000000000004 0.4828125 0.14375000000000004
0 0.4875 0.06250000000000006 0.390625 0.06250000000000004 0.390625 0.2171875000000001 0.4875 0.2171875000000001
0 0.3125 2.5736717888331097e-17 0.1078125 1.3203223303307403e-17 0.1078125 0.10781250000000002 0.3125 0.10781250000000005
0 0.1921875 1.1768090335556599e-17 0 0 1.1002686086089503e-17 0.17968750000000003 0.1921875 0.17968750000000006
0 0.2625 0.07656250000000002 0.1703125 0.07656250000000002 0.17031250000000003 0.2734375 0.2625 0.2734375
0 0.575 6.467665907996959e-17 0.48125 5.893612720896637e-17 0.48125 0.09218750000000006 0.575 0.09218750000000006
0 0.996875 6.104098889500089e-17 0 0 6.09453133638175e-17 0.9953125 0.996875 0.9953125