0 0.965625 0.7609375000000002 0.8671875 0.7609375000000002 0.8671875 0.890625 0.965625 0.890625
0 0.996875 0.7500000000000002 0.965625 0.7500000000000002 0.965625 0.859375 0.996875 0.859375
0 0.996875 0.84375 0.909375 0.84375 0.909375 0.8953125 0.996875 0.8953125
0 0.9015625 0.84375 0.825 0.84375 0.825 0.8953125 0.9015625 0.8953125
0 0.93125 0.7078125000000002 0.8328125 0.7078125000000002 0.8328125 0.8234375 0.93125 0.8234375
0 0.9546875 0.5625000000000002 0.8390625 0.5625000000000002 0.8390625 0.6984375000000002 0.9546875 0.6984375000000002
0 0.996875 0.6406250000000002 0.946875 0.6406250000000002 0.946875 0.7500000000000002 0.996875 0.7500000000000002
0 0.996875 0.5203125000000002 0.915625 0.5203125000000002 0.915625 0.6562500000000002 0.996875 0.6562500000000002
0 0.996875 0.4109375000000002 0.9625 0.4109375000000002 0.9625 0.5421875000000002 0.996875 0.5421875000000002
0 0.9765625 0.4109375000000002 0.878125 0.4109375000000002 0.878125 0.5109375000000002 0.9765625 0.5109375000000002
0 0.9953125 0.19375000000000014 0.9734375 0.19375000000000014 0.9734375 0.3187500000000001 0.9953125 0.3187500000000001
0 0.9953125 0.12500000000000014 0.9390625 0.12500000000000014 0.9390625 0.20312500000000008 0.9953125 0.20312500000000008
0 0.996875 0.07812500000000011 0.9546875 0.07812500000000011 0.9546875 0.14531250000000012 0.996875 0.14531250000000012
0 0.984375 0.03750000000000012 0.89375 0.03750000000000011 0.89375 0.11562500000000012 0.984375 0.11562500000000013
0 0.98125 1.1615009485663178e-16 0.915625 1.1213172254692953e-16 0.915625 0.026562500000000117 0.98125 0.02656250000000012
0 0.996875 1.2016846716633402e-16 0.965625 1.1825495654266628e-16 0.965625 0.06250000000000011 0.996875 0.06250000000000011
0 0.2328125 0.08437500000000002 0.1265625 0.08437500000000002 0.12656250000000002 0.19375000000000003 0.2328125 0.19375000000000003
0 0.2859375 0.026562500000000027 0.203125 0.026562500000000024 0.203125 0.13593750000000004 0.2859375 0.13593750000000004
0 0.29375000000000007 0.7703125 0.19531250000000008 0.7703125 0.19531250000000008 0.9015625 0.29375000000000007 0.9015625
0 0.3859375000000001 0.8078125 0.27812500000000007 0.8078125 0.27812500000000007 0.8953125 0.3859375000000001 0.8953125
0 0.46875000000000017 0.7859375 0.3859375000000001 0.7859375 0.3859375000000001 0.9015625 0.46875000000000017 0.9015625
0 0.5531250000000002 0.8234375 0.4656250000000002 0.8234375 0.4656250000000002 0.9015625 0.5531250000000002 0.9015625
0 0.6562500000000002 0.828125 0.5609375000000002 0.828125 0.5609375000000002 0.8953125 0.6562500000000002 0.8953125
0 0.7562500000000002 0.875 0.6687500000000002 0.875 0.6687500000000002 0.9015625 0.7562500000000002 0.9015625
0 0.828125 0.7718750000000001 0.7093750000000002 0.771875 0.7093750000000002 0.896875 0.828125 0.896875
0 0.8203125 0.5843750000000001 0.70625 0.584375 0.70625 0.7562500000000001 0.8203125 0.7562500000000002
0 0.7562500000000001 0.6515625 0.675 0.6515625 0.675 0.8171875 0.7562500000000002 0.8171875
0 0.8390625 0.6828125000000002 0.7328125 0.6828125000000002 0.7328125000000001 0.7859375000000002 0.8390625 0.7859375000000002
0 0.89375 0.43281250000000016 0.79375 0.43281250000000016 0.79375 0.5421875000000002 0.89375 0.5421875000000002
0 0.8890625 0.3234375000000001 0.79375 0.3234375000000001 0.79375 0.43750000000000017 0.8890625 0.43750000000000017
0 0.996875 0.2765625000000001 0.8546875 0.2765625000000001 0.8546875 0.4109375000000002 0.996875 0.4109375000000002
0 0.996875 0.2500000000000001 0.89375 0.2500000000000001 0.89375 0.39531250000000007 0.996875 0.39531250000000007
0 0.9703125 0.1515625000000001 0.8546875 0.1515625000000001 0.8546875 0.28593750000000007 0.9703125 0.28593750000000007
0 0.9234375 0.1359375000000001 0.8515625 0.1359375000000001 0.8515625 0.25468750000000007 0.9234375 0.25468750000000007
0 0.8921875 1.0199011624149052e-16 0.7734375 9.47187758715531e-17 0.7734375 0.1453125000000001 0.8921875 0.1453125000000001
0 0.89375 0.06875000000000012 0.8171875 0.06875000000000012 0.8171875 0.1468750000000001 0.89375 0.1468750000000001
0 0.875 0.1296875000000001 0.8140625 0.1296875000000001 0.8140625 0.1984375000000001 0.875 0.1984375000000001
0 0.8140625 0.10000000000000009 0.7109375 0.10000000000000009 0.7109375 0.2250000000000001 0.8140625 0.2250000000000001
0 0.8703125 0.2078125000000001 0.7625 0.2078125000000001 0.7625 0.3125000000000001 0.8703125 0.3125000000000001
0 0.8203125 0.2609375000000001 0.703125 0.2609375000000001 0.703125 0.4015625000000001 0.8203125 0.40156250000000016
0 0.8203125 0.40625000000000017 0.7375 0.40625000000000017 0.7375 0.5000000000000002 0.8203125 0.5000000000000002
0 0.8359375 0.4890625000000002 0.740625 0.4890625000000002 0.740625 0.6046875000000002 0.8359375 0.6046875000000002
0 0.74375 0.4484375000000001 0.6453125 0.4484375 0.6453125 0.5937500000000001 0.74375 0.5937500000000002
0 0.740625 0.36406250000000007 0.6484375 0.36406250000000007 0.6484375 0.4531250000000001 0.740625 0.45312500000000017
0 0.6984375 0.2812500000000001 0.6109375 0.2812500000000001 0.6109375 0.40625 0.6984375 0.40625
0 0.725 8.275933447362974e-17 0.6265625 7.673177600907635e-17 0.6265625 0.10468750000000009 0.725 0.10468750000000009
0 0.7828125 8.926527059410005e-17 0.675 8.266365894244634e-17 0.675 0.02656250000000009 0.7828125 0.0265625000000001
0 0.675 0.1296875000000001 0.603125 0.1296875000000001 0.603125 0.23437500000000008 0.675 0.23437500000000008
0 0.6328125 0.13593750000000007 0.534375 0.13593750000000004 0.534375 0.2812500000000001 0.6328125 0.2812500000000001
0 0.634375 0.2765625000000001 0.546875 0.2765625000000001 0.546875 0.34843750000000007 0.634375 0.34843750000000007
0 0.55 0.2390625000000001 0.4625 0.2390625000000001 0.4625 0.3234375000000001 0.55 0.3234375000000001
0 0.5578125 0.2921875000000001 0.4734375 0.2921875000000001 0.4734375 0.40625 0.5578125 0.40625
0 0.5921875 0.3750000000000001 0.5109375 0.3750000000000001 0.5109375 0.4796875 0.5921875 0.4796875
0 0.671875 0.40625 0.5953125 0.40625 0.5953125 0.4734375 0.671875 0.4734375
0 0.65 0.46875 0.58125 0.46875 0.58125 0.5625 0.65 0.5625
0 0.6296875 0.515625 0.5234375 0.515625 0.5234375 0.5890625 0.6296875 0.5890625
0 0.5921875 0.46875 0.496875 0.46875 0.496875 0.5203125 0.5921875 0.5203125
0 0.5265625 0.4796875 0.428125 0.4796875 0.428125 0.6296875 0.5265625 0.6296875
0 0.6140625 0.5671875 0.51875 0.5671875 0.51875 0.6875 0.6140625 0.6875
0 0.6640625000000001 0.6828125 0.5421875 0.6828125 0.5421875 0.828125 0.6640625000000002 0.828125
0 0.7140625000000002 0.765625 0.6328125000000002 0.765625 0.6328125000000002 0.8859375 0.7140625000000002 0.8859375
0 0.965625 0.7609375000000002 0.8625 0.7609375000000002 0.8625 0.8953125 0.965625 0.8953125
0 0.6984375 0.5625 0.603125 0.5625 0.603125 0.6921875 0.6984375 0.6921875
0 0.6484375 0.475 0.5921875 0.475 0.5921875 0.56875 0.6484375 0.56875
0 0.5375000000000001 0.625 0.4125 0.625 0.4125000000000001 0.796875 0.5375000000000002 0.796875
0 0.5578125000000002 0.7453125 0.48437500000000017 0.7453125 0.48437500000000017 0.828125 0.5578125000000002 0.828125
0 0.4578125 0.6046875 0.3703125000000001 0.6046875 0.3703125000000001 0.703125 0.4578125 0.703125
0 0.43125 0.4109375 0.3437500000000001 0.4109375 0.3437500000000001 0.5265625 0.43125 0.5265625
0 0.5109375 0.36406250000000007 0.4125 0.36406250000000007 0.4125 0.4796875 0.5109375 0.4796875
0 0.4203125000000001 0.6984375 0.33281250000000007 0.6984375 0.33281250000000007 0.8234375 0.4203125000000002 0.8234375
0 0.31718750000000007 0.6359375 0.2093750000000001 0.6359375 0.2093750000000001 0.7703125 0.31718750000000007 0.7703125
0 0.3625000000000001 0.5828125 0.2406250000000001 0.5828125 0.2406250000000001 0.734375 0.3625000000000001 0.734375
0 0.33281250000000007 0.7296875 0.2906250000000001 0.7296875 0.2906250000000001 0.8015625 0.33281250000000007 0.8015625
0 0.1984375000000001 0.859375 0.16406250000000008 0.859375 0.16406250000000008 0.9015625 0.1984375000000001 0.9015625
0 0.08437500000000009 0.6515625 7.979339300694473e-17 0.6515625 8.964797271883358e-17 0.8125 0.08437500000000009 0.8125
0 0.1531250000000001 0.6359375 0.07968750000000009 0.6359375 0.07968750000000009 0.734375 0.1531250000000001 0.734375
0 0.17187500000000008 0.59375 0.12656250000000008 0.59375 0.12656250000000008 0.7296875 0.17187500000000008 0.7296875
0 0.23593750000000008 0.5890625 0.1531250000000001 0.5890625 0.1531250000000001 0.7234375 0.23593750000000008 0.7234375
0 0.2671875000000001 0.4734375 0.17187500000000006 0.4734375 0.17187500000000006 0.6046875 0.2671875000000001 0.6046875
0 0.2328125000000001 0.4171875 0.15625000000000006 0.4171875 0.15625000000000006 0.5 0.2328125000000001 0.5
0 0.3281250000000001 0.390625 0.2250000000000001 0.390625 0.2250000000000001 0.5359375 0.3281250000000001 0.5359375
0 0.3937500000000001 0.4890625 0.30156250000000007 0.4890625 0.30156250000000007 0.625 0.3937500000000001 0.625
0 0.19062500000000007 0.4953125 0.10000000000000005 0.4953125 0.10000000000000006 0.6203125 0.1906250000000001 0.6203125
0 0.09531250000000005 0.453125 5.5491808086364444e-17 0.453125 6.343287717458556e-17 0.5828125 0.09531250000000006 0.5828125
0 0.08750000000000008 0.5671875 6.946043563913895e-17 0.5671875 7.462691432304183e-17 0.6515625 0.08750000000000009 0.6515625
0 0.3859375000000001 0.36406250000000007 0.3046875000000001 0.3640625 0.3046875000000001 0.4640625 0.3859375000000001 0.4640625
0 0.4046875 0.23906250000000004 0.309375 0.2390625 0.30937500000000007 0.37031250000000004 0.4046875 0.3703125000000001
0 0.4421875 0.2812500000000001 0.3859375 0.2812500000000001 0.38593750000000004 0.3703125000000001 0.4421875 0.3703125000000001
0 0.4359375 0.2453125000000001 0.4015625 0.2453125000000001 0.4015625 0.2921875000000001 0.4359375 0.2921875000000001
0 0.515625 0.18750000000000006 0.4125 0.18750000000000006 0.4125 0.2609375000000001 0.515625 0.2609375000000001
0 0.4234375 0.17656250000000004 0.3625 0.17656250000000004 0.3625 0.24531250000000004 0.4234375 0.2453125000000001
0 0.39375 0.14531250000000004 0.3203125 0.14531250000000004 0.3203125 0.22968750000000004 0.39375 0.2296875000000001
0 0.5125 0.07812500000000006 0.4171875 0.07812500000000004 0.4171875 0.20312500000000008 0.5125 0.20312500000000008
0 0.5921875 0.042187500000000065 0.4921875 0.04218750000000006 0.4921875 0.17187500000000006 0.5921875 0.17187500000000008
0 0.603125 6.706854735955427e-17 0.4921875 6.027558464553379e-17 0.4921875 0.07343750000000007 0.603125 0.07343750000000007
0 0.4703125 0.04218750000000005 0.375 0.042187500000000044 0.375 0.16718750000000004 0.4703125 0.16718750000000004
0 0.446875 0.010937500000000048 0.3359375 0.010937500000000041 0.3359375 0.09843750000000004 0.446875 0.09843750000000004
0 0.4578125 5.070803152719509e-17 0.3703125 4.5350201780925416e-17 0.3703125 0.02656250000000005 0.4578125 0.026562500000000055
0 0.3703125 3.9513994378738814e-17 0.275 3.367778697655221e-17 0.275 0.04218750000000004 0.3703125 0.042187500000000044
0 0.29375 3.032914338513367e-17 0.2015625 2.4684287045313837e-17 0.2015625 0.02031250000000003 0.29375 0.020312500000000032
0 0.2125 2.0665914735611586e-17 0.125 1.5308084989341915e-17 0.125 0.08281250000000002 0.2125 0.08281250000000002
0 0.134375 0.01562500000000001 0.0265625 0.015625000000000007 0.02656250000000001 0.1515625 0.134375 0.1515625
0 0.1296875 1.1194037148456274e-17 0.053125 6.505936120470313e-18 0.053125 0.02656250000000001 0.1296875 0.02656250000000001
0 0.0609375 3.7313457161520924e-18 0 0 1.626484030117579e-18 0.026562500000000006 0.0609375 0.02656250000000001
0 0.026562500000000006 0.0265625 3.2529680602351567e-18 0.0265625 8.036744619404505e-18 0.1046875 0.02656250000000001 0.1046875
0 0.026562500000000017 0.078125 9.567553118338697e-18 0.078125 1.4064303083957884e-17 0.1515625 0.026562500000000024 0.1515625
0 0.037500000000000026 0.1453125 1.7795648800109975e-17 0.1453125 2.4110233858213517e-17 0.2484375 0.03750000000000003 0.2484375
0 0.11093750000000002 0.125 0.023437500000000017 0.125 0.02343750000000002 0.2453125 0.11093750000000005 0.2453125
0 0.14531250000000004 0.2234375 0.034375000000000024 0.2234375 0.03437500000000003 0.375 0.14531250000000004 0.375
0 0.11562500000000005 0.3703125 0.04687500000000004 0.3703125 0.04687500000000005 0.4328125 0.11562500000000005 0.4328125
0 0.15625000000000006 0.4171875 0.08437500000000005 0.4171875 0.08437500000000006 0.5 0.15625000000000006 0.5
0 0.05000000000000006 0.3328125 4.075777628412285e-17 0.3328125 4.8794520903527353e-17 0.4640625 0.050000000000000065 0.4640625
0 0.05000000000000003 0.2390625 2.9276712542116413e-17 0.2390625 3.6356701849687046e-17 0.3546875 0.050000000000000044 0.3546875
0 0.21406250000000004 0.2859375 0.12656250000000005 0.2859375 0.12656250000000005 0.4015625 0.2140625000000001 0.4015625
0 0.24375 0.17187500000000003 0.1296875 0.171875 0.1296875 0.3078125 0.24375 0.3078125
0 0.2859375 0.16093750000000004 0.2296875 0.16093750000000004 0.2296875 0.2453125 0.2859375 0.2453125
0 0.340625 0.06250000000000003 0.271875 0.06250000000000003 0.271875 0.13593750000000004 0.340625 0.13593750000000004
0 0.3328125 0.12968750000000004 0.2453125 0.12968750000000004 0.2453125 0.21875 0.3328125 0.21875
0 0.30468750000000006 0.3234375 0.2140625 0.3234375 0.21406250000000004 0.4171875 0.3046875000000001 0.4171875
0 0.4046875 0.24531250000000004 0.3046875 0.2453125 0.30468750000000006 0.36406250000000007 0.4046875 0.36406250000000007
0 0.996875 6.104098889500089e-17 0 0 5.520478149281428e-17 0.9015625 0.996875 0.9015625