0 0.81875 0.48125000000000007 0.5703125 0.48125 0.5703125000000001 0.7875000000000001 0.81875 0.7875000000000002
0 0.996875 9.462310034036972e-17 0.5484375 6.716422289073765e-17 0.5484375 0.6125 0.996875 0.6125000000000002
0 0.61875 0.38750000000000007 0.4953125 0.38750000000000007 0.4953125 0.65625 0.61875 0.65625
0 0.4984375 0.30000000000000004 0.359375 0.3 0.35937500000000006 0.6671875 0.4984375 0.6671875
0 0.5718750000000001 0.5578125 0.3500000000000001 0.5578125 0.3500000000000001 0.8359375 0.5718750000000001 0.8359375
0 0.64375 0.721875 0.55625 0.721875 0.5562500000000001 0.83125 0.6437500000000002 0.83125
0 0.3781250000000001 0.503125 0.18125000000000005 0.503125 0.18125000000000008 0.7875 0.3781250000000001 0.7875
0 0.4625 0.19687500000000002 0.14531250000000004 0.196875 0.14531250000000004 0.5359375 0.4625 0.5359375
0 0.534375 0.19218750000000004 0.446875 0.19218750000000004 0.446875 0.4109375 0.534375 0.4109375
0 0.596875 0.2250000000000001 0.50625 0.2250000000000001 0.50625 0.4328125 0.596875 0.4328125
0 0.7015625 0.04375000000000008 0.5859375 0.04375000000000007 0.5859375 0.31718750000000007 0.7015625 0.31718750000000007
0 0.6265625 0.07031250000000007 0.528125 0.07031250000000007 0.528125 0.2843750000000001 0.6265625 0.2843750000000001
0 0.996875 9.758904180705471e-17 0.596875 7.309610582410764e-17 0.596875 0.2406250000000001 0.996875 0.2406250000000001
0 0.55625 6.305017504985202e-17 0.4734375 5.79793718971325e-17 0.4734375 0.2406250000000001 0.55625 0.2406250000000001
0 0.484375 0.01562500000000005 0.2796875 0.015625000000000035 0.2796875 0.2515625 0.484375 0.2515625000000001
0 0.22500000000000003 0.2453125 3.004211679158351e-17 0.2453125 5.644856339819831e-17 0.6765625 0.2250000000000001 0.6765625