0 0.8234375 0.8578125 0.6093750000000002 0.8578125 0.6093750000000002 0.9953125 0.8234375 0.9953125
0 0.8078125 0.5296875000000001 0.6234375 0.5296875 0.6234375000000001 0.9125 0.8078125 0.9125
0 0.9203125 0.6125000000000002 0.81875 0.6125000000000002 0.81875 0.803125 0.9203125 0.803125
0 0.8265625 0.5296875000000001 0.6953125 0.5296875 0.6953125000000001 0.7656250000000001 0.8265625 0.7656250000000002
0 0.7468750000000001 0.5078125000000001 0.18125000000000005 0.5078125 0.18125000000000008 0.9953125 0.7468750000000002 0.9953125
0 0.6125000000000002 0.8140625 0.28593750000000007 0.8140625 0.28593750000000007 0.9953125 0.6125000000000002 0.9953125
0 0.1984375000000001 0.765625 0.04375000000000009 0.765625 0.04375000000000011 0.95625 0.19843750000000013 0.95625
0 0.22031250000000008 0.6828125 8.362041425428021e-17 0.6828125 9.634525990167068e-17 0.890625 0.22031250000000008 0.890625
0 0.5359375000000001 0.4859375 0.10156250000000004 0.4859375 0.10156250000000007 0.765625 0.5359375000000002 0.765625
0 0.75 0.42656250000000007 0.5359375 0.4265625 0.5359375 0.6125 0.75 0.6125000000000002
0 0.8984375 0.3609375000000001 0.7140625 0.3609375000000001 0.7140625 0.6234375000000001 0.8984375 0.6234375000000002
0 0.996875 0.4421875000000002 0.8296875 0.4421875000000002 0.8296875 0.6562500000000002 0.996875 0.6562500000000002
0 0.996875 0.3125000000000001 0.8875 0.3125000000000001 0.8875 0.5640625000000001 0.996875 0.5640625000000001
0 0.903125 0.21875000000000008 0.7078125 0.21875000000000008 0.7078125 0.4531250000000001 0.903125 0.45312500000000017
0 0.7421875 0.2453125000000001 0.6453125 0.2453125000000001 0.6453125 0.4593750000000001 0.7421875 0.4593750000000002
0 0.6453125 0.2296875000000001 0.51875 0.2296875000000001 0.51875 0.51875 0.6453125 0.51875
0 0.4859375 0.26250000000000007 0.3703125 0.26250000000000007 0.37031250000000004 0.51875 0.4859375 0.51875
0 0.546875 0.3218750000000001 0.3703125 0.3218750000000001 0.37031250000000004 0.6234375 0.546875 0.6234375
0 0.3703125000000001 0.37187500000000007 0.2796875000000001 0.371875 0.2796875000000001 0.590625 0.3703125000000001 0.590625
0 0.29375000000000007 0.3171875 0.16250000000000003 0.3171875 0.16250000000000006 0.7046875 0.29375000000000007 0.7046875
0 0.2000000000000001 0.3765625 0.13750000000000004 0.3765625 0.13750000000000007 0.56875 0.2000000000000001 0.56875
0 0.1843750000000001 0.546875 0.05468750000000007 0.546875 0.054687500000000076 0.671875 0.1843750000000001 0.671875
0 0.10156250000000008 0.6125 7.500961644777538e-17 0.6125 8.065447278759521e-17 0.7046875 0.10156250000000008 0.7046875
0 0.13750000000000007 0.453125 5.5491808086364444e-17 0.453125 6.659016970363734e-17 0.634375 0.1375000000000001 0.634375
0 0.15937500000000004 0.35 0.021875000000000044 0.35 0.021875000000000054 0.503125 0.15937500000000004 0.503125
0 0.5578125 0.04375000000000004 0.0828125 0.04375000000000001 0.08281250000000001 0.23437500000000006 0.5578125 0.23437500000000008
0 0.5765625 5.95101803960667e-17 0.3953125 4.8411818778793805e-17 0.3953125 0.12031250000000007 0.5765625 0.12031250000000009
0 0.5078125 0.14843750000000006 0.2109375 0.14843750000000006 0.2109375 0.26875000000000004 0.5078125 0.2687500000000001
0 0.6203125 0.15312500000000007 0.471875 0.15312500000000004 0.471875 0.3656250000000001 0.6203125 0.3656250000000001
0 0.753125 7.003448882623926e-17 0.390625 4.7837765591693485e-17 0.390625 0.12500000000000006 0.753125 0.12500000000000008
0 0.796875 9.089175462421762e-17 0.6875 8.419446744138054e-17 0.6875 0.04843750000000009 0.796875 0.0484375000000001
0 0.9265625 1.0686956833184323e-16 0.81875 1.0026795668018954e-16 0.81875 0.21250000000000008 0.9265625 0.21250000000000008
0 0.9953125 1.1662847251254872e-16 0.909375 1.1136631829746244e-16 0.909375 0.2015625000000001 0.9953125 0.2015625000000001
0 0.90625 0.0484375000000001 0.7578125 0.04843750000000009 0.7578125 0.3281250000000001 0.90625 0.3281250000000001
0 0.840625 0.1312500000000001 0.615625 0.1312500000000001 0.615625 0.2734375000000001 0.840625 0.2734375000000001