0 0.5953125000000001 0.5984375 0.4015625 0.5984375 0.4015625000000001 0.8546875 0.5953125000000001 0.8546875
0 0.5765625000000002 0.85 0.4156250000000002 0.85 0.4156250000000002 0.896875 0.5765625000000002 0.896875
0 0.4093750000000001 0.69375 0.2640625000000001 0.69375 0.2640625000000001 0.896875 0.40937500000000016 0.896875
0 0.3937500000000001 0.53125 0.2171875000000001 0.53125 0.2171875000000001 0.7390625 0.3937500000000001 0.7390625
0 0.60625 0.3750000000000001 0.3859375000000001 0.3750000000000001 0.3859375000000001 0.6203125 0.60625 0.6203125
0 0.6078125 0.2921875000000001 0.4578125 0.2921875000000001 0.4578125 0.4328125 0.6078125 0.4328125
0 0.4578125 0.30156250000000007 0.325 0.3015625 0.32500000000000007 0.4484375 0.4578125 0.4484375
0 0.3281250000000001 0.365625 0.19531250000000006 0.365625 0.19531250000000006 0.521875 0.3281250000000001 0.521875
0 0.4 0.4265625 0.31718750000000007 0.4265625 0.31718750000000007 0.53125 0.4 0.53125
0 0.18281250000000004 0.35 0.09218750000000005 0.35 0.09218750000000006 0.475 0.18281250000000004 0.475
0 0.2328125 0.2296875 0.06562500000000002 0.2296875 0.06562500000000003 0.3390625 0.2328125 0.3390625
0 0.32031250000000006 0.296875 0.19843750000000004 0.296875 0.19843750000000004 0.4109375 0.3203125000000001 0.4109375
0 0.29375 0.2140625 0.15312500000000004 0.2140625 0.15312500000000004 0.3015625 0.29375 0.3015625
0 0.484375 0.17187500000000006 0.29375 0.17187500000000006 0.29375 0.30156250000000007 0.484375 0.30156250000000007
0 0.571875 0.04218750000000006 0.4390625 0.04218750000000006 0.4390625 0.19843750000000007 0.571875 0.1984375000000001
0 0.4234375 0.026562500000000044 0.3015625 0.026562500000000034 0.3015625 0.18750000000000006 0.4234375 0.18750000000000006
0 0.325 0.05156250000000003 0.240625 0.051562500000000025 0.240625 0.18750000000000006 0.325 0.18750000000000006
0 0.2859375 0.02031250000000003 0.190625 0.02031250000000002 0.190625 0.10937500000000004 0.2859375 0.10937500000000004
0 0.3546875 3.7887510348621235e-17 0.2640625 3.2338329539984796e-17 0.2640625 0.05781250000000003 0.3546875 0.057812500000000044
0 0.17187500000000003 0.1046875 0.06875000000000002 0.1046875 0.06875000000000002 0.2140625 0.17187500000000006 0.2140625
0 0.2640625000000001 0.59375 0.039062500000000076 0.59375 0.0390625000000001 0.890625 0.2640625000000001 0.890625