0 0.9140625 0.6078125000000001 0.6640625 0.6078125 0.6640625000000001 0.934375 0.9140625 0.934375
0 0.5093750000000001 0.7328125 0.24375000000000008 0.7328125 0.24375000000000008 0.99375 0.5093750000000001 0.99375
0 0.6937500000000001 0.3515625000000001 0.4234375 0.3515625000000001 0.4234375000000001 0.875 0.6937500000000002 0.875
0 0.7734375 0.09531250000000008 0.59375 0.09531250000000006 0.59375 0.4218750000000001 0.7734375 0.42187500000000017
0 0.909375 0.30937500000000007 0.7 0.30937500000000007 0.7 0.6671875 0.909375 0.6671875000000002
0 0.9765625 0.1734375000000001 0.7765625 0.17343750000000008 0.7765625 0.5546875000000002 0.9765625 0.5546875000000002
0 0.690625 0.023437500000000073 0.4765625 0.023437500000000062 0.4765625 0.3687500000000001 0.690625 0.3687500000000001
0 0.534375 4.889019643471074e-17 0.2640625 3.2338329539984796e-17 0.26406250000000003 0.4640625 0.534375 0.4640625
0 0.3890625000000001 0.39843750000000006 0.09687500000000004 0.3984375 0.09687500000000007 0.815625 0.3890625000000001 0.815625
0 0.32656250000000003 0.006250000000000026 0.1203125 0.006250000000000014 0.12031250000000002 0.4109375 0.3265625000000001 0.4109375
0 0.25781250000000006 0.2203125 0.034375000000000024 0.2203125 0.034375000000000044 0.571875 0.2578125000000001 0.571875