0 0.93125 0.7812500000000001 0.6656250000000001 0.78125 0.6656250000000001 0.9953125 0.93125 0.9953125
0 0.996875 0.9734375 0.93125 0.9734375 0.93125 0.9953125 0.996875 0.9953125
0 0.996875 0.7656250000000002 0.9859375 0.7656250000000002 0.9859375 0.896875 0.996875 0.896875
0 0.996875 0.4484375000000001 0.7125 0.4484375 0.7125000000000001 0.8578125 0.996875 0.8578125
0 0.996875 0.10937500000000011 0.8796875 0.10937500000000008 0.8796875 0.5406250000000001 0.996875 0.5406250000000001
0 0.8765625 0.0765625000000001 0.6609375 0.07656250000000009 0.6609375 0.3937500000000001 0.8765625 0.3937500000000001
0 0.803125 0.2140625000000001 0.55625 0.2140625000000001 0.55625 0.5421875 0.803125 0.5421875000000002
0 0.7203125000000001 0.4859375 0.4625 0.4859375 0.4625000000000001 0.83125 0.7203125000000001 0.83125
0 0.6734375000000001 0.803125 0.42187500000000017 0.803125 0.42187500000000017 0.9953125 0.6734375000000001 0.9953125
0 0.5281250000000001 0.6234375 0.31718750000000007 0.6234375 0.31718750000000007 0.940625 0.5281250000000002 0.940625
0 0.42187500000000017 0.8421875 0.18906250000000008 0.8421875 0.1890625000000001 0.9953125 0.42187500000000017 0.9953125
0 0.3453125000000001 0.525 0.06250000000000007 0.525 0.06250000000000008 0.95625 0.3453125000000001 0.95625
0 0.27656250000000004 0.006250000000000022 0.0875 0.006250000000000011 0.08750000000000004 0.4984375 0.2765625000000001 0.4984375
0 0.55625 0.21250000000000005 0.2546875 0.2125 0.25468750000000007 0.65625 0.55625 0.65625
0 0.603125 0.017187500000000057 0.3125 0.01718750000000004 0.3125 0.32343750000000004 0.603125 0.3234375000000001
0 0.11250000000000011 0.74375 9.10831056865844e-17 0.74375 1.0648686620710971e-16 0.9953125 0.11250000000000013 0.9953125
0 0.08437500000000006 0.4265625 5.223884002612928e-17 0.4265625 7.433988772949167e-17 0.7875 0.08437500000000009 0.7875
0 0.10937500000000004 0.26875 3.2912382727085115e-17 0.26875 4.898587196589413e-17 0.53125 0.10937500000000004 0.53125
0 0.13437500000000002 8.228095681771282e-18 0 0 1.703024455064288e-17 0.278125 0.13437500000000005 0.278125