0 0.978125 0.6578125000000001 0.8546875 0.6578125000000001 0.8546875 0.8578125 0.978125 0.8578125
0 0.996875 0.5500000000000002 0.9046875 0.5500000000000002 0.9046875 0.7671875000000001 0.996875 0.7671875000000001
0 0.996875 0.42968750000000017 0.9046875 0.42968750000000017 0.9046875 0.5593750000000002 0.996875 0.5593750000000002
0 0.9203125 0.4031250000000002 0.8109375 0.4031250000000002 0.8109375 0.5828125000000002 0.9203125 0.5828125000000002
0 0.9234375 0.34843750000000007 0.8203125 0.34843750000000007 0.8203125 0.4515625000000002 0.9234375 0.4515625000000002
0 0.825 0.43437500000000007 0.7 0.434375 0.7 0.6203125 0.825 0.6203125000000002
0 0.8828125 0.5765625000000002 0.759375 0.5765625000000002 0.759375 0.7234375000000002 0.8828125 0.7234375000000002
0 0.8359375 0.7343750000000001 0.6828125000000002 0.734375 0.6828125000000002 0.984375 0.8359375 0.984375
0 0.8515625 0.6734375000000001 0.7015625 0.6734375 0.7015625000000001 0.83125 0.8515625 0.83125
0 0.7156250000000001 0.5703125 0.5625 0.5703125 0.5625000000000001 0.7828125 0.7156250000000002 0.7828125
0 0.7015625000000002 0.771875 0.5921875000000002 0.771875 0.5921875000000002 0.9453125 0.7015625000000002 0.9453125
0 0.6500000000000001 0.8203125 0.4968750000000002 0.8203125 0.4968750000000002 0.9953125 0.6500000000000001 0.9953125
0 0.4937500000000002 0.8046875 0.3437500000000001 0.8046875 0.3437500000000001 0.99375 0.4937500000000002 0.99375
0 0.5703125000000002 0.7453125 0.4281250000000002 0.7453125 0.4281250000000002 0.8921875 0.5703125000000002 0.8921875
0 0.5546875000000001 0.5984375 0.4234375 0.5984375 0.4234375000000001 0.7984375 0.5546875000000002 0.7984375
0 0.63125 0.3921875000000001 0.5 0.3921875000000001 0.5 0.5984375 0.63125 0.5984375
0 0.71875 0.3312500000000001 0.6140625 0.3312500000000001 0.6140625 0.5328125 0.71875 0.5328125
0 0.6421875 0.2062500000000001 0.521875 0.2062500000000001 0.521875 0.3968750000000001 0.6421875 0.3968750000000001
0 0.6671875 0.2171875000000001 0.628125 0.2171875000000001 0.628125 0.3312500000000001 0.6671875 0.3312500000000001
0 0.7046875 0.2562500000000001 0.6671875 0.2562500000000001 0.6671875 0.3375000000000001 0.7046875 0.3375000000000001
0 0.7984375 0.2609375000000001 0.7046875 0.2609375000000001 0.7046875 0.4296875000000001 0.7984375 0.42968750000000017
0 0.865625 0.2718750000000001 0.8 0.2718750000000001 0.8 0.3859375000000001 0.865625 0.3859375000000001
0 0.475 0.403125 0.33281250000000007 0.403125 0.33281250000000007 0.609375 0.475 0.609375
0 0.5765625 0.478125 0.459375 0.478125 0.459375 0.6625 0.5765625 0.6625
0 0.4640625 0.5703125 0.3687500000000001 0.5703125 0.3687500000000001 0.684375 0.4640625 0.684375
0 0.4234375000000001 0.653125 0.3062500000000001 0.653125 0.3062500000000001 0.8 0.4234375000000002 0.8
0 0.37968750000000007 0.771875 0.3031250000000001 0.771875 0.3031250000000001 0.9296875 0.37968750000000007 0.9296875
0 0.3000000000000001 0.690625 0.17187500000000008 0.690625 0.1718750000000001 0.9078125 0.3000000000000001 0.9078125
0 0.37187500000000007 0.5765625 0.2671875000000001 0.5765625 0.2671875000000001 0.728125 0.37187500000000007 0.728125
0 0.3312500000000001 0.4734375 0.2375000000000001 0.4734375 0.2375000000000001 0.6140625 0.3312500000000001 0.6140625
0 0.2671875000000001 0.5328125 0.13125000000000003 0.5328125 0.13125000000000006 0.75 0.2671875000000001 0.75
0 0.1453125000000001 0.603125 0.05156250000000007 0.603125 0.05156250000000008 0.7875 0.1453125000000001 0.7875
0 0.13125000000000006 0.5109375 0.029687500000000068 0.5109375 0.02968750000000007 0.6578125 0.1312500000000001 0.6578125
0 0.12031250000000004 0.4515625 0.03593750000000005 0.4515625 0.03593750000000006 0.5375 0.12031250000000004 0.5375
0 0.22656250000000008 0.425 0.12812500000000004 0.425 0.12812500000000007 0.55 0.22656250000000008 0.55
0 0.28906250000000006 0.359375 0.2296875 0.359375 0.22968750000000004 0.434375 0.2890625000000001 0.434375
0 0.3578125000000001 0.3921875 0.2843750000000001 0.3921875 0.2843750000000001 0.4625 0.3578125000000001 0.4625
0 0.43125 0.27656250000000004 0.3171875 0.2765625 0.31718750000000007 0.41875 0.43125 0.41875
0 0.5546875 0.17968750000000006 0.434375 0.17968750000000006 0.434375 0.3421875000000001 0.5546875 0.3421875000000001
0 0.5328125 0.3375000000000001 0.4421875 0.3375000000000001 0.4421875 0.45625 0.5328125 0.45625