0 0.996875 0.5421875000000002 0.8421875 0.5421875000000002 0.8421875 0.99375 0.996875 0.99375
0 0.996875 0.14375000000000013 0.9296875 0.14375000000000013 0.9296875 0.5546875000000002 0.996875 0.5546875000000002
0 0.996875 1.116533448910126e-16 0.8265625 1.0122471199202341e-16 0.8265625 0.2328125000000001 0.996875 0.2328125000000001
0 0.865625 0.0234375000000001 0.7859375 0.023437500000000094 0.7859375 0.2328125000000001 0.865625 0.2328125000000001
0 0.9328125 0.20312500000000008 0.703125 0.20312500000000008 0.7031250000000001 0.99375 0.9328125 0.99375
0 0.85 0.9171875 0.7125000000000001 0.9171875 0.7125000000000001 0.99375 0.85 0.99375
0 0.8328125 0.0953125000000001 0.6390625 0.09531250000000009 0.6390625000000001 0.8984375 0.8328125 0.8984375
0 0.7890625 8.763878656398246e-17 0.6421875 7.864528663274409e-17 0.6421875 0.1546875000000001 0.7890625 0.1546875000000001
0 0.709375 0.053125000000000075 0.5453125 0.05312500000000007 0.5453125 0.3515625000000001 0.709375 0.3515625000000001
0 0.70625 0.22031250000000008 0.5828125 0.22031250000000008 0.5828125 0.4640625 0.70625 0.4640625
0 0.6484375 0.3625000000000001 0.475 0.3625000000000001 0.475 0.5359375 0.6484375 0.5359375
0 0.6562500000000001 0.453125 0.4859375 0.453125 0.4859375000000001 0.76875 0.6562500000000002 0.76875
0 0.6984375 0.5890625 0.3312500000000001 0.5890625 0.3312500000000001 0.99375 0.6984375000000002 0.99375
0 0.471875 0.2671875 0.28125 0.2671875 0.28125000000000006 0.5953125 0.471875 0.5953125
0 0.6390625 5.817072295949927e-17 0.3109375 3.807886141098801e-17 0.3109375 0.33906250000000004 0.6390625 0.3390625000000001
0 0.3453125 2.994644126040012e-17 0.14375 1.7604297737743203e-17 0.14375000000000002 0.3515625 0.3453125 0.3515625
0 0.1953125 1.8369701987210297e-17 0.1046875 1.2820521178573852e-17 0.1046875 0.12500000000000003 0.1953125 0.12500000000000006
0 0.14687500000000003 0.03593750000000001 0.0296875 0.0359375 0.029687500000000012 0.184375 0.14687500000000003 0.184375
0 0.04062500000000001 2.4875638107680615e-18 0 0 7.654042494670958e-18 0.125 0.04062500000000001 0.125
0 0.1109375 9.089175462421762e-18 0.0375 4.592425496802574e-18 0.037500000000000006 0.07187500000000001 0.1109375 0.07187500000000002
0 0.19687500000000005 0.1296875 1.5882138176442238e-17 0.1296875 4.869884537234397e-17 0.665625 0.19687500000000008 0.665625
0 0.3140625000000001 0.428125 0.22031250000000008 0.428125 0.22031250000000008 0.61875 0.3140625000000001 0.61875
0 0.28125000000000006 0.3625 0.2140625 0.3625 0.21406250000000004 0.446875 0.2812500000000001 0.446875
0 0.2968750000000001 0.559375 0.18750000000000008 0.559375 0.18750000000000008 0.75625 0.2968750000000001 0.75625
0 0.3375000000000001 0.7390625 0.22031250000000008 0.7390625 0.22031250000000008 0.9953125 0.3375000000000001 0.9953125
0 0.3984375000000001 0.9234375 0.3078125000000001 0.9234375 0.3078125000000001 0.99375 0.3984375000000001 0.99375
0 0.22031250000000008 0.88125 0.14062500000000008 0.88125 0.1406250000000001 0.99375 0.22031250000000008 0.99375
0 0.3781250000000001 0.7859375 0.3203125000000001 0.7859375 0.3203125000000001 0.9171875 0.3781250000000001 0.9171875
0 0.21093750000000008 0.7328125 0.11718750000000008 0.7328125 0.11718750000000008 0.89375 0.21093750000000008 0.89375
0 0.1750000000000001 0.6421875 0.08437500000000009 0.6421875 0.08437500000000009 0.7859375 0.1750000000000001 0.7859375
0 0.1765625000000001 0.6015625 0.1437500000000001 0.6015625 0.1437500000000001 0.6484375 0.1765625000000001 0.6484375
0 0.09687500000000009 0.678125 0.017187500000000085 0.678125 0.017187500000000088 0.7859375 0.09687500000000009 0.7859375
0 0.3578125000000001 0.578125 0.2984375000000001 0.578125 0.2984375000000001 0.7328125 0.3578125000000001 0.7328125
0 0.3109375000000001 0.5484375 0.2468750000000001 0.5484375 0.2468750000000001 0.6140625 0.3109375000000001 0.6140625
0 0.1437500000000001 0.809375 0.0031250000000000986 0.809375 0.0031250000000001103 0.99375 0.14375000000000013 0.99375
0 0.043750000000000115 0.9234375 1.130884778587634e-16 0.9234375 1.1739387676201583e-16 0.99375 0.04375000000000012 0.99375
0 0.006250000000000094 0.678125 8.304636106717989e-17 0.678125 9.395337162208599e-17 0.85625 0.006250000000000105 0.85625
0 0.996875 6.104098889500089e-17 0 0 6.084963783263412e-17 0.99375 0.996875 0.99375