0 0.86875 0.7046875000000001 0.6546875 0.7046875 0.6546875000000001 0.9953125 0.86875 0.9953125
0 0.996875 0.49218750000000017 0.8625 0.49218750000000017 0.8625 0.99375 0.996875 0.99375
0 0.934375 0.6828125000000002 0.81875 0.6828125000000002 0.81875 0.9953125 0.934375 0.9953125
0 0.8765625 0.3828125000000001 0.6578125 0.3828125000000001 0.6578125 0.7109375000000001 0.8765625 0.7109375000000002
0 0.996875 0.2406250000000001 0.7421875 0.2406250000000001 0.7421875 0.5078125000000002 0.996875 0.5078125000000002
0 0.996875 0.04375000000000011 0.75625 0.04375000000000009 0.75625 0.26250000000000007 0.996875 0.26250000000000007
0 0.8 0.05000000000000008 0.5484375 0.050000000000000065 0.5484375 0.4546875000000001 0.8 0.4546875000000002
0 0.6578125 0.3281250000000001 0.50625 0.3281250000000001 0.50625 0.60625 0.6578125 0.60625
0 0.6328125 0.4375 0.425 0.4375 0.425 0.6890625 0.6328125 0.6890625
0 0.6515625 0.6609375 0.4359375 0.6609375 0.4359375000000001 0.9953125 0.6515625000000002 0.9953125
0 0.6875000000000001 0.65 0.5859375 0.65 0.5859375000000001 0.8359375 0.6875000000000002 0.8359375
0 0.4546875000000001 0.590625 0.20312500000000008 0.590625 0.20312500000000008 0.9671875 0.4546875000000002 0.9671875
0 0.465625 0.33281250000000007 0.11250000000000004 0.3328125 0.11250000000000007 0.6015625 0.465625 0.6015625
0 0.5640625 0.037500000000000054 0.353125 0.03750000000000005 0.353125 0.4484375 0.5640625 0.4484375
0 0.37812500000000004 0.18593750000000003 0.21875 0.18593750000000003 0.21875000000000006 0.36562500000000003 0.3781250000000001 0.3656250000000001
0 0.403125 0.03750000000000004 0.2765625 0.03750000000000003 0.2765625 0.19687500000000005 0.403125 0.19687500000000005
0 0.284375 1.741294667537643e-17 0 0 1.4064303083957884e-17 0.2296875 0.284375 0.2296875
0 0.24375000000000005 0.16406250000000003 2.0091861548511263e-17 0.1640625 3.645237738087044e-17 0.43125 0.24375000000000008 0.43125
0 0.054687500000000014 0.071875 8.802148868871602e-18 0.071875 1.4159978615141272e-17 0.159375 0.05468750000000002 0.159375
0 0.12343750000000006 0.43125 5.281289321322961e-17 0.43125 7.060854201333958e-17 0.721875 0.12343750000000009 0.721875
0 0.24375000000000008 0.5625 0.014062500000000066 0.5625 0.014062500000000092 0.9296875 0.24375000000000008 0.9296875
0 0.36406250000000007 0.8421875 0.1750000000000001 0.8421875 0.1750000000000001 0.9953125 0.36406250000000007 0.9953125
0 0.47656250000000017 0.8359375 0.35625000000000007 0.8359375 0.35625000000000007 0.9953125 0.47656250000000017 0.9953125
0 0.17031250000000012 0.715625 8.763878656398247e-17 0.715625 1.0466903111462535e-16 0.99375 0.17031250000000014 0.99375