0 0.1421875000000001 0.809375 9.91198503059889e-17 0.809375 1.1050523851681195e-16 0.9953125 0.14218750000000013 0.9953125
0 0.1812500000000001 0.8921875 0.1281250000000001 0.8921875 0.1281250000000001 0.9953125 0.18125000000000013 0.9953125
0 0.4437500000000002 0.753125 0.18906250000000008 0.753125 0.1890625000000001 0.9953125 0.4437500000000002 0.9953125
0 0.5406250000000001 0.73125 0.3781250000000001 0.73125 0.3781250000000001 0.7890625 0.5406250000000001 0.7890625
0 0.6375000000000002 0.7328125 0.5406250000000001 0.7328125 0.5406250000000001 0.984375 0.6375000000000002 0.984375
0 0.6109375000000001 0.76875 0.5140625000000002 0.76875 0.5140625000000002 0.9953125 0.6109375000000001 0.9953125
0 0.5828125000000002 0.7625 0.4859375000000002 0.7625 0.4859375000000002 0.9953125 0.5828125000000002 0.9953125
0 0.5484375000000001 0.815625 0.4750000000000002 0.815625 0.4750000000000002 0.990625 0.5484375000000001 0.990625
0 0.5171875000000001 0.825 0.4593750000000002 0.825 0.4593750000000002 0.9953125 0.5171875000000001 0.9953125
0 0.5093750000000001 0.8 0.40937500000000016 0.8 0.40937500000000016 0.990625 0.5093750000000001 0.990625
0 0.4781250000000002 0.871875 0.42500000000000016 0.871875 0.42500000000000016 0.990625 0.4781250000000002 0.990625
0 0.9265625 0.7468750000000002 0.865625 0.7468750000000002 0.865625 0.840625 0.9265625 0.840625
0 0.984375 0.6703125000000002 0.9390625 0.6703125000000002 0.9390625 0.7375000000000002 0.984375 0.7375000000000002
0 0.996875 0.6656250000000001 0.9765625 0.6656250000000001 0.9765625 0.7265625000000002 0.996875 0.7265625000000002
0 0.9421875 0.6812500000000001 0.903125 0.6812500000000001 0.903125 0.7484375000000002 0.9421875 0.7484375000000002
0 0.9953125 0.7421875000000002 0.9421875 0.7421875000000002 0.9421875 0.7937500000000002 0.9953125 0.7937500000000002
0 0.915625 0.5203125000000002 0.8453125 0.5203125000000002 0.8453125 0.5984375000000002 0.915625 0.5984375000000002
0 0.946875 0.47968750000000016 0.88125 0.47968750000000016 0.88125 0.5468750000000002 0.946875 0.5468750000000002
0 0.9421875 0.5468750000000002 0.9109375 0.5468750000000002 0.9109375 0.5875000000000001 0.9421875 0.5875000000000001
0 0.8578125 0.5046875000000002 0.8078125 0.5046875000000002 0.8078125 0.5828125000000002 0.8578125 0.5828125000000002
0 0.9703125 0.5312500000000002 0.946875 0.5312500000000002 0.946875 0.5718750000000001 0.9703125 0.5718750000000001
0 0.996875 0.5625000000000002 0.96875 0.5625000000000002 0.96875 0.5828125000000002 0.996875 0.5828125000000002
0 0.996875 0.5093750000000001 0.96875 0.5093750000000001 0.96875 0.5671875000000002 0.996875 0.5671875000000002
0 0.3437500000000001 0.546875 0.2734375000000001 0.546875 0.2734375000000001 0.634375 0.3437500000000001 0.634375
0 0.3828125000000001 0.5515625 0.3437500000000001 0.5515625 0.3437500000000001 0.6234375 0.3828125000000001 0.6234375
0 0.4328125 0.5 0.3671875000000001 0.5 0.3671875000000001 0.5828125 0.4328125 0.5828125
0 0.4484375 0.5671875 0.3984375000000001 0.5671875 0.3984375000000001 0.6703125 0.4484375 0.6703125
0 0.421875 0.5828125 0.36406250000000007 0.5828125 0.36406250000000007 0.6703125 0.421875 0.6703125
0 0.3671875000000001 0.625 0.3359375000000001 0.625 0.3359375000000001 0.696875 0.3671875000000001 0.696875
0 0.3437500000000001 0.625 0.30156250000000007 0.625 0.30156250000000007 0.696875 0.3437500000000001 0.696875
0 0.3046875000000001 0.6296875 0.27031250000000007 0.6296875 0.27031250000000007 0.696875 0.3046875000000001 0.696875
0 0.27812500000000007 0.5765625 0.2390625000000001 0.5765625 0.2390625000000001 0.6703125 0.27812500000000007 0.6703125
0 0.19687500000000008 0.5828125 0.1703125000000001 0.5828125 0.1703125000000001 0.690625 0.19687500000000008 0.690625
0 0.2156250000000001 0.6140625 0.19687500000000008 0.6140625 0.19687500000000008 0.675 0.2156250000000001 0.675
0 0.17031250000000006 0.5359375 0.12812500000000004 0.5359375 0.12812500000000007 0.6140625 0.1703125000000001 0.6140625
0 0.1359375000000001 0.55625 0.09375000000000007 0.55625 0.09375000000000008 0.6390625 0.1359375000000001 0.6390625
0 0.08437500000000006 0.5625 0.057812500000000065 0.5625 0.057812500000000065 0.6296875 0.08437500000000006 0.6296875
0 0.09687500000000007 0.53125 0.07343750000000007 0.53125 0.07343750000000007 0.5671875 0.09687500000000007 0.5671875
0 0.06562500000000007 0.5625 0.015625000000000066 0.5625 0.015625000000000073 0.65 0.06562500000000009 0.65
0 0.015625000000000083 0.6390625 7.826258450801054e-17 0.6390625 8.266365894244634e-17 0.7109375 0.01562500000000009 0.7109375
0 0.04687500000000008 0.6703125 0.018750000000000083 0.6703125 0.018750000000000083 0.7015625 0.04687500000000009 0.7015625
0 0.08125000000000009 0.6453125 0.031250000000000076 0.6453125 0.03125000000000008 0.696875 0.08125000000000009 0.696875
0 0.10468750000000009 0.65 0.07343750000000009 0.65 0.07343750000000009 0.6953125 0.10468750000000009 0.6953125
0 0.1281250000000001 0.6390625 0.10468750000000009 0.6390625 0.10468750000000009 0.690625 0.1281250000000001 0.690625
0 0.1781250000000001 0.628125 0.1281250000000001 0.628125 0.1281250000000001 0.6859375 0.1781250000000001 0.6859375
0 0.54375 0.525 0.4828125 0.525 0.4828125 0.603125 0.54375 0.603125
0 0.6453125 0.55625 0.4859375 0.55625 0.4859375 0.634375 0.6453125 0.634375
0 0.6953125 0.546875 0.6640625 0.546875 0.6640625 0.5828125 0.6953125 0.5828125
0 0.7265625 0.5312500000000001 0.6921875 0.53125 0.6921875 0.5671875000000001 0.7265625 0.5671875000000002
0 0.6921875 0.521875 0.6609375 0.521875 0.6609375 0.5421875 0.6921875 0.5421875
0 0.6875 0.571875 0.6671875 0.571875 0.6671875 0.5984375 0.6875 0.5984375
0 0.70625 0.59375 0.6796875 0.59375 0.6796875 0.6140625 0.70625 0.6140625
0 0.71875 0.5671875 0.6953125 0.5671875 0.6953125 0.5921875 0.71875 0.5921875
0 0.75 0.5875000000000001 0.7078125 0.5875 0.7078125 0.6031250000000001 0.75 0.6031250000000001
0 0.75625 0.5671875000000001 0.721875 0.5671875 0.721875 0.5875000000000001 0.75625 0.5875000000000001
0 0.753125 0.5312500000000002 0.7328125 0.5312500000000002 0.7328125 0.5671875000000002 0.753125 0.5671875000000002
0 0.7796875 0.5421875000000002 0.7609375 0.5421875000000002 0.7609375 0.5734375000000002 0.7796875 0.5734375000000002
0 0.7875 0.5250000000000001 0.771875 0.5250000000000001 0.771875 0.5515625000000002 0.7875 0.5515625000000002
0 0.8078125 0.5625000000000002 0.7796875 0.5625000000000002 0.7796875 0.6031250000000001 0.8078125 0.6031250000000001
0 0.784375 0.5718750000000001 0.753125 0.5718750000000001 0.753125 0.6031250000000001 0.784375 0.6031250000000001
0 0.6218750000000001 0.7015625 0.590625 0.7015625 0.5906250000000001 0.753125 0.6218750000000002 0.753125
0 0.6640625000000001 0.70625 0.625 0.70625 0.6250000000000001 0.7375 0.6640625000000002 0.7375
0 0.7140625 0.690625 0.6765625 0.690625 0.6765625000000001 0.7375 0.7140625000000002 0.7375
0 0.734375 0.690625 0.71875 0.690625 0.71875 0.7171875000000001 0.734375 0.7171875000000002
0 0.753125 0.6703125000000002 0.7328125 0.6703125000000002 0.7328125 0.7109375000000002 0.753125 0.7109375000000002
0 0.76875 0.6703125000000002 0.75625 0.6703125000000002 0.75625 0.7109375000000002 0.76875 0.7109375000000002
0 0.8 0.6906250000000002 0.7765625 0.6906250000000002 0.7765625 0.7265625000000002 0.8 0.7265625000000002
0 0.81875 0.6750000000000002 0.7953125 0.6750000000000002 0.7953125 0.7015625000000002 0.81875 0.7015625000000002
0 0.6421875000000001 0.746875 0.6109375000000001 0.746875 0.6109375000000001 0.778125 0.6421875000000001 0.778125
0 0.6640625000000002 0.7375 0.6406250000000002 0.7375 0.6406250000000002 0.7734375 0.6640625000000002 0.7734375
0 0.6875000000000002 0.7421875 0.6640625000000002 0.7421875 0.6640625000000002 0.76875 0.6875000000000002 0.76875
0 0.7187500000000002 0.73125 0.6906250000000002 0.73125 0.6906250000000002 0.7734375 0.7187500000000002 0.7734375
0 0.7531250000000002 0.7265625000000001 0.7250000000000002 0.7265625 0.7250000000000002 0.784375 0.7531250000000002 0.7843750000000002
0 0.7921875000000002 0.7328125000000002 0.7609375000000002 0.7328125000000002 0.7609375000000002 0.7640625000000002 0.7921875000000002 0.7640625000000002
0 0.8265625 0.7171875000000002 0.7953125 0.7171875000000002 0.7953125000000001 0.7484375000000002 0.8265625 0.7484375000000002
0 0.8578125 0.7265625000000002 0.8265625 0.7265625000000002 0.8265625 0.7578125000000002 0.8578125 0.7578125000000002
0 0.8765625 0.7015625000000002 0.85 0.7015625000000002 0.85 0.7531250000000002 0.8765625 0.7531250000000002
0 0.6640625000000002 0.8046875 0.6328125000000002 0.8046875 0.6328125000000002 0.840625 0.6640625000000002 0.840625
0 0.7031250000000002 0.79375 0.6609375000000002 0.79375 0.6609375000000002 0.8453125 0.7031250000000002 0.8453125
0 0.7265625000000002 0.784375 0.6953125000000002 0.784375 0.6953125000000002 0.8359375 0.7265625000000002 0.8359375
0 0.7562500000000002 0.7828125000000001 0.7218750000000002 0.7828125 0.7218750000000002 0.840625 0.7562500000000002 0.840625
0 0.6328125000000002 0.7734375 0.6140625000000002 0.7734375 0.6140625000000002 0.8046875 0.6328125000000002 0.8046875
0 0.6640625000000002 0.778125 0.6406250000000002 0.778125 0.6406250000000002 0.8046875 0.6640625000000002 0.8046875
0 0.6953125000000002 0.7734375 0.6671875000000002 0.7734375 0.6671875000000002 0.8046875 0.6953125000000002 0.8046875
0 0.7218750000000002 0.76875 0.6906250000000002 0.76875 0.6906250000000002 0.7890625 0.7218750000000002 0.7890625
0 0.7796875000000002 0.7687500000000002 0.7375000000000002 0.7687500000000002 0.7375000000000002 0.7890625000000002 0.7796875000000002 0.7890625000000002
0 0.7953125000000002 0.7843750000000002 0.7640625000000002 0.7843750000000002 0.7640625000000002 0.8296875 0.7953125000000002 0.8296875
0 0.8265625 0.7781250000000002 0.7953125000000002 0.7781250000000002 0.7953125000000002 0.8296875 0.8265625 0.8296875
0 0.81875 0.7484375000000002 0.7906250000000001 0.7484375000000002 0.7906250000000001 0.7687500000000002 0.81875 0.7687500000000002
0 0.853125 0.7265625000000002 0.821875 0.7265625000000002 0.821875 0.7578125000000002 0.853125 0.7578125000000002
0 0.6921875000000002 0.840625 0.6609375000000002 0.840625 0.6609375000000002 0.896875 0.6921875000000002 0.896875
0 0.7140625000000002 0.8453125 0.6796875000000002 0.8453125 0.6796875000000002 0.9234375 0.7140625000000002 0.9234375
0 0.7296875000000002 0.88125 0.6875000000000002 0.88125 0.6875000000000002 0.9234375 0.7296875000000002 0.9234375
0 0.7343750000000002 0.928125 0.7031250000000002 0.928125 0.7031250000000002 0.953125 0.7343750000000002 0.953125
0 0.8109375 0.91875 0.7765625000000002 0.91875 0.7765625000000002 0.9390625 0.8109375 0.9390625
0 0.8578125 0.8859375 0.803125 0.8859375 0.803125 0.928125 0.8578125 0.928125
0 0.9765625 0.834375 0.9421875 0.834375 0.9421875 0.8765625 0.9765625 0.8765625
0 0.9578125 0.8046875 0.91875 0.8046875 0.91875 0.840625 0.9578125 0.840625
0 0.953125 0.8609375 0.915625 0.8609375 0.915625 0.8921875 0.953125 0.8921875
0 0.9265625 0.840625 0.884375 0.840625 0.884375 0.8859375 0.9265625 0.8859375
0 0.8921875 0.8875 0.8578125 0.8875 0.8578125 0.903125 0.8921875 0.903125
0 0.846875 0.8609375 0.815625 0.8609375 0.815625 0.8859375 0.846875 0.8859375
0 0.865625 0.8296875 0.83125 0.8296875 0.83125 0.8765625 0.865625 0.8765625
0 0.8890625 0.85625 0.8578125 0.85625 0.8578125 0.88125 0.8890625 0.88125
0 0.834375 0.8203125 0.8 0.8203125 0.8 0.8453125 0.834375 0.8453125
0 0.8109375 0.840625 0.7796875000000002 0.840625 0.7796875000000002 0.8765625 0.8109375 0.8765625
0 0.8078125 0.8703125 0.7734375000000002 0.8703125 0.7734375000000002 0.9125 0.8078125 0.9125
0 0.7687500000000002 0.8671875 0.7375000000000002 0.8671875 0.7375000000000002 0.903125 0.7687500000000002 0.903125
0 0.7796875000000002 0.840625 0.7375000000000002 0.840625 0.7375000000000002 0.8765625 0.7796875000000002 0.8765625
0 0.7343750000000002 0.840625 0.7062500000000002 0.840625 0.7062500000000002 0.865625 0.7343750000000002 0.865625
0 0.996875 0.32500000000000007 0.946875 0.32500000000000007 0.946875 0.42187500000000017 0.996875 0.42187500000000017
0 0.946875 0.3296875000000001 0.915625 0.3296875000000001 0.915625 0.38750000000000007 0.946875 0.38750000000000007
0 0.20937500000000003 0.3140625 0.15156250000000004 0.3140625 0.15156250000000004 0.4234375 0.2093750000000001 0.4234375
0 0.15000000000000005 0.3203125 0.057812500000000044 0.3203125 0.057812500000000044 0.4328125 0.15000000000000005 0.4328125
0 0.06562500000000004 0.334375 4.0949127346489623e-17 0.334375 4.6689659217492833e-17 0.428125 0.06562500000000004 0.428125
0 0.06562500000000004 0.2984375 0.023437500000000038 0.2984375 0.02343750000000004 0.340625 0.06562500000000004 0.340625
0 0.44375 0.29375000000000007 0.4171875 0.29375000000000007 0.4171875 0.4328125 0.44375 0.4328125
0 0.425 0.3203125000000001 0.396875 0.3203125000000001 0.39687500000000003 0.4390625 0.425 0.4390625
0 0.6140625 0.2890625000000001 0.5796875 0.2890625000000001 0.5796875 0.3609375000000001 0.6140625 0.3609375000000001
0 0.61875 0.2734375000000001 0.5953125 0.2734375000000001 0.5953125 0.3656250000000001 0.61875 0.3656250000000001
0 0.621875 0.3609375000000001 0.590625 0.3609375000000001 0.590625 0.4125 0.621875 0.4125
0 0.603125 0.3140625000000001 0.575 0.3140625000000001 0.575 0.3812500000000001 0.603125 0.3812500000000001
0 0.5828125 0.26250000000000007 0.5515625 0.26250000000000007 0.5515625 0.3296875000000001 0.5828125 0.3296875000000001
0 0.55625 0.29375000000000007 0.540625 0.29375000000000007 0.540625 0.32500000000000007 0.55625 0.32500000000000007
0 0.571875 0.32500000000000007 0.540625 0.32500000000000007 0.540625 0.428125 0.571875 0.428125
0 0.5484375 0.34062500000000007 0.4984375 0.34062500000000007 0.4984375 0.4125 0.5484375 0.4125
0 0.5515625 0.3812500000000001 0.5140625 0.3812500000000001 0.5140625 0.4234375 0.5515625 0.4234375
0 0.540625 0.26250000000000007 0.509375 0.26250000000000007 0.509375 0.34062500000000007 0.540625 0.34062500000000007
0 0.525 0.2828125000000001 0.4515625 0.2828125000000001 0.4515625 0.3453125000000001 0.525 0.3453125000000001
0 0.4875 0.34062500000000007 0.4640625 0.34062500000000007 0.4640625 0.3859375000000001 0.4875 0.3859375000000001
0 0.503125 0.3609375000000001 0.4796875 0.3609375000000001 0.4796875 0.4125 0.503125 0.4125
0 0.734375 0.34062500000000007 0.684375 0.34062500000000007 0.684375 0.4078125000000001 0.734375 0.4078125000000002
0 0.6796875 0.3000000000000001 0.6375 0.3000000000000001 0.6375 0.3359375000000001 0.6796875 0.3359375000000001
0 0.6609375 0.3296875000000001 0.6453125 0.3296875000000001 0.6453125 0.3500000000000001 0.6609375 0.3500000000000001
0 0.6984375 0.34062500000000007 0.6375 0.34062500000000007 0.6375 0.428125 0.6984375 0.428125
0 0.7109375 0.3453125000000001 0.6953125 0.3453125000000001 0.6953125 0.3859375000000001 0.7109375 0.3859375000000001
0 0.7109375 0.3859375000000001 0.690625 0.3859375000000001 0.690625 0.4125 0.7109375 0.4125
0 0.7578125 0.38750000000000007 0.7078125 0.38750000000000007 0.7078125 0.4328125000000001 0.7578125 0.43281250000000016
0 0.7078125 0.30937500000000007 0.6765625 0.30937500000000007 0.6765625 0.34062500000000007 0.7078125 0.34062500000000007
0 0.7140625 0.3046875000000001 0.6984375 0.3046875000000001 0.6984375 0.3359375000000001 0.7140625 0.3359375000000001
0 0.7875 0.32500000000000007 0.71875 0.32500000000000007 0.71875 0.4218750000000001 0.7875 0.42187500000000017
0 0.75625 0.3203125000000001 0.71875 0.3203125000000001 0.71875 0.3453125000000001 0.75625 0.3453125000000001
0 0.784375 0.3046875000000001 0.7453125 0.3046875000000001 0.7453125 0.3609375000000001 0.784375 0.3609375000000001
0 0.95 0.3187500000000001 0.7984375 0.3187500000000001 0.7984375 0.4281250000000002 0.95 0.4281250000000002
0 0.05781250000000001 0.015625000000000003 1.9135106236677394e-18 0.015625 8.51512227532144e-18 0.1234375 0.057812500000000024 0.1234375
0 0.01562500000000002 0.11875 1.4542680739874818e-17 0.11875 1.865672858076046e-17 0.1859375 0.01562500000000002 0.1859375
0 0.08125000000000002 0.1078125 0.02343750000000001 0.1078125 0.023437500000000014 0.1390625 0.08125000000000002 0.1390625
0 0.15937500000000002 0.1078125 0.09375000000000003 0.1078125 0.09375000000000003 0.190625 0.15937500000000004 0.190625
0 0.228125 0.11406250000000002 0.1578125 0.1140625 0.15781250000000002 0.19687500000000002 0.228125 0.19687500000000005
0 0.3046875 0.11875000000000005 0.23125 0.11875000000000005 0.23125 0.2015625 0.3046875 0.2015625
0 0.3671875 0.13437500000000005 0.3125 0.13437500000000005 0.3125 0.15937500000000004 0.3671875 0.15937500000000004
0 0.425 0.13906250000000003 0.3625 0.13906250000000003 0.3625 0.21718750000000003 0.425 0.2171875000000001
0 0.4796875 0.15000000000000005 0.421875 0.15000000000000005 0.421875 0.21093750000000008 0.4796875 0.21093750000000008
0 0.528125 0.15468750000000003 0.475 0.15468750000000003 0.475 0.2171875000000001 0.528125 0.2171875000000001
0 0.5796875 0.15000000000000008 0.525 0.15000000000000005 0.525 0.18593750000000006 0.5796875 0.1859375000000001
0 0.625 0.1546875000000001 0.5828125 0.1546875000000001 0.5828125 0.1859375000000001 0.625 0.1859375000000001
0 0.671875 0.1703125000000001 0.6328125 0.1703125000000001 0.6328125 0.22656250000000008 0.671875 0.22656250000000008
0 0.7140625 0.1750000000000001 0.6765625 0.1750000000000001 0.6765625 0.2328125000000001 0.7140625 0.2328125000000001
0 0.75625 0.1750000000000001 0.7140625 0.1750000000000001 0.7140625 0.2375000000000001 0.75625 0.2375000000000001
0 0.7953125 0.18125000000000008 0.7609375 0.18125000000000008 0.7609375 0.24218750000000008 0.7953125 0.24218750000000008
0 0.8296875 0.1859375000000001 0.7953125 0.1859375000000001 0.7953125 0.2468750000000001 0.8296875 0.2468750000000001
0 0.865625 0.1859375000000001 0.83125 0.1859375000000001 0.83125 0.2468750000000001 0.865625 0.2468750000000001
0 0.9 0.19687500000000008 0.86875 0.19687500000000008 0.86875 0.2171875000000001 0.9 0.2171875000000001
0 0.9390625 0.2015625000000001 0.9046875 0.2015625000000001 0.9046875 0.2578125000000001 0.9390625 0.2578125000000001
0 0.965625 0.21093750000000008 0.9421875 0.21093750000000008 0.9421875 0.2578125000000001 0.965625 0.2578125000000001
0 0.996875 0.21093750000000008 0.965625 0.21093750000000008 0.965625 0.2578125000000001 0.996875 0.2578125000000001
0 0.1359375 0.02031250000000001 0.0546875 0.020312500000000004 0.054687500000000014 0.1234375 0.1359375 0.1234375
0 0.209375 0.031250000000000014 0.1359375 0.031250000000000014 0.1359375 0.12812500000000002 0.209375 0.12812500000000004
0 0.278125 0.04062500000000003 0.2078125 0.04062500000000002 0.2078125 0.13437500000000005 0.278125 0.13437500000000005
0 0.340625 0.04218750000000004 0.275 0.04218750000000003 0.275 0.14531250000000004 0.340625 0.14531250000000004
0 0.3984375 0.05625000000000004 0.340625 0.05625000000000004 0.340625 0.15468750000000003 0.3984375 0.15468750000000003
0 0.4640625 0.07187500000000005 0.3984375 0.07187500000000005 0.3984375 0.16562500000000005 0.4640625 0.16562500000000005
0 0.509375 0.08281250000000007 0.4640625 0.08281250000000007 0.4640625 0.15937500000000004 0.509375 0.15937500000000004
0 0.5640625 0.07812500000000007 0.509375 0.07812500000000007 0.509375 0.16562500000000008 0.5640625 0.16562500000000008
0 0.6140625 0.09218750000000006 0.5671875 0.09218750000000006 0.5671875 0.1703125000000001 0.6140625 0.1703125000000001
0 0.65625 0.10312500000000009 0.6140625 0.10312500000000009 0.6140625 0.17968750000000008 0.65625 0.17968750000000008
0 0.6953125 0.1140625000000001 0.6609375 0.1140625000000001 0.6609375 0.1750000000000001 0.6953125 0.1750000000000001
0 0.7375 0.11875000000000009 0.703125 0.11875000000000009 0.703125 0.1859375000000001 0.7375 0.1859375000000001
0 0.7765625 0.11875000000000009 0.7421875 0.11875000000000009 0.7421875 0.1859375000000001 0.7765625 0.1859375000000001
0 0.821875 0.1296875000000001 0.784375 0.1296875000000001 0.784375 0.1906250000000001 0.821875 0.1906250000000001
0 0.8421875 0.1281250000000001 0.8140625 0.1281250000000001 0.8140625 0.1859375000000001 0.8421875 0.1859375000000001
0 0.8796875 0.1437500000000001 0.8421875 0.1437500000000001 0.8421875 0.2062500000000001 0.8796875 0.2062500000000001
0 0.915625 0.1500000000000001 0.884375 0.15000000000000008 0.884375 0.1953125000000001 0.915625 0.19531250000000014
0 0.946875 0.15937500000000013 0.915625 0.15937500000000013 0.915625 0.2062500000000001 0.946875 0.2062500000000001
0 0.9765625 0.16093750000000012 0.95 0.16093750000000012 0.95 0.21250000000000008 0.9765625 0.21250000000000008
0 0.996875 0.15937500000000013 0.98125 0.15937500000000013 0.98125 0.2171875000000001 0.996875 0.2171875000000001
0 0.01875 1.1481063742006436e-18 0 0 9.567553118338697e-19 0.015625 0.01875 0.015625
0 0.084375 6.792962714020475e-18 0.0265625 3.2529680602351567e-18 0.0265625 0.025000000000000005 0.084375 0.025000000000000012
0 0.1734375 1.5977813707625624e-17 0.0875 1.071565949253934e-17 0.0875 0.040625000000000015 0.1734375 0.04062500000000002
0 0.246875 2.5736717888331097e-17 0.1734375 2.1239967922711906e-17 0.1734375 0.051562500000000025 0.246875 0.051562500000000025
0 0.309375 3.386913803891899e-17 0.24375 2.985076572921674e-17 0.24375 0.07187500000000004 0.309375 0.07187500000000005
0 0.3703125 4.1618856064773335e-17 0.309375 3.788751034862124e-17 0.309375 0.07187500000000005 0.3703125 0.07187500000000005
0 0.4359375 4.965560068417785e-17 0.375 4.592425496802575e-17 0.375 0.08281250000000004 0.4359375 0.08281250000000004
0 0.4859375 0.010937500000000055 0.4328125 0.010937500000000053 0.4328125 0.10312500000000005 0.4859375 0.10312500000000005
0 0.5171875 5.884045167778298e-17 0.44375 5.43437017121638e-17 0.44375 0.02031250000000006 0.5171875 0.02031250000000006
0 0.5796875 6.745124948428782e-17 0.521875 6.39112548305025e-17 0.521875 0.02031250000000007 0.5796875 0.020312500000000074
0 0.625 7.376583454239135e-17 0.5796875 7.099124413807313e-17 0.5796875 0.03125000000000007 0.625 0.031250000000000076
0 0.5484375 0.020312500000000063 0.4859375 0.02031250000000006 0.4859375 0.08750000000000006 0.5484375 0.08750000000000006
0 0.5953125 0.026562500000000072 0.5453125 0.026562500000000065 0.5453125 0.08750000000000006 0.5953125 0.08750000000000006
0 0.6453125 0.020312500000000074 0.5953125 0.020312500000000074 0.5953125 0.10312500000000009 0.6453125 0.10312500000000009
0 0.6796875 0.06250000000000008 0.6484375 0.06250000000000008 0.6484375 0.1140625000000001 0.6796875 0.1140625000000001
0 0.71875 0.042187500000000086 0.684375 0.042187500000000086 0.684375 0.12500000000000008 0.71875 0.12500000000000008
0 0.7609375 0.05156250000000009 0.71875 0.05156250000000009 0.71875 0.1281250000000001 0.7609375 0.1281250000000001
0 0.803125 0.06250000000000008 0.7640625 0.06250000000000008 0.7640625 0.13437500000000008 0.803125 0.13437500000000008
0 0.853125 0.0718750000000001 0.7953125 0.07187500000000009 0.7953125 0.15000000000000008 0.853125 0.15000000000000008
0 0.9 0.09375000000000011 0.8578125 0.09375000000000011 0.8578125 0.1609375000000001 0.9 0.1609375000000001
0 0.9390625 0.09375000000000011 0.9046875 0.09375000000000011 0.9046875 0.16093750000000012 0.9390625 0.16093750000000012
0 0.965625 0.11875000000000013 0.9453125 0.11875000000000013 0.9453125 0.15937500000000013 0.965625 0.15937500000000013
0 0.996875 0.10312500000000013 0.9734375 0.10312500000000013 0.9734375 0.15468750000000014 0.996875 0.15468750000000014
0 0.9953125 0.05625000000000011 0.9578125 0.05625000000000011 0.9578125 0.12343750000000013 0.9953125 0.12343750000000013
0 0.9578125 0.06093750000000011 0.9265625 0.06093750000000011 0.9265625 0.11875000000000013 0.9578125 0.11875000000000013
0 0.9234375 0.03593750000000011 0.8890625 0.03593750000000011 0.8890625 0.1031250000000001 0.9234375 0.10312500000000013
0 0.8921875 0.031250000000000104 0.834375 0.0312500000000001 0.834375 0.10781250000000009 0.8921875 0.10781250000000009
0 0.8296875 0.004687500000000099 0.7875 0.004687500000000096 0.7875 0.0718750000000001 0.8296875 0.0718750000000001
0 0.7828125 9.280526524788535e-17 0.7328125 8.974364825001696e-17 0.7328125 0.05625000000000009 0.7828125 0.05625000000000009
0 0.7375 8.725608443924891e-17 0.6875 8.419446744138054e-17 0.6875 0.05156250000000009 0.7375 0.05156250000000009
0 0.6921875 8.122852597469554e-17 0.634375 7.768853132091022e-17 0.634375 0.07187500000000008 0.6921875 0.07187500000000009
0 0.859375 1.0246849389740744e-16 0.8140625 9.969390349308921e-17 0.8140625 0.0562500000000001 0.859375 0.05625000000000011
0 0.8875 1.0706091939421002e-16 0.8609375 1.0543443536409245e-16 0.8609375 0.03593750000000011 0.8875 0.03593750000000011
0 0.9265625 1.1136631829746244e-16 0.8921875 1.0926145661142792e-16 0.8921875 0.03593750000000011 0.9265625 0.03593750000000011
0 0.9765625 0.010937500000000117 0.9234375 0.010937500000000114 0.9234375 0.0718750000000001 0.9765625 0.0718750000000001
0 0.996875 1.1949873844805032e-16 0.9546875 1.1691549910609887e-16 0.9546875 0.031250000000000125 0.996875 0.031250000000000125