0 0.996875 0.4703125000000002 0.796875 0.4703125000000002 0.7968750000000001 0.896875 0.996875 0.896875
0 0.9859375 0.7984375000000001 0.6437500000000002 0.7984375 0.6437500000000002 0.9953125 0.9859375 0.9953125
0 0.8078125 0.6062500000000001 0.4796875 0.60625 0.4796875000000001 0.9734375 0.8078125 0.9734375
0 0.5921875000000002 0.7484375 0.1750000000000001 0.7484375 0.1750000000000001 0.9953125 0.5921875000000002 0.9953125
0 0.6078125000000002 0.890625 0.3203125000000001 0.890625 0.3203125000000001 0.9953125 0.6078125000000002 0.9953125
0 0.1812500000000001 0.759375 9.299661631025214e-17 0.759375 1.0734794598776019e-16 0.99375 0.18125000000000013 0.99375
0 0.25468750000000007 0.26875 3.2912382727085115e-17 0.26875 7.271340369937409e-17 0.91875 0.25468750000000007 0.91875
0 0.5093750000000001 0.4203125 0.2000000000000001 0.4203125 0.2000000000000001 0.8640625 0.5093750000000001 0.8640625
0 0.7859375 0.26250000000000007 0.4515625 0.26250000000000007 0.4515625 0.6718750000000001 0.7859375 0.6718750000000002
0 0.9890625 0.3234375000000001 0.6875 0.3234375000000001 0.6875 0.6406250000000001 0.9890625 0.6406250000000002
0 0.996875 0.2796875000000001 0.8796875 0.2796875000000001 0.8796875 0.5093750000000001 0.996875 0.5093750000000001
0 0.9015625 0.0718750000000001 0.6765625 0.07187500000000009 0.6765625 0.4000000000000001 0.9015625 0.4000000000000002
0 0.996875 0.021875000000000113 0.8578125 0.021875000000000106 0.8578125 0.3109375000000001 0.996875 0.3109375000000001
0 0.8515625 9.270958971670199e-17 0.6625 8.113285044351215e-17 0.6625 0.2078125000000001 0.8515625 0.2078125000000001
0 0.665625 0.11562500000000006 0.4578125 0.11562500000000005 0.4578125 0.2796875000000001 0.665625 0.2796875000000001
0 0.490625 0.290625 0.225 0.290625 0.22500000000000003 0.5203125 0.490625 0.5203125
0 0.4765625 0.07656250000000005 0.2 0.07656250000000002 0.20000000000000004 0.3765625 0.4765625 0.3765625000000001
0 0.23593750000000005 0.16250000000000003 1.990051048614449e-17 0.1625 3.635670184968705e-17 0.43125 0.23593750000000008 0.43125
0 0.2515625 0.010937500000000017 0.021875 0.010937500000000003 0.021875000000000012 0.234375 0.2515625 0.234375
0 0.45 3.750480822388769e-17 0.1625 1.990051048614449e-17 0.16250000000000003 0.20156250000000003 0.45 0.2015625000000001
0 0.6515625 6.620746757890379e-17 0.4296875 5.262154215086284e-17 0.4296875 0.15312500000000007 0.6515625 0.1531250000000001
0 0.046875000000000014 2.87026593550161e-18 0 0 1.2342143522656918e-17 0.2015625 0.04687500000000002 0.2015625
0 0.996875 6.104098889500089e-17 0 0 6.09453133638175e-17 0.9953125 0.996875 0.9953125