0 0.9953125 0.5406250000000001 0.79375 0.5406250000000001 0.7937500000000001 0.7687500000000002 0.9953125 0.7687500000000002
0 0.7984375000000001 0.6609375000000001 0.5109375 0.6609375 0.5109375 0.8375 0.7984375000000001 0.8375
0 0.8140625 0.4281250000000001 0.515625 0.428125 0.515625 0.6640625000000001 0.8140625 0.6640625000000002
0 0.9953125 0.41718750000000016 0.7828125 0.41718750000000016 0.7828125 0.5484375000000001 0.9953125 0.5484375000000001
0 0.8859375 0.30156250000000007 0.6703125 0.30156250000000007 0.6703125 0.4593750000000001 0.8859375 0.4593750000000002
0 0.6640625 0.3671875000000001 0.515625 0.3671875000000001 0.515625 0.45625 0.6640625 0.45625
0 0.7015625 0.27031250000000007 0.5671875 0.27031250000000007 0.5671875 0.3703125000000001 0.7015625 0.3703125000000001
0 0.690625 0.24375000000000008 0.578125 0.24375000000000008 0.578125 0.28593750000000007 0.690625 0.28593750000000007
0 0.8921875 0.13906250000000006 0.5109375 0.13906250000000003 0.5109375 0.27812500000000007 0.8921875 0.27812500000000007
0 0.5046875 0.4328125 0.3453125000000001 0.4328125 0.3453125000000001 0.559375 0.5046875 0.559375
0 0.5421875 0.5640625 0.2843750000000001 0.5640625 0.2843750000000001 0.740625 0.5421875000000002 0.740625
0 0.3515625000000001 0.459375 0.16093750000000004 0.459375 0.16093750000000007 0.609375 0.3515625000000001 0.609375
0 0.2843750000000001 0.5640625 0.07812500000000007 0.5640625 0.07812500000000008 0.7484375 0.2843750000000001 0.7484375
0 0.70625 0.19375000000000003 2.3727531733479968e-17 0.19375 5.702261658529863e-17 0.7375 0.7062500000000002 0.7375
0 0.5671875 0.27812500000000007 0.453125 0.27812500000000007 0.453125 0.3890625000000001 0.5671875 0.3890625000000001
0 0.4484375 0.32812500000000006 0.3453125 0.328125 0.3453125 0.409375 0.4484375 0.409375
0 0.4125 0.22031250000000005 0.3140625 0.2203125 0.3140625 0.29375000000000007 0.4125 0.29375000000000007
0 0.5359375 0.22031250000000008 0.4171875 0.22031250000000008 0.4171875 0.26250000000000007 0.5359375 0.26250000000000007
0 0.4328125 0.17031250000000003 0.2984375 0.17031250000000003 0.2984375 0.22343750000000004 0.4328125 0.2234375000000001
0 0.3296875 0.246875 0.20625 0.246875 0.20625 0.34375 0.3296875 0.34375
0 0.24218750000000006 0.278125 0.10312500000000005 0.278125 0.10312500000000005 0.378125 0.24218750000000008 0.378125
0 0.19062500000000004 0.240625 0.10312500000000005 0.240625 0.10312500000000005 0.2828125 0.19062500000000004 0.2828125
0 0.12812500000000004 0.246875 3.023346785395028e-17 0.246875 4.1810207127140106e-17 0.4359375 0.12812500000000004 0.4359375
0 0.031250000000000035 0.228125 2.7937255105548996e-17 0.228125 2.9085361479749636e-17 0.246875 0.031250000000000035 0.246875
0 0.53125 0.34375000000000006 0.12812500000000004 0.34375 0.12812500000000004 0.525 0.53125 0.525
4 0.45312500000000017 0.7328125 8.974364825001696e-17 0.7328125 1.0581713748882599e-16 0.9953125 0.45312500000000017 0.9953125
4 0.5421875000000002 0.7921875 0.4031250000000002 0.7921875 0.4031250000000002 0.996875 0.5421875000000002 0.996875
4 0.9953125 0.86875 0.5265625000000002 0.86875 0.5265625000000002 0.996875 0.9953125 0.996875
4 0.9953125 0.7765625000000002 0.7828125000000001 0.7765625000000002 0.7828125000000001 0.8875 0.9953125 0.8875
4 0.85625 0.7218750000000002 0.79375 0.7218750000000002 0.7937500000000001 0.7843750000000002 0.85625 0.7843750000000002
4 0.79375 0.6531250000000002 0.7375 0.6531250000000002 0.7375 0.7031250000000002 0.79375 0.7031250000000002
4 0.9953125 6.09453133638175e-17 0 0 8.515122275321445e-18 0.13906250000000006 0.9953125 0.13906250000000014
4 0.06718750000000005 0.4203125 5.147343577666219e-17 0.4203125 5.931882933369991e-17 0.5484375 0.06718750000000007 0.5484375