0 0.8109375 0.40312500000000007 0.6890625 0.403125 0.6890625 0.5640625000000001 0.8109375 0.5640625000000001
0 0.9671875 0.3812500000000001 0.8625 0.3812500000000001 0.8625 0.5328125000000001 0.9671875 0.5328125000000001
0 0.9328125 0.6140625000000002 0.8265625 0.6140625000000002 0.8265625 0.7375000000000002 0.9328125 0.7375000000000002
0 0.9890625 0.6937500000000002 0.884375 0.6937500000000002 0.884375 0.88125 0.9890625 0.88125
0 0.996875 0.7859375000000002 0.959375 0.7859375000000002 0.959375 0.9578125 0.996875 0.9578125
0 0.875 0.80625 0.7937500000000002 0.80625 0.7937500000000002 0.8984375 0.875 0.8984375
0 0.8296875 0.7046875000000001 0.740625 0.7046875000000001 0.7406250000000001 0.7906250000000001 0.8296875 0.7906250000000001
0 0.8 0.6125000000000002 0.7515625 0.6125000000000002 0.7515625 0.6781250000000002 0.8 0.6781250000000002
0 0.8453125 0.5000000000000002 0.79375 0.5000000000000002 0.79375 0.5968750000000002 0.8453125 0.5968750000000002
0 0.7703125 0.2968750000000001 0.65625 0.2968750000000001 0.65625 0.4203125000000001 0.7703125 0.4203125000000002
0 0.721875 0.43125 0.6109375 0.43125 0.6109375 0.5171875 0.721875 0.5171875
0 0.9375 0.08125000000000011 0.85625 0.08125000000000011 0.85625 0.22031250000000008 0.9375 0.22031250000000008
0 0.996875 0.004687500000000118 0.9328125 0.0046875000000001135 0.9328125 0.15625000000000014 0.996875 0.15625000000000014
0 0.9515625 1.094528076737947e-16 0.8359375 1.0237281836622405e-16 0.8359375 0.09062500000000011 0.9515625 0.09062500000000011
0 0.6375 7.491394091659199e-17 0.5859375 7.175664838754022e-17 0.5859375 0.037500000000000075 0.6375 0.037500000000000075
0 0.6875 8.017609513167828e-17 0.621875 7.615772282197602e-17 0.621875 0.06406250000000008 0.6875 0.06406250000000009
0 0.7453125 8.81171642198994e-17 0.69375 8.495987169084762e-17 0.69375 0.03750000000000009 0.7453125 0.03750000000000009
0 0.8046875 9.491012693391987e-17 0.7453125 9.127445674895118e-17 0.7453125 0.05937500000000009 0.8046875 0.05937500000000009
0 0.6625 0.5546875 0.5890625 0.5546875 0.5890625 0.640625 0.6625 0.640625
0 0.61875 0.5859375 0.5140625 0.5859375 0.5140625 0.6828125 0.61875 0.6828125
0 0.64375 0.6890625 0.5703125 0.6890625 0.5703125000000001 0.7578125 0.6437500000000002 0.7578125
0 0.3781250000000001 0.69375 0.3140625000000001 0.69375 0.3140625000000001 0.7734375 0.3781250000000001 0.7734375
0 0.3593750000000001 0.7421875 0.2328125000000001 0.7421875 0.2328125000000001 0.8390625 0.3593750000000001 0.8390625
0 0.3843750000000001 0.8328125 0.3187500000000001 0.8328125 0.3187500000000001 0.9359375 0.3843750000000001 0.9359375
0 0.5406250000000001 0.8875 0.4593750000000002 0.8875 0.4593750000000002 0.9625 0.5406250000000001 0.9625
0 0.3593750000000001 0.553125 0.27031250000000007 0.553125 0.27031250000000007 0.6453125 0.3593750000000001 0.6453125
0 0.2921875000000001 0.45625 0.2218750000000001 0.45625 0.2218750000000001 0.5703125 0.2921875000000001 0.5703125
0 0.2890625000000001 0.596875 0.2140625000000001 0.596875 0.2140625000000001 0.6671875 0.2890625000000001 0.6671875
0 0.33281250000000007 0.6671875 0.2671875000000001 0.6671875 0.2671875000000001 0.7265625 0.33281250000000007 0.7265625
0 0.334375 0.15156250000000004 0.253125 0.15156250000000004 0.253125 0.259375 0.334375 0.259375
0 0.2625 0.16093750000000004 0.196875 0.16093750000000004 0.19687500000000002 0.2578125 0.2625 0.2578125
0 0.2515625 0.284375 0.17812500000000003 0.284375 0.17812500000000003 0.3984375 0.2515625000000001 0.3984375
0 0.2484375000000001 0.3828125 0.19687500000000005 0.3828125 0.19687500000000005 0.43125 0.2484375000000001 0.43125
0 0.19375000000000003 0.290625 0.10468750000000004 0.290625 0.10468750000000004 0.3875 0.19375000000000003 0.3875
0 0.2109375 0.15625000000000003 0.1453125 0.15625 0.1453125 0.2359375 0.2109375 0.2359375
0 0.2515625 0.04843750000000003 0.1625 0.04843750000000002 0.1625 0.12343750000000002 0.2515625 0.12343750000000005
0 0.2734375 3.0520494447500445e-17 0.225 2.7554552980815448e-17 0.225 0.06406250000000004 0.2734375 0.06406250000000005
0 0.3296875 3.654805291205382e-17 0.2671875 3.2721031664718344e-17 0.2671875 0.07500000000000004 0.3296875 0.07500000000000004
0 0.4140625 4.5732903905658965e-17 0.3328125 4.075777628412285e-17 0.3328125 0.09062500000000004 0.4140625 0.09062500000000004
0 0.1 0.08593750000000001 0.029687500000000012 0.0859375 0.029687500000000016 0.15625 0.1 0.15625
0 0.10781250000000002 0.1671875 0.029687500000000023 0.1671875 0.029687500000000026 0.2796875 0.10781250000000005 0.2796875
0 0.14843750000000006 0.290625 0.07031250000000004 0.290625 0.07031250000000004 0.365625 0.14843750000000006 0.365625
0 0.021875000000000054 0.4203125 5.147343577666219e-17 0.4203125 5.5109105961630896e-17 0.4796875 0.02187500000000006 0.4796875
0 0.06406250000000006 0.4890625 0.023437500000000062 0.4890625 0.023437500000000066 0.575 0.06406250000000006 0.575
0 0.037500000000000075 0.5484375 6.716422289073765e-17 0.5484375 7.079989307570636e-17 0.6078125 0.037500000000000075 0.6078125
0 0.10000000000000009 0.58125 0.029687500000000068 0.58125 0.02968750000000007 0.634375 0.10000000000000009 0.634375
0 0.14062500000000008 0.6078125 0.06718750000000007 0.6078125 0.06718750000000008 0.73125 0.14062500000000008 0.73125
0 0.03750000000000011 0.8609375 1.0543443536409245e-16 0.8609375 1.1203604701574614e-16 0.96875 0.037500000000000124 0.96875
0 0.08125000000000002 4.975127621536123e-18 0 0 7.55836696348757e-18 0.1234375 0.08125000000000002 0.1234375
0 0.203125 2.2579425359279323e-17 0.165625 2.0283212610878037e-17 0.165625 0.05312500000000002 0.203125 0.05312500000000002
0 0.1296875 1.3107547772124015e-17 0.084375 1.0332957367805793e-17 0.084375 0.08125000000000002 0.1296875 0.08125000000000002
0 0.3328125 0.10781250000000005 0.278125 0.10781250000000005 0.278125 0.15625000000000006 0.3328125 0.15625000000000006
0 0.9734375 0.8984375 0.9 0.8984375 0.9 0.9953125 0.9734375 0.9953125
0 0.996875 0.2750000000000001 0.95625 0.2750000000000001 0.95625 0.37187500000000007 0.996875 0.37187500000000007
0 0.896875 0.3062500000000001 0.7921875 0.3062500000000001 0.7921875 0.3921875000000001 0.896875 0.3921875000000001