0 0.575 0.22968750000000004 0.2 0.2296875 0.20000000000000004 0.4203125 0.575 0.4203125
0 0.6109375 0.26875000000000004 3.2912382727085115e-17 0.26875 4.362804221962446e-17 0.44375 0.6109375 0.44375
0 0.64375 0.35468750000000004 0.06093750000000005 0.3546875 0.06093750000000007 0.7328125 0.6437500000000002 0.7328125
0 0.753125 0.4000000000000001 0.10937500000000004 0.4 0.10937500000000008 0.9953125 0.7531250000000002 0.9953125
0 0.4187500000000002 0.853125 0.3203125000000001 0.853125 0.3203125000000001 0.9953125 0.4187500000000002 0.9953125
0 0.5828125000000001 0.69375 0.4265625 0.69375 0.42656250000000007 0.9953125 0.5828125000000002 0.9953125
0 0.5015625 0.60625 0.44375 0.60625 0.44375 0.7046875 0.5015625 0.7046875
0 0.5375 0.6125 0.509375 0.6125 0.509375 0.671875 0.5375 0.671875
0 0.6984375 0.6453125 0.625 0.6453125 0.6250000000000001 0.95625 0.6984375000000002 0.95625
0 0.9953125 6.821665373375491e-17 0.11875 1.4542680739874818e-17 0.11875000000000002 0.27812500000000007 0.9953125 0.27812500000000007
0 0.996875 0.0828125000000001 0.61875 0.08281250000000007 0.61875 0.3453125000000001 0.996875 0.3453125000000001
0 0.996875 0.2468750000000001 0.6359375 0.2468750000000001 0.6359375 0.4000000000000001 0.996875 0.4000000000000002
0 0.996875 0.3234375000000001 0.7421875 0.3234375000000001 0.7421875 0.5750000000000002 0.996875 0.5750000000000002
0 0.90625 0.5515625000000002 0.8515625 0.5515625000000002 0.8515625 0.7875000000000002 0.90625 0.7875000000000002
0 0.996875 0.5250000000000001 0.9234375 0.5250000000000001 0.9234375 0.7484375000000002 0.996875 0.7484375000000002
0 0.8 0.5953125000000001 0.7671875 0.5953125000000001 0.7671875 0.7109375000000002 0.8 0.7109375000000002