0 0.93125 0.7515625000000001 0.7265625000000002 0.7515625000000001 0.7265625000000002 0.9328125 0.93125 0.9328125
0 0.9953125 0.8078125 0.93125 0.8078125 0.93125 0.94375 0.9953125 0.94375
0 0.7156250000000002 0.7515625 0.5953125000000001 0.7515625 0.5953125000000001 0.8875 0.7156250000000002 0.8875
0 0.7953125 0.02343750000000007 0.321875 0.023437500000000038 0.321875 0.37343750000000003 0.7953125 0.3734375000000001
0 0.9953125 0.3218750000000001 0.5578125 0.3218750000000001 0.5578125 0.6578125000000001 0.9953125 0.6578125000000001
0 0.9953125 0.5921875000000002 0.884375 0.5921875000000002 0.884375 0.7468750000000002 0.9953125 0.7468750000000002
0 0.9953125 0.17812500000000012 0.7640625 0.1781250000000001 0.7640625 0.3921875000000001 0.9953125 0.3921875000000001
0 0.9953125 8.993499931238375e-17 0.4734375 5.79793718971325e-17 0.4734375 0.17343750000000008 0.9953125 0.17343750000000013
0 0.93125 0.12031250000000011 0.7734375 0.12031250000000009 0.7734375 0.2078125000000001 0.93125 0.2078125000000001
0 0.8578125 0.21093750000000008 0.76875 0.21093750000000008 0.76875 0.2718750000000001 0.8578125 0.2718750000000001
0 0.484375 3.702643056797075e-17 0.1203125 1.4734031802241592e-17 0.1203125 0.13281250000000003 0.484375 0.13281250000000006
0 0.1796875 1.1002686086089501e-17 0 0 6.505936120470313e-18 0.10625 0.1796875 0.10625
0 0.3375 0.06718750000000002 8.228095681771279e-18 0.0671875 2.7937255105548996e-17 0.3890625 0.3375000000000001 0.3890625
0 0.521875 0.3140625 0.048437500000000036 0.3140625 0.04843750000000006 0.6375 0.521875 0.6375
0 0.11093750000000006 0.4953125 6.065828677026735e-17 0.4953125 7.242637710582393e-17 0.6875 0.11093750000000009 0.6875
0 0.3531250000000001 0.725 8.878689293818311e-17 0.725 9.84501215877052e-17 0.8828125 0.3531250000000001 0.8828125
0 0.2843750000000001 0.871875 0.2531250000000001 0.871875 0.2531250000000001 0.890625 0.2843750000000001 0.890625
0 0.3890625000000001 0.9328125 0.3578125000000001 0.9328125 0.3578125000000001 0.946875 0.3890625000000001 0.946875
0 0.43750000000000017 0.86875 0.40625000000000017 0.86875 0.40625000000000017 0.8953125 0.43750000000000017 0.8953125
0 0.5468750000000002 0.9015625 0.5109375000000002 0.9015625 0.5109375000000002 0.928125 0.5468750000000002 0.928125
0 0.5843750000000002 0.85625 0.5359375000000002 0.85625 0.5359375000000002 0.8875 0.5843750000000002 0.8875
0 0.5843750000000002 0.8828125 0.5578125000000002 0.8828125 0.5578125000000002 0.9015625 0.5843750000000002 0.9015625
0 0.6265625000000001 0.6046875 0.2843750000000001 0.6046875 0.2843750000000001 0.86875 0.6265625000000001 0.86875
0 0.7328125000000001 0.6531250000000001 0.60625 0.653125 0.6062500000000001 0.7468750000000001 0.7328125000000002 0.7468750000000002
0 0.8796875 0.6375000000000001 0.6734375 0.6375 0.6734375000000001 0.7328125000000001 0.8796875 0.7328125000000002
0 0.7265625000000002 0.7437500000000001 0.6109375000000001 0.74375 0.6109375000000001 0.871875 0.7265625000000002 0.871875
0 0.34843750000000007 0.6234375 0.1906250000000001 0.6234375 0.1906250000000001 0.746875 0.34843750000000007 0.746875