0 0.7046875 0.4765625 0.5828125 0.4765625 0.5828125 0.6484375 0.7046875 0.6484375
0 0.7234375 0.5234375 0.6515625 0.5234375 0.6515625 0.675 0.7234375 0.675
0 0.8 0.596875 0.696875 0.596875 0.696875 0.7171875000000001 0.8 0.7171875000000002
0 0.8671875 0.6328125000000002 0.784375 0.6328125000000002 0.784375 0.7281250000000001 0.8671875 0.7281250000000001
0 0.878125 0.5921875000000002 0.8375 0.5921875000000002 0.8375 0.6968750000000001 0.878125 0.6968750000000001
0 0.9546875 0.5500000000000002 0.875 0.5500000000000002 0.875 0.6906250000000002 0.9546875 0.6906250000000002
0 0.7812500000000001 0.6656250000000001 0.7171875 0.665625 0.7171875000000001 0.7859375000000001 0.7812500000000002 0.7859375000000002
0 0.7203125000000001 0.64375 0.5984375 0.64375 0.5984375000000001 0.7390625 0.7203125000000001 0.7390625
0 0.6968750000000001 0.6859375 0.603125 0.6859375 0.6031250000000001 0.7703125 0.6968750000000001 0.7703125
0 0.6062500000000001 0.6859375 0.503125 0.6859375 0.503125 0.7796875 0.6062500000000002 0.7796875
0 0.5421875 0.721875 0.4625 0.721875 0.4625000000000001 0.8015625 0.5421875000000002 0.8015625
0 0.553125 0.5875 0.484375 0.5875 0.484375 0.7078125 0.553125 0.7078125
0 0.5953125000000001 0.5703125 0.55 0.5703125 0.55 0.7328125 0.5953125000000001 0.7328125
0 0.590625 0.5390625 0.4625 0.5390625 0.4625 0.6859375 0.590625 0.6859375
0 0.48125000000000007 0.6484375 0.34843750000000007 0.6484375 0.34843750000000007 0.759375 0.4812500000000002 0.759375
0 0.5375 0.07343750000000006 0.4125 0.07343750000000004 0.4125 0.3031250000000001 0.5375 0.3031250000000001
0 0.553125 0.16875000000000007 0.5078125 0.16875000000000004 0.5078125 0.2156250000000001 0.553125 0.2156250000000001
0 0.5796875 0.23593750000000008 0.521875 0.23593750000000008 0.521875 0.2718750000000001 0.5796875 0.2718750000000001
0 0.6546875 0.2093750000000001 0.6140625 0.2093750000000001 0.6140625 0.2515625000000001 0.6546875 0.2515625000000001
0 0.7171875 0.12031250000000007 0.5046875 0.12031250000000004 0.5046875 0.34062500000000007 0.7171875 0.34062500000000007
0 0.78125 0.15781250000000008 0.690625 0.15781250000000008 0.690625 0.27812500000000007 0.78125 0.27812500000000007
0 0.803125 0.2250000000000001 0.7578125 0.2250000000000001 0.7578125 0.2718750000000001 0.803125 0.2718750000000001
0 0.8328125 0.2828125000000001 0.75 0.2828125000000001 0.75 0.3453125000000001 0.8328125 0.3453125000000001
0 0.9203125 0.3140625000000001 0.8296875 0.3140625000000001 0.8296875 0.4234375000000002 0.9203125 0.4234375000000002
0 0.909375 0.4187500000000002 0.85625 0.4187500000000002 0.85625 0.5125000000000002 0.909375 0.5125000000000002
0 0.90625 0.38750000000000007 0.8078125 0.38750000000000007 0.8078125 0.5859375000000002 0.90625 0.5859375000000002
0 0.840625 0.3500000000000001 0.7421875 0.3500000000000001 0.7421875 0.42968750000000017 0.840625 0.42968750000000017
0 0.8 0.4078125000000002 0.7625 0.4078125000000002 0.7625 0.49218750000000017 0.8 0.49218750000000017
0 0.821875 0.47656250000000017 0.76875 0.47656250000000017 0.76875 0.5765625000000002 0.821875 0.5765625000000002
0 0.76875 0.46093750000000017 0.728125 0.46093750000000017 0.728125 0.5281250000000002 0.76875 0.5281250000000002
0 0.8140625 0.37187500000000007 0.5796875 0.37187500000000007 0.5796875 0.6234375000000001 0.8140625 0.6234375000000002
0 0.7578125 0.3296875000000001 0.5828125 0.3296875000000001 0.5828125 0.4078125000000001 0.7578125 0.4078125000000002
0 0.784375 0.2984375000000001 0.6859375 0.2984375000000001 0.6859375 0.35625000000000007 0.784375 0.35625000000000007
0 0.5984375 0.3921875000000001 0.5265625 0.3921875000000001 0.5265625 0.5234375 0.5984375 0.5234375
0 0.5828125 0.41875 0.4703125 0.41875 0.4703125 0.55 0.5828125 0.55
0 0.39375 0.12656250000000005 0.3109375 0.12656250000000005 0.3109375 0.21562500000000004 0.39375 0.2156250000000001
0 0.446875 0.22031250000000008 0.4015625 0.22031250000000008 0.4015625 0.32500000000000007 0.446875 0.32500000000000007
0 0.5390625 0.14218750000000005 0.40625 0.14218750000000005 0.40625 0.3203125000000001 0.5390625 0.3203125000000001
0 0.17500000000000007 0.4765625 0.08750000000000006 0.4765625 0.08750000000000006 0.58125 0.1750000000000001 0.58125
0 0.22031250000000008 0.5125 0.03750000000000007 0.5125 0.037500000000000075 0.7171875 0.22031250000000008 0.7171875
0 0.3531250000000001 0.628125 0.1937500000000001 0.628125 0.1937500000000001 0.790625 0.3531250000000001 0.790625
0 0.4625 0.5875 0.3109375000000001 0.5875 0.3109375000000001 0.7078125 0.4625 0.7078125
0 0.478125 0.534375 0.4328125 0.534375 0.4328125 0.58125 0.478125 0.58125
0 0.465625 0.503125 0.428125 0.503125 0.428125 0.5453125 0.465625 0.5453125
0 0.484375 0.434375 0.4203125 0.434375 0.4203125 0.5296875 0.484375 0.5296875
0 0.4359375 0.4390625 0.3453125000000001 0.4390625 0.3453125000000001 0.534375 0.4359375 0.534375
0 0.409375 0.35156250000000006 0.2765625 0.3515625 0.27656250000000004 0.434375 0.409375 0.434375
0 0.4515625 0.3921875 0.3609375000000001 0.3921875 0.3609375000000001 0.4453125 0.4515625 0.4453125
0 0.496875 0.3453125000000001 0.3859375 0.3453125000000001 0.38593750000000004 0.41875 0.496875 0.41875
0 0.390625 0.20937500000000003 0.2578125 0.209375 0.2578125 0.27812500000000007 0.390625 0.27812500000000007
0 0.3875 0.27812500000000007 0.28125 0.278125 0.28125 0.3140625 0.3875 0.3140625000000001
0 0.44375 0.32031250000000006 0.3 0.3203125 0.3 0.36250000000000004 0.44375 0.3625000000000001
0 0.484375 0.3453125000000001 0.446875 0.3453125000000001 0.446875 0.3828125000000001 0.484375 0.3828125000000001
0 0.3828125000000001 0.39375000000000004 0.2875000000000001 0.39375 0.2875000000000001 0.5453125 0.3828125000000001 0.5453125
0 0.3078125000000001 0.54375 0.2093750000000001 0.54375 0.2093750000000001 0.596875 0.3078125000000001 0.596875
0 0.3375000000000001 0.5546875 0.23437500000000008 0.5546875 0.23437500000000008 0.65 0.3375000000000001 0.65
0 0.3343750000000001 0.41875 0.16406250000000006 0.41875 0.16406250000000006 0.565625 0.3343750000000001 0.565625
0 0.31093750000000003 0.2875 0.18125000000000005 0.2875 0.18125000000000005 0.41875 0.3109375000000001 0.41875
0 0.2953125000000001 0.378125 0.2234375000000001 0.378125 0.2234375000000001 0.440625 0.2953125000000001 0.440625
0 0.23906250000000004 0.2625 0.13281250000000006 0.2625 0.13281250000000006 0.4140625 0.2390625000000001 0.4140625
0 0.2890625 0.278125 0.228125 0.278125 0.228125 0.3359375 0.2890625 0.3359375
0 0.246875 0.246875 0.17500000000000004 0.246875 0.17500000000000004 0.2734375 0.246875 0.2734375
0 0.3 0.18281250000000004 0.2390625 0.18281250000000004 0.2390625 0.2625 0.3 0.2625
0 0.15625000000000006 0.2828125 0.09218750000000005 0.2828125 0.09218750000000005 0.3921875 0.15625000000000006 0.3921875
0 0.09843750000000004 0.403125 0.07187500000000005 0.403125 0.07187500000000005 0.4390625 0.09843750000000004 0.4390625
0 0.16718750000000004 0.3921875 0.026562500000000044 0.3921875 0.026562500000000055 0.5078125 0.16718750000000004 0.5078125