0 0.9953125 0.9 0.8671875 0.9 0.8671875 0.9375 0.9953125 0.9375
0 0.9953125 0.8171875 0.9265625 0.8171875 0.9265625 0.90625 0.9953125 0.90625
0 0.9953125 0.7125000000000001 0.8734375 0.7125000000000001 0.8734375 0.8125 0.9953125 0.8125
0 0.9953125 0.6703125000000002 0.915625 0.6703125000000002 0.915625 0.7156250000000002 0.9953125 0.7156250000000002
0 0.9953125 0.5921875000000002 0.8578125 0.5921875000000002 0.8578125 0.6703125000000002 0.9953125 0.6703125000000002
0 0.9953125 0.5171875000000001 0.9046875 0.5171875000000001 0.9046875 0.5984375000000002 0.9953125 0.5984375000000002
0 0.9953125 0.4078125000000002 0.9 0.4078125000000002 0.9 0.4906250000000002 0.9953125 0.4906250000000002
0 0.9265625 0.45625000000000016 0.79375 0.45625000000000016 0.79375 0.5546875000000002 0.9265625 0.5546875000000002
0 0.878125 0.5359375000000001 0.725 0.5359375 0.725 0.6250000000000001 0.878125 0.6250000000000002
0 0.815625 0.5921875000000002 0.73125 0.5921875000000002 0.73125 0.6593750000000002 0.815625 0.6593750000000002
0 0.7515625 0.5921875000000001 0.6140625 0.5921875 0.6140625 0.6859375000000001 0.7515625 0.6859375000000002
0 0.8734375 0.659375 0.709375 0.659375 0.7093750000000001 0.7484375000000001 0.8734375 0.7484375000000002
0 0.8515625 0.7375 0.6875000000000002 0.7375 0.6875000000000002 0.83125 0.8515625 0.83125
0 0.9421875 0.7531250000000002 0.8140625 0.7531250000000002 0.8140625 0.8984375 0.9421875 0.8984375
0 0.8734375 0.8734375 0.7031250000000002 0.8734375 0.7031250000000002 0.9359375 0.8734375 0.9359375
0 0.8203125 0.80625 0.6343750000000001 0.80625 0.6343750000000001 0.91875 0.8203125 0.91875
0 0.6875000000000002 0.7421875 0.6187500000000001 0.7421875 0.6187500000000001 0.8359375 0.6875000000000002 0.8359375
0 0.7296875 0.6921875000000001 0.6671875 0.6921875 0.6671875 0.7640625000000001 0.7296875000000002 0.7640625000000002
0 0.6671875 0.6359375 0.5453125 0.6359375 0.5453125000000001 0.734375 0.6671875000000002 0.734375
0 0.6828125 0.5734375 0.5609375 0.5734375 0.5609375 0.640625 0.6828125 0.640625
0 0.7046875 0.4640625 0.5515625 0.4640625 0.5515625 0.5765625 0.7046875 0.5765625
0 0.79375 0.45000000000000007 0.6984375 0.45 0.6984375 0.5359375000000001 0.79375 0.5359375000000002
0 0.5921875 0.4390625 0.4765625 0.4390625 0.4765625 0.525 0.5921875 0.525
0 0.4765625 0.4203125 0.3546875000000001 0.4203125 0.3546875000000001 0.50625 0.4765625 0.50625
0 0.3703125000000001 0.4078125 0.24375000000000008 0.4078125 0.24375000000000008 0.5203125 0.3703125000000001 0.5203125
0 0.434375 0.490625 0.33281250000000007 0.490625 0.33281250000000007 0.5765625 0.434375 0.5765625
0 0.571875 0.5203125 0.41875 0.5203125 0.41875 0.6375 0.571875 0.6375
0 0.503125 0.56875 0.3812500000000001 0.56875 0.3812500000000001 0.6671875 0.503125 0.6671875
0 0.540625 0.6484375 0.403125 0.6484375 0.403125 0.7234375 0.540625 0.7234375
0 0.6406250000000001 0.6921875 0.496875 0.6921875 0.49687500000000007 0.8015625 0.6406250000000002 0.8015625
0 0.6343750000000001 0.80625 0.4656250000000002 0.80625 0.4656250000000002 0.9375 0.6343750000000001 0.9375
0 0.7031250000000002 0.9 0.5765625000000002 0.9 0.5765625000000002 0.9375 0.7031250000000002 0.9375
0 0.5125000000000002 0.8625 0.4078125000000002 0.8625 0.4078125000000002 0.9375 0.5125000000000002 0.9375
0 0.4968750000000002 0.73125 0.3546875000000001 0.73125 0.3546875000000001 0.85 0.4968750000000002 0.85
0 0.4984375000000001 0.7234375 0.4453125 0.7234375 0.4453125000000001 0.771875 0.4984375000000002 0.771875
0 0.40312500000000007 0.6515625 0.2234375000000001 0.6515625 0.2234375000000001 0.7796875 0.4031250000000002 0.7796875
0 0.4234375000000001 0.715625 0.28593750000000007 0.715625 0.28593750000000007 0.8015625 0.4234375000000002 0.8015625
0 0.3078125000000001 0.7796875 0.1437500000000001 0.7796875 0.1437500000000001 0.884375 0.3078125000000001 0.884375
0 0.4125000000000002 0.8203125 0.2328125000000001 0.8203125 0.2328125000000001 0.9359375 0.4125000000000002 0.9359375
0 0.24375000000000008 0.8734375 0.1859375000000001 0.8734375 0.18593750000000012 0.9359375 0.24375000000000008 0.9359375
0 0.18593750000000012 0.8921875 0.07500000000000011 0.8921875 0.07500000000000011 0.9296875 0.18593750000000014 0.9296875
0 0.2484375000000001 0.5765625 0.11093750000000009 0.5765625 0.11093750000000009 0.696875 0.2484375000000001 0.696875
0 0.28593750000000007 0.5125 0.18437500000000004 0.5125 0.18437500000000007 0.584375 0.28593750000000007 0.584375
0 0.2750000000000001 0.446875 0.18593750000000003 0.446875 0.18593750000000003 0.5140625 0.2750000000000001 0.5140625
0 0.19062500000000004 0.4234375 0.05312500000000005 0.4234375 0.053125000000000054 0.5046875 0.19062500000000004 0.5046875
0 0.17968750000000006 0.46875 0.057812500000000065 0.46875 0.057812500000000065 0.5390625 0.17968750000000006 0.5390625
0 0.17968750000000006 0.5359375 0.09531250000000006 0.5359375 0.09531250000000006 0.60625 0.17968750000000008 0.60625
0 0.1062500000000001 0.5578125 6.831232926493829e-17 0.5578125 7.567934516605909e-17 0.678125 0.1062500000000001 0.678125
0 0.13281250000000008 0.64375 0.04843750000000008 0.64375 0.048437500000000085 0.7046875 0.13281250000000008 0.7046875
0 0.057812500000000086 0.6625 8.113285044351215e-17 0.6625 8.73517599704323e-17 0.7640625 0.057812500000000086 0.7640625
0 0.2328125000000001 0.69375 0.03125000000000009 0.69375 0.0312500000000001 0.8359375 0.2328125000000001 0.8359375
0 0.04218750000000011 0.775 9.491012693391987e-17 0.775 1.0065065880492311e-16 0.86875 0.042187500000000114 0.86875
0 0.06875000000000012 0.8734375 1.0696524386302664e-16 0.8734375 1.1079226511036212e-16 0.9359375 0.06875000000000012 0.9359375
0 0.1375000000000001 0.8359375 0.0218750000000001 0.8359375 0.021875000000000106 0.8984375 0.1375000000000001 0.8984375
0 0.09062500000000007 0.4984375 6.104098889500089e-17 0.4984375 6.534638779825331e-17 0.56875 0.09062500000000007 0.56875
0 0.053125000000000054 0.4265625 5.223884002612928e-17 0.4265625 5.683126552293186e-17 0.5015625 0.05312500000000007 0.5015625
0 0.6296875 0.3140625000000001 0.5125 0.3140625000000001 0.5125 0.3937500000000001 0.6296875 0.3937500000000001
0 0.778125 0.3000000000000001 0.640625 0.3000000000000001 0.640625 0.3812500000000001 0.778125 0.3812500000000001
0 0.921875 0.2921875000000001 0.7734375 0.2921875000000001 0.7734375 0.3703125000000001 0.921875 0.3703125000000001
0 0.9953125 0.25468750000000007 0.89375 0.25468750000000007 0.89375 0.33281250000000007 0.9953125 0.33281250000000007
0 0.9578125 0.2093750000000001 0.8734375 0.2093750000000001 0.8734375 0.2921875000000001 0.9578125 0.2921875000000001
0 0.9953125 0.19531250000000014 0.946875 0.19531250000000014 0.946875 0.2578125000000001 0.9953125 0.2578125000000001
0 0.9953125 0.1281250000000001 0.9 0.1281250000000001 0.9 0.2140625000000001 0.9953125 0.2140625000000001
0 0.9953125 0.08281250000000011 0.96875 0.08281250000000011 0.96875 0.13125000000000014 0.9953125 0.13125000000000014
0 0.96875 0.0640625000000001 0.825 0.0640625000000001 0.825 0.1500000000000001 0.96875 0.15000000000000013
0 0.9953125 0.034375000000000114 0.946875 0.034375000000000114 0.946875 0.09062500000000011 0.9953125 0.09062500000000011
0 0.99375 1.1107929170391227e-16 0.8203125 1.0045930774255631e-16 0.8203125 0.06718750000000011 0.99375 0.06718750000000011
0 0.8359375 0.026562500000000093 0.740625 0.02656250000000009 0.740625 0.12343750000000009 0.8359375 0.12343750000000009
0 0.825 9.91198503059889e-17 0.79375 9.720633968232116e-17 0.79375 0.0187500000000001 0.825 0.0187500000000001
0 0.7984375 0.0906250000000001 0.6984375 0.0906250000000001 0.6984375 0.1984375000000001 0.7984375 0.1984375000000001
0 0.9 0.1281250000000001 0.746875 0.1281250000000001 0.746875 0.22812500000000008 0.9 0.22812500000000008
0 0.8734375 0.2218750000000001 0.7296875 0.2218750000000001 0.7296875 0.3078125000000001 0.8734375 0.3078125000000001
0 0.7515625 0.18750000000000008 0.6234375 0.18750000000000008 0.6234375 0.2656250000000001 0.7515625 0.2656250000000001
0 0.709375 0.2250000000000001 0.55625 0.2250000000000001 0.55625 0.33281250000000007 0.709375 0.33281250000000007
0 0.709375 0.09062500000000008 0.5921875 0.09062500000000007 0.5921875 0.19531250000000008 0.709375 0.19531250000000008
0 0.740625 0.03750000000000008 0.625 0.037500000000000075 0.625 0.10156250000000008 0.740625 0.10156250000000008
0 0.8 9.050905249948406e-17 0.678125 8.304636106717989e-17 0.678125 0.04531250000000009 0.8 0.0453125000000001
0 0.69375 7.587069622842587e-17 0.5453125 6.678152076600411e-17 0.5453125 0.07500000000000008 0.69375 0.0750000000000001
0 0.5984375 0.029687500000000068 0.48125 0.029687500000000054 0.48125 0.12343750000000006 0.5984375 0.12343750000000009
0 0.540625 5.836207402186604e-17 0.4125 5.051668046482832e-17 0.4125 0.05625000000000006 0.540625 0.056250000000000064
0 0.4015625 4.2958313501340745e-17 0.3 3.6739403974420595e-17 0.3 0.040625000000000036 0.4015625 0.04062500000000004
0 0.3015625 2.9085361479749636e-17 0.1734375 2.1239967922711906e-17 0.1734375 0.04062500000000003 0.3015625 0.040625000000000036
0 0.1796875 1.6838893488276106e-17 0.0953125 1.1672414804373211e-17 0.0953125 0.06406250000000002 0.1796875 0.06406250000000002
0 0.115625 8.323771212954666e-18 0.0203125 2.487563810768061e-18 0.0203125 0.02187500000000001 0.115625 0.021875000000000016
0 0.1328125 0.029687500000000006 0.0421875 0.0296875 0.0421875 0.08281250000000001 0.1328125 0.08281250000000002
0 0.2546875 0.045312500000000026 0.153125 0.04531250000000002 0.153125 0.09062500000000002 0.2546875 0.09062500000000002
0 0.375 0.02187500000000004 0.259375 0.021875000000000033 0.259375 0.09375000000000003 0.375 0.09375000000000004
0 0.45 0.04218750000000005 0.34375 0.042187500000000044 0.34375 0.13593750000000004 0.45 0.13593750000000004
0 0.5296875 0.09687500000000006 0.428125 0.09687500000000004 0.428125 0.17656250000000004 0.5296875 0.17656250000000004
0 0.48125 0.04843750000000006 0.4390625 0.04843750000000006 0.4390625 0.11250000000000004 0.48125 0.11250000000000004
0 0.296875 0.08906250000000003 0.16875 0.08906250000000002 0.16875 0.18750000000000003 0.296875 0.18750000000000006
0 0.3546875 0.08593750000000004 0.2796875 0.08593750000000004 0.2796875 0.14218750000000005 0.3546875 0.14218750000000005
0 0.1796875 0.08281250000000001 0.04843750000000001 0.0828125 0.048437500000000015 0.15 0.1796875 0.15
0 0.05781250000000001 0.04843750000000001 5.931882933369992e-18 0.0484375 1.0811335023722727e-17 0.128125 0.057812500000000024 0.128125
0 0.046875000000000014 0.1265625 1.549943605170869e-17 0.1265625 2.0091861548511266e-17 0.2015625 0.04687500000000002 0.2015625
0 0.16406250000000003 0.13125 0.046875000000000014 0.13125 0.04687500000000002 0.228125 0.16406250000000006 0.228125
0 0.2796875 0.1765625 0.1484375 0.1765625 0.14843750000000003 0.2578125 0.2796875 0.2578125
0 0.3546875 0.13437500000000005 0.2703125 0.13437500000000005 0.2703125 0.2171875 0.3546875 0.2171875
0 0.4765625 0.13593750000000004 0.328125 0.13593750000000004 0.328125 0.24062500000000003 0.4765625 0.2406250000000001
0 0.35 0.2171875 0.2703125 0.2171875 0.2703125 0.2546875 0.35 0.2546875
0 0.428125 0.23281250000000003 0.3015625 0.2328125 0.3015625 0.33281250000000007 0.428125 0.33281250000000007
0 0.55 0.2140625000000001 0.428125 0.2140625000000001 0.428125 0.3109375000000001 0.55 0.3109375000000001
0 0.6140625 0.19531250000000006 0.5234375 0.19531250000000006 0.5234375 0.3109375000000001 0.6140625 0.3109375000000001
0 0.6140625 0.13125000000000006 0.503125 0.13125000000000003 0.503125 0.2062500000000001 0.6140625 0.2062500000000001
0 0.51875 0.16875000000000004 0.465625 0.16875000000000004 0.465625 0.22031250000000008 0.51875 0.22031250000000008
0 0.5234375 0.3187500000000001 0.4546875 0.3187500000000001 0.4546875 0.3703125000000001 0.5234375 0.3703125000000001
0 0.465625 0.321875 0.3546875 0.321875 0.35468750000000004 0.38593750000000004 0.465625 0.3859375000000001
0 0.3171875 0.2515625 0.19531250000000006 0.2515625 0.19531250000000006 0.340625 0.3171875 0.340625
0 0.29687500000000006 0.3265625 0.2015625 0.3265625 0.20156250000000003 0.371875 0.2968750000000001 0.371875
0 0.36562500000000003 0.321875 0.296875 0.321875 0.29687500000000006 0.37500000000000006 0.3656250000000001 0.3750000000000001
0 0.20156250000000003 0.2890625 0.07343750000000004 0.2890625 0.07343750000000004 0.3703125 0.2015625000000001 0.3703125
0 0.19062500000000004 0.2171875 0.06406250000000002 0.2171875 0.06406250000000004 0.2953125 0.19062500000000004 0.2953125
0 0.08437500000000003 0.265625 3.2529680602351567e-17 0.265625 3.74091326927043e-17 0.3453125 0.08437500000000005 0.3453125
0 0.05781250000000003 0.1953125 2.3918882795846743e-17 0.1953125 2.870265935501609e-17 0.2734375 0.057812500000000044 0.2734375