0 0.89375 0.15781250000000008 0.709375 0.15781250000000008 0.709375 0.3609375000000001 0.89375 0.3609375000000001
0 0.8875 0.3125000000000001 0.8 0.3125000000000001 0.8 0.4000000000000002 0.8875 0.4000000000000002
0 0.95625 0.3281250000000001 0.8078125 0.3281250000000001 0.8078125 0.5468750000000002 0.95625 0.5468750000000002
0 0.8109375 0.3609375000000001 0.69375 0.3609375000000001 0.69375 0.5625000000000001 0.8109375 0.5625000000000002
0 0.8 0.3062500000000001 0.7125 0.3062500000000001 0.7125 0.5578125 0.8 0.5578125000000002
0 0.7125 0.0984375000000001 0.6734375 0.0984375000000001 0.6734375 0.1750000000000001 0.7125 0.1750000000000001
0 0.665625 0.08750000000000009 0.6359375 0.08750000000000009 0.6359375 0.1312500000000001 0.665625 0.1312500000000001
0 0.621875 0.07656250000000006 0.5890625 0.07656250000000006 0.5890625 0.1140625000000001 0.621875 0.1140625000000001
0 0.59375 0.05937500000000007 0.55 0.05937500000000007 0.55 0.10937500000000008 0.59375 0.10937500000000008
0 0.58125 0.10937500000000007 0.534375 0.10937500000000004 0.534375 0.15312500000000007 0.58125 0.1531250000000001
0 0.6 0.1375000000000001 0.559375 0.1375000000000001 0.559375 0.1921875000000001 0.6 0.1921875000000001
0 0.6328125 0.12031250000000009 0.5921875 0.12031250000000009 0.5921875 0.1531250000000001 0.6328125 0.1531250000000001
0 0.665625 0.1312500000000001 0.6359375 0.1312500000000001 0.6359375 0.1750000000000001 0.665625 0.1750000000000001
0 0.6953125 0.17968750000000008 0.6625 0.17968750000000008 0.6625 0.2406250000000001 0.6953125 0.2406250000000001
0 0.665625 0.17968750000000008 0.6296875 0.17968750000000008 0.6296875 0.2515625000000001 0.665625 0.2515625000000001
0 0.6328125 0.1531250000000001 0.6 0.1531250000000001 0.6 0.1906250000000001 0.6328125 0.1906250000000001
0 0.5640625 0.15312500000000007 0.5421875 0.15312500000000004 0.5421875 0.19062500000000007 0.5640625 0.1906250000000001
0 0.5703125 0.19687500000000008 0.5421875 0.19687500000000005 0.5421875 0.23437500000000008 0.5703125 0.23437500000000008
0 0.6 0.1906250000000001 0.575 0.1906250000000001 0.575 0.2296875000000001 0.6 0.2296875000000001
0 0.64375 0.2296875000000001 0.603125 0.2296875000000001 0.603125 0.2734375000000001 0.64375 0.2734375000000001
0 0.6265625 0.19687500000000008 0.6046875 0.19687500000000008 0.6046875 0.2234375000000001 0.6265625 0.2234375000000001
0 0.6796875 0.2515625000000001 0.6328125 0.2515625000000001 0.6328125 0.3000000000000001 0.6796875 0.3000000000000001
0 0.646875 0.2843750000000001 0.6078125 0.2843750000000001 0.6078125 0.3218750000000001 0.646875 0.3218750000000001
0 0.6765625 0.3000000000000001 0.6390625 0.3000000000000001 0.6390625 0.3390625000000001 0.6765625 0.3390625000000001
0 0.6078125 0.2843750000000001 0.578125 0.2843750000000001 0.578125 0.3218750000000001 0.6078125 0.3218750000000001
0 0.596875 0.23437500000000008 0.559375 0.23437500000000008 0.559375 0.2843750000000001 0.596875 0.2843750000000001
0 0.575 0.26250000000000007 0.5375 0.26250000000000007 0.5375 0.31718750000000007 0.575 0.31718750000000007
0 0.4765625 0.03281250000000006 0.41875 0.03281250000000006 0.41875 0.12500000000000006 0.4765625 0.12500000000000006
0 0.5203125 0.12656250000000005 0.44375 0.12656250000000005 0.44375 0.2250000000000001 0.5203125 0.2250000000000001
0 0.4515625 0.11562500000000005 0.403125 0.11562500000000005 0.403125 0.19218750000000004 0.4515625 0.19218750000000004
0 0.4296875 0.17500000000000004 0.396875 0.17500000000000004 0.396875 0.2234375000000001 0.4296875 0.2234375000000001
0 0.4078125 0.19218750000000004 0.353125 0.19218750000000004 0.353125 0.27968750000000003 0.4078125 0.2796875000000001
0 0.4984375 0.2250000000000001 0.440625 0.2250000000000001 0.440625 0.30156250000000007 0.4984375 0.30156250000000007
0 0.4046875 0.07187500000000005 0.3390625 0.07187500000000005 0.3390625 0.19218750000000004 0.4046875 0.19218750000000004
0 0.3671875 0.16875000000000004 0.309375 0.16875000000000004 0.309375 0.24062500000000003 0.3671875 0.2406250000000001
0 0.3453125 0.13125000000000003 0.3234375 0.13125000000000003 0.3234375 0.16406250000000006 0.3453125 0.16406250000000006
0 0.3500000000000001 0.6125 0.22656250000000008 0.6125 0.22656250000000008 0.809375 0.3500000000000001 0.809375
0 0.3234375000000001 0.4921875 0.2078125000000001 0.4921875 0.2078125000000001 0.65625 0.3234375000000001 0.65625
0 0.2250000000000001 0.51875 0.09062500000000007 0.51875 0.09062500000000008 0.7 0.2250000000000001 0.7
0 0.26250000000000007 0.6609375 0.1390625000000001 0.6609375 0.1390625000000001 0.846875 0.26250000000000007 0.846875
0 0.2984375 0.3125 0.2109375 0.3125 0.21093750000000006 0.4546875 0.2984375000000001 0.4546875
0 0.34843750000000007 0.25625 0.2984375 0.25625 0.2984375 0.4921875 0.34843750000000007 0.4921875
0 0.46875 0.4046875 0.3453125000000001 0.4046875 0.3453125000000001 0.5515625 0.46875 0.5515625
0 0.5015625 0.3281250000000001 0.440625 0.3281250000000001 0.440625 0.4921875 0.5015625 0.4921875
0 0.4484375 0.21250000000000008 0.4046875 0.21250000000000008 0.4046875 0.4046875 0.4484375 0.4046875
0 0.4109375 0.27812500000000007 0.3484375 0.278125 0.34843750000000007 0.415625 0.4109375 0.415625
0 0.8046875 0.5515625000000001 0.684375 0.5515625 0.6843750000000001 0.7375 0.8046875 0.7375000000000002
0 0.8515625 0.5515625000000002 0.803125 0.5515625000000002 0.803125 0.6562500000000002 0.8515625 0.6562500000000002
0 0.825 0.7328125000000002 0.7312500000000002 0.7328125000000002 0.7312500000000002 0.8859375 0.825 0.8859375
0 0.803125 0.86875 0.7671875000000001 0.86875 0.7671875000000001 0.91875 0.803125 0.91875
0 0.7390625000000002 0.825 0.6812500000000001 0.825 0.6812500000000001 0.9078125 0.7390625000000002 0.9078125
0 0.7312500000000002 0.7265625000000001 0.4578125000000002 0.7265625 0.4578125000000002 0.8359375 0.7312500000000002 0.8359375
0 0.6687500000000001 0.65 0.61875 0.65 0.6187500000000001 0.7328125 0.6687500000000002 0.7328125
0 0.728125 0.4375000000000001 0.615625 0.4375 0.615625 0.5515625000000001 0.728125 0.5515625000000002
0 0.7609375 0.3984375000000001 0.6515625 0.3984375000000001 0.6515625 0.5468750000000001 0.7609375 0.5468750000000002
0 0.640625 0.3500000000000001 0.5609375 0.3500000000000001 0.5609375 0.5140625 0.640625 0.5140625
0 0.6046875 0.4484375 0.55 0.4484375 0.55 0.5296875 0.6046875 0.5296875
0 0.5828125 0.3234375000000001 0.5390625 0.3234375000000001 0.5390625 0.421875 0.5828125 0.421875
0 0.553125 0.3062500000000001 0.5125 0.3062500000000001 0.5125 0.3937500000000001 0.553125 0.3937500000000001
0 0.5453125 0.3390625000000001 0.484375 0.3390625000000001 0.484375 0.475 0.5453125 0.475
0 0.5890625 0.475 0.490625 0.475 0.490625 0.584375 0.5890625 0.584375
0 0.553125 0.5296875 0.4296875 0.5296875 0.4296875 0.6015625 0.553125 0.6015625
0 0.6359375 0.584375 0.5671875 0.584375 0.5671875 0.6453125 0.6359375 0.6453125
0 0.690625 0.546875 0.6109375 0.546875 0.6109375 0.6453125 0.690625 0.6453125
0 0.8734375 0.6718750000000002 0.796875 0.6718750000000002 0.7968750000000001 0.7375000000000002 0.8734375 0.7375000000000002
0 0.6250000000000001 0.5515625 0.3671875000000001 0.5515625 0.3671875000000001 0.7328125 0.6250000000000002 0.7328125
0 0.5750000000000001 0.6234375 0.4578125 0.6234375 0.45781250000000007 0.9734375 0.5750000000000002 0.9734375
0 0.5171875000000001 0.6125 0.3859375000000001 0.6125 0.3859375000000001 0.9078125 0.5171875000000001 0.9078125
0 0.3937500000000001 0.5140625 0.3281250000000001 0.5140625 0.3281250000000001 0.7875 0.3937500000000001 0.7875
0 0.4375000000000001 0.6171875 0.3500000000000001 0.6171875 0.3500000000000001 0.8859375 0.43750000000000017 0.8859375
0 0.2515625 0.13125000000000003 0.203125 0.13125000000000003 0.203125 0.15781250000000005 0.2515625 0.15781250000000005
0 0.2953125 0.15937500000000004 0.246875 0.15937500000000004 0.246875 0.19218750000000004 0.2953125 0.19218750000000004
0 0.3125 0.15312500000000004 0.2078125 0.15312500000000004 0.2078125 0.2234375 0.3125 0.2234375
0 0.2984375 0.14218750000000002 0.1671875 0.1421875 0.16718750000000002 0.240625 0.2984375 0.240625
0 0.2984375 0.17031250000000003 0.178125 0.1703125 0.17812500000000003 0.3015625 0.2984375 0.3015625
0 0.3015625 0.225 0.24375 0.225 0.24375 0.26875 0.3015625 0.26875
0 0.290625 0.2296875 0.2078125 0.2296875 0.2078125 0.3 0.290625 0.3
0 0.2734375 0.284375 0.2515625 0.284375 0.2515625 0.34375 0.2734375 0.34375
0 0.259375 0.2734375 0.2265625 0.2734375 0.2265625 0.35 0.259375 0.35
0 0.2375 0.1375 0.1171875 0.1375 0.11718750000000003 0.3234375 0.2375 0.3234375
0 0.2328125 0.2078125 0.16406250000000006 0.2078125 0.16406250000000006 0.3328125 0.2328125 0.3328125
0 0.17812500000000003 0.146875 0.109375 0.146875 0.10937500000000003 0.2515625 0.17812500000000003 0.2515625
0 0.22656250000000006 0.17500000000000002 0.10625 0.175 0.10625000000000002 0.3765625 0.22656250000000008 0.3765625
0 0.20312500000000006 0.17500000000000002 0.08750000000000002 0.175 0.08750000000000004 0.39375 0.20312500000000008 0.39375
0 0.18125000000000005 0.328125 0.16406250000000006 0.328125 0.16406250000000006 0.39375 0.18125000000000005 0.39375
0 0.20781250000000004 0.3328125 0.18593750000000003 0.3328125 0.18593750000000003 0.4265625 0.2078125000000001 0.4265625
0 0.11562500000000005 0.246875 0.05468750000000002 0.246875 0.054687500000000035 0.4328125 0.11562500000000005 0.4328125
0 0.14218750000000005 0.2671875 0.032812500000000036 0.2671875 0.032812500000000036 0.39375 0.14218750000000005 0.39375
0 0.15625000000000006 0.3125 0.10625000000000004 0.3125 0.10625000000000004 0.465625 0.15625000000000006 0.465625
0 0.15625000000000006 0.371875 0.13125000000000003 0.371875 0.13125000000000003 0.4640625 0.15625000000000006 0.4640625
0 0.16718750000000004 0.3890625 0.14218750000000005 0.3890625 0.14218750000000005 0.4875 0.16718750000000004 0.4875