0 0.98125 0.5156250000000002 0.8078125 0.5156250000000002 0.8078125 0.86875 0.98125 0.86875
0 0.996875 0.5281250000000002 0.946875 0.5281250000000002 0.946875 0.7296875000000002 0.996875 0.7296875000000002
0 0.996875 0.7171875000000002 0.971875 0.7171875000000002 0.971875 0.8984375 0.996875 0.8984375
0 0.996875 0.5906250000000002 0.7640625 0.5906250000000002 0.7640625000000001 0.99375 0.996875 0.99375
0 0.9125 0.6921875000000001 0.6796875 0.6921875 0.6796875000000001 0.95625 0.9125 0.95625
0 0.8328125 0.8109375 0.6921875000000002 0.8109375 0.6921875000000002 0.99375 0.8328125 0.99375
0 0.7171875000000002 0.8734375 0.6671875000000002 0.8734375 0.6671875000000002 0.99375 0.7171875000000002 0.99375
0 0.6984375 0.7109375 0.515625 0.7109375 0.5156250000000001 0.99375 0.6984375000000002 0.99375
0 0.5843750000000002 0.8609375 0.47187500000000016 0.8609375 0.47187500000000016 0.99375 0.5843750000000002 0.99375
0 0.5531250000000001 0.6671875 0.446875 0.6671875 0.4468750000000001 0.8625 0.5531250000000002 0.8625
0 0.5750000000000001 0.596875 0.475 0.596875 0.4750000000000001 0.7421875 0.5750000000000002 0.7421875
0 0.6734375000000001 0.6859375 0.596875 0.6859375 0.596875 0.7671875 0.6734375000000001 0.7671875
0 0.7140625 0.553125 0.596875 0.553125 0.596875 0.7484375 0.7140625000000002 0.7484375
0 0.6234375 0.428125 0.521875 0.428125 0.521875 0.6421875 0.6234375 0.6421875
0 0.528125 0.515625 0.4875 0.515625 0.4875 0.6109375 0.528125 0.6109375
0 0.4937500000000002 0.7859375 0.36406250000000007 0.7859375 0.36406250000000007 0.99375 0.4937500000000002 0.99375
0 0.3671875000000001 0.8796875 0.2453125000000001 0.8796875 0.2453125000000001 0.99375 0.3671875000000001 0.99375
0 0.4375000000000001 0.6359375 0.2921875000000001 0.6359375 0.2921875000000001 0.90625 0.43750000000000017 0.90625
0 0.4843750000000001 0.509375 0.3421875000000001 0.509375 0.3421875000000001 0.7359375 0.48437500000000017 0.7359375
0 0.4875 0.409375 0.3859375000000001 0.409375 0.3859375000000001 0.578125 0.4875 0.578125
0 0.578125 0.2015625000000001 0.4375 0.2015625000000001 0.4375 0.503125 0.578125 0.503125
0 0.6390625 0.3140625000000001 0.5984375 0.3140625000000001 0.5984375 0.490625 0.6390625 0.490625
0 0.7921875 0.2890625000000001 0.6140625 0.2890625000000001 0.6140625 0.6234375000000001 0.7921875 0.6234375000000002
0 0.990625 0.2078125000000001 0.7703125 0.2078125000000001 0.7703125000000001 0.7421875000000002 0.990625 0.7421875000000002
0 0.9375 0.4468750000000002 0.9 0.4468750000000002 0.9 0.5156250000000002 0.9375 0.5156250000000002
0 0.98125 0.4906250000000002 0.934375 0.4906250000000002 0.934375 0.5531250000000002 0.98125 0.5531250000000002
0 0.996875 0.2953125000000001 0.940625 0.2953125000000001 0.940625 0.5593750000000002 0.996875 0.5593750000000002
0 0.925 0.2515625000000001 0.8875 0.2515625000000001 0.8875 0.3453125000000001 0.925 0.3453125000000001
0 0.9 0.30156250000000007 0.859375 0.30156250000000007 0.859375 0.3968750000000001 0.9 0.3968750000000001
0 0.896875 0.2578125000000001 0.8375 0.2578125000000001 0.8375 0.3203125000000001 0.896875 0.3203125000000001
0 0.834375 0.2515625000000001 0.8125 0.2515625000000001 0.8125 0.30156250000000007 0.834375 0.30156250000000007
0 0.8140625 0.2015625000000001 0.7765625 0.2015625000000001 0.7765625 0.2515625000000001 0.8140625 0.2515625000000001
0 0.8546875 0.2390625000000001 0.7484375 0.2390625000000001 0.7484375 0.5093750000000001 0.8546875 0.5093750000000001
0 0.878125 0.13281250000000008 0.7796875 0.13281250000000008 0.7796875 0.2890625000000001 0.878125 0.2890625000000001
0 0.99375 0.06875000000000012 0.884375 0.06875000000000012 0.884375 0.2578125000000001 0.99375 0.2578125000000001
0 0.996875 0.11406250000000014 0.953125 0.11406250000000014 0.953125 0.2828125000000001 0.996875 0.2828125000000001
0 0.9 0.12500000000000008 0.84375 0.12500000000000008 0.84375 0.2140625000000001 0.9 0.2140625000000001
0 0.903125 1.0667821726947646e-16 0.8390625 1.027555204909576e-16 0.8390625 0.1703125000000001 0.903125 0.1703125000000001
0 0.940625 1.108879406415455e-16 0.8703125 1.0658254173829309e-16 0.8703125 0.1578125000000001 0.940625 0.15781250000000013
0 0.965625 0.006250000000000115 0.915625 0.006250000000000111 0.915625 0.09375000000000011 0.965625 0.09375000000000011
0 0.834375 0.0375000000000001 0.80625 0.0375000000000001 0.80625 0.12031250000000009 0.834375 0.12031250000000009
0 0.865625 0.0375000000000001 0.83125 0.0375000000000001 0.83125 0.1453125000000001 0.865625 0.1453125000000001
0 0.8015625 0.012500000000000098 0.7734375 0.012500000000000094 0.7734375 0.09375000000000008 0.8015625 0.09375000000000008
0 0.7765625 0.025000000000000095 0.7421875 0.025000000000000088 0.7421875 0.10156250000000008 0.7765625 0.10156250000000008
0 0.7328125 0.01250000000000009 0.7140625 0.01250000000000009 0.7140625 0.06250000000000008 0.7328125 0.06250000000000008
0 0.7078125 8.534257381558118e-17 0.6859375 8.400311637901375e-17 0.6859375 0.025000000000000088 0.7078125 0.025000000000000088
0 0.7203125 0.025000000000000078 0.5625 0.025000000000000067 0.5625 0.1140625000000001 0.7203125 0.1140625000000001
0 0.7546875 0.06875000000000009 0.7140625 0.06875000000000009 0.7140625 0.1453125000000001 0.7546875 0.1453125000000001
0 0.8046875 0.08750000000000009 0.7515625 0.08750000000000009 0.7515625 0.1828125000000001 0.8046875 0.1828125000000001
0 0.7734375 0.1390625000000001 0.6671875 0.1390625000000001 0.6671875 0.2578125000000001 0.7734375 0.2578125000000001
0 0.7140625 0.08750000000000008 0.628125 0.08750000000000006 0.628125 0.18906250000000008 0.7140625 0.18906250000000008
0 0.6515625 0.1312500000000001 0.6046875 0.1312500000000001 0.6046875 0.2140625000000001 0.6515625 0.2140625000000001
0 0.6078125 0.1312500000000001 0.5765625 0.1312500000000001 0.5765625 0.22656250000000008 0.6078125 0.22656250000000008
0 0.6 0.06875000000000006 0.515625 0.06875000000000006 0.515625 0.2015625000000001 0.6 0.2015625000000001
0 0.55625 0.14375000000000007 0.521875 0.14375000000000004 0.521875 0.2078125000000001 0.55625 0.2078125000000001
0 0.565625 0.19531250000000006 0.54375 0.19531250000000006 0.54375 0.2515625000000001 0.565625 0.2515625000000001
0 0.5984375 0.2328125000000001 0.5640625 0.2328125000000001 0.5640625 0.3078125000000001 0.5984375 0.3078125000000001
0 0.6609375 0.2078125000000001 0.571875 0.2078125000000001 0.571875 0.3140625000000001 0.6609375 0.3140625000000001
0 0.51875 0.05625000000000006 0.425 0.05625000000000004 0.425 0.2640625000000001 0.51875 0.2640625000000001
0 0.528125 6.056261123908394e-17 0.4609375 5.644856339819831e-17 0.4609375 0.08125000000000007 0.528125 0.08125000000000007
0 0.596875 6.888638245203862e-17 0.528125 6.467665907996959e-17 0.528125 0.06875000000000006 0.596875 0.06875000000000006
0 0.6265625 7.443556326067506e-17 0.5890625 7.213935051227377e-17 0.5890625 0.03125000000000007 0.6265625 0.031250000000000076
0 0.453125 0.12031250000000004 0.3890625 0.12031250000000004 0.38906250000000003 0.3656250000000001 0.453125 0.3656250000000001
0 0.4375 0.3578125000000001 0.40625 0.3578125000000001 0.40625 0.421875 0.4375 0.421875
0 0.415625 0.13906250000000003 0.2453125 0.13906250000000003 0.24531250000000004 0.496875 0.415625 0.496875
0 0.38750000000000007 0.490625 0.3078125000000001 0.490625 0.3078125000000001 0.590625 0.38750000000000007 0.590625
0 0.3421875000000001 0.5609375 0.2171875000000001 0.5609375 0.2171875000000001 0.8375 0.3421875000000001 0.8375
0 0.2796875000000001 0.7921875 0.17343750000000008 0.7921875 0.1734375000000001 0.98125 0.2796875000000001 0.98125
0 0.20468750000000008 0.8875 0.06250000000000011 0.8875 0.06250000000000011 0.99375 0.20468750000000008 0.99375
0 0.1828125000000001 0.7984375 0.06875000000000009 0.7984375 0.0687500000000001 0.91875 0.18281250000000013 0.91875
0 0.22031250000000008 0.6109375 0.11250000000000009 0.6109375 0.11250000000000009 0.80625 0.22031250000000008 0.80625
0 0.2671875000000001 0.509375 0.18906250000000005 0.509375 0.18906250000000008 0.6484375 0.2671875000000001 0.6484375
0 0.3140625000000001 0.434375 0.2578125000000001 0.434375 0.2578125000000001 0.565625 0.3140625000000001 0.565625
0 0.2671875 0.3140625 0.17968750000000006 0.3140625 0.17968750000000006 0.515625 0.2671875000000001 0.515625
0 0.24843750000000003 0.3140625 0.19531250000000006 0.3140625 0.19531250000000006 0.409375 0.2484375000000001 0.409375
0 0.22031250000000005 1.3490249896857566e-17 0 0 2.4684287045313837e-17 0.403125 0.22031250000000008 0.403125
0 0.528125 4.1810207127140106e-17 0.1546875 1.894375517431062e-17 0.15468750000000003 0.20156250000000003 0.528125 0.2015625000000001
0 0.4703125 4.975127621536122e-17 0.3421875 4.190588265832349e-17 0.3421875 0.10000000000000005 0.4703125 0.10000000000000005
0 0.3015625 3.166860082170109e-17 0.215625 2.6406446606614805e-17 0.215625 0.08125000000000003 0.3015625 0.08125000000000004
0 0.3296875 3.807886141098801e-17 0.2921875 3.5782648662586727e-17 0.2921875 0.04375000000000004 0.3296875 0.043750000000000046
0 0.2515625 0.050000000000000024 0.1921875 0.050000000000000024 0.1921875 0.13906250000000003 0.2515625 0.13906250000000003
0 0.2515625 0.19531250000000006 0.19843750000000004 0.19531250000000006 0.19843750000000004 0.3140625 0.2515625 0.3140625
0 0.19843750000000007 0.371875 0.05625000000000004 0.371875 0.05625000000000006 0.5859375 0.1984375000000001 0.5859375
0 0.19531250000000008 0.5546875 0.034375000000000065 0.5546875 0.034375000000000086 0.85625 0.19531250000000008 0.85625
0 0.0718750000000001 0.8671875 1.0619983961355955e-16 0.8671875 1.1385388210823048e-16 0.9921875 0.0718750000000001 0.9921875
0 0.053125000000000075 0.553125 6.773827607783798e-17 0.553125 8.314203659836328e-17 0.8046875 0.05312500000000009 0.8046875
0 0.07812500000000006 0.3953125 4.8411818778793805e-17 0.3953125 6.228477080038492e-17 0.621875 0.07812500000000007 0.621875
0 0.996875 6.104098889500089e-17 0 0 6.084963783263412e-17 0.99375 0.996875 0.99375