0 0.9546875 0.2765625000000001 0.7328125 0.2765625000000001 0.7328125 0.46875000000000017 0.9546875 0.46875000000000017
0 0.98125 0.44843750000000016 0.7828125 0.44843750000000016 0.7828125 0.7140625000000002 0.98125 0.7140625000000002
0 0.7828125 0.3859375000000001 0.5875 0.3859375000000001 0.5875 0.6093750000000001 0.7828125 0.6093750000000002
0 0.7906250000000001 0.5468750000000001 0.484375 0.546875 0.4843750000000001 0.8015625 0.7906250000000001 0.8015625
0 0.84375 0.6453125000000002 0.775 0.6453125000000002 0.7750000000000001 0.7500000000000002 0.84375 0.7500000000000002
0 0.5156250000000001 0.4734375 0.3593750000000001 0.4734375 0.3593750000000001 0.8078125 0.5156250000000002 0.8078125
0 0.5875 0.35937500000000006 0.3625 0.359375 0.36250000000000004 0.6046875 0.5875 0.6046875
0 0.61875 0.23437500000000008 0.4546875 0.23437500000000008 0.4546875 0.3859375000000001 0.61875 0.3859375000000001
0 0.6609375 0.13593750000000007 0.53125 0.13593750000000004 0.53125 0.2765625000000001 0.6609375 0.2765625000000001
0 0.7375 0.2390625000000001 0.615625 0.2390625000000001 0.615625 0.3859375000000001 0.7375 0.3859375000000001
0 0.6140625 0.3750000000000001 0.5578125 0.3750000000000001 0.5578125 0.4375 0.6140625 0.4375
0 0.5375 0.21875000000000008 0.4046875 0.21875000000000008 0.4046875 0.3906250000000001 0.5375 0.3906250000000001
0 0.55 0.14687500000000006 0.4234375 0.14687500000000003 0.4234375 0.2562500000000001 0.55 0.2562500000000001
0 0.446875 0.19375000000000003 0.38125 0.19375000000000003 0.38125 0.2875000000000001 0.446875 0.2875000000000001
0 0.3859375 0.23437500000000006 0.34375 0.234375 0.34375 0.27656250000000004 0.3859375 0.2765625000000001
0 0.4046875 0.2609375000000001 0.3703125 0.2609375000000001 0.3703125 0.3281250000000001 0.4046875 0.3281250000000001
0 0.3734375 0.26562500000000006 0.3171875 0.265625 0.3171875 0.33906250000000004 0.3734375 0.3390625000000001
0 0.3328125 0.2453125 0.29375 0.2453125 0.29375 0.296875 0.3328125 0.296875
0 0.34375 0.2234375 0.309375 0.2234375 0.309375 0.2453125 0.34375 0.2453125
0 0.3046875 0.225 0.2671875 0.225 0.2671875 0.25625 0.3046875 0.25625
0 0.3171875 0.3015625 0.259375 0.3015625 0.259375 0.359375 0.3171875 0.359375
0 0.31250000000000006 0.3546875 0.25625 0.3546875 0.25625000000000003 0.4109375 0.3125000000000001 0.4109375
0 0.3390625000000001 0.4109375 0.29375000000000007 0.4109375 0.29375000000000007 0.453125 0.3390625000000001 0.453125
0 0.3546875000000001 0.3640625 0.31718750000000007 0.3640625 0.31718750000000007 0.4171875 0.3546875000000001 0.4171875
0 0.4015625 0.33437500000000003 0.3328125 0.334375 0.33281250000000007 0.38125000000000003 0.4015625 0.3812500000000001
0 0.2828125000000001 0.4265625 0.2484375000000001 0.4265625 0.2484375000000001 0.4640625 0.2828125000000001 0.4640625
0 0.3625000000000001 0.6359375 0.2406250000000001 0.6359375 0.2406250000000001 0.8234375 0.3625000000000001 0.8234375
0 0.5578125 0.006250000000000043 0.1375 0.006250000000000017 0.1375 0.38125000000000003 0.5578125 0.3812500000000001
0 0.2406250000000001 0.40625 0.042187500000000044 0.40625 0.04218750000000006 0.6515625 0.2406250000000001 0.6515625
0 0.3625000000000001 0.453125 0.08437500000000005 0.453125 0.08437500000000006 0.765625 0.3625000000000001 0.765625
0 0.27812500000000007 0.5109375 0.12968750000000004 0.5109375 0.12968750000000007 0.6875 0.27812500000000007 0.6875
0 0.9875 9.194418546723489e-17 0.5140625 6.295449951866863e-17 0.5140625 0.48906250000000007 0.9875 0.4890625000000002