0 0.76875 0.5265625 0.5578125 0.5265625 0.5578125 0.7937500000000001 0.7687500000000002 0.7937500000000002
0 0.996875 0.3359375000000001 0.6390625 0.3359375000000001 0.6390625 0.6968750000000001 0.996875 0.6968750000000001
0 0.9953125 0.0937500000000001 0.7578125 0.09375000000000008 0.7578125 0.4750000000000002 0.9953125 0.4750000000000002
0 0.7765625 0.07812500000000008 0.6078125 0.07812500000000007 0.6078125 0.35625000000000007 0.7765625 0.35625000000000007
0 0.7390625 0.21093750000000008 0.51875 0.21093750000000008 0.51875 0.4328125000000001 0.7390625 0.43281250000000016
0 0.7390625 0.17968750000000006 0.4734375 0.17968750000000006 0.4734375 0.5156250000000001 0.7390625 0.5156250000000002
0 0.6078125 0.3609375 0.35 0.3609375 0.35000000000000003 0.6953125 0.6078125 0.6953125
0 0.534375 0.665625 0.3187500000000001 0.665625 0.3187500000000001 0.8140625 0.5343750000000002 0.8140625
0 0.3203125000000001 0.4953125 0.05468750000000007 0.4953125 0.054687500000000076 0.7828125 0.3203125000000001 0.7828125
0 0.46875 0.22656250000000006 0.18906250000000005 0.2265625 0.18906250000000008 0.6078125 0.46875 0.6078125
0 0.5765625 0.03593750000000005 0.3390625 0.035937500000000046 0.3390625 0.3296875 0.5765625 0.3296875000000001
0 0.334375 0.09218750000000002 0.07343750000000002 0.0921875 0.07343750000000003 0.3609375 0.334375 0.3609375
0 0.17343750000000008 0.26875 3.2912382727085115e-17 0.26875 5.0229653871278156e-17 0.5515625 0.17343750000000008 0.5515625
0 0.1609375 0.07187500000000001 8.802148868871602e-18 0.071875 2.2005372172179003e-17 0.2875 0.16093750000000004 0.2875