0 0.9859375 0.5468750000000002 0.8765625 0.5468750000000002 0.8765625 0.6890625000000001 0.9859375 0.6890625000000001
0 0.9234375 0.45312500000000017 0.825 0.45312500000000017 0.825 0.6062500000000002 0.9234375 0.6062500000000002
0 0.865625 0.5250000000000001 0.7484375 0.5250000000000001 0.7484375 0.6343750000000001 0.865625 0.6343750000000001
0 0.865625 0.6171875000000002 0.7421875 0.6171875000000002 0.7421875000000001 0.7593750000000001 0.865625 0.7593750000000001
0 0.81875 0.7000000000000001 0.709375 0.7 0.7093750000000001 0.8578125 0.81875 0.8578125
0 0.7015625 0.5578125 0.6109375 0.5578125 0.6109375 0.678125 0.7015625 0.678125
0 0.7375 0.6390625000000001 0.6328125 0.6390625 0.6328125000000001 0.7765625 0.7375000000000002 0.7765625000000002
0 0.734375 0.48125000000000007 0.640625 0.48125 0.640625 0.6171875000000001 0.734375 0.6171875000000002
0 0.7484375 0.5906250000000001 0.6984375 0.590625 0.6984375 0.6718750000000001 0.7484375 0.6718750000000002
0 0.778125 0.4531250000000001 0.7125 0.453125 0.7125 0.5796875000000001 0.778125 0.5796875000000001
0 0.8 0.3390625000000001 0.7125 0.3390625000000001 0.7125 0.4921875000000001 0.8 0.49218750000000017
0 0.7171875 0.2953125000000001 0.6265625 0.2953125000000001 0.6265625 0.409375 0.7171875 0.409375
0 0.7234375 0.4 0.646875 0.4 0.646875 0.4875 0.7234375 0.4875
0 0.6875 0.4265625 0.55625 0.4265625 0.55625 0.546875 0.6875 0.546875
0 0.6296875 0.51875 0.5125 0.51875 0.5125 0.7 0.6296875 0.7
0 0.6109375000000001 0.6828125 0.5015625 0.6828125 0.5015625000000001 0.8203125 0.6109375000000001 0.8203125
0 0.6765625000000001 0.69375 0.5671875 0.69375 0.5671875000000001 0.8421875 0.6765625000000002 0.8421875
0 0.6468750000000002 0.7703125 0.5203125000000002 0.7703125 0.5203125000000002 0.940625 0.6468750000000002 0.940625
0 0.5390625 0.5140625 0.490625 0.5140625 0.490625 0.5953125 0.5390625 0.5953125
0 0.534375 0.60625 0.4734375 0.60625 0.4734375 0.7 0.534375 0.7
0 0.5234375 0.5359375 0.3968750000000001 0.5359375 0.3968750000000001 0.65 0.5234375 0.65
0 0.503125 0.6125 0.3828125000000001 0.6125 0.3828125000000001 0.803125 0.5031250000000002 0.803125
0 0.4031250000000002 0.7328125 0.30156250000000007 0.7328125 0.30156250000000007 0.91875 0.4031250000000002 0.91875
0 0.40312500000000007 0.628125 0.30156250000000007 0.628125 0.30156250000000007 0.7484375 0.4031250000000002 0.7484375
0 0.4078125 0.496875 0.2734375000000001 0.496875 0.2734375000000001 0.65 0.4078125 0.65
0 0.8515625 5.214316449494589e-17 0 0 5.692694105411524e-17 0.9296875 0.8515625 0.9296875