0 0.34843750000000007 0.5515625 0.2765625000000001 0.5515625 0.2765625000000001 0.6171875 0.34843750000000007 0.6171875
0 0.415625 0.33906250000000004 0.3171875 0.3390625 0.31718750000000007 0.546875 0.415625 0.546875
0 0.4953125 0.3281250000000001 0.4046875 0.3281250000000001 0.4046875 0.3828125000000001 0.4953125 0.3828125000000001
0 0.5234375 0.3234375000000001 0.465625 0.3234375000000001 0.465625 0.509375 0.5234375 0.509375
0 0.571875 0.3937500000000001 0.4953125 0.3937500000000001 0.4953125 0.496875 0.571875 0.496875
0 0.5828125 0.3390625000000001 0.5171875 0.3390625000000001 0.5171875 0.3937500000000001 0.5828125 0.3937500000000001
0 0.6546875 0.3437500000000001 0.5703125 0.3437500000000001 0.5703125 0.5140625 0.6546875 0.5140625
0 0.68125 0.475 0.59375 0.475 0.59375 0.6390625 0.68125 0.6390625
0 0.6296875000000001 0.6234375 0.5390625 0.6234375 0.5390625000000001 0.74375 0.6296875000000002 0.74375
0 0.5781250000000002 0.759375 0.4906250000000002 0.759375 0.4906250000000002 0.8421875 0.5781250000000002 0.8421875
0 0.6296875000000002 0.74375 0.5671875000000002 0.74375 0.5671875000000002 0.7875 0.6296875000000002 0.7875
0 0.48750000000000016 0.759375 0.3593750000000001 0.759375 0.3593750000000001 0.9234375 0.48750000000000016 0.9234375
0 0.5093750000000001 0.715625 0.425 0.715625 0.4250000000000001 0.853125 0.5093750000000001 0.853125
0 0.4687500000000001 0.6125 0.3453125000000001 0.6125 0.3453125000000001 0.759375 0.46875000000000017 0.759375
0 0.484375 0.5625 0.3859375000000001 0.5625 0.3859375000000001 0.6890625 0.484375 0.6890625
0 0.5484375 0.4703125 0.4546875 0.4703125 0.4546875 0.6890625 0.5484375 0.6890625
0 0.6078125000000001 0.5078125 0.4875 0.5078125 0.4875000000000001 0.7375 0.6078125000000002 0.7375
0 0.3890625000000001 0.628125 0.2953125000000001 0.628125 0.2953125000000001 0.7375 0.3890625000000001 0.7375
0 0.4000000000000002 0.7328125 0.2906250000000001 0.7328125 0.2906250000000001 0.825 0.4000000000000002 0.825
0 0.6765625000000001 0.33281250000000007 0.2796875 0.3328125 0.27968750000000003 0.9125 0.6765625000000002 0.9125
2 0.7093750000000001 0.18125000000000005 0.18125 0.18125 0.18125000000000008 0.9515625 0.7093750000000002 0.9515625