0 0.8984375 0.2468750000000001 0.55625 0.2468750000000001 0.5562500000000001 0.9515625 0.8984375 0.9515625
0 0.996875 0.83125 0.6250000000000002 0.83125 0.6250000000000002 0.9953125 0.996875 0.9953125
0 0.93125 0.803125 0.5343750000000002 0.803125 0.5343750000000002 0.9734375 0.93125 0.9734375
0 0.996875 0.5031250000000002 0.8328125 0.5031250000000002 0.8328125 0.8140625 0.996875 0.8140625
0 0.9890625 0.4812500000000002 0.8546875 0.4812500000000002 0.8546875 0.6171875000000002 0.9890625 0.6171875000000002
0 0.996875 0.2796875000000001 0.84375 0.2796875000000001 0.84375 0.5093750000000001 0.996875 0.5093750000000001
0 0.996875 0.1484375000000001 0.9015625 0.14843750000000008 0.9015625 0.5093750000000001 0.996875 0.5093750000000001
0 0.996875 0.006250000000000111 0.821875 0.0062500000000001 0.821875 0.4656250000000002 0.996875 0.4656250000000002
0 0.996875 0.05468750000000011 0.8546875 0.05468750000000011 0.8546875 0.3546875000000001 0.996875 0.3546875000000001
0 0.8796875 0.0546875000000001 0.7015625 0.05468750000000009 0.7015625 0.3609375000000001 0.8796875 0.3609375000000001
0 0.896875 1.0428632898989181e-16 0.80625 9.873714818125535e-17 0.80625 0.0703125000000001 0.896875 0.07031250000000011
0 0.759375 8.830851528226617e-17 0.6828125 8.362041425428021e-17 0.6828125 0.2671875000000001 0.759375 0.2671875000000001
0 0.778125 8.237663234889618e-17 0.5671875 6.946043563913895e-17 0.5671875 0.1906250000000001 0.778125 0.1906250000000001
0 0.6796875 0.10468750000000009 0.5671875 0.10468750000000009 0.5671875 0.30156250000000007 0.6796875 0.30156250000000007
0 0.61875 0.3000000000000001 0.5203125 0.3000000000000001 0.5203125 0.4703125 0.61875 0.4703125
0 0.671875 0.48125 0.5203125 0.48125 0.5203125 0.6671875 0.671875 0.6671875
0 0.7125000000000001 0.65 0.5203125 0.65 0.5203125000000001 0.9078125 0.7125000000000001 0.9078125
0 0.5265625 0.4921875 0.3781250000000001 0.4921875 0.3781250000000001 0.721875 0.5265625 0.721875
0 0.55 0.4265625 0.4921875 0.4265625 0.4921875 0.5515625 0.55 0.5515625
0 0.484375 0.28437500000000004 0.3125 0.284375 0.31250000000000006 0.51875 0.484375 0.51875
0 0.4828125 0.04375000000000005 0.3203125 0.043750000000000046 0.3203125 0.28437500000000004 0.4828125 0.2843750000000001
0 0.5671875 5.558748361754783e-17 0.340625 4.171453159595672e-17 0.34062500000000007 0.3765625 0.5671875 0.3765625000000001
0 0.32812500000000006 0.16875 0.171875 0.16875 0.17187500000000003 0.39375 0.3281250000000001 0.39375
0 0.3375 3.262535613353496e-17 0.1953125 2.3918882795846743e-17 0.1953125 0.17968750000000006 0.3375 0.17968750000000006
0 0.3421875000000001 0.4375 0.17812500000000003 0.4375 0.17812500000000006 0.65625 0.3421875000000001 0.65625
0 0.5234375000000001 0.628125 0.2218750000000001 0.628125 0.2218750000000001 0.91875 0.5234375000000002 0.91875
0 0.4000000000000001 0.69375 0.26250000000000007 0.69375 0.26250000000000007 0.9125 0.4000000000000002 0.9125
0 0.2796875000000001 0.759375 0.1859375000000001 0.759375 0.1859375000000001 0.896875 0.2796875000000001 0.896875
0 0.2406250000000001 0.7765625 0.1609375000000001 0.7765625 0.16093750000000012 0.91875 0.2406250000000001 0.91875
0 0.2250000000000001 0.5140625 0.007812500000000064 0.5140625 0.007812500000000083 0.846875 0.2250000000000001 0.846875
0 0.20312500000000006 0.25 3.061616997868383e-17 0.25 5.778802083476573e-17 0.69375 0.20312500000000008 0.69375
0 0.07343750000000003 0.0765625 9.376202055971923e-18 0.0765625 3.482589335075286e-17 0.4921875 0.07343750000000007 0.4921875
0 0.225 1.3777276490407724e-17 0 0 1.9709159423777714e-17 0.321875 0.225 0.321875