0 0.9234375 0.3281250000000001 0.8 0.3281250000000001 0.8 0.4968750000000002 0.9234375 0.4968750000000002
0 0.996875 0.4312500000000002 0.8578125 0.4312500000000002 0.8578125 0.6937500000000002 0.996875 0.6937500000000002
0 0.8625 0.3000000000000001 0.596875 0.3000000000000001 0.596875 0.6671875 0.8625 0.6671875000000002
0 0.846875 0.4156250000000001 0.6296875 0.415625 0.6296875000000001 0.7265625000000001 0.846875 0.7265625000000002
0 0.6375 0.4421875 0.528125 0.4421875 0.528125 0.65625 0.6375 0.65625
0 0.553125 0.3453125000000001 0.4359375 0.3453125000000001 0.4359375 0.5421875 0.553125 0.5421875
0 0.5609375 0.2296875000000001 0.50625 0.2296875000000001 0.50625 0.3000000000000001 0.5609375 0.3000000000000001
0 0.534375 0.27343750000000006 0.30625 0.2734375 0.30625 0.671875 0.534375 0.671875
0 0.5937500000000001 0.415625 0.2921875000000001 0.415625 0.2921875000000001 0.7765625 0.5937500000000002 0.7765625
0 0.30312500000000003 0.3109375 0.18281250000000004 0.3109375 0.18281250000000004 0.4921875 0.3031250000000001 0.4921875
0 0.32031250000000006 0.284375 0.014062500000000033 0.284375 0.014062500000000056 0.628125 0.3203125000000001 0.628125
0 0.2328125000000001 0.4640625 5.683126552293186e-17 0.4640625 7.26177281681907e-17 0.721875 0.2328125000000001 0.721875
0 0.30156250000000007 0.6890625 0.2578125000000001 0.6890625 0.2578125000000001 0.7921875 0.30156250000000007 0.7921875
0 0.3531250000000001 0.678125 0.3046875000000001 0.678125 0.3046875000000001 0.7375 0.3531250000000001 0.7375