0 0.26875000000000004 0.2796875 0.04375000000000003 0.2796875 0.04375000000000005 0.640625 0.2687500000000001 0.640625
0 0.4 0.2515625 0.19218750000000004 0.2515625 0.19218750000000007 0.7 0.4 0.7
0 0.5859375 0.16406250000000006 0.2625 0.16406250000000006 0.26250000000000007 0.4921875 0.5859375 0.4921875
0 0.8140625 0.2015625000000001 0.440625 0.2015625000000001 0.440625 0.3828125000000001 0.8140625 0.3828125000000001
0 0.93125 0.3109375000000001 0.778125 0.3109375000000001 0.7781250000000001 0.7265625000000002 0.93125 0.7265625000000002
0 0.8140625 0.35625000000000007 0.6765625 0.35625000000000007 0.6765625 0.5640625000000001 0.8140625 0.5640625000000001
0 0.821875 0.5140625000000001 0.5703125 0.5140625 0.5703125 0.7156250000000001 0.821875 0.7156250000000002
0 0.6765625 0.3437500000000001 0.5421875 0.3437500000000001 0.5421875 0.56875 0.6765625 0.56875
0 0.5671875 0.475 0.465625 0.475 0.465625 0.721875 0.5671875 0.721875
0 0.6406250000000001 0.6671875 0.53125 0.6671875 0.5312500000000001 0.9515625 0.6406250000000002 0.9515625
0 0.534375 0.6171875 0.421875 0.6171875 0.4218750000000001 0.8859375 0.5343750000000002 0.8859375
0 0.37187500000000007 0.6453125 0.2375000000000001 0.6453125 0.2375000000000001 0.934375 0.37187500000000007 0.934375
0 0.2218750000000001 0.3890625 0.06875000000000005 0.3890625 0.06875000000000007 0.91875 0.2218750000000001 0.91875