0 0.996875 0.7203125000000001 0.37968750000000007 0.7203125 0.37968750000000007 0.83125 0.996875 0.83125
0 0.984375 0.6453125000000001 0.4359375 0.6453125 0.4359375000000001 0.7671875000000001 0.984375 0.7671875000000001
0 0.996875 0.8046875 0.7375000000000002 0.8046875 0.7375000000000002 0.9953125 0.996875 0.9953125
0 0.7562500000000002 0.83125 0.5109375000000002 0.83125 0.5109375000000002 0.9953125 0.7562500000000002 0.9953125
0 0.6312500000000002 0.83125 0.3312500000000001 0.83125 0.3312500000000001 0.9953125 0.6312500000000002 0.9953125
0 0.4140625000000001 0.6984375 0.21093750000000008 0.6984375 0.21093750000000008 0.9421875 0.41406250000000017 0.9421875
0 0.36406250000000007 0.8625 1.0562578642645922e-16 0.8625 1.1366253104586372e-16 0.99375 0.36406250000000007 0.99375
0 0.2406250000000001 0.7203125 8.82128397510828e-17 0.7203125 9.9885254555456e-17 0.9109375 0.2406250000000001 0.9109375
0 0.1703125000000001 0.6984375 0.1515625000000001 0.6984375 0.1515625000000001 0.725 0.1703125000000001 0.725
0 0.1468750000000001 0.6296875 0.02968750000000008 0.6296875 0.029687500000000082 0.740625 0.1468750000000001 0.740625
0 0.2406250000000001 0.55625 0.12031250000000009 0.55625 0.12031250000000009 0.7046875 0.2406250000000001 0.7046875
0 0.3234375000000001 0.5921875 0.17343750000000008 0.5921875 0.17343750000000008 0.7359375 0.3234375000000001 0.7359375
0 0.4890625 0.61875 0.26250000000000007 0.61875 0.26250000000000007 0.7203125 0.4890625 0.7203125
0 0.40625 0.5453125 0.3187500000000001 0.5453125 0.3187500000000001 0.640625 0.40625 0.640625
0 0.575 0.534375 0.3984375000000001 0.534375 0.3984375000000001 0.6671875 0.575 0.6671875
0 0.6546875 0.5875 0.575 0.5875 0.575 0.65 0.6546875 0.65
0 0.790625 0.6031250000000001 0.6625 0.603125 0.6625 0.6718750000000001 0.790625 0.6718750000000002
0 0.996875 0.5937500000000002 0.7515625 0.5937500000000002 0.7515625000000001 0.7312500000000002 0.996875 0.7312500000000002
0 0.996875 0.4968750000000002 0.9359375 0.4968750000000002 0.9359375 0.6250000000000002 0.996875 0.6250000000000002
0 0.9328125 0.49687500000000007 0.7109375 0.496875 0.7109375 0.6250000000000001 0.9328125 0.6250000000000002
0 0.7140625 0.4609375 0.5671875 0.4609375 0.5671875 0.625 0.7140625 0.625
0 0.6046875 0.3390625000000001 0.4546875 0.3390625000000001 0.4546875 0.5390625 0.6046875 0.5390625
0 0.6203125 0.4234375 0.5640625 0.4234375 0.5640625 0.4859375 0.6203125 0.4859375
0 0.7078125 0.3281250000000001 0.60625 0.3281250000000001 0.60625 0.4703125 0.7078125 0.4703125
0 0.026562500000000083 0.65 7.960204194457795e-17 0.65 8.419446744138054e-17 0.725 0.02656250000000009 0.725
0 0.10937500000000007 0.534375 6.544206332943669e-17 0.534375 7.386151007357473e-17 0.671875 0.10937500000000008 0.671875
0 0.30156250000000007 0.365625 0.11250000000000004 0.365625 0.11250000000000007 0.609375 0.30156250000000007 0.609375
0 0.17656250000000007 0.396875 0.04531250000000005 0.396875 0.04531250000000006 0.6453125 0.1765625000000001 0.6453125
0 0.36406250000000007 0.4078125 0.17656250000000004 0.4078125 0.17656250000000007 0.640625 0.36406250000000007 0.640625
0 0.534375 0.12187500000000004 0.29375 0.12187500000000004 0.29375000000000007 0.503125 0.534375 0.503125
0 0.8078125 0.21093750000000008 0.703125 0.21093750000000008 0.703125 0.46562500000000007 0.8078125 0.4656250000000002
0 0.996875 0.3234375000000001 0.7828125 0.3234375000000001 0.7828125 0.5031250000000002 0.996875 0.5031250000000002
0 0.9953125 0.21250000000000008 0.925 0.21250000000000008 0.925 0.4031250000000002 0.9953125 0.4031250000000002
0 0.7 0.2171875000000001 0.5 0.2171875000000001 0.5 0.3593750000000001 0.7 0.3593750000000001
0 0.02968750000000006 0.4921875 6.027558464553379e-17 0.4921875 6.515503673588654e-17 0.571875 0.029687500000000068 0.571875
0 0.07968750000000005 0.3765625 4.6115606030392526e-17 0.3765625 5.5491808086364444e-17 0.5296875 0.07968750000000006 0.5296875
0 0.16875000000000004 0.2171875 0.026562500000000024 0.2171875 0.026562500000000037 0.434375 0.16875000000000004 0.434375
0 0.040625000000000036 0.2796875 3.425184016365254e-17 0.2796875 4.075777628412285e-17 0.3859375 0.04062500000000004 0.3859375
0 0.26406250000000003 0.2328125 0.15156250000000004 0.2328125 0.15156250000000004 0.4015625 0.2640625000000001 0.4015625
0 0.2671875 0.153125 0.1546875 0.153125 0.15468750000000003 0.259375 0.2671875 0.259375
0 0.37343750000000003 0.19062500000000004 0.2453125 0.19062500000000004 0.24531250000000004 0.36562500000000003 0.3734375000000001 0.3656250000000001
0 0.36875 0.05781250000000003 0.1765625 0.057812500000000024 0.1765625 0.19062500000000002 0.36875 0.19062500000000004
0 0.625 0.11093750000000006 0.3765625 0.11093750000000005 0.3765625 0.24375000000000008 0.625 0.24375000000000008
0 0.9359375 0.04218750000000009 0.5984375 0.04218750000000008 0.5984375 0.33281250000000007 0.9359375 0.33281250000000007