0 0.8796875 0.2843750000000001 0.6546875 0.2843750000000001 0.6546875000000001 0.978125 0.8796875 0.978125
0 0.996875 0.08750000000000009 0.6109375 0.08750000000000006 0.6109375 0.5687500000000001 0.996875 0.5687500000000002
0 0.7343750000000001 0.2953125000000001 0.603125 0.2953125000000001 0.6031250000000001 0.9828125 0.7343750000000002 0.9828125
0 0.6765625000000001 0.2843750000000001 0.5375 0.2843750000000001 0.5375000000000001 0.95625 0.6765625000000002 0.95625
0 0.596875 0.2906250000000001 0.4578125 0.2906250000000001 0.4578125 0.684375 0.596875 0.684375
0 0.6078125000000001 0.3062500000000001 0.528125 0.3062500000000001 0.5281250000000001 0.765625 0.6078125000000002 0.765625
0 0.5921875000000001 0.56875 0.3750000000000001 0.56875 0.3750000000000001 0.9671875 0.5921875000000002 0.9671875
0 0.4984375000000001 0.4921875 0.2656250000000001 0.4921875 0.2656250000000001 0.9515625 0.4984375000000002 0.9515625
0 0.41093750000000007 0.39843750000000006 0.13437500000000005 0.3984375 0.13437500000000008 0.9125 0.4109375000000002 0.9125
0 0.26875000000000004 0.35 0.05468750000000004 0.35 0.054687500000000076 0.846875 0.2687500000000001 0.846875
0 0.24375000000000005 0.3 3.6739403974420595e-17 0.3 6.821665373375491e-17 0.8140625 0.24375000000000008 0.8140625
0 0.18125000000000005 0.234375 2.870265935501609e-17 0.234375 4.305398903252414e-17 0.46875 0.18125000000000005 0.46875
0 0.17031250000000003 0.2015625 2.4684287045313837e-17 0.2015625 3.3390760383002056e-17 0.34375 0.17031250000000003 0.34375
0 0.6046875 0.021875000000000047 0.19375 0.021875000000000023 0.19375000000000003 0.5625 0.6046875 0.5625