0 0.3296875 0.2625 0.2140625 0.2625 0.21406250000000004 0.4765625 0.3296875000000001 0.4765625
0 0.4875 0.3453125 0.3296875 0.3453125 0.3296875 0.50625 0.4875 0.50625
0 0.5875 0.3218750000000001 0.4875 0.3218750000000001 0.4875 0.571875 0.5875 0.571875
0 0.590625 0.2375000000000001 0.5265625 0.2375000000000001 0.5265625 0.440625 0.590625 0.440625
0 0.5234375 0.13750000000000004 0.390625 0.13750000000000004 0.390625 0.3453125000000001 0.5234375 0.3453125000000001
0 0.7203125 0.3687500000000001 0.603125 0.3687500000000001 0.603125 0.5421875 0.7203125 0.5421875
0 0.6671875 0.5296875 0.6234375 0.5296875 0.6234375 0.6734375 0.6671875 0.6734375
0 0.7375 0.4953125000000001 0.6578125 0.4953125 0.6578125000000001 0.7390625000000001 0.7375000000000002 0.7390625000000002
0 0.94375 0.7796875000000002 0.8671875 0.7796875000000002 0.8671875 0.99375 0.94375 0.99375
0 0.996875 0.7390625000000002 0.9125 0.7390625000000002 0.9125 0.953125 0.996875 0.953125
0 0.996875 0.6312500000000002 0.90625 0.6312500000000002 0.90625 0.7859375000000002 0.996875 0.7859375000000002
0 0.909375 0.4046875000000001 0.7 0.4046875 0.7 0.6312500000000001 0.909375 0.6312500000000002
0 0.996875 0.04218750000000008 0.253125 0.04218750000000003 0.25312500000000004 0.99375 0.996875 0.99375
0 0.903125 0.10156250000000004 0.146875 0.1015625 0.14687500000000006 0.99375 0.903125 0.99375
0 0.7593750000000001 0.20156250000000003 2.4684287045313837e-17 0.2015625 7.319178135529104e-17 0.99375 0.7593750000000001 0.99375