0 0.65 0.12343750000000006 0.425 0.12343750000000005 0.425 0.521875 0.65 0.521875
0 0.5609375 0.032812500000000064 0.471875 0.03281250000000006 0.471875 0.484375 0.5609375 0.484375
0 0.5875 0.021875000000000068 0.5015625 0.02187500000000006 0.5015625 0.11250000000000007 0.5875 0.11250000000000009
0 0.634375 0.015625000000000076 0.56875 0.015625000000000073 0.56875 0.07031250000000007 0.634375 0.07031250000000007
0 0.66875 0.021875000000000075 0.53125 0.021875000000000068 0.53125 0.65625 0.66875 0.65625
0 0.709375 0.032812500000000085 0.628125 0.03281250000000008 0.628125 0.3546875000000001 0.709375 0.3546875000000001
0 0.7796875000000001 0.12343750000000009 0.628125 0.12343750000000009 0.628125 0.9890625 0.7796875000000002 0.9890625
0 0.840625 0.3437500000000001 0.7640625 0.3437500000000001 0.7640625 0.4515625000000002 0.840625 0.4515625000000002
0 0.978125 0.2484375000000001 0.7703125 0.2484375000000001 0.7703125 0.5171875000000001 0.978125 0.5171875000000001
0 0.9265625 0.2375000000000001 0.796875 0.2375000000000001 0.7968750000000001 0.93125 0.9265625 0.93125
0 0.9828125 0.5437500000000002 0.871875 0.5437500000000002 0.871875 0.7687500000000002 0.9828125 0.7687500000000002
0 0.8640625 0.5109375000000002 0.7421875 0.5109375000000002 0.7421875000000001 0.940625 0.8640625 0.940625
0 0.7562500000000002 0.8171875 0.7093750000000002 0.8171875 0.7093750000000002 0.9734375 0.7562500000000002 0.9734375
0 0.934375 0.40937500000000016 0.7796875 0.40937500000000016 0.7796875 0.5328125000000001 0.934375 0.5328125000000001
0 0.8859375 0.2156250000000001 0.8125 0.2156250000000001 0.8125 0.31718750000000007 0.8859375 0.31718750000000007
0 0.83125 0.10312500000000009 0.7796875 0.10312500000000009 0.7796875 0.3453125000000001 0.83125 0.3453125000000001
0 0.35 0.07031250000000003 0.0890625 0.0703125 0.08906250000000002 0.3546875 0.35 0.3546875
0 0.3578125 0.10781250000000002 0.18125 0.1078125 0.18125000000000002 0.2953125 0.3578125 0.2953125
0 0.36875 0.10781250000000002 0.125 0.1078125 0.12500000000000003 0.484375 0.3687500000000001 0.484375
0 0.40625 0.10781250000000005 0.2921875 0.10781250000000005 0.2921875 0.27343750000000006 0.40625 0.2734375000000001
0 0.36250000000000004 0.284375 0.16718750000000004 0.284375 0.16718750000000004 0.3875 0.3625000000000001 0.3875
0 0.2984375 0.328125 0.13281250000000006 0.328125 0.13281250000000006 0.5046875 0.2984375000000001 0.5046875
0 0.31718750000000007 0.365625 0.24375000000000008 0.365625 0.24375000000000008 0.403125 0.31718750000000007 0.403125
0 0.5546875000000001 0.38281250000000006 0.2812500000000001 0.3828125 0.2812500000000001 0.8609375 0.5546875000000002 0.8609375
0 0.4687500000000001 0.5 0.2687500000000001 0.5 0.2687500000000001 0.9734375 0.46875000000000017 0.9734375
0 0.3062500000000001 0.446875 0.16250000000000003 0.446875 0.16250000000000006 0.6078125 0.3062500000000001 0.6078125
0 0.19531250000000006 0.4578125 0.08125000000000007 0.4578125 0.08125000000000007 0.58125 0.19531250000000008 0.58125
0 0.13281250000000008 0.559375 0.06718750000000007 0.559375 0.06718750000000007 0.628125 0.13281250000000008 0.628125
0 0.21093750000000008 0.565625 0.09687500000000007 0.565625 0.09687500000000007 0.6515625 0.21093750000000008 0.6515625
0 0.3109375000000001 0.6015625 0.14843750000000008 0.6015625 0.14843750000000008 0.7421875 0.3109375000000001 0.7421875
0 0.2734375000000001 0.7359375 0.1843750000000001 0.7359375 0.1843750000000001 0.903125 0.2734375000000001 0.903125
0 0.3437500000000001 0.7265625 0.25468750000000007 0.7265625 0.25468750000000007 0.85 0.3437500000000001 0.85
0 0.3765625000000001 0.790625 0.2875000000000001 0.790625 0.2875000000000001 0.978125 0.3765625000000001 0.978125
0 0.5281250000000002 0.865625 0.47187500000000016 0.865625 0.47187500000000016 0.978125 0.5281250000000002 0.978125
0 0.5718750000000001 0.865625 0.5281250000000002 0.865625 0.5281250000000002 0.978125 0.5718750000000001 0.978125
0 0.6281250000000002 0.85 0.5546875000000002 0.85 0.5546875000000002 0.978125 0.6281250000000002 0.978125
0 0.6640625000000001 0.6515625 0.6046875 0.6515625 0.6046875 0.89375 0.6640625000000002 0.89375
0 0.65 0.521875 0.571875 0.521875 0.571875 0.6828125 0.65 0.6828125
0 0.7125 0.50625 0.6390625 0.50625 0.6390625 0.6140625 0.7125 0.6140625
0 0.446875 0.02187500000000005 0.3609375 0.021875000000000044 0.3609375 0.33281250000000007 0.446875 0.33281250000000007
0 0.503125 0.03281250000000006 0.3921875 0.03281250000000004 0.3921875 0.14531250000000004 0.503125 0.14531250000000004