0 0.875 0.4250000000000001 0.596875 0.425 0.596875 0.7000000000000001 0.875 0.7000000000000002
0 0.9953125 0.5406250000000001 0.8421875 0.5406250000000001 0.8421875 0.7984375000000001 0.9953125 0.7984375000000001
0 0.9671875 0.7171875000000001 0.596875 0.7171875 0.596875 0.909375 0.9671875 0.909375
0 0.6671875 0.5328125 0.35625000000000007 0.5328125 0.35625000000000007 0.8421875 0.6671875000000002 0.8421875
0 0.4359375000000002 0.7265625 0.03750000000000009 0.7265625 0.0375000000000001 0.9109375 0.4359375000000002 0.9109375
0 0.2453125000000001 0.5234375 0.028125000000000067 0.5234375 0.028125000000000084 0.8078125 0.2453125000000001 0.8078125
0 0.4640625 0.403125 0.2093750000000001 0.403125 0.2093750000000001 0.653125 0.4640625 0.653125
0 0.653125 0.31718750000000007 0.4265625 0.31718750000000007 0.4265625 0.5453125 0.653125 0.5453125
0 0.7921875 0.2234375000000001 0.5828125 0.2234375000000001 0.5828125 0.4296875000000001 0.7921875 0.42968750000000017
0 0.94375 0.1671875000000001 0.75 0.1671875000000001 0.75 0.3515625000000001 0.94375 0.3515625000000001
0 0.778125 0.1468750000000001 0.615625 0.1468750000000001 0.615625 0.2796875000000001 0.778125 0.2796875000000001
0 0.64375 0.11093750000000006 0.4859375 0.11093750000000005 0.4859375 0.2234375000000001 0.64375 0.2234375000000001
0 0.5140625 0.15000000000000005 0.3515625 0.15000000000000005 0.3515625 0.27031250000000007 0.5140625 0.27031250000000007
0 0.653125 0.21093750000000008 0.471875 0.21093750000000008 0.471875 0.3437500000000001 0.653125 0.3437500000000001
0 0.5234375 0.24531250000000004 0.3046875 0.2453125 0.30468750000000006 0.4203125 0.5234375 0.4203125
0 0.3890625 0.19843750000000004 0.2125 0.19843750000000004 0.2125 0.34843750000000007 0.3890625 0.34843750000000007
0 0.3296875 0.309375 0.08906250000000004 0.309375 0.08906250000000006 0.4890625 0.3296875000000001 0.4890625
0 0.21250000000000005 0.2359375 0.028125000000000032 0.2359375 0.028125000000000046 0.4203125 0.21250000000000008 0.4203125
0 0.12031250000000007 0.434375 0.023437500000000056 0.434375 0.023437500000000062 0.55 0.12031250000000009 0.55