0 0.22812500000000008 0.4890625 0.0031250000000000596 0.4890625 0.0031250000000000895 0.971875 0.22812500000000008 0.971875
0 0.4203125000000001 0.43125 0.2140625000000001 0.43125 0.2140625000000001 0.99375 0.4203125000000002 0.99375
0 0.4203125 0.21250000000000005 0.16875000000000004 0.2125 0.16875000000000004 0.4828125 0.4203125 0.4828125
0 0.50625 0.14375000000000004 0.3484375 0.14375000000000004 0.34843750000000007 0.4546875 0.50625 0.4546875
0 0.24218750000000006 0.19531250000000003 0.010937500000000025 0.1953125 0.010937500000000048 0.5578125 0.24218750000000008 0.5578125
0 0.17187500000000008 0.384375 4.7072361342226394e-17 0.384375 8.256798341126295e-17 0.9640625 0.17187500000000014 0.9640625
0 0.7890625000000001 0.2656250000000001 0.4140625 0.2656250000000001 0.4140625000000001 0.9953125 0.7890625000000002 0.9953125
0 0.6734375 5.989288252080025e-17 0.3046875 3.731345716152092e-17 0.3046875 0.36250000000000004 0.6734375 0.3625000000000001
0 0.4078125 0.006250000000000042 0.2734375 0.006250000000000033 0.2734375 0.30468750000000006 0.4078125 0.3046875000000001
0 0.790625 0.11562500000000009 0.6734375 0.11562500000000009 0.6734375 0.2765625000000001 0.790625 0.2765625000000001
0 0.996875 1.0514740877054229e-16 0.7203125 8.82128397510828e-17 0.7203125 0.2531250000000001 0.996875 0.2531250000000001
0 0.996875 0.0687500000000001 0.7 0.06875000000000009 0.7000000000000001 0.99375 0.996875 0.99375