0 0.2687500000000001 0.5953125 0.1515625000000001 0.5953125 0.1515625000000001 0.7734375 0.2687500000000001 0.7734375
0 0.22031250000000005 0.303125 0.14375000000000004 0.303125 0.14375000000000004 0.4828125 0.22031250000000008 0.4828125
0 0.37812500000000004 0.29218750000000004 0.2234375 0.2921875 0.22343750000000004 0.5953125 0.3781250000000001 0.5953125
0 0.4046875000000001 0.5296875 0.27812500000000007 0.5296875 0.27812500000000007 0.7796875 0.4046875000000002 0.7796875
0 0.3515625000000001 0.696875 0.20468750000000008 0.696875 0.20468750000000008 0.9109375 0.3515625000000001 0.9109375
0 0.5859375 0.19062500000000007 0.41875 0.19062500000000004 0.41875 0.4703125 0.5859375 0.4703125
0 0.70625 0.3343750000000001 0.5046875 0.3343750000000001 0.5046875 0.584375 0.70625 0.584375
0 0.7328125 0.22031250000000008 0.571875 0.22031250000000008 0.571875 0.4406250000000001 0.7328125 0.44062500000000016
0 0.609375 0.012500000000000063 0.46875 0.012500000000000056 0.46875 0.2328125000000001 0.609375 0.2328125000000001
0 0.8125 0.1843750000000001 0.6953125 0.1843750000000001 0.6953125 0.3515625000000001 0.8125 0.3515625000000001
0 0.85625 0.029687500000000096 0.6890625 0.02968750000000009 0.6890625 0.22656250000000008 0.85625 0.22656250000000008