0 0.9015625 0.6390625000000001 0.3968750000000001 0.6390625 0.3968750000000001 0.9953125 0.9015625 0.9953125
0 0.996875 0.4812500000000002 0.8 0.4812500000000002 0.8 0.6390625000000002 0.996875 0.6390625000000002
0 0.884375 0.4921875000000001 0.5609375 0.4921875 0.5609375000000001 0.7437500000000001 0.884375 0.7437500000000001
0 0.996875 0.3671875000000001 0.909375 0.3671875000000001 0.909375 0.47656250000000017 0.996875 0.47656250000000017
0 0.95625 0.3437500000000001 0.70625 0.3437500000000001 0.70625 0.4921875000000001 0.95625 0.49218750000000017
0 0.8546875 0.27812500000000007 0.4 0.27812500000000007 0.4 0.6125 0.8546875 0.6125000000000002
0 0.996875 0.1640625000000001 0.665625 0.16406250000000008 0.665625 0.3390625000000001 0.996875 0.3390625000000001
0 0.996875 0.021875000000000117 0.9015625 0.02187500000000011 0.9015625 0.2015625000000001 0.996875 0.2015625000000001
0 0.996875 0.1593750000000001 0.8765625 0.1593750000000001 0.8765625 0.3890625000000001 0.996875 0.3890625000000001
0 0.30937500000000007 0.8203125 1.0045930774255631e-16 0.8203125 1.0878307895551096e-16 0.95625 0.30937500000000007 0.95625
0 0.5281250000000002 0.765625 0.1062500000000001 0.765625 0.10625000000000011 0.9953125 0.5281250000000002 0.9953125
0 0.5500000000000002 0.7375 0.1390625000000001 0.7375 0.13906250000000012 0.9953125 0.5500000000000002 0.9953125
0 0.4765625000000001 0.590625 7.233070157464055e-17 0.590625 8.505554722203101e-17 0.7984375 0.47656250000000017 0.7984375
0 0.1593750000000001 0.775 9.491012693391987e-17 0.775 1.0763497258131035e-16 0.9828125 0.15937500000000013 0.9828125
0 0.440625 0.453125 0.2468750000000001 0.453125 0.2468750000000001 0.5953125 0.440625 0.5953125
0 0.3500000000000001 0.459375 0.007812500000000056 0.459375 0.007812500000000073 0.721875 0.3500000000000001 0.721875
0 0.1593750000000001 0.634375 0.02187500000000008 0.634375 0.021875000000000085 0.7546875 0.1593750000000001 0.7546875
0 0.27968750000000003 0.2234375 2.7363201918448673e-17 0.2234375 5.788369636594911e-17 0.721875 0.2796875000000001 0.721875
0 0.48125 0.11406250000000002 0.1390625 0.1140625 0.13906250000000003 0.27343750000000006 0.48125 0.2734375000000001
0 0.17500000000000004 0.225 2.7554552980815448e-17 0.225 3.9609669909922206e-17 0.421875 0.17500000000000004 0.421875
0 0.5203125 0.30156250000000007 0.09843750000000004 0.3015625 0.09843750000000005 0.465625 0.5203125 0.465625
0 0.27656250000000004 0.234375 2.870265935501609e-17 0.234375 4.7837765591693485e-17 0.546875 0.2765625000000001 0.546875
0 0.30156250000000007 0.453125 0.06250000000000004 0.453125 0.06250000000000007 0.6390625 0.30156250000000007 0.6390625
0 0.3500000000000001 0.4703125 0.015625000000000056 0.4703125 0.015625000000000073 0.721875 0.3500000000000001 0.721875
0 0.13437500000000008 0.634375 0.014062500000000078 0.634375 0.014062500000000085 0.7484375 0.13437500000000008 0.7484375
0 0.4140625 0.4703125 0.2906250000000001 0.4703125 0.2906250000000001 0.5734375 0.4140625 0.5734375
0 0.6328125 0.25781250000000006 0.2140625 0.2578125 0.21406250000000004 0.38906250000000003 0.6328125 0.3890625000000001
0 0.6625 0.18125000000000008 0.5421875 0.18125000000000005 0.5421875 0.30156250000000007 0.6625 0.30156250000000007
0 0.8609375 8.22809568177128e-17 0.4828125 5.912747827133314e-17 0.4828125 0.23437500000000008 0.8609375 0.23437500000000008
0 0.9953125 1.0859172789314422e-16 0.778125 9.529282905865343e-17 0.778125 0.1796875000000001 0.9953125 0.17968750000000014
0 0.625 4.582857943684236e-17 0.1234375 1.511673392697514e-17 0.1234375 0.12031250000000004 0.625 0.12031250000000009