0 0.996875 0.7687500000000002 0.9421875 0.7687500000000002 0.9421875 0.8984375 0.996875 0.8984375
0 0.9734375 0.8640625 0.9296875 0.8640625 0.9296875 0.9515625 0.9734375 0.9515625
0 0.9296875 0.8578125 0.8921875 0.8578125 0.8921875 0.9453125 0.9296875 0.9453125
0 0.9390625 0.7484375000000002 0.86875 0.7484375000000002 0.86875 0.884375 0.9390625 0.884375
0 0.9640625 0.7015625000000002 0.915625 0.7015625000000002 0.915625 0.809375 0.9640625 0.809375
0 0.996875 0.6390625000000002 0.965625 0.6390625000000002 0.965625 0.7687500000000002 0.996875 0.7687500000000002
0 0.9734375 0.6187500000000001 0.915625 0.6187500000000001 0.915625 0.7218750000000002 0.9734375 0.7218750000000002
0 0.996875 0.4890625000000002 0.965625 0.4890625000000002 0.965625 0.6328125000000002 0.996875 0.6328125000000002
0 0.9765625 0.5515625000000002 0.9296875 0.5515625000000002 0.9296875 0.6390625000000002 0.9765625 0.6390625000000002
0 0.9359375 0.5109375000000002 0.871875 0.5109375000000002 0.871875 0.6390625000000002 0.9359375 0.6390625000000002
0 0.959375 0.4359375000000002 0.915625 0.4359375000000002 0.915625 0.5640625000000001 0.959375 0.5640625000000001
0 0.915625 0.6390625000000002 0.8625 0.6390625000000002 0.8625 0.7484375000000002 0.915625 0.7484375000000002
0 0.8484375 0.8578125 0.821875 0.8578125 0.821875 0.925 0.8484375 0.925
0 0.8546875 0.9046875 0.83125 0.9046875 0.83125 0.9390625 0.8546875 0.9390625
0 0.878125 0.9125 0.8546875 0.9125 0.8546875 0.9875 0.878125 0.9875
0 0.8546875 0.9453125 0.825 0.9453125 0.825 0.99375 0.8546875 0.99375
0 0.859375 0.803125 0.83125 0.803125 0.83125 0.8640625 0.859375 0.8640625
0 0.8484375 0.7359375000000001 0.83125 0.7359375000000001 0.83125 0.7968750000000002 0.8484375 0.7968750000000002
0 0.828125 0.7078125000000002 0.7953125 0.7078125000000002 0.7953125000000001 0.7687500000000002 0.828125 0.7687500000000002
0 0.834375 0.7546875000000002 0.8140625 0.7546875000000002 0.8140625 0.7890625000000002 0.834375 0.7890625000000002
0 0.83125 0.7687500000000002 0.7984375000000001 0.7687500000000002 0.7984375000000001 0.8296875 0.83125 0.8296875
0 0.825 0.809375 0.7843750000000002 0.809375 0.7843750000000002 0.884375 0.825 0.884375
0 0.8171875 0.878125 0.8 0.878125 0.8 0.9390625 0.8171875 0.9390625
0 0.83125 0.925 0.8046875 0.925 0.8046875 0.9859375 0.83125 0.9859375
0 0.825 0.965625 0.7984375000000001 0.965625 0.7984375000000001 0.99375 0.825 0.99375
0 0.7937500000000001 0.7078125000000002 0.7546875 0.7078125000000002 0.7546875000000001 0.7484375000000002 0.7937500000000002 0.7484375000000002
0 0.7671875000000001 0.7343750000000002 0.7437500000000001 0.7343750000000002 0.7437500000000001 0.8375 0.7671875000000001 0.8375
0 0.7968750000000002 0.7625000000000002 0.7562500000000002 0.7625000000000002 0.7562500000000002 0.85 0.7968750000000002 0.85
0 0.7500000000000001 0.7000000000000001 0.7171875 0.7 0.7171875000000001 0.7890625000000001 0.7500000000000002 0.7890625000000002
0 0.7375000000000002 0.7828125000000001 0.6937500000000002 0.7828125 0.6937500000000002 0.8296875 0.7375000000000002 0.8296875
0 0.7562500000000002 0.83125 0.7328125000000002 0.83125 0.7328125000000002 0.9125 0.7562500000000002 0.9125
0 0.7781250000000002 0.8375 0.7468750000000002 0.8375 0.7468750000000002 0.9125 0.7781250000000002 0.9125
0 0.7296875000000002 0.8640625 0.7062500000000002 0.8640625 0.7062500000000002 0.925 0.7296875000000002 0.925
0 0.7171875000000002 0.8296875 0.7000000000000002 0.8296875 0.7000000000000002 0.8640625 0.7171875000000002 0.8640625
0 0.7093750000000002 0.8375 0.6859375000000002 0.8375 0.6859375000000002 0.9046875 0.7093750000000002 0.9046875
0 0.7000000000000002 0.8984375 0.6828125000000002 0.8984375 0.6828125000000002 0.959375 0.7000000000000002 0.959375
0 0.7265625000000002 0.925 0.7000000000000002 0.925 0.7000000000000002 0.99375 0.7265625000000002 0.99375
0 0.7578125000000002 0.9453125 0.7296875000000002 0.9453125 0.7296875000000002 0.99375 0.7578125000000002 0.99375
0 0.7937500000000002 0.8984375 0.7546875000000002 0.8984375 0.7546875000000002 0.99375 0.7937500000000002 0.99375
0 0.7062500000000002 0.965625 0.6859375000000002 0.965625 0.6859375000000002 0.99375 0.7062500000000002 0.99375
0 0.6468750000000002 0.890625 0.5953125000000001 0.890625 0.5953125000000001 0.9796875 0.6468750000000002 0.9796875
0 0.6531250000000002 0.7625 0.6125000000000002 0.7625 0.6125000000000002 0.878125 0.6531250000000002 0.878125
0 0.6640625000000002 0.809375 0.6296875000000002 0.809375 0.6296875000000002 0.9046875 0.6640625000000002 0.9046875
0 0.6796875000000001 0.7140625 0.65 0.7140625 0.6500000000000001 0.809375 0.6796875000000002 0.809375
0 0.6890625 0.61875 0.665625 0.61875 0.665625 0.7140625 0.6890625 0.7140625
0 0.6687500000000001 0.646875 0.621875 0.646875 0.6218750000000001 0.728125 0.6687500000000002 0.728125
0 0.6531250000000001 0.7078125 0.615625 0.7078125 0.6156250000000001 0.7953125 0.6531250000000002 0.7953125
0 0.6218750000000001 0.7078125 0.58125 0.7078125 0.58125 0.815625 0.6218750000000002 0.815625
0 0.6156250000000002 0.809375 0.5859375000000002 0.809375 0.5859375000000002 0.890625 0.6156250000000002 0.890625
0 0.5968750000000002 0.890625 0.5656250000000002 0.890625 0.5656250000000002 0.959375 0.5968750000000002 0.959375
0 0.5781250000000002 0.8984375 0.5312500000000002 0.8984375 0.5312500000000002 0.99375 0.5781250000000002 0.99375
0 0.6093750000000002 0.959375 0.5796875000000001 0.959375 0.5796875000000001 0.9796875 0.6093750000000002 0.9796875
0 0.5625 0.38750000000000007 0.525 0.38750000000000007 0.525 0.4828125 0.5625 0.4828125
0 0.51875 0.4421875 0.490625 0.4421875 0.490625 0.53125 0.51875 0.53125
0 0.559375 0.4625 0.525 0.4625 0.525 0.5234375 0.559375 0.5234375
0 0.5390625 0.496875 0.5015625 0.496875 0.5015625 0.571875 0.5390625 0.571875
0 0.584375 0.415625 0.5578125 0.415625 0.5578125 0.490625 0.584375 0.490625
0 0.60625 0.421875 0.5796875 0.421875 0.5796875 0.496875 0.60625 0.496875
0 0.6359375 0.4625 0.60625 0.4625 0.60625 0.53125 0.6359375 0.53125
0 0.65625 0.496875 0.6265625 0.496875 0.6265625 0.5515625 0.65625 0.5515625
0 0.6765625 0.53125 0.6265625 0.53125 0.6265625 0.6125 0.6765625 0.6125
0 0.684375 0.571875 0.653125 0.571875 0.653125 0.6390625 0.684375 0.6390625
0 0.64375 0.5984375 0.6125 0.5984375 0.6125 0.659375 0.64375 0.659375
0 0.6390625 0.5375 0.6125 0.5375 0.6125 0.5984375 0.6390625 0.5984375
0 0.621875 0.4765625 0.58125 0.4765625 0.58125 0.578125 0.621875 0.578125
0 0.6125 0.565625 0.5765625 0.565625 0.5765625 0.646875 0.6125 0.646875
0 0.60625 0.6265625 0.575 0.6265625 0.575 0.7078125 0.60625 0.7078125
0 0.5796875000000001 0.6875 0.5453125 0.6875 0.5453125000000001 0.7546875 0.5796875000000001 0.7546875
0 0.5656250000000002 0.7546875 0.5281250000000002 0.7546875 0.5281250000000002 0.84375 0.5656250000000002 0.84375
0 0.5859375000000002 0.8234375 0.5562500000000001 0.8234375 0.5562500000000001 0.884375 0.5859375000000002 0.884375
0 0.5656250000000002 0.8375 0.5250000000000001 0.8375 0.5250000000000001 0.925 0.5656250000000002 0.925
0 0.5312500000000002 0.84375 0.5078125000000002 0.84375 0.5078125000000002 0.925 0.5312500000000002 0.925
0 0.5281250000000002 0.75625 0.5046875000000002 0.75625 0.5046875000000002 0.8375 0.5281250000000002 0.8375
0 0.5250000000000001 0.6734375 0.4984375 0.6734375 0.4984375000000001 0.7484375 0.5250000000000001 0.7484375
0 0.5484375000000001 0.68125 0.525 0.68125 0.5250000000000001 0.7625 0.5484375000000001 0.7625
0 0.575 0.61875 0.5390625 0.61875 0.5390625 0.69375 0.575 0.69375
0 0.5859375 0.503125 0.5421875 0.503125 0.5421875 0.6390625 0.5859375 0.6390625
0 0.5453125 0.5515625 0.5125 0.5515625 0.5125 0.6796875 0.5453125 0.6796875
0 0.5109375 0.578125 0.478125 0.578125 0.478125 0.6734375 0.5109375 0.6734375
0 0.5171875 0.5515625 0.49375 0.5515625 0.49375 0.5984375 0.5171875 0.5984375
0 0.5140625000000002 0.8984375 0.45312500000000017 0.8984375 0.45312500000000017 0.99375 0.5140625000000002 0.99375
0 0.7265625 0.2718750000000001 0.6734375 0.2718750000000001 0.6734375 0.4078125000000001 0.7265625 0.4078125000000002
0 0.6796875 0.33281250000000007 0.6265625 0.33281250000000007 0.6265625 0.45625 0.6796875 0.45625
0 0.6671875 0.2453125000000001 0.6296875 0.2453125000000001 0.6296875 0.34062500000000007 0.6671875 0.34062500000000007
0 0.703125 0.0750000000000001 0.646875 0.0750000000000001 0.646875 0.19687500000000008 0.703125 0.19687500000000008
0 0.6625 0.16406250000000008 0.621875 0.16406250000000008 0.621875 0.2515625000000001 0.6625 0.2515625000000001
0 0.6296875 0.19687500000000008 0.5796875 0.19687500000000008 0.5796875 0.3265625000000001 0.6296875 0.3265625000000001
0 0.6359375 0.33281250000000007 0.5921875 0.33281250000000007 0.5921875 0.38750000000000007 0.6359375 0.38750000000000007
0 0.8625 0.42187500000000017 0.7703125 0.42187500000000017 0.7703125 0.5843750000000002 0.8625 0.5843750000000002
0 0.8671875 0.5234375000000002 0.796875 0.5234375000000002 0.796875 0.6875000000000002 0.8671875 0.6875000000000002
0 0.8046875 0.5437500000000001 0.696875 0.54375 0.696875 0.6734375000000001 0.8046875 0.6734375000000001
0 0.7734375 0.4156250000000001 0.6859375 0.415625 0.6859375 0.565625 0.7734375 0.5656250000000002
0 0.8140625 0.3343750000000001 0.7609375 0.3343750000000001 0.7609375 0.4500000000000002 0.8140625 0.4500000000000002
0 0.7671875 0.3000000000000001 0.728125 0.3000000000000001 0.728125 0.4500000000000002 0.7671875 0.4500000000000002
0 0.86875 0.1843750000000001 0.8390625 0.1843750000000001 0.8390625 0.2796875000000001 0.86875 0.2796875000000001
0 0.8421875 0.1703125000000001 0.778125 0.1703125000000001 0.778125 0.2656250000000001 0.8421875 0.2656250000000001
0 0.834375 0.2390625000000001 0.75 0.2390625000000001 0.75 0.3343750000000001 0.834375 0.3343750000000001
0 0.8453125 0.0484375000000001 0.8140625 0.0484375000000001 0.8140625 0.1765625000000001 0.8453125 0.1765625000000001
0 0.825 0.10937500000000008 0.790625 0.10937500000000008 0.790625 0.19687500000000008 0.825 0.19687500000000008
0 0.871875 0.07500000000000011 0.8453125 0.07500000000000011 0.8453125 0.1218750000000001 0.871875 0.1218750000000001
0 0.8609375 0.11562500000000009 0.8453125 0.11562500000000009 0.8453125 0.1765625000000001 0.8609375 0.1765625000000001
0 0.8921875 0.1437500000000001 0.8578125 0.1437500000000001 0.8578125 0.21875000000000008 0.8921875 0.21875000000000008
0 0.79375 0.1359375000000001 0.746875 0.1359375000000001 0.746875 0.2312500000000001 0.79375 0.2312500000000001
0 0.8140625 9.471877587155309e-17 0.7328125 8.974364825001696e-17 0.7328125 0.2312500000000001 0.8140625 0.2312500000000001
0 0.8390625 9.538850458983681e-17 0.71875 8.802148868871601e-17 0.71875 0.2375000000000001 0.8390625 0.2375000000000001
0 0.8546875 1.0227714283504067e-16 0.815625 9.9885254555456e-17 0.815625 0.0750000000000001 0.8546875 0.07500000000000011
0 0.8984375 1.0715659492539341e-16 0.8515625 1.0428632898989179e-16 0.8515625 0.07500000000000011 0.8984375 0.07500000000000011
0 0.784375 0.007812500000000094 0.7203125 0.007812500000000088 0.7203125 0.12343750000000009 0.784375 0.12343750000000009
0 0.7640625 0.05468750000000009 0.728125 0.05468750000000009 0.728125 0.1296875000000001 0.7640625 0.1296875000000001
0 0.7203125 8.658635572096521e-17 0.69375 8.495987169084762e-17 0.69375 0.06093750000000009 0.7203125 0.06093750000000009
0 0.73125 8.333338766073005e-17 0.6296875 7.711447813380989e-17 0.6296875 0.06875000000000007 0.73125 0.06875000000000009
0 0.6671875 0.04062500000000008 0.6296875 0.04062500000000008 0.6296875 0.1296875000000001 0.6671875 0.1296875000000001
0 0.646875 0.054687500000000076 0.5953125 0.05468750000000007 0.5953125 0.1765625000000001 0.646875 0.1765625000000001
0 0.596875 0.08906250000000007 0.5484375 0.08906250000000007 0.5484375 0.20468750000000008 0.596875 0.20468750000000008
0 0.575 0.17031250000000006 0.521875 0.17031250000000003 0.521875 0.27812500000000007 0.575 0.27812500000000007
0 0.5953125 0.1906250000000001 0.571875 0.1906250000000001 0.571875 0.2375000000000001 0.5953125 0.2375000000000001
0 0.5859375 0.2718750000000001 0.53125 0.2718750000000001 0.53125 0.38750000000000007 0.5859375 0.38750000000000007
0 0.540625 0.19062500000000004 0.5140625 0.19062500000000004 0.5140625 0.28593750000000007 0.540625 0.28593750000000007
0 0.5625 0.026562500000000065 0.5015625 0.026562500000000065 0.5015625 0.15000000000000008 0.5625 0.15000000000000008
0 0.603125 7.089556860688975e-17 0.5546875 6.792962714020475e-17 0.5546875 0.08906250000000007 0.603125 0.08906250000000007
0 0.5546875 6.553773886062008e-17 0.515625 6.31458505810354e-17 0.515625 0.034375000000000065 0.5546875 0.034375000000000065
0 0.3593750000000001 0.8703125 0.23437500000000008 0.8703125 0.23437500000000008 0.99375 0.3593750000000001 0.99375
0 0.2453125000000001 0.9453125 0.2093750000000001 0.9453125 0.2093750000000001 0.99375 0.2453125000000001 0.99375
0 0.30000000000000004 0.29375 0.25625 0.29375 0.25625000000000003 0.7765625 0.3000000000000001 0.7765625
0 0.3500000000000001 0.4078125 0.29375000000000007 0.4078125 0.29375000000000007 0.734375 0.3500000000000001 0.734375
0 0.3359375000000001 0.39375 0.3000000000000001 0.39375 0.3000000000000001 0.7484375 0.3359375000000001 0.7484375
0 0.2656250000000001 0.4078125 0.2156250000000001 0.4078125 0.2156250000000001 0.8375 0.2656250000000001 0.8375
0 0.2593750000000001 0.415625 0.24218750000000008 0.415625 0.24218750000000008 0.571875 0.2593750000000001 0.571875
0 0.2312500000000001 0.6046875 0.18750000000000008 0.6046875 0.1875000000000001 0.959375 0.2312500000000001 0.959375
0 0.21875000000000008 0.4421875 0.15468750000000003 0.4421875 0.15468750000000006 0.8375 0.21875000000000008 0.8375
0 0.2015625000000001 0.4296875 0.16562500000000005 0.4296875 0.16562500000000008 0.8921875 0.2015625000000001 0.8921875
0 0.2078125000000001 0.9453125 0.14843750000000014 0.9453125 0.14843750000000014 0.99375 0.2078125000000001 0.99375
0 0.15781250000000013 0.91875 0.11875000000000013 0.91875 0.11875000000000013 0.99375 0.15781250000000013 0.99375
0 0.1265625000000001 0.8984375 0.0796875000000001 0.8984375 0.0796875000000001 0.99375 0.12656250000000013 0.99375
0 0.4437500000000002 0.8515625 0.4109375000000002 0.8515625 0.4109375000000002 0.9328125 0.4437500000000002 0.9328125
0 0.43750000000000017 0.76875 0.4046875000000002 0.76875 0.4046875000000002 0.84375 0.43750000000000017 0.84375
0 0.4703125000000002 0.7421875 0.4312500000000002 0.7421875 0.4312500000000002 0.8375 0.4703125000000002 0.8375
0 0.4078125000000002 0.815625 0.3671875000000001 0.815625 0.3671875000000001 0.884375 0.4078125000000002 0.884375
0 0.4078125000000002 0.878125 0.3671875000000001 0.878125 0.3671875000000001 0.959375 0.4078125000000002 0.959375
0 0.36406250000000007 0.803125 0.3296875000000001 0.803125 0.3296875000000001 0.890625 0.36406250000000007 0.890625
0 0.3812500000000001 0.7890625 0.3531250000000001 0.7890625 0.3531250000000001 0.8578125 0.3812500000000001 0.8578125
0 0.3703125000000001 0.7546875 0.3234375000000001 0.7546875 0.3234375000000001 0.803125 0.3703125000000001 0.803125
0 0.40312500000000007 0.69375 0.36406250000000007 0.69375 0.36406250000000007 0.7625 0.4031250000000002 0.7625
0 0.4109375000000002 0.75625 0.37968750000000007 0.75625 0.37968750000000007 0.8171875 0.4109375000000002 0.8171875
0 0.4484375000000001 0.6671875 0.4 0.6671875 0.4000000000000001 0.76875 0.44843750000000016 0.76875
0 0.4703125000000001 0.6125 0.446875 0.6125 0.4468750000000001 0.734375 0.4703125000000002 0.734375
0 0.434375 0.5921875 0.3968750000000001 0.5921875 0.3968750000000001 0.659375 0.434375 0.659375
0 0.4046875 0.6125 0.3703125000000001 0.6125 0.3703125000000001 0.7 0.4046875 0.7
0 0.3734375000000001 0.578125 0.3531250000000001 0.578125 0.3531250000000001 0.659375 0.3734375000000001 0.659375
0 0.4046875 0.5453125 0.3703125000000001 0.5453125 0.3703125000000001 0.6265625 0.4046875 0.6265625
0 0.4671875 0.53125 0.4265625 0.53125 0.4265625 0.6265625 0.4671875 0.6265625
0 0.48125 0.5578125 0.465625 0.5578125 0.465625 0.653125 0.48125 0.653125
0 0.48125 0.4765625 0.440625 0.4765625 0.440625 0.54375 0.48125 0.54375
0 0.484375 0.4078125 0.440625 0.4078125 0.440625 0.4828125 0.484375 0.4828125
0 0.44375 0.4359375 0.4171875 0.4359375 0.4171875 0.5109375 0.44375 0.5109375
0 0.428125 0.4625 0.3937500000000001 0.4625 0.3937500000000001 0.5640625 0.428125 0.5640625
0 0.3937500000000001 0.4765625 0.36406250000000007 0.4765625 0.36406250000000007 0.54375 0.3937500000000001 0.54375
0 0.14062500000000003 1.0619983961355954e-17 0.0328125 4.018372309702252e-18 0.032812500000000015 0.2921875 0.14062500000000006 0.2921875
0 0.06406250000000002 3.922696778518867e-18 0 0 2.4971313638864e-17 0.4078125 0.06406250000000005 0.4078125
0 0.20781250000000004 0.259375 0.13750000000000004 0.259375 0.13750000000000004 0.3953125 0.2078125000000001 0.3953125
0 0.184375 0.05468750000000002 0.128125 0.05468750000000002 0.12812500000000002 0.278125 0.18437500000000004 0.278125
0 0.17812500000000003 0.020312500000000018 0.1390625 0.020312500000000018 0.13906250000000003 0.2109375 0.17812500000000003 0.2109375
0 0.275 0.17656250000000004 0.2046875 0.17656250000000004 0.2046875 0.2859375 0.275 0.2859375
0 0.3125 0.16406250000000006 0.2390625 0.16406250000000006 0.2390625 0.3140625 0.3125 0.3140625
0 0.30625 0.10156250000000004 0.2625 0.10156250000000004 0.2625 0.2109375 0.30625 0.2109375
0 0.271875 0.01406250000000003 0.2390625 0.014062500000000028 0.2390625 0.15000000000000005 0.271875 0.15000000000000005
0 0.3 0.020312500000000035 0.271875 0.020312500000000032 0.271875 0.10156250000000004 0.3 0.10156250000000004
0 0.334375 3.7983185879804626e-17 0.2859375 3.501724441311963e-17 0.2859375 0.05468750000000004 0.334375 0.05468750000000004
0 0.2390625 2.7650228511998833e-17 0.2125 2.6023744481881253e-17 0.2125 0.13593750000000004 0.2390625 0.13593750000000004
0 0.2078125 2.1335643453895294e-17 0.140625 1.7221595613009655e-17 0.140625 0.06875000000000002 0.2078125 0.06875000000000002
0 0.4171875 0.19062500000000004 0.3578125 0.19062500000000004 0.35781250000000003 0.428125 0.4171875 0.428125
0 0.434375 0.14375000000000004 0.4046875 0.14375000000000004 0.4046875 0.3203125000000001 0.434375 0.3203125000000001
0 0.4578125 0.2796875000000001 0.434375 0.2796875000000001 0.434375 0.38750000000000007 0.4578125 0.38750000000000007
0 0.4609375 0.10156250000000004 0.4375 0.10156250000000004 0.4375 0.3000000000000001 0.4609375 0.3000000000000001
0 0.490625 0.11562500000000005 0.45 0.11562500000000005 0.45 0.34062500000000007 0.490625 0.34062500000000007
0 0.525 0.11562500000000005 0.478125 0.11562500000000005 0.478125 0.2578125000000001 0.525 0.2578125000000001
0 0.39375 0.17656250000000004 0.30625 0.17656250000000004 0.30625 0.29218750000000004 0.39375 0.2921875000000001
0 0.37968750000000007 0.22500000000000003 0.3125 0.225 0.31250000000000006 0.37500000000000006 0.37968750000000007 0.3750000000000001
0 0.35 0.014062500000000039 0.29375 0.014062500000000033 0.29375 0.2453125 0.35 0.2453125
0 0.4828125 5.0612355996011704e-17 0.34375 4.209723372069027e-17 0.34375 0.04687500000000005 0.4828125 0.046875000000000056
0 0.3875 0.04062500000000004 0.346875 0.04062500000000004 0.346875 0.17656250000000004 0.3875 0.17656250000000004
0 0.4046875 0.04062500000000004 0.3734375 0.04062500000000004 0.3734375 0.18437500000000004 0.4046875 0.18437500000000004
0 0.4546875 0.014062500000000052 0.4078125 0.01406250000000005 0.4078125 0.15000000000000005 0.4546875 0.15000000000000005
0 0.13125000000000006 0.3875 0.09062500000000004 0.3875 0.09062500000000005 0.571875 0.1312500000000001 0.571875
0 0.13125000000000003 0.353125 0.11406250000000004 0.353125 0.11406250000000004 0.496875 0.13125000000000003 0.496875
0 0.14843750000000006 0.3203125 0.12812500000000004 0.3203125 0.12812500000000004 0.3875 0.14843750000000006 0.3875
0 0.18906250000000005 0.3953125 0.12812500000000004 0.3953125 0.12812500000000004 0.4359375 0.18906250000000005 0.4359375
0 0.10468750000000007 0.4890625 0.02031250000000006 0.4890625 0.02031250000000007 0.653125 0.10468750000000009 0.653125
0 0.07031250000000008 0.5515625 0.050000000000000065 0.5515625 0.05000000000000008 0.659375 0.07031250000000008 0.659375
0 0.09843750000000008 0.571875 0.06406250000000006 0.571875 0.06406250000000008 0.775 0.0984375000000001 0.775
0 0.16562500000000008 0.7953125 0.08750000000000009 0.7953125 0.0875000000000001 0.8984375 0.16562500000000008 0.8984375
0 0.11718750000000011 0.8703125 0.0875000000000001 0.8703125 0.0875000000000001 0.99375 0.11718750000000014 0.99375
0 0.0812500000000001 0.7828125 0.0437500000000001 0.7828125 0.04375000000000011 0.99375 0.08125000000000011 0.99375
0 0.0531250000000001 0.7890625 9.663228649522084e-17 0.7890625 1.0285119602214098e-16 0.890625 0.05312500000000011 0.890625
0 0.050000000000000114 0.884375 0.003125000000000108 0.884375 0.003125000000000115 0.99375 0.050000000000000114 0.99375
0 0.04375000000000009 0.6390625 7.826258450801054e-17 0.6390625 9.041337696830068e-17 0.8375 0.0437500000000001 0.8375
0 0.1437500000000001 0.6265625 0.03593750000000008 0.6265625 0.03593750000000009 0.7828125 0.1437500000000001 0.7828125
0 0.15468750000000006 0.4078125 0.09531250000000005 0.4078125 0.09531250000000006 0.69375 0.1546875000000001 0.69375
0 0.14531250000000004 0.30625 0.046875000000000035 0.30625 0.04687500000000005 0.5375 0.14531250000000004 0.5375
0 0.08750000000000006 0.4078125 4.9942627277728e-17 0.4078125 6.582476545417024e-17 0.6671875 0.08750000000000009 0.6671875