0 0.996875 7.998474406931151e-17 0.309375 3.788751034862124e-17 0.30937500000000007 0.4781250000000001 0.996875 0.4781250000000002
0 0.971875 0.2531250000000001 0.4328125 0.2531250000000001 0.4328125 0.5671875000000001 0.971875 0.5671875000000002
0 0.996875 0.1515625000000001 0.8 0.1515625000000001 0.8 0.2921875000000001 0.996875 0.2921875000000001
0 0.996875 0.06718750000000011 0.8875 0.06718750000000011 0.8875 0.2140625000000001 0.996875 0.2140625000000001
0 0.996875 0.03437500000000012 0.9578125 0.03437500000000012 0.9578125 0.08437500000000012 0.996875 0.08437500000000012
0 0.996875 0.3828125000000001 0.778125 0.3828125000000001 0.778125 0.4781250000000002 0.996875 0.4781250000000002
0 0.996875 0.34843750000000007 0.89375 0.34843750000000007 0.89375 0.4156250000000002 0.996875 0.4156250000000002
0 0.996875 0.4781250000000001 0.37968750000000007 0.478125 0.37968750000000007 0.6687500000000001 0.996875 0.6687500000000002
0 0.8625 0.5953125000000001 0.4578125 0.5953125 0.45781250000000007 0.753125 0.8625 0.7531250000000002
0 0.996875 0.7031250000000002 0.728125 0.7031250000000002 0.7281250000000001 0.815625 0.996875 0.815625
0 0.83125 0.6796875000000001 0.3937500000000001 0.6796875 0.3937500000000001 0.8875 0.83125 0.8875
0 0.8734375 0.8203125 0.27031250000000007 0.8203125 0.27031250000000007 0.99375 0.8734375 0.99375
0 0.996875 0.6125000000000002 0.8421875 0.6125000000000002 0.8421875 0.7531250000000002 0.996875 0.7531250000000002
0 0.99375 0.7750000000000001 0.7546875000000002 0.7750000000000001 0.7546875000000002 0.8375 0.99375 0.8375
0 0.7953125 5.606586127346476e-17 0.1203125 1.4734031802241592e-17 0.1203125 0.07343750000000006 0.7953125 0.07343750000000009
0 0.5734375 0.010937500000000055 0.3453125 0.010937500000000041 0.3453125 0.3765625 0.5734375 0.3765625000000001
0 0.37031250000000004 0.012500000000000022 1.5308084989341916e-18 0.0125 3.1094547634600764e-17 0.4953125 0.3703125000000001 0.4953125
0 0.3515625000000001 0.3640625 4.4584797531458325e-17 0.3640625 7.797555791446038e-17 0.909375 0.3515625000000001 0.909375
0 0.4640625000000001 0.4828125 5.912747827133314e-17 0.4828125 9.04133769683007e-17 0.99375 0.46406250000000016 0.99375
0 0.4125000000000001 0.6796875 8.323771212954667e-17 0.6796875 9.146580781131793e-17 0.8140625 0.4125000000000002 0.8140625
0 0.44062500000000016 0.83125 0.0031250000000001012 0.83125 0.0031250000000001116 0.9953125 0.44062500000000016 0.9953125