0 0.9234375 0.6734375000000001 0.803125 0.6734375000000001 0.803125 0.8296875 0.9234375 0.8296875
0 0.9046875 0.5968750000000002 0.834375 0.5968750000000002 0.834375 0.6796875000000002 0.9046875 0.6796875000000002
0 0.9109375 0.6484375000000002 0.8921875 0.6484375000000002 0.8921875 0.6640625000000002 0.9109375 0.6640625000000002
0 0.9234375 0.6687500000000002 0.8921875 0.6687500000000002 0.8921875 0.7046875000000001 0.9234375 0.7046875000000001
0 0.85 0.5953125000000001 0.7421875 0.5953125000000001 0.7421875 0.7203125000000001 0.85 0.7203125000000001
0 0.7843750000000002 0.7468750000000002 0.7546875000000002 0.7468750000000002 0.7546875000000002 0.7828125000000001 0.7843750000000002 0.7828125000000001
0 0.8046875 0.7468750000000002 0.7703125000000002 0.7468750000000002 0.7703125000000002 0.7781250000000002 0.8046875 0.7781250000000002
0 0.8 0.7203125000000001 0.765625 0.7203125000000001 0.7656250000000001 0.7359375000000001 0.8 0.7359375000000001
0 0.8125 0.7875000000000002 0.7703125000000002 0.7875000000000002 0.7703125000000002 0.8234375 0.8125 0.8234375
0 0.7812500000000002 0.7937500000000002 0.7546875000000002 0.7937500000000002 0.7546875000000002 0.8296875 0.7812500000000002 0.8296875
0 0.7656250000000002 0.8234375 0.7234375000000002 0.8234375 0.7234375000000002 0.85 0.7656250000000002 0.85
0 0.7625000000000001 0.6640625000000001 0.6359375 0.6640625 0.6359375 0.8546875 0.7625000000000002 0.8546875
0 0.8578125 0.5390625000000002 0.7421875 0.5390625000000002 0.7421875 0.6625000000000002 0.8578125 0.6625000000000002
0 0.9125 0.5390625000000002 0.8390625 0.5390625000000002 0.8390625 0.5859375000000002 0.9125 0.5859375000000002
0 0.946875 0.5125000000000002 0.8890625 0.5125000000000002 0.8890625 0.6062500000000002 0.946875 0.6062500000000002
0 0.93125 0.4359375000000001 0.634375 0.4359375 0.634375 0.5750000000000001 0.93125 0.5750000000000002
0 0.6687500000000001 0.6734375 0.5734375 0.6734375 0.5734375 0.7984375 0.6687500000000002 0.7984375
0 0.6187500000000001 0.7515625 0.5000000000000002 0.7515625 0.5000000000000002 0.88125 0.6187500000000001 0.88125
0 0.5546875000000002 0.8140625 0.3468750000000001 0.8140625 0.3468750000000001 0.8609375 0.5546875000000002 0.8609375
0 0.5500000000000002 0.7359375 0.4500000000000002 0.7359375 0.4500000000000002 0.828125 0.5500000000000002 0.828125
0 0.4546875000000002 0.7671875 0.3890625000000001 0.7671875 0.3890625000000001 0.81875 0.4546875000000002 0.81875
0 0.4156250000000001 0.715625 0.3343750000000001 0.715625 0.3343750000000001 0.8234375 0.4156250000000002 0.8234375
0 0.47343750000000007 0.6125 0.3578125000000001 0.6125 0.3578125000000001 0.778125 0.4734375000000002 0.778125
0 0.5 0.55 0.434375 0.55 0.434375 0.6796875 0.5 0.6796875
0 0.534375 0.5546875 0.4734375 0.5546875 0.4734375 0.678125 0.534375 0.678125
0 0.5859375 0.58125 0.5125 0.58125 0.5125 0.64375 0.5859375 0.64375
0 0.5578125 0.6265625 0.5265625 0.6265625 0.5265625 0.6890625 0.5578125 0.6890625
0 0.634375 0.4921875 0.51875 0.4921875 0.51875 0.6171875 0.634375 0.6171875
0 0.6234375 0.409375 0.534375 0.409375 0.534375 0.5234375 0.6234375 0.5234375
0 0.7078125 0.534375 0.6453125 0.534375 0.6453125 0.6796875 0.7078125 0.6796875
0 0.9078125 0.0937500000000001 0.784375 0.09375000000000008 0.784375 0.2171875000000001 0.9078125 0.2171875000000001
0 0.934375 0.1812500000000001 0.83125 0.18125000000000008 0.83125 0.3265625000000001 0.934375 0.3265625000000001
0 0.915625 0.3265625000000001 0.853125 0.3265625000000001 0.853125 0.5031250000000002 0.915625 0.5031250000000002
0 0.8703125 0.2593750000000001 0.746875 0.2593750000000001 0.746875 0.42500000000000016 0.8703125 0.42500000000000016
0 0.8046875 0.05156250000000009 0.7203125 0.05156250000000009 0.7203125 0.1765625000000001 0.8046875 0.1765625000000001
0 0.853125 0.1703125000000001 0.715625 0.1703125000000001 0.715625 0.2750000000000001 0.853125 0.2750000000000001
0 0.865625 0.2687500000000001 0.7578125 0.2687500000000001 0.7578125 0.3734375000000001 0.865625 0.3734375000000001
0 0.8578125 0.3312500000000001 0.75 0.3312500000000001 0.75 0.4203125000000002 0.8578125 0.4203125000000002
0 0.8421875 0.3312500000000001 0.6890625 0.3312500000000001 0.6890625 0.4875000000000001 0.8421875 0.48750000000000016
0 0.734375 0.09375000000000008 0.5890625 0.09375000000000007 0.5890625 0.3062500000000001 0.734375 0.3062500000000001
0 0.6921875 0.2953125000000001 0.6390625 0.2953125000000001 0.6390625 0.409375 0.6921875 0.409375
0 0.6921875 0.02031250000000008 0.61875 0.020312500000000077 0.61875 0.1609375000000001 0.6921875 0.1609375000000001
0 0.6703125 0.035937500000000074 0.546875 0.03593750000000007 0.546875 0.1140625000000001 0.6703125 0.1140625000000001
0 0.615625 0.06250000000000007 0.48125 0.06250000000000007 0.48125 0.15468750000000006 0.615625 0.1546875000000001
0 0.534375 0.08906250000000006 0.3890625 0.08906250000000004 0.3890625 0.18750000000000006 0.534375 0.18750000000000006
0 0.5609375 0.12968750000000007 0.5234375 0.12968750000000004 0.5234375 0.17656250000000007 0.5609375 0.1765625000000001
0 0.4625 0.03593750000000005 0.4203125 0.03593750000000005 0.4203125 0.09843750000000005 0.4625 0.09843750000000007
0 0.546875 0.17187500000000006 0.434375 0.17187500000000006 0.434375 0.3781250000000001 0.546875 0.3781250000000001
0 0.5578125 0.2484375000000001 0.5 0.2484375000000001 0.5 0.3109375000000001 0.5578125 0.3109375000000001
0 0.51875 0.3312500000000001 0.48125 0.3312500000000001 0.48125 0.409375 0.51875 0.409375
0 0.63125 0.3218750000000001 0.515625 0.3218750000000001 0.515625 0.4453125 0.63125 0.4453125
0 0.6203125 0.2390625000000001 0.5546875 0.2390625000000001 0.5546875 0.3312500000000001 0.6203125 0.3312500000000001
0 0.5234375 0.3890625000000001 0.3890625000000001 0.3890625000000001 0.3890625000000001 0.559375 0.5234375 0.559375
0 0.5421875 0.290625 0.35 0.290625 0.35000000000000003 0.5703125 0.5421875 0.5703125
0 0.3656250000000001 0.37812500000000004 0.2312500000000001 0.378125 0.2312500000000001 0.5125 0.3656250000000001 0.5125
0 0.39687500000000003 0.3375 0.3234375 0.3375 0.32343750000000004 0.4359375 0.3968750000000001 0.4359375
0 0.3265625 0.315625 0.3078125 0.315625 0.3078125 0.346875 0.3265625 0.346875
0 0.4265625 0.24843750000000003 0.3421875 0.2484375 0.3421875 0.31562500000000004 0.4265625 0.3156250000000001
0 0.3968750000000001 0.4453125 0.3203125000000001 0.4453125 0.3203125000000001 0.575 0.3968750000000001 0.575
0 0.3625000000000001 0.575 0.2968750000000001 0.575 0.2968750000000001 0.7046875 0.3625000000000001 0.7046875
0 0.3578125000000001 0.6484375 0.2609375000000001 0.6484375 0.2609375000000001 0.75625 0.3578125000000001 0.75625
0 0.3390625000000001 0.7359375 0.2687500000000001 0.7359375 0.2687500000000001 0.8390625 0.3390625000000001 0.8390625
0 0.2734375000000001 0.7 0.19687500000000008 0.7 0.19687500000000008 0.8390625 0.2734375000000001 0.8390625
0 0.19687500000000008 0.7671875 0.1468750000000001 0.7671875 0.1468750000000001 0.8296875 0.19687500000000008 0.8296875
0 0.22656250000000008 0.7046875 0.1312500000000001 0.7046875 0.1312500000000001 0.7765625 0.22656250000000008 0.7765625
0 0.18125000000000008 0.6640625 0.12343750000000009 0.6640625 0.12343750000000009 0.715625 0.18125000000000008 0.715625
0 0.1843750000000001 0.5796875 0.12656250000000008 0.5796875 0.12656250000000008 0.684375 0.1843750000000001 0.684375
0 0.21093750000000008 0.6375 0.17343750000000008 0.6375 0.17343750000000008 0.7203125 0.21093750000000008 0.7203125
0 0.2234375000000001 0.5125 0.17656250000000004 0.5125 0.17656250000000007 0.684375 0.2234375000000001 0.684375
0 0.27812500000000007 0.590625 0.22031250000000008 0.590625 0.22031250000000008 0.69375 0.27812500000000007 0.69375
0 0.3187500000000001 0.51875 0.2312500000000001 0.51875 0.2312500000000001 0.6171875 0.3187500000000001 0.6171875
0 0.2468750000000001 0.465625 0.20468750000000008 0.465625 0.20468750000000008 0.5546875 0.2468750000000001 0.5546875
0 0.35000000000000003 0.2328125 0.17343750000000005 0.2328125 0.17343750000000005 0.471875 0.3500000000000001 0.471875
0 0.4203125 0.24843750000000003 0.346875 0.2484375 0.346875 0.31562500000000004 0.4203125 0.3156250000000001
0 0.4625 0.16093750000000004 0.3625 0.16093750000000004 0.3625 0.275 0.4625 0.2750000000000001
0 0.4125 0.13437500000000005 0.3625 0.13437500000000005 0.3625 0.18125000000000005 0.4125 0.18125000000000005
0 0.3890625 0.07812500000000004 0.33125 0.07812500000000004 0.33125 0.23281250000000003 0.3890625 0.2328125000000001
0 0.403125 0.051562500000000046 0.3 0.051562500000000046 0.3 0.17656250000000004 0.403125 0.17656250000000004
0 0.33125 0.10468750000000004 0.2421875 0.10468750000000004 0.2421875 0.21875 0.33125 0.21875
0 0.315625 0.046875000000000035 0.23125 0.046875000000000035 0.23125 0.10312500000000005 0.315625 0.10312500000000005
0 0.25 0.06250000000000003 0.215625 0.06250000000000003 0.215625 0.12968750000000004 0.25 0.12968750000000004
0 0.215625 0.04062500000000002 0.165625 0.04062500000000002 0.165625 0.1453125 0.215625 0.14531250000000004
0 0.2234375 0.06718750000000002 0.1265625 0.06718750000000002 0.12656250000000002 0.2390625 0.2234375 0.2390625
0 0.2625 0.17187500000000006 0.2046875 0.17187500000000006 0.2046875 0.2546875 0.2625 0.2546875
0 0.16250000000000003 0.2390625 0.039062500000000035 0.2390625 0.03906250000000004 0.3890625 0.16250000000000003 0.3890625
0 0.12031250000000004 0.3734375 0.07812500000000004 0.3734375 0.07812500000000006 0.5390625 0.12031250000000004 0.5390625
0 0.09218750000000006 0.36875 0.06562500000000004 0.36875 0.06562500000000006 0.54375 0.09218750000000006 0.54375
0 0.14687500000000006 0.54375 0.07031250000000007 0.54375 0.07031250000000007 0.6328125 0.1468750000000001 0.6328125
0 0.16562500000000008 0.63125 0.08125000000000007 0.63125 0.08125000000000009 0.81875 0.16562500000000008 0.81875
0 0.17656250000000007 0.5078125 0.13906250000000003 0.5078125 0.13906250000000006 0.5703125 0.1765625000000001 0.5703125
0 0.19687500000000005 0.45625 0.15000000000000005 0.45625 0.15000000000000005 0.51875 0.19687500000000005 0.51875
0 0.15000000000000005 0.4203125 0.09687500000000004 0.4203125 0.09687500000000006 0.51875 0.15000000000000005 0.51875
0 0.24218750000000006 0.2640625 0.13125000000000003 0.2640625 0.13125000000000003 0.45625 0.24218750000000008 0.45625
0 0.17812500000000003 0.1140625 0.07031250000000003 0.1140625 0.07031250000000003 0.2234375 0.17812500000000003 0.2234375
0 0.1703125 0.06250000000000001 0.078125 0.0625 0.07812500000000001 0.1609375 0.1703125 0.1609375