0 0.7453125 0.14218750000000008 0.4796875 0.14218750000000005 0.4796875 0.5296875000000001 0.7453125 0.5296875000000002
0 0.8109375 0.3656250000000001 0.7484375 0.3656250000000001 0.7484375 0.43750000000000017 0.8109375 0.43750000000000017
0 0.95625 0.2250000000000001 0.7890625 0.2250000000000001 0.7890625 0.5203125000000002 0.95625 0.5203125000000002
0 0.996875 0.5843750000000002 0.7640625 0.5843750000000002 0.7640625000000001 0.95625 0.996875 0.95625
0 0.8 0.010937500000000086 0.6078125 0.010937500000000076 0.6078125 0.3281250000000001 0.8 0.3281250000000001
0 0.7015625000000001 0.496875 0.44375 0.496875 0.4437500000000001 0.95625 0.7015625000000002 0.95625
0 0.4546875 0.25625000000000003 0.334375 0.25625 0.33437500000000003 0.4375 0.4546875 0.4375
0 0.396875 0.11406250000000004 0.334375 0.11406250000000004 0.334375 0.17500000000000004 0.396875 0.17500000000000004
0 0.41875 0.06562500000000004 0.3671875 0.06562500000000004 0.3671875 0.13593750000000004 0.41875 0.13593750000000004
0 0.2984375 0.043750000000000025 0.0609375 0.04375000000000001 0.06093750000000003 0.48125 0.2984375000000001 0.48125
0 0.28750000000000003 0.35 0.10937500000000004 0.35 0.10937500000000007 0.721875 0.2875000000000001 0.721875
0 0.37187500000000007 0.6015625 0.2406250000000001 0.6015625 0.2406250000000001 0.978125 0.37187500000000007 0.978125
0 0.1593750000000001 0.765625 0.03281250000000009 0.765625 0.0328125000000001 0.940625 0.15937500000000013 0.940625
0 0.1375 0.04375000000000001 5.35782974626967e-18 0.04375 1.8752404111943843e-17 0.2625 0.13750000000000004 0.2625