0 0.996875 0.10468750000000009 0.4625 0.10468750000000004 0.4625000000000001 0.9953125 0.996875 0.9953125
0 0.7046875000000001 0.5578125 0.2656250000000001 0.5578125 0.2656250000000001 0.9953125 0.7046875000000001 0.9953125
0 0.2765625000000001 0.4109375 5.032532940246154e-17 0.4109375 8.610797806504827e-17 0.9953125 0.2765625000000001 0.9953125
0 0.5093750000000001 0.22500000000000003 0.10468750000000004 0.225 0.10468750000000007 0.8640625 0.5093750000000001 0.8640625
0 0.996875 1.0313822261569117e-16 0.6875 8.419446744138054e-17 0.6875 0.31718750000000007 0.996875 0.31718750000000007
0 0.6953125 5.443937724334719e-17 0.19375 2.3727531733479968e-17 0.19375000000000003 0.27343750000000006 0.6953125 0.2734375000000001
0 0.21875000000000006 1.3394574365674178e-17 0 0 2.879833488619948e-17 0.4703125 0.21875000000000008 0.4703125
0 0.996875 0.9734375 0.9640625 0.9734375 0.9640625 0.9953125 0.996875 0.9953125
0 0.996875 0.9234375 0.9453125 0.9234375 0.9453125 0.978125 0.996875 0.978125
0 0.95 0.9625 0.9234375 0.9625 0.9234375 0.9953125 0.95 0.9953125
0 0.9125 0.9671875 0.8734375 0.9671875 0.8734375 0.9953125 0.9125 0.9953125
0 0.9265625 0.9296875 0.8765625 0.9296875 0.8765625 0.9625 0.9265625 0.9625
0 0.9859375 0.8859375 0.928125 0.8859375 0.928125 0.9296875 0.9859375 0.9296875
0 0.996875 0.8359375 0.953125 0.8359375 0.953125 0.9078125 0.996875 0.9078125
0 0.996875 0.7000000000000002 0.9671875 0.7000000000000002 0.9671875 0.853125 0.996875 0.853125
0 0.9859375 0.7000000000000002 0.9421875 0.7000000000000002 0.9421875 0.809375 0.9859375 0.809375
0 0.953125 0.7046875000000001 0.9046875 0.7046875000000001 0.9046875 0.825 0.953125 0.825
0 0.9421875 0.6781250000000002 0.9125 0.6781250000000002 0.9125 0.7109375000000002 0.9421875 0.7109375000000002
0 0.9640625 0.6234375000000002 0.93125 0.6234375000000002 0.93125 0.6718750000000002 0.9640625 0.6718750000000002
0 0.996875 0.6234375000000002 0.9453125 0.6234375000000002 0.9453125 0.7046875000000001 0.996875 0.7046875000000001
0 0.996875 0.5468750000000002 0.959375 0.5468750000000002 0.959375 0.6234375000000002 0.996875 0.6234375000000002
0 0.9609375 0.5515625000000002 0.934375 0.5515625000000002 0.934375 0.6281250000000002 0.9609375 0.6281250000000002
0 0.996875 0.4859375000000002 0.9203125 0.4859375000000002 0.9203125 0.5515625000000002 0.996875 0.5515625000000002
0 0.9703125 0.47656250000000017 0.93125 0.47656250000000017 0.93125 0.5093750000000001 0.9703125 0.5093750000000001
0 0.996875 0.42187500000000017 0.9640625 0.42187500000000017 0.9640625 0.47656250000000017 0.996875 0.47656250000000017
0 0.971875 0.43750000000000017 0.95 0.43750000000000017 0.95 0.46406250000000016 0.971875 0.46406250000000016
0 0.9671875 0.3828125000000001 0.934375 0.3828125000000001 0.934375 0.4203125000000002 0.9671875 0.4203125000000002
0 0.9890625 0.3390625000000001 0.9640625 0.3390625000000001 0.9640625 0.4203125000000002 0.9890625 0.4203125000000002
0 0.996875 0.3234375000000001 0.9859375 0.3234375000000001 0.9859375 0.3781250000000001 0.996875 0.3781250000000001
0 0.996875 0.27812500000000007 0.95625 0.27812500000000007 0.95625 0.31718750000000007 0.996875 0.31718750000000007
0 0.95625 0.2843750000000001 0.928125 0.2843750000000001 0.928125 0.3765625000000001 0.95625 0.3765625000000001
0 0.9453125 0.8203125 0.8875 0.8203125 0.8875 0.8796875 0.9453125 0.8796875
0 0.928125 0.8578125 0.8703125 0.8578125 0.8703125 0.9296875 0.928125 0.9296875
0 0.86875 0.91875 0.8 0.91875 0.8 0.9953125 0.86875 0.9953125
0 0.8328125 0.9015625 0.7703125000000002 0.9015625 0.7703125000000002 0.9953125 0.8328125 0.9953125
0 0.846875 0.8640625 0.81875 0.8640625 0.81875 0.9125 0.846875 0.9125
0 0.890625 0.7875000000000002 0.84375 0.7875000000000002 0.84375 0.9125 0.890625 0.9125
0 0.9203125 0.7656250000000002 0.8875 0.7656250000000002 0.8875 0.825 0.9203125 0.825
0 0.9421875 0.825 0.890625 0.825 0.890625 0.875 0.9421875 0.875
0 0.9125 0.6562500000000002 0.8734375 0.6562500000000002 0.8734375 0.7593750000000001 0.9125 0.7593750000000001
0 0.9171875 0.5843750000000002 0.859375 0.5843750000000002 0.859375 0.6781250000000002 0.9171875 0.6781250000000002
0 0.93125 0.6171875000000002 0.9015625 0.6171875000000002 0.9015625 0.6609375000000002 0.93125 0.6609375000000002
0 0.934375 0.5187500000000002 0.8984375 0.5187500000000002 0.8984375 0.6062500000000002 0.934375 0.6062500000000002
0 0.928125 0.4437500000000002 0.890625 0.4437500000000002 0.890625 0.5203125000000002 0.928125 0.5203125000000002
0 0.9453125 0.3656250000000001 0.909375 0.3656250000000001 0.909375 0.4812500000000002 0.9453125 0.4812500000000002
0 0.9234375 0.31718750000000007 0.8515625 0.31718750000000007 0.8515625 0.3984375000000001 0.9234375 0.3984375000000001
0 0.90625 0.3890625000000001 0.8578125 0.3890625000000001 0.8578125 0.47656250000000017 0.90625 0.47656250000000017
0 0.8703125 0.4546875000000002 0.8265625 0.4546875000000002 0.8265625 0.5093750000000001 0.8703125 0.5093750000000001
0 0.8984375 0.4812500000000002 0.8578125 0.4812500000000002 0.8578125 0.5906250000000002 0.8984375 0.5906250000000002
0 0.8578125 0.5140625000000002 0.81875 0.5140625000000002 0.81875 0.5625000000000002 0.8578125 0.5625000000000002
0 0.8765625 0.5687500000000002 0.828125 0.5687500000000002 0.828125 0.6281250000000002 0.8765625 0.6281250000000002
0 0.8578125 0.6171875000000002 0.8078125 0.6171875000000002 0.8078125 0.6718750000000002 0.8578125 0.6718750000000002
0 0.8625 0.6718750000000002 0.7828125 0.6718750000000002 0.7828125000000001 0.7546875000000002 0.8625 0.7546875000000002
0 0.8796875 0.6828125000000002 0.8625 0.6828125000000002 0.8625 0.7218750000000002 0.8796875 0.7218750000000002
0 0.8796875 0.7156250000000002 0.8328125 0.7156250000000002 0.8328125 0.7984375000000001 0.8796875 0.7984375000000001
0 0.846875 0.7593750000000001 0.8 0.7593750000000001 0.8 0.86875 0.846875 0.86875
0 0.81875 0.7921875000000002 0.7859375000000002 0.7921875000000002 0.7859375000000002 0.9015625 0.81875 0.9015625
0 0.7921875000000002 0.83125 0.7562500000000002 0.83125 0.7562500000000002 0.9453125 0.7921875000000002 0.9453125
0 0.7718750000000002 0.875 0.7140625000000002 0.875 0.7140625000000002 0.978125 0.7718750000000002 0.978125
0 0.7562500000000002 0.9234375 0.7015625000000002 0.9234375 0.7015625000000002 0.9953125 0.7562500000000002 0.9953125
0 0.7500000000000002 0.7921875 0.6953125000000002 0.7921875 0.6953125000000002 0.875 0.7500000000000002 0.875
0 0.7828125000000001 0.803125 0.7281250000000001 0.803125 0.7281250000000001 0.846875 0.7828125000000001 0.846875
0 0.7750000000000001 0.7765625000000002 0.7265625000000002 0.7765625000000002 0.7265625000000002 0.8140625 0.7750000000000001 0.8140625
0 0.8140625 0.7437500000000001 0.7562500000000002 0.7437500000000001 0.7562500000000002 0.7875000000000002 0.8140625 0.7875000000000002
0 0.7781250000000001 0.7156250000000002 0.7375 0.7156250000000002 0.7375 0.7765625000000002 0.7781250000000002 0.7765625000000002
0 0.8078125 0.6562500000000002 0.759375 0.6562500000000002 0.759375 0.7109375000000002 0.8078125 0.7109375000000002
0 0.8140625 0.6015625000000002 0.775 0.6015625000000002 0.775 0.6828125000000002 0.8140625 0.6828125000000002
0 0.8296875 0.5515625000000002 0.7921875 0.5515625000000002 0.7921875 0.6062500000000002 0.8296875 0.6062500000000002
0 0.8078125 0.5078125000000002 0.7671875 0.5078125000000002 0.7671875 0.5687500000000002 0.8078125 0.5687500000000002
0 0.825 0.4750000000000002 0.7859375 0.4750000000000002 0.7859375 0.5296875000000002 0.825 0.5296875000000002
0 0.8109375 0.4203125000000002 0.7671875 0.4203125000000002 0.7671875 0.4812500000000002 0.8109375 0.4812500000000002
0 0.825 0.4203125000000002 0.796875 0.4203125000000002 0.796875 0.4812500000000002 0.825 0.4812500000000002
0 0.84375 0.3500000000000001 0.7859375 0.3500000000000001 0.7859375 0.4156250000000002 0.84375 0.4156250000000002
0 0.865625 0.3828125000000001 0.821875 0.3828125000000001 0.821875 0.45312500000000017 0.865625 0.45312500000000017
0 0.865625 0.3125000000000001 0.821875 0.3125000000000001 0.821875 0.3671875000000001 0.865625 0.3671875000000001
0 0.86875 0.3062500000000001 0.8515625 0.3062500000000001 0.8515625 0.3437500000000001 0.86875 0.3437500000000001
0 0.8515625 0.2515625000000001 0.8078125 0.2515625000000001 0.8078125 0.3062500000000001 0.8515625 0.3062500000000001
0 0.821875 0.30156250000000007 0.7890625 0.30156250000000007 0.7890625 0.35625000000000007 0.821875 0.35625000000000007
0 0.803125 0.2562500000000001 0.7671875 0.2562500000000001 0.7671875 0.3062500000000001 0.803125 0.3062500000000001
0 0.79375 0.2843750000000001 0.75 0.2843750000000001 0.75 0.3609375000000001 0.79375 0.3609375000000001
0 0.753125 0.2734375000000001 0.715625 0.2734375000000001 0.715625 0.3218750000000001 0.753125 0.3218750000000001
0 0.7671875 0.2562500000000001 0.734375 0.2562500000000001 0.734375 0.2953125000000001 0.7671875 0.2953125000000001
0 0.7828125 0.1859375000000001 0.7390625 0.1859375000000001 0.7390625 0.2515625000000001 0.7828125 0.2515625000000001
0 0.7453125 0.15781250000000008 0.70625 0.15781250000000008 0.70625 0.2078125000000001 0.7453125 0.2078125000000001
0 0.7046875 0.1468750000000001 0.665625 0.1468750000000001 0.665625 0.2078125000000001 0.7046875 0.2078125000000001
0 0.69375 0.0984375000000001 0.6546875 0.0984375000000001 0.6546875 0.15781250000000008 0.69375 0.15781250000000008
0 0.7125 0.2296875000000001 0.6734375 0.2296875000000001 0.6734375 0.27812500000000007 0.7125 0.27812500000000007
0 0.7171875 0.2890625000000001 0.6796875 0.2890625000000001 0.6796875 0.3390625000000001 0.7171875 0.3390625000000001
0 0.753125 0.3281250000000001 0.7203125 0.3281250000000001 0.7203125 0.37187500000000007 0.753125 0.37187500000000007
0 0.778125 0.3546875000000001 0.73125 0.3546875000000001 0.73125 0.4156250000000002 0.778125 0.4156250000000002
0 0.7921875 0.3500000000000001 0.7640625 0.3500000000000001 0.7640625 0.38750000000000007 0.7921875 0.38750000000000007
0 0.796875 0.3937500000000001 0.7703125 0.3937500000000001 0.7703125 0.4265625000000002 0.796875 0.4265625000000002
0 0.7828125 0.4703125000000002 0.75 0.4703125000000002 0.75 0.5296875000000002 0.7828125 0.5296875000000002
0 0.75625 0.4546875000000001 0.709375 0.4546875 0.709375 0.5312500000000001 0.75625 0.5312500000000002
0 0.7640625 0.4046875000000001 0.7234375 0.4046875 0.7234375 0.4593750000000001 0.7640625 0.4593750000000002
0 0.775 0.3500000000000001 0.73125 0.3500000000000001 0.73125 0.4046875000000002 0.775 0.4046875000000002
0 0.73125 0.5250000000000001 0.7046875 0.525 0.7046875 0.5734375 0.73125 0.5734375000000002
0 0.7640625 0.5250000000000001 0.73125 0.5250000000000001 0.73125 0.5687500000000002 0.7640625 0.5687500000000002
0 0.7609375 0.5796875000000001 0.7234375 0.5796875 0.7234375 0.6343750000000001 0.7609375 0.6343750000000001
0 0.7421875 0.6171875000000001 0.7015625 0.6171875 0.7015625 0.6671875 0.7421875 0.6671875000000002
0 0.7671875 0.6234375000000002 0.7375 0.6234375000000002 0.7375 0.6781250000000002 0.7671875 0.6781250000000002
0 0.7484375000000001 0.6671875 0.6984375 0.6671875 0.6984375 0.7265625000000001 0.7484375000000002 0.7265625000000002
0 0.7421875000000001 0.721875 0.690625 0.721875 0.690625 0.7875000000000001 0.7421875000000002 0.7875000000000002
0 0.6375 0.26250000000000007 0.4953125 0.26250000000000007 0.4953125 0.4859375 0.6375 0.4859375
0 0.6546875 0.48125 0.559375 0.48125 0.559375 0.65 0.6546875 0.65
0 0.6953125 0.3500000000000001 0.6078125 0.3500000000000001 0.6078125 0.496875 0.6953125 0.496875
0 0.7234375 0.2515625000000001 0.625 0.2515625000000001 0.625 0.38750000000000007 0.7234375 0.38750000000000007
0 0.7015625 0.1531250000000001 0.6328125 0.1531250000000001 0.6328125 0.2562500000000001 0.7015625 0.2562500000000001
0 0.7390625000000001 0.628125 0.61875 0.628125 0.6187500000000001 0.7921875 0.7390625000000002 0.7921875000000002
0 0.7093750000000002 0.9078125 0.6765625000000002 0.9078125 0.6765625000000002 0.95625 0.7093750000000002 0.95625
0 0.7062500000000002 0.8578125 0.6796875000000002 0.8578125 0.6796875000000002 0.9078125 0.7062500000000002 0.9078125
0 0.7015625000000002 0.95625 0.6765625000000002 0.95625 0.6765625000000002 0.9953125 0.7015625000000002 0.9953125
0 0.6718750000000002 0.940625 0.6328125000000002 0.940625 0.6328125000000002 0.9953125 0.6718750000000002 0.9953125
0 0.6734375000000001 0.9015625 0.6515625000000002 0.9015625 0.6515625000000002 0.9453125 0.6734375000000001 0.9453125
0 0.6578125000000001 0.896875 0.6328125000000002 0.896875 0.6328125000000002 0.9453125 0.6578125000000001 0.9453125
0 0.6828125 0.7046875 0.6328125 0.7046875 0.6328125000000001 0.7765625 0.6828125000000002 0.7765625
0 0.5562500000000001 0.7265625 0.5281250000000002 0.7265625 0.5281250000000002 0.7703125 0.5562500000000001 0.7703125
0 0.5203125000000002 0.803125 0.4937500000000002 0.803125 0.4937500000000002 0.8578125 0.5203125000000002 0.8578125
0 0.5015625000000001 0.8359375 0.46875000000000017 0.8359375 0.46875000000000017 0.890625 0.5015625000000001 0.890625
0 0.5203125000000002 0.934375 0.4937500000000002 0.934375 0.4937500000000002 0.984375 0.5203125000000002 0.984375
0 0.4515625000000002 0.9234375 0.4078125000000002 0.9234375 0.4078125000000002 0.978125 0.4515625000000002 0.978125
0 0.46875000000000017 0.86875 0.42968750000000017 0.86875 0.42968750000000017 0.9296875 0.46875000000000017 0.9296875
0 0.42500000000000016 0.8859375 0.3750000000000001 0.8859375 0.3750000000000001 0.9453125 0.42500000000000016 0.9453125
0 0.4984375000000002 0.8640625 0.2718750000000001 0.8640625 0.2718750000000001 0.9953125 0.4984375000000002 0.9953125
0 0.7312500000000002 0.875 0.5093750000000001 0.875 0.5093750000000001 0.9953125 0.7312500000000002 0.9953125
0 0.5828125000000002 0.7328125 0.49531250000000016 0.7328125 0.49531250000000016 0.91875 0.5828125000000002 0.91875
0 0.5140625000000002 0.7703125 0.37187500000000007 0.7703125 0.37187500000000007 0.9625 0.5140625000000002 0.9625
0 0.5703125000000001 0.6171875 0.4875 0.6171875 0.4875000000000001 0.7921875 0.5703125000000002 0.7921875
0 0.7062500000000002 0.803125 0.5671875000000002 0.803125 0.5671875000000002 0.95625 0.7062500000000002 0.95625
0 0.425 0.65 0.3968750000000001 0.65 0.3968750000000001 0.7046875 0.425 0.7046875
0 0.4078125 0.6015625 0.3812500000000001 0.6015625 0.3812500000000001 0.6453125 0.4078125 0.6453125
0 0.4359375 0.5796875 0.4078125 0.5796875 0.4078125 0.628125 0.4359375 0.628125
0 0.3750000000000001 0.6125 0.34843750000000007 0.6125 0.34843750000000007 0.65 0.3750000000000001 0.65
0 0.3921875000000001 0.5796875 0.3531250000000001 0.5796875 0.3531250000000001 0.634375 0.3921875000000001 0.634375
0 0.4109375 0.5734375 0.3812500000000001 0.5734375 0.3812500000000001 0.6015625 0.4109375 0.6015625
0 0.4109375 0.51875 0.3921875000000001 0.51875 0.3921875000000001 0.5578125 0.4109375 0.5578125
0 0.421875 0.4859375 0.4 0.4859375 0.4 0.5140625 0.421875 0.5140625
0 0.4375 0.4546875 0.415625 0.4546875 0.415625 0.4984375 0.4375 0.4984375
0 0.4546875 0.453125 0.4328125 0.453125 0.4328125 0.4921875 0.4546875 0.4921875
0 0.3203125000000001 0.4484375 0.2984375000000001 0.4484375 0.2984375000000001 0.4921875 0.3203125000000001 0.4921875
0 0.4875 0.2843750000000001 0.3921875 0.2843750000000001 0.3921875 0.4640625 0.4875 0.4640625
0 0.353125 0.30625 0.221875 0.30625 0.22187500000000004 0.43125 0.3531250000000001 0.43125
0 0.2765625000000001 0.4421875 0.17500000000000004 0.4421875 0.17500000000000007 0.5734375 0.2765625000000001 0.5734375
0 0.3671875000000001 0.5953125 0.20312500000000008 0.5953125 0.20312500000000008 0.759375 0.3671875000000001 0.759375
0 0.3812500000000001 0.51875 0.30937500000000007 0.51875 0.30937500000000007 0.7328125 0.3812500000000001 0.7328125
0 0.4953125 0.4484375 0.4515625 0.4484375 0.4515625 0.5734375 0.4953125 0.5734375
0 0.19375000000000014 0.91875 0.13906250000000014 0.91875 0.13906250000000014 0.9953125 0.19375000000000014 0.9953125
0 0.2296875000000001 0.890625 0.1531250000000001 0.890625 0.15312500000000012 0.95625 0.2296875000000001 0.95625
0 0.2687500000000001 0.934375 0.19687500000000013 0.934375 0.19687500000000013 0.9953125 0.2687500000000001 0.9953125
0 0.2843750000000001 0.8640625 0.2296875000000001 0.8640625 0.2296875000000001 0.9515625 0.2843750000000001 0.9515625
0 0.25468750000000007 0.7765625 0.21093750000000008 0.7765625 0.21093750000000008 0.86875 0.25468750000000007 0.86875
0 0.2296875000000001 0.809375 0.1750000000000001 0.809375 0.1750000000000001 0.896875 0.2296875000000001 0.896875
0 0.1937500000000001 0.78125 0.15000000000000008 0.78125 0.15000000000000008 0.853125 0.1937500000000001 0.853125
0 0.2156250000000001 0.7265625 0.15000000000000008 0.7265625 0.15000000000000008 0.7921875 0.2156250000000001 0.7921875
0 0.1609375000000001 0.7484375 0.09218750000000009 0.7484375 0.09218750000000009 0.809375 0.1609375000000001 0.809375
0 0.17187500000000008 0.671875 0.1281250000000001 0.671875 0.1281250000000001 0.74375 0.17187500000000008 0.74375
0 0.13437500000000008 0.6671875 0.08750000000000009 0.6671875 0.08750000000000009 0.7546875 0.13437500000000008 0.7546875
0 0.1390625000000001 0.634375 0.09531250000000006 0.634375 0.09531250000000008 0.671875 0.1390625000000001 0.671875
0 0.1750000000000001 0.6453125 0.1312500000000001 0.6453125 0.1312500000000001 0.69375 0.1750000000000001 0.69375
0 0.15625000000000008 0.5625 0.09062500000000007 0.5625 0.09062500000000007 0.634375 0.15625000000000008 0.634375
0 0.18906250000000008 0.540625 0.14218750000000005 0.540625 0.14218750000000008 0.5953125 0.18906250000000008 0.5953125
0 0.13125000000000006 0.5140625 0.07968750000000006 0.5140625 0.07968750000000006 0.584375 0.1312500000000001 0.584375
0 0.12343750000000006 0.4703125 0.06562500000000007 0.4703125 0.06562500000000007 0.546875 0.12343750000000009 0.546875
0 0.07343750000000007 0.496875 0.025000000000000057 0.496875 0.02500000000000006 0.5515625 0.07343750000000007 0.5515625
0 0.07656250000000006 0.546875 0.03593750000000007 0.546875 0.035937500000000074 0.60625 0.07656250000000006 0.60625
0 0.09062500000000011 0.8859375 0.04687500000000011 0.8859375 0.04687500000000011 0.940625 0.09062500000000011 0.940625
0 0.13906250000000012 0.8640625 0.08437500000000012 0.8640625 0.08437500000000012 0.940625 0.13906250000000014 0.940625
0 0.10625000000000014 0.934375 0.06875000000000012 0.934375 0.06875000000000012 0.984375 0.10625000000000014 0.984375
0 0.14531250000000012 0.9078125 0.10937500000000014 0.9078125 0.10937500000000014 0.9953125 0.14531250000000012 0.9953125
0 0.07343750000000011 0.8359375 0.0187500000000001 0.8359375 0.018750000000000107 0.896875 0.07343750000000011 0.896875
0 0.1281250000000001 0.7984375 0.0484375000000001 0.7984375 0.048437500000000105 0.9453125 0.12812500000000013 0.9453125
0 0.04062500000000011 0.78125 9.567553118338697e-17 0.78125 1.0639119067592632e-16 0.95625 0.04062500000000012 0.95625
0 0.0906250000000001 0.4921875 6.027558464553379e-17 0.4921875 8.103717491232877e-17 0.83125 0.09062500000000011 0.83125
0 0.4625 0.2078125000000001 0.41875 0.2078125000000001 0.41875 0.2671875000000001 0.4625 0.2671875000000001
0 0.509375 0.17968750000000006 0.4609375 0.17968750000000006 0.4609375 0.2515625000000001 0.509375 0.2515625000000001
0 0.5453125 0.13125000000000006 0.4953125 0.13125000000000003 0.4953125 0.2296875000000001 0.5453125 0.2296875000000001
0 0.596875 0.14218750000000008 0.55625 0.14218750000000008 0.55625 0.21250000000000008 0.596875 0.21250000000000008
0 0.578125 0.07187500000000006 0.5375 0.07187500000000006 0.5375 0.14843750000000006 0.578125 0.14843750000000008
0 0.6078125 0.07656250000000006 0.58125 0.07656250000000006 0.58125 0.12500000000000008 0.6078125 0.12500000000000008
0 0.6515625 0.08125000000000007 0.61875 0.08125000000000007 0.61875 0.14218750000000008 0.6515625 0.14218750000000008
0 0.4296875 0.14218750000000005 0.38125 0.14218750000000005 0.38125 0.2296875000000001 0.4296875 0.2296875000000001
0 0.41875 0.21875000000000008 0.378125 0.21875000000000008 0.378125 0.2734375000000001 0.41875 0.2734375000000001
0 0.38125 0.17500000000000004 0.3421875 0.17500000000000004 0.3421875 0.2515625 0.38125 0.2515625000000001
0 0.3390625 0.18125000000000005 0.2953125 0.18125000000000005 0.2953125 0.225 0.3390625 0.225
0 0.353125 0.12656250000000005 0.3046875 0.12656250000000005 0.3046875 0.18125000000000005 0.353125 0.18125000000000005
0 0.051562500000000046 0.3390625 0.003125000000000042 0.3390625 0.003125000000000047 0.43125 0.051562500000000046 0.43125
0 0.09375000000000004 0.39375 0.043750000000000046 0.39375 0.04375000000000005 0.4484375 0.09375000000000004 0.4484375
0 0.11250000000000004 0.2234375 0.043750000000000025 0.2234375 0.043750000000000025 0.3171875 0.11250000000000004 0.3171875
0 0.11250000000000004 0.3 0.014062500000000039 0.3 0.014062500000000044 0.4046875 0.11250000000000004 0.4046875
0 0.13125000000000003 0.1140625 0.06562500000000002 0.1140625 0.06562500000000002 0.196875 0.13125000000000003 0.196875
0 0.19375000000000003 0.19687500000000002 0.09531250000000002 0.196875 0.09531250000000004 0.30625 0.19375000000000003 0.30625
0 0.09062500000000001 0.0546875 0.021875000000000006 0.0546875 0.021875000000000012 0.190625 0.09062500000000002 0.190625
0 0.15 0.028125000000000018 0.1015625 0.02812500000000001 0.1015625 0.1046875 0.15 0.1046875
0 0.0578125 4.688101027985961e-18 0.01875 2.296212748401287e-18 0.018750000000000006 0.0765625 0.0578125 0.0765625
0 0.996875 6.104098889500089e-17 0 0 6.09453133638175e-17 0.9953125 0.996875 0.9953125
0 0.4109375 0.07031250000000004 0.3703125 0.07031250000000004 0.3703125 0.14218750000000005 0.4109375 0.14218750000000005
0 0.290625 0.01718750000000003 0.2 0.017187500000000022 0.2 0.225 0.290625 0.225
0 0.4609375 0.043750000000000046 0.2875 0.04375000000000003 0.2875 0.24531250000000004 0.4609375 0.2453125000000001
0 0.58125 0.06562500000000006 0.44375 0.06562500000000004 0.44375 0.13593750000000007 0.58125 0.1359375000000001
0 0.7171875 0.017187500000000078 0.55 0.017187500000000067 0.55 0.09375000000000008 0.7171875 0.09375000000000008