0 0.8796875 0.4171875000000001 0.6859375 0.4171875 0.6859375000000001 0.809375 0.8796875 0.809375
0 0.9734375 0.2328125000000001 0.7796875 0.2328125000000001 0.7796875 0.6078125000000002 0.9734375 0.6078125000000002
0 0.90625 0.2671875000000001 0.8125 0.2671875000000001 0.8125 0.4468750000000002 0.90625 0.4468750000000002
0 0.4125 4.027939862820592e-17 0.2453125 3.004211679158351e-17 0.24531250000000004 0.453125 0.4125 0.453125
0 0.41875 0.20781250000000004 0.328125 0.2078125 0.32812500000000006 0.559375 0.41875 0.559375
0 0.3812500000000001 0.5234375 0.3078125000000001 0.5234375 0.3078125000000001 0.6671875 0.3812500000000001 0.6671875
0 0.30156250000000007 0.428125 0.18750000000000006 0.428125 0.18750000000000006 0.6546875 0.30156250000000007 0.6546875
0 0.5250000000000001 0.63125 0.3281250000000001 0.63125 0.3281250000000001 0.99375 0.5250000000000001 0.99375
0 0.5593750000000001 0.6140625 0.4921875 0.6140625 0.4921875000000001 0.9 0.5593750000000002 0.9
0 0.5578125 0.3218750000000001 0.425 0.3218750000000001 0.425 0.63125 0.5578125 0.63125
0 0.559375 0.10156250000000007 0.41875 0.10156250000000004 0.41875 0.4109375 0.559375 0.4109375
0 0.27812500000000007 0.2140625 0.003125000000000026 0.2140625 0.003125000000000054 0.6734375 0.27812500000000007 0.6734375
0 0.3078125000000001 0.6484375 0.0828125000000001 0.6484375 0.0828125000000001 0.9171875 0.3078125000000001 0.9171875
0 0.3515625000000001 0.7328125 0.1468750000000001 0.7328125 0.14687500000000012 0.99375 0.3515625000000001 0.99375
0 0.0906250000000001 0.4765625 5.836207402186604e-17 0.4765625 9.003067484356715e-17 0.99375 0.09062500000000011 0.99375
0 0.18125 1.1098361617272889e-17 0 0 6.601611651653701e-18 0.1078125 0.18125 0.1078125
0 0.434375 3.6835079505603987e-17 0.1671875 2.0474563673244812e-17 0.1671875 0.17812500000000003 0.434375 0.17812500000000003
0 0.48125 5.281289321322961e-17 0.38125 4.6689659217492845e-17 0.38125 0.11250000000000004 0.48125 0.11250000000000004
0 0.15781250000000002 0.07187500000000001 8.802148868871602e-18 0.071875 1.7508622206559815e-17 0.2140625 0.15781250000000005 0.2140625