0 0.996875 0.023437500000000118 0.94375 0.023437500000000118 0.94375 0.14375000000000013 0.996875 0.14375000000000013
0 0.940625 0.0718750000000001 0.8703125 0.0718750000000001 0.8703125 0.1796875000000001 0.940625 0.17968750000000014
0 0.996875 0.13750000000000012 0.94375 0.13750000000000012 0.94375 0.19843750000000013 0.996875 0.19843750000000013
0 0.996875 0.1984375000000001 0.8703125 0.1984375000000001 0.8703125 0.2765625000000001 0.996875 0.2765625000000001
0 0.94375 0.1437500000000001 0.834375 0.1437500000000001 0.834375 0.2515625000000001 0.94375 0.2515625000000001
0 0.8375 0.17968750000000008 0.78125 0.17968750000000008 0.78125 0.2515625000000001 0.8375 0.2515625000000001
0 0.7859375 0.17343750000000008 0.7359375 0.17343750000000008 0.7359375 0.22812500000000008 0.7859375 0.22812500000000008
0 0.7921875 0.17343750000000008 0.6984375 0.17343750000000008 0.6984375 0.2578125000000001 0.7921875 0.2578125000000001
0 0.93125 0.20468750000000008 0.6203125 0.20468750000000008 0.6203125 0.3781250000000001 0.93125 0.3781250000000001
0 0.996875 0.2640625000000001 0.8515625 0.2640625000000001 0.8515625 0.3656250000000001 0.996875 0.3656250000000001
0 0.996875 0.3359375000000001 0.9375 0.3359375000000001 0.9375 0.4500000000000002 0.996875 0.4500000000000002
0 0.871875 0.2453125000000001 0.6203125 0.2453125000000001 0.6203125 0.4015625000000001 0.871875 0.40156250000000016
0 0.946875 0.3593750000000001 0.8609375 0.3593750000000001 0.8609375 0.4125000000000002 0.946875 0.4125000000000002
0 0.4765625 0.03593750000000005 0.440625 0.03593750000000005 0.440625 0.08437500000000006 0.4765625 0.08437500000000006
0 0.496875 5.79793718971325e-17 0.45 5.5109105961630896e-17 0.45 0.04218750000000006 0.496875 0.04218750000000006
0 0.5296875 0.012500000000000063 0.4765625 0.012500000000000061 0.4765625 0.09062500000000007 0.5296875 0.09062500000000007
0 0.5421875 6.38155792993191e-17 0.5 6.123233995736766e-17 0.5 0.023437500000000062 0.5421875 0.023437500000000066
0 0.4171875 4.0949127346489623e-17 0.2515625 3.080752104105061e-17 0.2515625 0.16718750000000004 0.4171875 0.16718750000000004
0 0.4359375 4.41064198755414e-17 0.284375 3.482589335075286e-17 0.284375 0.09531250000000005 0.4359375 0.09531250000000005
0 0.07031250000000008 0.653125 7.99847440693115e-17 0.653125 8.802148868871601e-17 0.784375 0.07031250000000008 0.784375
0 0.10000000000000009 0.7671875 0.05937500000000009 0.7671875 0.0593750000000001 0.8921875 0.10000000000000009 0.8921875
0 0.11562500000000009 0.7671875 0.07343750000000009 0.7671875 0.0734375000000001 0.8328125 0.11562500000000009 0.8328125
0 0.1359375000000001 0.8265625 0.08593750000000011 0.8265625 0.08593750000000011 0.8734375 0.1359375000000001 0.8734375
0 0.1828125000000001 0.7671875 0.12343750000000009 0.7671875 0.12343750000000009 0.85625 0.1828125000000001 0.85625
0 0.2250000000000001 0.653125 0.15625000000000008 0.653125 0.15625000000000008 0.790625 0.2250000000000001 0.790625
0 0.2812500000000001 0.659375 0.22812500000000008 0.659375 0.22812500000000008 0.7734375 0.2812500000000001 0.7734375
0 0.1984375000000001 0.5625 0.1296875000000001 0.5625 0.1296875000000001 0.6765625 0.1984375000000001 0.6765625
0 0.15625000000000008 0.653125 0.07343750000000009 0.653125 0.07343750000000009 0.796875 0.15625000000000008 0.796875
0 0.1296875000000001 0.5578125 0.04687500000000007 0.5578125 0.04687500000000007 0.665625 0.1296875000000001 0.665625
0 0.05312500000000007 0.56875 0.01718750000000007 0.56875 0.01718750000000007 0.5984375 0.05312500000000007 0.5984375
0 0.05937500000000008 0.6046875 7.405286113594152e-17 0.6046875 7.883663769511087e-17 0.6828125 0.05937500000000009 0.6828125
0 0.4265625000000002 0.921875 0.3515625000000001 0.921875 0.3515625000000001 0.99375 0.4265625000000002 0.99375
0 0.48750000000000016 0.9640625 0.4312500000000002 0.9640625 0.4312500000000002 0.99375 0.48750000000000016 0.99375
0 0.3109375000000001 0.928125 0.23593750000000008 0.928125 0.23593750000000008 0.9875 0.3109375000000001 0.9875
0 0.2593750000000001 0.9578125 0.20312500000000008 0.9578125 0.20312500000000008 0.99375 0.2593750000000001 0.99375
0 0.18593750000000014 0.9828125 0.15625000000000014 0.9828125 0.15625000000000014 0.99375 0.18593750000000014 0.99375
0 0.3781250000000001 0.6953125 0.3281250000000001 0.6953125 0.3281250000000001 0.803125 0.3781250000000001 0.803125
0 0.4312500000000002 0.7671875 0.3750000000000001 0.7671875 0.3750000000000001 0.8390625 0.4312500000000002 0.8390625
0 0.4703125000000001 0.6046875 0.3734375000000001 0.6046875 0.3734375000000001 0.784375 0.4703125000000002 0.784375
0 0.5234375000000001 0.509375 0.4375 0.509375 0.4375000000000001 0.784375 0.5234375000000002 0.784375
0 0.6296875000000002 0.784375 0.4265625000000002 0.784375 0.4265625000000002 0.8984375 0.6296875000000002 0.8984375
0 0.6531250000000002 0.8921875 0.6000000000000002 0.8921875 0.6000000000000002 0.921875 0.6531250000000002 0.921875
0 0.7578125000000002 0.915625 0.6562500000000002 0.915625 0.6562500000000002 0.9765625 0.7578125000000002 0.9765625
0 0.7859375000000002 0.7609375 0.4812500000000002 0.7609375 0.4812500000000002 0.946875 0.7859375000000002 0.946875
0 0.7921875000000002 0.928125 0.7546875000000002 0.928125 0.7546875000000002 0.9765625 0.7921875000000002 0.9765625
0 0.8046875 0.8921875 0.7750000000000001 0.8921875 0.7750000000000001 0.946875 0.8046875 0.946875
0 0.7718750000000002 0.8328125 0.6984375000000002 0.8328125 0.6984375000000002 0.8796875 0.7718750000000002 0.8796875
0 0.6828125000000002 0.809375 0.6593750000000002 0.809375 0.6593750000000002 0.8453125 0.6828125000000002 0.8453125
0 0.6718750000000002 0.7484375 0.4734375000000002 0.7484375 0.4734375000000002 0.8328125 0.6718750000000002 0.8328125
0 0.7546875000000002 0.7484375000000001 0.6687500000000002 0.7484375 0.6687500000000002 0.85 0.7546875000000002 0.85
0 0.7984375000000001 0.6828125000000002 0.7484375 0.6828125000000002 0.7484375000000001 0.8140625 0.7984375000000001 0.8140625
0 0.7484375000000001 0.659375 0.7046875 0.659375 0.7046875000000001 0.7484375000000001 0.7484375000000002 0.7484375000000002
0 0.8421875 0.7421875000000002 0.7890625000000002 0.7421875000000002 0.7890625000000002 0.8390625 0.8421875 0.8390625
0 0.89375 0.7359375000000001 0.8375 0.7359375000000001 0.8375 0.8328125 0.89375 0.8328125
0 0.9203125 0.7062500000000002 0.89375 0.7062500000000002 0.89375 0.7484375000000002 0.9203125 0.7484375000000002
0 0.9640625 0.6406250000000002 0.9109375 0.6406250000000002 0.9109375 0.7062500000000002 0.9640625 0.7062500000000002
0 0.9078125 0.6343750000000001 0.88125 0.6343750000000001 0.88125 0.6953125000000002 0.9078125 0.6953125000000002
0 0.996875 0.4671875000000002 0.884375 0.4671875000000002 0.884375 0.5625000000000002 0.996875 0.5625000000000002
0 0.95 0.5390625000000002 0.8484375 0.5390625000000002 0.8484375 0.5921875000000002 0.95 0.5921875000000002
0 0.871875 0.5687500000000001 0.5171875 0.56875 0.5171875 0.6703125000000001 0.871875 0.6703125000000002
0 0.8765625 0.6234375000000001 0.6625 0.6234375 0.6625 0.70625 0.8765625 0.7062500000000002
0 0.89375 0.6890625000000001 0.828125 0.6890625000000001 0.828125 0.7421875000000002 0.89375 0.7421875000000002
0 0.7046875000000001 0.6703125 0.55625 0.6703125 0.5562500000000001 0.7609375 0.7046875000000001 0.7609375
0 0.6562500000000001 0.725 0.4796875 0.725 0.4796875000000001 0.7609375 0.6562500000000002 0.7609375
0 0.5562500000000001 0.665625 0.5234375 0.665625 0.5234375000000001 0.73125 0.5562500000000001 0.73125
0 0.5234375000000001 0.665625 0.4828125 0.665625 0.4828125000000001 0.73125 0.5234375000000002 0.73125
0 0.7484375 0.49687500000000007 0.5203125 0.496875 0.5203125 0.5875000000000001 0.7484375 0.5875000000000001
0 0.7515625 0.4375000000000001 0.709375 0.4375 0.709375 0.5687500000000001 0.7515625 0.5687500000000002
0 0.8015625 0.46093750000000017 0.7484375 0.46093750000000017 0.7484375 0.5156250000000002 0.8015625 0.5156250000000002
0 0.8484375 0.5093750000000001 0.7546875 0.5093750000000001 0.7546875 0.5687500000000002 0.8484375 0.5687500000000002
0 0.8703125 0.5093750000000001 0.834375 0.5093750000000001 0.834375 0.5453125000000002 0.8703125 0.5453125000000002
0 0.7125 0.45 0.6359375 0.45 0.6359375 0.5328125 0.7125 0.5328125
0 0.678125 0.4609375 0.5234375 0.4609375 0.5234375 0.496875 0.678125 0.496875
0 0.609375 0.425 0.55 0.425 0.55 0.4609375 0.609375 0.4609375
0 0.553125 0.4546875 0.4640625 0.4546875 0.4640625 0.515625 0.553125 0.515625
0 0.246875 2.602374448188126e-17 0.178125 2.181402110981223e-17 0.178125 0.09531250000000002 0.246875 0.09531250000000002
0 0.2890625 0.07187500000000004 0.2328125 0.07187500000000002 0.2328125 0.18593750000000003 0.2890625 0.18593750000000003
0 0.31875 0.15000000000000005 0.2515625 0.15000000000000005 0.2515625 0.2390625 0.31875 0.2390625
0 0.2484375 0.17968750000000006 0.2125 0.17968750000000006 0.2125 0.228125 0.2484375 0.228125
0 0.2296875 0.08906250000000002 0.15 0.08906250000000002 0.15 0.17968750000000003 0.2296875 0.17968750000000006
0 0.1828125 0.035937500000000025 0.153125 0.035937500000000025 0.153125 0.11406250000000002 0.1828125 0.11406250000000004
0 0.2125 0.12656250000000002 0.1265625 0.1265625 0.12656250000000002 0.2453125 0.2125 0.2453125
0 0.15468750000000003 0.07187500000000001 0.0796875 0.071875 0.07968750000000001 0.2328125 0.15468750000000003 0.2328125
0 0.16875 0.01875000000000002 0.121875 0.018750000000000017 0.121875 0.08437500000000002 0.16875 0.08437500000000002
0 0.125 1.071565949253934e-17 0.05 6.123233995736766e-18 0.05000000000000001 0.1015625 0.125 0.1015625
0 0.10000000000000002 0.15625 0.017187500000000015 0.15625 0.017187500000000026 0.2640625 0.10000000000000005 0.2640625
0 0.07656250000000002 0.1140625 0.009375000000000014 0.1140625 0.00937500000000002 0.228125 0.07656250000000002 0.228125
0 0.0765625 0.012500000000000008 0.0234375 0.012500000000000006 0.023437500000000007 0.1375 0.07656250000000002 0.1375
0 0.026562500000000006 0.0359375 4.401074434435801e-18 0.0359375 1.0237281836622406e-17 0.13125 0.02656250000000001 0.13125
0 0.017187500000000022 0.1328125 1.6264840301175783e-17 0.1328125 2.2866451952829482e-17 0.240625 0.01718750000000003 0.240625
0 0.046875 2.8702659355016093e-18 0 0 2.5832393419514486e-18 0.0421875 0.046875 0.04218750000000001
0 0.050000000000000044 0.340625 4.171453159595672e-17 0.340625 4.7646414529326714e-17 0.4375 0.050000000000000044 0.4375
0 0.59375 0.15625000000000006 0.484375 0.15625000000000006 0.484375 0.2812500000000001 0.59375 0.2812500000000001
0 0.5234375 0.18593750000000003 0.4703125 0.18593750000000003 0.4703125 0.2750000000000001 0.5234375 0.2750000000000001
0 0.59375 0.2812500000000001 0.54375 0.2812500000000001 0.54375 0.3531250000000001 0.59375 0.3531250000000001
0 0.5890625 0.3234375000000001 0.5296875 0.3234375000000001 0.5296875 0.41875 0.5890625 0.41875
0 0.546875 0.39531250000000007 0.496875 0.39531250000000007 0.496875 0.4671875 0.546875 0.4671875
0 0.5203125 0.3656250000000001 0.490625 0.3656250000000001 0.490625 0.39531250000000007 0.5203125 0.39531250000000007
0 0.546875 0.2750000000000001 0.503125 0.2750000000000001 0.503125 0.3593750000000001 0.546875 0.3593750000000001
0 0.503125 0.2812500000000001 0.4609375 0.2812500000000001 0.4609375 0.3656250000000001 0.503125 0.3656250000000001
0 0.5 0.2328125000000001 0.453125 0.2328125000000001 0.453125 0.2875000000000001 0.5 0.2875000000000001
0 0.45 0.2812500000000001 0.3875 0.2812500000000001 0.38750000000000007 0.3890625000000001 0.45 0.3890625000000001
0 0.49375 0.3468750000000001 0.44375 0.3468750000000001 0.44375 0.4375 0.49375 0.4375
0 0.484375 0.3890625000000001 0.4203125 0.3890625000000001 0.4203125 0.4671875 0.484375 0.4671875
0 0.4640625 0.4375 0.4140625 0.4375 0.4140625 0.509375 0.4640625 0.509375
0 0.4671875 0.521875 0.4203125 0.521875 0.4203125 0.5875 0.4671875 0.5875
0 0.4375 0.478125 0.3734375000000001 0.478125 0.3734375000000001 0.575 0.4375 0.575
0 0.4140625 0.4375 0.38750000000000007 0.4375 0.38750000000000007 0.484375 0.4140625 0.484375
0 0.425 0.3531250000000001 0.371875 0.3531250000000001 0.37187500000000007 0.4375 0.425 0.4375
0 0.37500000000000006 0.353125 0.2921875 0.353125 0.29218750000000004 0.5328125 0.3750000000000001 0.5328125
0 0.37187500000000007 0.33593750000000006 0.31875 0.3359375 0.31875000000000003 0.4140625 0.37187500000000007 0.4140625
0 0.37031250000000004 0.28750000000000003 0.3078125 0.2875 0.30781250000000004 0.36562500000000003 0.3703125000000001 0.3656250000000001
0 0.4109375 0.21562500000000004 0.3515625 0.215625 0.3515625 0.33593750000000006 0.4109375 0.3359375000000001
0 0.3140625 0.2703125 0.2515625 0.2703125 0.2515625 0.371875 0.3140625000000001 0.371875
0 0.284375 0.2515625 0.2390625 0.2515625 0.2390625 0.3234375 0.284375 0.3234375
0 0.29531250000000003 0.3359375 0.23125 0.3359375 0.23125000000000004 0.4796875 0.2953125000000001 0.4796875
0 0.32500000000000007 0.45 0.25468750000000007 0.45 0.25468750000000007 0.521875 0.32500000000000007 0.521875
0 0.23437500000000008 0.3765625 0.16250000000000003 0.3765625 0.16250000000000003 0.4671875 0.23437500000000008 0.4671875
0 0.23125000000000004 0.3234375 0.15937500000000004 0.3234375 0.15937500000000004 0.3953125 0.2312500000000001 0.3953125
0 0.18906250000000005 0.3765625 0.14531250000000004 0.3765625 0.14531250000000004 0.43125 0.18906250000000005 0.43125