0 0.8875 0.85625 0.7531250000000002 0.85625 0.7531250000000002 0.9953125 0.8875 0.9953125
0 0.8 0.6859375000000001 0.61875 0.6859375 0.6187500000000001 0.9171875 0.8 0.9171875
0 0.35625000000000007 0.746875 0.10937500000000008 0.746875 0.10937500000000011 0.9953125 0.35625000000000007 0.9953125
0 0.934375 0.6593750000000002 0.8453125 0.6593750000000002 0.8453125 0.7687500000000002 0.934375 0.7687500000000002
0 0.9734375 0.5828125000000002 0.884375 0.5828125000000002 0.884375 0.6906250000000002 0.9734375 0.6906250000000002
0 0.996875 0.5875000000000001 0.9390625 0.5875000000000001 0.9390625 0.825 0.996875 0.825
0 0.996875 0.7312500000000002 0.9625 0.7312500000000002 0.9625 0.896875 0.996875 0.896875
0 0.86875 0.5828125000000002 0.7796875 0.5828125000000002 0.7796875 0.6859375000000002 0.86875 0.6859375000000002
0 0.8890625 0.6093750000000002 0.865625 0.6093750000000002 0.865625 0.6609375000000002 0.8890625 0.6609375000000002
0 0.9109375 0.5062500000000002 0.8265625 0.5062500000000002 0.8265625 0.6093750000000002 0.9109375 0.6093750000000002
0 0.9765625 0.5109375000000002 0.915625 0.5109375000000002 0.915625 0.6031250000000001 0.9765625 0.6031250000000001
0 0.996875 0.30937500000000007 0.8609375 0.30937500000000007 0.8609375 0.5312500000000002 0.996875 0.5312500000000002
0 0.996875 0.5312500000000002 0.9625 0.5312500000000002 0.9625 0.5875000000000001 0.996875 0.5875000000000001
0 0.9265625 0.4390625000000002 0.8609375 0.4390625000000002 0.8609375 0.5062500000000002 0.9265625 0.5062500000000002
0 0.865625 0.4234375000000002 0.8 0.4234375000000002 0.8 0.5421875000000002 0.865625 0.5421875000000002
0 0.8 0.5421875000000002 0.75 0.5421875000000002 0.75 0.6250000000000002 0.8 0.6250000000000002
0 0.884375 0.3296875000000001 0.784375 0.3296875000000001 0.784375 0.4281250000000002 0.884375 0.4281250000000002
0 0.9953125 0.03593750000000011 0.7453125 0.03593750000000009 0.7453125 0.38750000000000007 0.9953125 0.38750000000000007
0 0.9046875 0.03593750000000011 0.8078125 0.0359375000000001 0.8078125 0.2375000000000001 0.9046875 0.2375000000000001
0 0.3468750000000001 0.459375 0.15468750000000003 0.459375 0.15468750000000006 0.696875 0.3468750000000001 0.696875
0 0.475 0.5625 0.3937500000000001 0.5625 0.3937500000000001 0.690625 0.475 0.690625
0 0.5375 0.603125 0.4640625 0.603125 0.4640625 0.6859375 0.5375 0.6859375
0 0.803125 0.26250000000000007 0.5328125 0.26250000000000007 0.5328125 0.690625 0.803125 0.6906250000000002
0 0.5109375 0.515625 0.421875 0.515625 0.421875 0.6234375 0.5109375 0.6234375
0 0.55625 0.515625 0.5140625 0.515625 0.5140625 0.5921875 0.55625 0.5921875
0 0.3968750000000001 0.61875 0.3515625000000001 0.61875 0.3515625000000001 0.6953125 0.3968750000000001 0.6953125
0 0.4125 0.515625 0.3437500000000001 0.515625 0.3437500000000001 0.61875 0.4125 0.61875
0 0.5328125 0.4125 0.45625 0.4125 0.45625 0.546875 0.5328125 0.546875
0 0.5671875 0.4078125 0.5015625 0.4078125 0.5015625 0.5109375 0.5671875 0.5109375
0 0.459375 0.44375 0.3828125000000001 0.44375 0.3828125000000001 0.55625 0.459375 0.55625
0 0.4015625 0.428125 0.3359375000000001 0.428125 0.3359375000000001 0.5203125 0.4015625 0.5203125
0 0.4828125 0.34062500000000007 0.4015625 0.34062500000000007 0.4015625 0.44375 0.4828125 0.44375
0 0.55625 0.3046875000000001 0.4828125 0.3046875000000001 0.4828125 0.4078125 0.55625 0.4078125
0 0.575 0.2890625000000001 0.4671875 0.2890625000000001 0.4671875 0.4078125 0.575 0.4078125
0 0.5171875 0.24218750000000008 0.4015625 0.24218750000000008 0.4015625 0.34062500000000007 0.5171875 0.34062500000000007
0 0.409375 0.27812500000000007 0.3515625 0.278125 0.35156250000000006 0.428125 0.409375 0.428125
0 0.36250000000000004 0.2828125 0.228125 0.2828125 0.22812500000000005 0.4953125 0.3625000000000001 0.4953125
0 0.12812500000000004 0.2984375 0.04218750000000003 0.2984375 0.04218750000000004 0.4078125 0.12812500000000004 0.4078125
0 0.2312500000000001 0.4125 0.16250000000000003 0.4125 0.16250000000000003 0.4953125 0.2312500000000001 0.4953125
0 0.023437500000000076 0.5984375 7.328745688647442e-17 0.5984375 7.960204194457795e-17 0.7015625 0.023437500000000083 0.7015625
0 0.540625 0.12343750000000005 0.4828125 0.12343750000000005 0.4828125 0.2687500000000001 0.540625 0.2687500000000001
0 0.6328125 0.13437500000000008 0.525 0.13437500000000005 0.525 0.4078125 0.6328125 0.4078125
0 0.478125 0.17500000000000004 0.440625 0.17500000000000004 0.440625 0.27812500000000007 0.478125 0.27812500000000007
0 0.7328125 7.367015901120796e-17 0.4703125 5.759666977239896e-17 0.4703125 0.17968750000000006 0.7328125 0.17968750000000008
0 0.4828125 4.869884537234397e-17 0.3125 3.827021247335479e-17 0.3125 0.20156250000000003 0.4828125 0.2015625000000001
0 0.3859375 0.06718750000000004 0.2125 0.06718750000000002 0.2125 0.22187500000000004 0.3859375 0.2218750000000001
0 0.440625 0.19062500000000004 0.3515625 0.19062500000000004 0.3515625 0.3140625 0.440625 0.3140625000000001
0 0.3859375 0.17500000000000004 0.246875 0.17500000000000004 0.246875 0.3296875 0.3859375 0.3296875000000001
0 0.2546875 0.10312500000000002 0.09218750000000002 0.103125 0.09218750000000003 0.2828125 0.2546875 0.2828125
0 0.10468750000000002 0.11875 1.4542680739874818e-17 0.11875 2.6502122137798194e-17 0.3140625 0.10468750000000004 0.3140625
0 0.04218750000000005 0.3203125 3.922696778518866e-17 0.3203125 4.5541552843292194e-17 0.4234375 0.04218750000000006 0.4234375
0 0.15937500000000004 0.246875 0.06250000000000003 0.246875 0.06250000000000003 0.340625 0.15937500000000004 0.340625
0 0.246875 0.253125 0.12812500000000004 0.253125 0.12812500000000004 0.309375 0.246875 0.309375
0 0.22812500000000005 0.278125 0.13125000000000003 0.278125 0.13125000000000003 0.371875 0.22812500000000008 0.371875
0 0.23125000000000004 0.3453125 0.13125000000000003 0.3453125 0.13125000000000003 0.4234375 0.2312500000000001 0.4234375
0 0.23593750000000008 0.3765625 0.15781250000000005 0.3765625 0.15781250000000005 0.459375 0.23593750000000008 0.459375
0 0.04218750000000006 0.38125 4.6689659217492845e-17 0.38125 5.683126552293186e-17 0.546875 0.042187500000000065 0.546875
0 0.16562500000000005 0.403125 0.04687500000000004 0.403125 0.04687500000000005 0.4703125 0.16562500000000005 0.4703125
0 0.16562500000000005 0.4703125 0.04218750000000006 0.4703125 0.04218750000000006 0.5421875 0.16562500000000005 0.5421875
0 0.15468750000000006 0.515625 6.31458505810354e-17 0.515625 6.850368032730508e-17 0.603125 0.1546875000000001 0.603125
0 0.07343750000000007 0.5875 0.010937500000000072 0.5875 0.010937500000000079 0.70625 0.07343750000000009 0.70625
0 0.1625000000000001 0.5671875 0.07343750000000007 0.5671875 0.07343750000000007 0.7015625 0.1625000000000001 0.7015625