0 0.7500000000000001 0.4859375000000001 0.4078125 0.4859375 0.4078125000000001 0.9515625 0.7500000000000002 0.9515625
0 0.934375 0.0984375000000001 0.7171875 0.0984375000000001 0.7171875000000001 0.7921875 0.934375 0.7921875000000002
0 0.953125 0.0875000000000001 0.715625 0.08750000000000009 0.715625 0.6171875000000001 0.953125 0.6171875000000002
0 0.815625 8.830851528226616e-17 0.6265625 7.673177600907635e-17 0.6265625 0.21875000000000008 0.815625 0.21875000000000008
0 0.7171875 0.07656250000000007 0.528125 0.07656250000000006 0.528125 0.56875 0.7171875 0.56875
0 0.578125 0.017187500000000057 0.3640625 0.017187500000000043 0.36406250000000007 0.6828125 0.578125 0.6828125
0 0.4906250000000001 0.290625 0.2734375 0.290625 0.27343750000000006 0.83125 0.4906250000000002 0.83125
0 0.41093750000000007 0.35000000000000003 0.11562500000000005 0.35 0.11562500000000009 0.99375 0.4109375000000002 0.99375
0 0.2328125000000001 0.371875 0.051562500000000046 0.371875 0.05156250000000008 0.9171875 0.2328125000000001 0.9171875
0 0.37500000000000006 0.14218750000000005 0.1921875 0.14218750000000005 0.1921875 0.453125 0.3750000000000001 0.453125
0 0.4515625 3.8557239066904946e-17 0.178125 2.181402110981223e-17 0.178125 0.16406250000000003 0.4515625 0.16406250000000006
0 0.4828125 0.02187500000000005 0.33125 0.02187500000000004 0.33125 0.16406250000000006 0.4828125 0.16406250000000006