0 0.996875 0.2921875000000001 0.89375 0.2921875000000001 0.89375 0.4828125000000002 0.996875 0.4828125000000002
0 0.996875 0.47656250000000017 0.89375 0.47656250000000017 0.89375 0.6078125000000002 0.996875 0.6078125000000002
0 0.996875 0.6078125000000002 0.896875 0.6078125000000002 0.896875 0.7562500000000002 0.996875 0.7562500000000002
0 0.996875 0.7796875000000002 0.8828125 0.7796875000000002 0.8828125 0.99375 0.996875 0.99375
0 0.9265625 0.875 0.6562500000000002 0.875 0.6562500000000002 0.99375 0.9265625 0.99375
0 0.7796875000000001 0.565625 0.7 0.565625 0.7000000000000001 0.7312500000000001 0.7796875000000002 0.7312500000000002
0 0.7500000000000001 0.6609375000000001 0.69375 0.6609375 0.6937500000000001 0.7734375000000001 0.7500000000000002 0.7734375000000002
0 0.85625 0.6671875000000002 0.75 0.6671875000000002 0.7500000000000001 0.7859375000000002 0.85625 0.7859375000000002
0 0.9203125 0.7265625000000002 0.85 0.7265625000000002 0.85 0.7734375000000002 0.9203125 0.7734375000000002
0 0.9375 0.3218750000000001 0.7375 0.3218750000000001 0.7375 0.7328125000000002 0.9375 0.7328125000000002
0 0.996875 0.2078125000000001 0.8234375 0.2078125000000001 0.8234375 0.3812500000000001 0.996875 0.3812500000000001
0 0.89375 0.26250000000000007 0.7171875 0.26250000000000007 0.7171875 0.4046875000000001 0.89375 0.4046875000000002
0 0.9734375 1.0954848320497809e-16 0.815625 9.9885254555456e-17 0.815625 0.2671875000000001 0.9734375 0.2671875000000001
0 0.996875 0.1484375000000001 0.79375 0.14843750000000008 0.79375 0.2796875000000001 0.996875 0.2796875000000001
0 0.803125 8.467284509729747e-17 0.5796875 7.099124413807313e-17 0.5796875 0.28593750000000007 0.803125 0.28593750000000007
0 0.734375 0.2390625000000001 0.6140625 0.2390625000000001 0.6140625 0.5484375000000001 0.734375 0.5484375000000001
0 0.7375 0.2796875000000001 0.6171875 0.2796875000000001 0.6171875 0.5234375000000001 0.7375 0.5234375000000002
0 0.703125 0.5421875 0.6140625 0.5421875 0.6140625 0.7140625 0.703125 0.7140625
0 0.6609375000000001 0.565625 0.553125 0.565625 0.5531250000000001 0.73125 0.6609375000000002 0.73125
0 0.6734375000000001 0.696875 0.59375 0.696875 0.5937500000000001 0.815625 0.6734375000000001 0.815625
0 0.5625 0.446875 0.4734375 0.446875 0.4734375 0.6375 0.5625 0.6375
0 0.490625 0.453125 0.40625 0.453125 0.40625 0.6078125 0.490625 0.6078125
0 0.40625 0.49375 0.3296875000000001 0.49375 0.3296875000000001 0.6546875 0.40625 0.6546875
0 0.3968750000000001 0.6078125 0.18906250000000008 0.6078125 0.18906250000000008 0.7203125 0.3968750000000001 0.7203125
0 0.3671875000000001 0.565625 0.2531250000000001 0.565625 0.2531250000000001 0.8328125 0.3671875000000001 0.8328125
0 0.3031250000000001 0.5234375 0.2328125000000001 0.5234375 0.2328125000000001 0.625 0.3031250000000001 0.625
0 0.3140625000000001 0.48125 0.2500000000000001 0.48125 0.2500000000000001 0.565625 0.3140625000000001 0.565625
0 0.2328125000000001 0.434375 0.16718750000000004 0.434375 0.16718750000000007 0.5484375 0.2328125000000001 0.5484375
0 0.2328125000000001 0.5359375 0.17343750000000005 0.5359375 0.17343750000000008 0.625 0.2328125000000001 0.625
0 0.4671875000000001 0.6734375 0.3593750000000001 0.6734375 0.3593750000000001 0.828125 0.4671875000000002 0.828125
0 0.5171875000000001 0.7203125 0.4640625 0.7203125 0.4640625000000001 0.821875 0.5171875000000001 0.821875
0 0.540625 0.5828125 0.3937500000000001 0.5828125 0.3937500000000001 0.7203125 0.540625 0.7203125
0 0.5859375000000001 0.6609375 0.5203125 0.6609375 0.5203125000000001 0.809375 0.5859375000000002 0.809375
0 0.2812500000000001 0.4875 0.06093750000000007 0.4875 0.06093750000000009 0.8453125 0.2812500000000001 0.8453125
0 0.14062500000000006 0.4640625 0.026562500000000055 0.4640625 0.026562500000000065 0.678125 0.14062500000000008 0.678125
0 0.13593750000000007 0.2796875 3.425184016365254e-17 0.2796875 5.137776024547881e-17 0.559375 0.1359375000000001 0.559375
0 0.30625 0.2140625 0.10312500000000005 0.2140625 0.10312500000000005 0.5234375 0.3062500000000001 0.5234375
0 0.6796875 0.30468750000000006 0.29375 0.3046875 0.29375000000000007 0.5484375 0.6796875 0.5484375
0 0.590625 0.2140625000000001 0.4734375 0.2140625000000001 0.4734375 0.3281250000000001 0.590625 0.3281250000000001
0 0.4671875 0.25000000000000006 0.3328125 0.25 0.3328125 0.33281250000000007 0.4671875 0.33281250000000007
0 0.34375 0.2265625 0.2234375 0.2265625 0.2234375 0.3453125 0.34375 0.3453125