0 0.9484375 0.19218750000000012 0.5625 0.1921875000000001 0.5625 0.4828125000000001 0.9484375 0.4828125000000002
0 0.9953125 0.4046875000000002 0.9078125 0.4046875000000002 0.9078125 0.5406250000000001 0.9953125 0.5406250000000001
0 0.9953125 0.5562500000000001 0.7890625 0.5562500000000001 0.7890625 0.6953125000000002 0.9953125 0.6953125000000002
0 0.7828125 0.5640625000000001 0.6703125 0.5640625 0.6703125 0.6671875 0.7828125 0.6671875000000002
0 0.7625 0.5015625000000001 0.65 0.5015625 0.65 0.5750000000000001 0.7625 0.5750000000000002
0 0.896875 0.4796875000000001 0.721875 0.4796875 0.721875 0.5609375000000001 0.896875 0.5609375000000002
0 0.65 0.4515625 0.3140625000000001 0.4515625 0.3140625000000001 0.721875 0.65 0.721875
0 0.5000000000000001 0.7109375 0.453125 0.7109375 0.4531250000000001 0.7421875 0.5000000000000002 0.7421875
0 0.6187500000000001 0.7328125 0.5875000000000001 0.7328125 0.5875000000000001 0.7609375 0.6187500000000001 0.7609375
0 0.659375 0.690625 0.603125 0.690625 0.603125 0.721875 0.659375 0.721875
0 0.7640625000000001 0.6984375000000002 0.7328125 0.6984375000000002 0.7328125000000001 0.7265625000000002 0.7640625000000002 0.7265625000000002
0 0.809375 0.7187500000000002 0.778125 0.7187500000000002 0.7781250000000001 0.7453125000000002 0.809375 0.7453125000000002
0 0.9390625 0.6906250000000002 0.91875 0.6906250000000002 0.91875 0.7109375000000002 0.9390625 0.7109375000000002
0 0.9953125 0.965625 0.9328125 0.965625 0.9328125 0.996875 0.9953125 0.996875
0 0.7062500000000002 0.8921875 0.6656250000000001 0.8921875 0.6656250000000001 0.9296875 0.7062500000000002 0.9296875
0 0.6437500000000002 0.8578125 0.6031250000000001 0.8578125 0.6031250000000001 0.8890625 0.6437500000000002 0.8890625
0 0.7687500000000002 0.8078125 0.7328125000000002 0.8078125 0.7328125000000002 0.8390625 0.7687500000000002 0.8390625
0 0.6593750000000002 0.815625 0.6187500000000001 0.815625 0.6187500000000001 0.846875 0.6593750000000002 0.846875
0 0.6187500000000001 0.81875 0.5718750000000001 0.81875 0.5718750000000001 0.853125 0.6187500000000001 0.853125
0 0.5671875000000002 0.81875 0.5250000000000001 0.81875 0.5250000000000001 0.85 0.5671875000000002 0.85
0 0.5625000000000002 0.8453125 0.5265625000000002 0.8453125 0.5265625000000002 0.8734375 0.5625000000000002 0.8734375
0 0.47968750000000016 0.8265625 0.43281250000000016 0.8265625 0.43281250000000016 0.85 0.47968750000000016 0.85
0 0.3453125000000001 0.834375 0.3046875000000001 0.834375 0.3046875000000001 0.865625 0.3453125000000001 0.865625
0 0.05156250000000011 0.9109375 1.115576693598292e-16 0.9109375 1.1394955763941387e-16 0.95 0.05156250000000011 0.95
0 0.4687500000000001 0.6484375 7.941069088221118e-17 0.6484375 9.500580246510326e-17 0.903125 0.46875000000000017 0.903125
0 0.37187500000000007 0.459375 0.21093750000000008 0.459375 0.21093750000000008 0.603125 0.37187500000000007 0.603125
0 0.24687500000000004 0.315625 3.865291459808834e-17 0.315625 6.419828142405266e-17 0.7328125 0.2468750000000001 0.7328125
0 0.53125 0.20781250000000004 0.07187500000000002 0.2078125 0.07187500000000005 0.5328125 0.53125 0.5328125
0 0.35625 0.08125000000000002 9.950255243072244e-18 0.08125 2.71718508560819e-17 0.3625 0.35625 0.3625
0 0.70625 0.012500000000000063 0.334375 0.012500000000000039 0.334375 0.31718750000000007 0.70625 0.31718750000000007
0 0.9125 0.0468750000000001 0.6796875 0.046875000000000076 0.6796875 0.14687500000000012 0.9125 0.14687500000000014
0 0.9953125 0.023437500000000104 0.721875 0.02343750000000009 0.721875 0.17031250000000012 0.9953125 0.17031250000000014
0 0.9953125 0.1437500000000001 0.7984375 0.1437500000000001 0.7984375 0.32500000000000007 0.9953125 0.32500000000000007
0 0.8 0.1390625000000001 0.7171875 0.1390625000000001 0.7171875 0.22812500000000008 0.8 0.22812500000000008
0 0.778125 7.070421754452296e-17 0.3765625 4.6115606030392526e-17 0.3765625 0.04687500000000007 0.778125 0.0468750000000001
0 0.365625 0.02812500000000002 0.015625000000000007 0.028125 0.01562500000000001 0.13593750000000002 0.365625 0.13593750000000004