0 0.996875 0.010937500000000117 0.9078125 0.01093750000000011 0.9078125 0.12968750000000012 0.996875 0.12968750000000012
0 0.9765625 0.13437500000000013 0.9109375 0.13437500000000013 0.9109375 0.2062500000000001 0.9765625 0.2062500000000001
0 0.996875 0.19687500000000013 0.9234375 0.19687500000000013 0.9234375 0.4031250000000002 0.996875 0.4031250000000002
0 0.965625 0.3000000000000001 0.884375 0.3000000000000001 0.884375 0.4390625000000002 0.965625 0.4390625000000002
0 0.996875 0.3921875000000001 0.965625 0.3921875000000001 0.965625 0.48437500000000017 0.996875 0.48437500000000017
0 0.8953125 0.3921875000000001 0.8265625 0.3921875000000001 0.8265625 0.4750000000000002 0.8953125 0.4750000000000002
0 0.9578125 0.4281250000000002 0.871875 0.4281250000000002 0.871875 0.5250000000000001 0.9578125 0.5250000000000001
0 0.996875 0.48437500000000017 0.9546875 0.48437500000000017 0.9546875 0.5718750000000001 0.996875 0.5718750000000001
0 0.9578125 0.5265625000000002 0.884375 0.5265625000000002 0.884375 0.6140625000000002 0.9578125 0.6140625000000002
0 0.996875 0.5781250000000002 0.9390625 0.5781250000000002 0.9390625 0.6656250000000001 0.996875 0.6656250000000001
0 0.996875 0.6656250000000001 0.9390625 0.6656250000000001 0.9390625 0.7328125000000002 0.996875 0.7328125000000002
0 0.9953125 0.7109375000000002 0.8765625 0.7109375000000002 0.8765625 0.8609375 0.9953125 0.8609375
0 0.946875 0.809375 0.853125 0.809375 0.853125 0.9484375 0.946875 0.9484375
0 0.996875 0.840625 0.9546875 0.840625 0.9546875 0.953125 0.996875 0.953125
0 0.9765625 0.953125 0.853125 0.953125 0.853125 0.9953125 0.9765625 0.9953125
0 0.996875 0.22656250000000008 0.9234375 0.22656250000000008 0.9234375 0.38750000000000007 0.996875 0.38750000000000007
0 0.084375 0.0625 0.007812500000000009 0.0625 0.007812500000000012 0.1453125 0.08437500000000002 0.1453125
0 0.02343750000000002 0.134375 1.6456191363542558e-17 0.134375 2.2770776421646097e-17 0.2375 0.023437500000000028 0.2375
0 0.13437500000000002 0.1234375 0.031250000000000014 0.1234375 0.031250000000000014 0.2265625 0.13437500000000005 0.2265625
0 0.1234375 0.09375000000000001 0.08906250000000002 0.09375 0.08906250000000002 0.125 0.1234375 0.125
0 0.19375 0.05156250000000001 0.078125 0.0515625 0.07812500000000001 0.16562500000000002 0.19375 0.16562500000000005
0 0.3328125 3.1764276352884476e-17 0.1859375 2.27707764216461e-17 0.1859375 0.07187500000000004 0.3328125 0.07187500000000005
0 0.390625 0.004687500000000041 0.2671875 0.004687500000000034 0.2671875 0.13906250000000003 0.390625 0.13906250000000003
0 0.4296875 0.010937500000000048 0.371875 0.010937500000000044 0.371875 0.07812500000000004 0.4296875 0.07812500000000004
0 0.2671875 0.07656250000000002 0.1859375 0.07656250000000002 0.1859375 0.15468750000000003 0.2671875 0.15468750000000003
0 0.3328125 0.11406250000000004 0.225 0.11406250000000004 0.225 0.2328125 0.3328125 0.2328125
0 0.2203125 0.15937500000000002 0.1421875 0.159375 0.14218750000000002 0.2171875 0.2203125 0.2171875
0 0.16250000000000003 0.20625 0.10781250000000005 0.20625 0.10781250000000005 0.2890625 0.16250000000000003 0.2890625
0 0.12031250000000004 0.20625 2.525834023241416e-17 0.20625 3.568697313140334e-17 0.3765625 0.12031250000000004 0.3765625
0 0.21718750000000003 0.278125 0.12031250000000004 0.278125 0.12031250000000004 0.4171875 0.2171875000000001 0.4171875
0 0.29375000000000007 0.19687500000000002 0.16562500000000005 0.196875 0.16562500000000005 0.3671875 0.29375000000000007 0.3671875
0 0.11562500000000005 0.3609375 0.018750000000000044 0.3609375 0.01875000000000005 0.515625 0.11562500000000005 0.515625
0 0.19375000000000006 0.459375 0.07031250000000007 0.459375 0.07031250000000007 0.6296875 0.1937500000000001 0.6296875
0 0.27812500000000007 0.403125 0.14218750000000005 0.403125 0.14218750000000005 0.5265625 0.27812500000000007 0.5265625
0 0.33906250000000004 0.3453125 0.2359375 0.3453125 0.23593750000000005 0.4375 0.3390625000000001 0.4375
0 0.34843750000000007 0.2625 0.2828125 0.2625 0.2828125 0.3765625 0.34843750000000007 0.3765625
0 0.1390625000000001 0.55625 0.010937500000000069 0.55625 0.010937500000000076 0.6546875 0.1390625000000001 0.6546875
0 0.17343750000000008 0.6546875 0.06250000000000008 0.6546875 0.06250000000000008 0.7734375 0.17343750000000008 0.7734375
0 0.0468750000000001 0.696875 8.534257381558118e-17 0.696875 9.261391418551857e-17 0.815625 0.0468750000000001 0.815625
0 0.0890625000000001 0.76875 9.414472268445279e-17 0.76875 1.041906534587084e-16 0.9328125 0.08906250000000011 0.9328125
0 0.2156250000000001 0.81875 1.0026795668018954e-16 0.81875 1.1098361617272889e-16 0.99375 0.2156250000000001 0.99375
0 0.2750000000000001 0.6953125 0.08593750000000008 0.6953125 0.0859375000000001 0.9328125 0.2750000000000001 0.9328125
0 0.6453125000000001 0.665625 0.4859375 0.665625 0.4859375000000001 0.8453125 0.6453125000000002 0.8453125
0 0.5796875000000001 0.865625 0.41718750000000016 0.865625 0.41718750000000016 0.9953125 0.5796875000000001 0.9953125
0 0.5984375000000002 0.784375 0.4984375000000002 0.784375 0.4984375000000002 0.9328125 0.5984375000000002 0.9328125
0 0.6718750000000002 0.825 0.5906250000000002 0.825 0.5906250000000002 0.9484375 0.6718750000000002 0.9484375
0 0.7421875000000002 0.85625 0.6562500000000002 0.85625 0.6562500000000002 0.953125 0.7421875000000002 0.953125
0 0.7640625000000002 0.9234375 0.7109375000000002 0.9234375 0.7109375000000002 0.9953125 0.7640625000000002 0.9953125
0 0.80625 0.8515625 0.7375000000000002 0.8515625 0.7375000000000002 0.990625 0.80625 0.990625
0 0.6906250000000002 0.9328125 0.6140625000000002 0.9328125 0.6140625000000002 0.9953125 0.6906250000000002 0.9953125
0 0.865625 0.7734375000000002 0.7765625000000002 0.7734375000000002 0.7765625000000002 0.9125 0.865625 0.9125
0 0.8734375 0.6953125000000002 0.8078125 0.6953125000000002 0.8078125 0.809375 0.8734375 0.809375
0 0.7484375000000001 0.690625 0.6375 0.690625 0.6375000000000001 0.8609375 0.7484375000000002 0.8609375
0 0.7796875000000002 0.7375000000000002 0.7421875000000002 0.7375000000000002 0.7421875000000002 0.7781250000000002 0.7796875000000002 0.7781250000000002
0 0.7921875 0.6656250000000001 0.7421875 0.6656250000000001 0.7421875000000001 0.7625000000000002 0.7921875000000002 0.7625000000000002
0 0.7453125 0.6500000000000001 0.70625 0.65 0.70625 0.690625 0.7453125 0.6906250000000002
0 0.6609375 0.546875 0.5296875 0.546875 0.5296875 0.6953125 0.6609375 0.6953125
0 0.70625 0.5921875 0.6296875 0.5921875 0.6296875 0.7015625 0.70625 0.7015625
0 0.80625 0.4953125000000001 0.671875 0.4953125 0.671875 0.6546875000000001 0.80625 0.6546875000000002
0 0.6875 0.5359375 0.6453125 0.5359375 0.6453125 0.603125 0.6875 0.603125
0 0.8875 0.5109375000000002 0.7875 0.5109375000000002 0.7875 0.5828125000000002 0.8875 0.5828125000000002
0 0.95 0.5828125000000002 0.8453125 0.5828125000000002 0.8453125 0.7062500000000002 0.95 0.7062500000000002
0 0.8296875 0.44843750000000016 0.7375 0.44843750000000016 0.7375 0.5562500000000001 0.8296875 0.5562500000000001
0 0.7421875 0.3812500000000001 0.6421875 0.3812500000000001 0.6421875 0.5000000000000001 0.7421875 0.5000000000000002
0 0.653125 0.3656250000000001 0.553125 0.3656250000000001 0.553125 0.484375 0.653125 0.484375
0 0.81875 0.3671875000000001 0.7484375 0.3671875000000001 0.7484375 0.4390625000000002 0.81875 0.4390625000000002
0 0.853125 0.2015625000000001 0.7953125 0.2015625000000001 0.7953125 0.2984375000000001 0.853125 0.2984375000000001
0 0.915625 0.1281250000000001 0.8 0.1281250000000001 0.8 0.2062500000000001 0.915625 0.2062500000000001
0 0.9265625 0.2171875000000001 0.853125 0.2171875000000001 0.853125 0.3000000000000001 0.9265625 0.3000000000000001
0 0.9265625 0.3000000000000001 0.86875 0.3000000000000001 0.86875 0.38750000000000007 0.9265625 0.38750000000000007
0 0.8953125 0.3046875000000001 0.834375 0.3046875000000001 0.834375 0.3765625000000001 0.8953125 0.3765625000000001
0 0.86875 0.2890625000000001 0.784375 0.2890625000000001 0.784375 0.3765625000000001 0.86875 0.3765625000000001
0 0.803125 0.1859375000000001 0.721875 0.1859375000000001 0.721875 0.3140625000000001 0.803125 0.3140625000000001
0 0.8921875 1.0170308964794034e-16 0.76875 9.414472268445279e-17 0.76875 0.0875000000000001 0.8921875 0.0875000000000001
0 0.9390625 1.1050523851681195e-16 0.865625 1.0600848855119278e-16 0.865625 0.03593750000000011 0.9390625 0.03593750000000011
0 0.8765625 0.0828125000000001 0.7953125 0.0828125000000001 0.7953125 0.1546875000000001 0.8765625 0.1546875000000001
0 0.9296875 0.0718750000000001 0.884375 0.0718750000000001 0.884375 0.13906250000000012 0.9296875 0.13906250000000014
0 0.7953125 0.07343750000000009 0.75625 0.07343750000000009 0.75625 0.1453125000000001 0.7953125 0.1453125000000001
0 0.7734375 8.974364825001696e-17 0.6921875 8.476852062848085e-17 0.6921875 0.06250000000000008 0.7734375 0.06250000000000008
0 0.6875 0.010937500000000083 0.6484375 0.01093750000000008 0.6484375 0.04687500000000008 0.6875 0.04687500000000009
0 0.7375 0.04687500000000009 0.6828125 0.04687500000000009 0.6828125 0.09218750000000009 0.7375 0.09218750000000009
0 0.7421875 0.09218750000000009 0.6609375 0.09218750000000009 0.6609375 0.1546875000000001 0.7421875 0.1546875000000001
0 0.653125 0.025000000000000078 0.5953125 0.025000000000000078 0.5953125 0.08281250000000008 0.653125 0.0828125000000001
0 0.603125 0.01562500000000007 0.5375 0.015625000000000066 0.5375 0.10781250000000006 0.603125 0.10781250000000009
0 0.5453125 0.02500000000000006 0.45625 0.025000000000000057 0.45625 0.11875000000000006 0.5453125 0.11875000000000009
0 0.521875 0.010937500000000062 0.5015625 0.010937500000000062 0.5015625 0.042187500000000065 0.521875 0.042187500000000065
0 0.4828125 0.02031250000000006 0.4515625 0.020312500000000056 0.4515625 0.046875000000000056 0.4828125 0.046875000000000056
0 0.4484375 0.05625000000000004 0.4203125 0.05625000000000004 0.4203125 0.08750000000000005 0.4484375 0.08750000000000005
0 0.4203125 0.10937500000000004 0.34375 0.10937500000000004 0.34375 0.21250000000000005 0.4203125 0.21250000000000008
0 0.440625 0.06718750000000004 0.39375 0.06718750000000004 0.39375 0.13437500000000005 0.440625 0.13437500000000005
0 0.4671875 0.16562500000000005 0.4203125 0.16562500000000005 0.4203125 0.21093750000000008 0.4671875 0.21093750000000008
0 0.5171875 0.11406250000000004 0.4515625 0.11406250000000004 0.4515625 0.18125000000000005 0.5171875 0.18125000000000005
0 0.5875 0.11875000000000006 0.5171875 0.11875000000000005 0.5171875 0.2015625000000001 0.5875 0.2015625000000001
0 0.5296875 0.16093750000000004 0.4671875 0.16093750000000004 0.4671875 0.2328125000000001 0.5296875 0.2328125000000001
0 0.603125 0.19062500000000007 0.5140625 0.19062500000000004 0.5140625 0.2984375000000001 0.603125 0.2984375000000001
0 0.6484375 0.08281250000000008 0.5828125 0.08281250000000007 0.5828125 0.2015625000000001 0.6484375 0.2015625000000001
0 0.7296875 0.1546875000000001 0.640625 0.1546875000000001 0.640625 0.2468750000000001 0.7296875 0.2468750000000001
0 0.7265625 0.2375000000000001 0.6375 0.2375000000000001 0.6375 0.3296875000000001 0.7265625 0.3296875000000001
0 0.640625 0.2015625000000001 0.6140625 0.2015625000000001 0.6140625 0.2734375000000001 0.640625 0.2734375000000001
0 0.40937500000000016 0.88125 0.3046875000000001 0.88125 0.3046875000000001 0.9953125 0.40937500000000016 0.9953125
0 0.2984375000000001 0.928125 0.2250000000000001 0.928125 0.2250000000000001 0.9953125 0.2984375000000001 0.9953125
0 0.41718750000000016 0.784375 0.2968750000000001 0.784375 0.2968750000000001 0.91875 0.41718750000000016 0.91875
0 0.4750000000000001 0.64375 0.3859375000000001 0.64375 0.3859375000000001 0.809375 0.4750000000000002 0.809375
0 0.4703125000000002 0.8046875 0.41718750000000016 0.8046875 0.41718750000000016 0.88125 0.4703125000000002 0.88125
0 0.3859375000000001 0.7109375 0.2750000000000001 0.7109375 0.2750000000000001 0.8203125 0.3859375000000001 0.8203125
0 0.3937500000000001 0.5109375 0.19687500000000005 0.5109375 0.19687500000000008 0.753125 0.3937500000000001 0.753125
0 0.2515625000000001 0.65 0.16562500000000008 0.65 0.16562500000000008 0.7265625 0.2515625000000001 0.7265625
0 0.440625 0.475 0.33281250000000007 0.475 0.33281250000000007 0.6453125 0.440625 0.6453125
0 0.553125 0.4375 0.40625 0.4375 0.40625 0.5515625 0.553125 0.5515625
0 0.525 0.38750000000000007 0.44375 0.38750000000000007 0.44375 0.4546875 0.525 0.4546875
0 0.5671875 0.3656250000000001 0.5171875 0.3656250000000001 0.5171875 0.4171875 0.5671875 0.4171875
0 0.4359375 0.3921875 0.30937500000000007 0.3921875 0.30937500000000007 0.4953125 0.4359375 0.4953125
0 0.4375 0.35625000000000007 0.40625 0.35625000000000007 0.40625 0.4015625 0.4375 0.4015625
0 0.4359375 0.26875000000000004 0.3515625 0.26875 0.35156250000000006 0.38750000000000007 0.4359375 0.38750000000000007
0 0.475 0.2015625000000001 0.39375 0.2015625000000001 0.39375 0.27812500000000007 0.475 0.27812500000000007
0 0.540625 0.24218750000000008 0.459375 0.24218750000000008 0.459375 0.3296875000000001 0.540625 0.3296875000000001
0 0.50625 0.29375000000000007 0.4203125 0.29375000000000007 0.4203125 0.3859375000000001 0.50625 0.3859375000000001
0 0.603125 0.29375000000000007 0.521875 0.29375000000000007 0.521875 0.37187500000000007 0.603125 0.37187500000000007
0 0.671875 0.3359375000000001 0.6015625 0.3359375000000001 0.6015625 0.37187500000000007 0.671875 0.37187500000000007
0 0.996875 6.104098889500089e-17 0 0 6.09453133638175e-17 0.9953125 0.996875 0.9953125