0 0.8859375 8.629932912741505e-17 0.5234375 6.410260589286927e-17 0.5234375 0.5359375000000001 0.8859375 0.5359375000000002
0 0.74375 0.2734375000000001 0.609375 0.2734375000000001 0.609375 0.5781250000000001 0.74375 0.5781250000000002
0 0.596875 0.05312500000000007 0.55 0.05312500000000007 0.55 0.12500000000000008 0.596875 0.12500000000000008
0 0.4875 3.989669650347237e-17 0.1640625 2.0091861548511263e-17 0.16406250000000003 0.5125 0.4875 0.5125
0 0.3937500000000001 0.38750000000000007 0.2593750000000001 0.3875 0.2593750000000001 0.6484375 0.3937500000000001 0.6484375
0 0.4937500000000001 0.49375 0.34062500000000007 0.49375 0.34062500000000007 0.7796875 0.4937500000000002 0.7796875
0 0.6531250000000001 0.50625 0.4609375 0.50625 0.4609375000000001 0.75625 0.6531250000000002 0.75625
0 0.8734375 0.5359375000000001 0.4671875 0.5359375 0.4671875000000001 0.99375 0.8734375 0.99375
0 0.49687500000000007 0.5421875 0.15625000000000006 0.5421875 0.15625000000000008 0.99375 0.4968750000000002 0.99375
0 0.4796875 0.14218750000000005 0.45 0.14218750000000005 0.45 0.19062500000000004 0.4796875 0.19062500000000004
0 0.540625 0.2390625000000001 0.5 0.2390625000000001 0.5 0.3046875000000001 0.540625 0.3046875000000001
0 0.55 0.2921875000000001 0.540625 0.2921875000000001 0.540625 0.3281250000000001 0.55 0.3281250000000001
0 0.4875 0.3218750000000001 0.4578125 0.3218750000000001 0.4578125 0.3812500000000001 0.4875 0.3812500000000001
0 0.5078125 0.38750000000000007 0.4875 0.38750000000000007 0.4875 0.446875 0.5078125 0.446875
0 0.4703125 0.4171875 0.440625 0.4171875 0.440625 0.4765625 0.4703125 0.4765625
0 0.4296875 0.4171875 0.40625 0.4171875 0.40625 0.4578125 0.4296875 0.4578125
0 0.4296875 0.3687500000000001 0.403125 0.3687500000000001 0.403125 0.4234375 0.4296875 0.4234375
0 0.40625 0.3281250000000001 0.390625 0.3281250000000001 0.39062500000000006 0.36406250000000007 0.40625 0.36406250000000007
0 0.60625 0.14843750000000006 0.390625 0.14843750000000006 0.39062500000000006 0.5234375 0.60625 0.5234375