0 0.996875 0.40156250000000016 0.859375 0.40156250000000016 0.859375 0.9015625 0.996875 0.9015625
0 0.996875 0.1718750000000001 0.89375 0.17187500000000008 0.89375 0.43281250000000016 0.996875 0.43281250000000016
0 0.9953125 0.06718750000000011 0.9390625 0.06718750000000011 0.9390625 0.17187500000000014 0.9953125 0.17187500000000014
0 0.9578125 0.07812500000000011 0.859375 0.07812500000000011 0.859375 0.2453125000000001 0.9578125 0.2453125000000001
0 0.96875 1.0935713214261129e-16 0.8171875 1.0007660561782277e-16 0.8171875 0.09375000000000011 0.96875 0.09375000000000011
0 0.8703125 0.02031250000000009 0.65625 0.020312500000000077 0.65625 0.2296875000000001 0.8703125 0.2296875000000001
0 0.9203125 0.21875000000000008 0.6796875 0.21875000000000008 0.6796875 0.44218750000000007 0.9203125 0.4421875000000002
0 0.8671875 0.4015625000000001 0.703125 0.4015625 0.703125 0.6093750000000001 0.8671875 0.6093750000000002
0 0.8859375 0.5734375 0.709375 0.5734375 0.7093750000000001 0.8796875 0.8859375 0.8796875
0 0.7718750000000001 0.5890625 0.5265625 0.5890625 0.5265625 0.9015625 0.7718750000000002 0.9015625
0 0.859375 0.8796875 0.7515625000000001 0.8796875 0.7515625000000001 0.9015625 0.859375 0.9015625
0 0.6718750000000002 0.859375 0.5531250000000002 0.859375 0.5531250000000002 0.8953125 0.6718750000000002 0.8953125
0 0.6953125000000001 0.4734375 0.4703125 0.4734375 0.4703125000000001 0.734375 0.6953125000000002 0.734375
0 0.740625 0.2765625000000001 0.43125 0.2765625000000001 0.43125 0.5359375000000001 0.740625 0.5359375000000002
0 0.6875 0.15625000000000008 0.584375 0.15625000000000008 0.584375 0.2921875000000001 0.6875 0.2921875000000001
0 0.675 0.026562500000000072 0.5421875 0.026562500000000065 0.5421875 0.28593750000000007 0.675 0.28593750000000007
0 0.825 9.232688759196843e-17 0.6828125 8.362041425428021e-17 0.6828125 0.04218750000000009 0.825 0.0421875000000001
0 0.7015625 7.55836696348757e-17 0.5328125 6.52507122670699e-17 0.5328125 0.03593750000000008 0.7015625 0.03593750000000009
0 0.5609375 5.539613255518106e-17 0.34375 4.209723372069027e-17 0.34375 0.14531250000000007 0.5609375 0.1453125000000001
0 0.5453125 0.10937500000000007 0.328125 0.10937500000000004 0.328125 0.35937500000000006 0.5453125 0.3593750000000001
0 0.428125 0.32812500000000006 0.2171875 0.328125 0.21718750000000003 0.5984375 0.428125 0.5984375
0 0.49687500000000007 0.59375 0.3062500000000001 0.59375 0.3062500000000001 0.9015625 0.4968750000000002 0.9015625
0 0.5843750000000002 0.765625 0.49218750000000017 0.765625 0.49218750000000017 0.90625 0.5843750000000002 0.90625
0 0.2984375000000001 0.6140625 0.1218750000000001 0.6140625 0.1218750000000001 0.859375 0.2984375000000001 0.859375
0 0.4390625000000001 0.7078125 0.2515625000000001 0.7078125 0.2515625000000001 0.9015625 0.4390625000000002 0.9015625
0 0.2984375000000001 0.828125 0.1531250000000001 0.828125 0.1531250000000001 0.8953125 0.2984375000000001 0.8953125
0 0.16406250000000008 0.7765625 9.510147799628666e-17 0.7765625 1.0237281836622407e-16 0.8953125 0.16406250000000008 0.8953125
0 0.18750000000000008 0.5578125 6.831232926493829e-17 0.5578125 8.457716956611408e-17 0.8234375 0.18750000000000008 0.8234375
0 0.2296875000000001 0.625 0.1218750000000001 0.625 0.1218750000000001 0.7390625 0.2296875000000001 0.7390625
0 0.09531250000000006 0.3390625 4.152318053358994e-17 0.3390625 6.257179739393508e-17 0.6828125 0.09531250000000009 0.6828125
0 0.34687500000000004 0.10312500000000002 1.262917011620708e-17 0.103125 4.200155818950688e-17 0.5828125 0.3468750000000001 0.5828125
0 0.36718750000000006 0.046875000000000035 0.153125 0.04687500000000002 0.15312500000000004 0.6203125 0.3671875000000001 0.6203125
0 0.14843750000000003 0.165625 2.0283212610878037e-17 0.165625 3.1764276352884476e-17 0.353125 0.14843750000000006 0.353125
0 0.259375 1.5882138176442238e-17 0 0 1.0524308430172567e-17 0.17187500000000003 0.259375 0.17187500000000006
0 0.09531250000000002 0.09375000000000001 1.1481063742006437e-17 0.09375 1.9422132830227558e-17 0.2234375 0.09531250000000002 0.2234375
0 0.2984375 2.6980499793715128e-17 0.1421875 1.741294667537643e-17 0.14218750000000002 0.203125 0.2984375 0.203125
0 0.3625 0.02187500000000004 0.2984375 0.02187500000000004 0.2984375 0.08437500000000005 0.3625 0.08437500000000005
0 0.9953125 6.09453133638175e-17 0 0 5.482207936808073e-17 0.8953125 0.9953125 0.8953125