0 0.996875 0.2453125000000001 0.9421875 0.2453125000000001 0.9421875 0.31718750000000007 0.996875 0.31718750000000007
0 0.971875 0.2953125000000001 0.9140625 0.2953125000000001 0.9140625 0.3765625000000001 0.971875 0.3765625000000001
0 0.98125 0.3234375000000001 0.953125 0.3234375000000001 0.953125 0.4000000000000002 0.98125 0.4000000000000002
0 0.9234375 0.33281250000000007 0.8765625 0.33281250000000007 0.8765625 0.4046875000000002 0.9234375 0.4046875000000002
0 0.9015625 0.2843750000000001 0.846875 0.2843750000000001 0.846875 0.3609375000000001 0.9015625 0.3609375000000001
0 0.8 0.38750000000000007 0.7421875 0.38750000000000007 0.7421875 0.4812500000000002 0.8 0.4812500000000002
0 0.84375 0.3671875000000001 0.778125 0.3671875000000001 0.778125 0.47656250000000017 0.84375 0.47656250000000017
0 0.840625 0.5796875000000001 0.778125 0.5796875000000001 0.778125 0.6781250000000002 0.840625 0.6781250000000002
0 0.8625 0.6562500000000002 0.8 0.6562500000000002 0.8 0.7265625000000002 0.8625 0.7265625000000002
0 0.8875 0.6562500000000002 0.8390625 0.6562500000000002 0.8390625 0.7546875000000002 0.8875 0.7546875000000002
0 0.7859375000000002 0.7265625000000002 0.7343750000000002 0.7265625000000002 0.7343750000000002 0.7984375000000001 0.7859375000000002 0.7984375000000001
0 0.815625 0.7546875000000002 0.7500000000000002 0.7546875000000002 0.7500000000000002 0.8421875 0.815625 0.8421875
0 0.8109375 0.6890625000000001 0.775 0.6890625000000001 0.7750000000000001 0.7437500000000001 0.8109375 0.7437500000000001
0 0.6078125000000002 0.86875 0.5562500000000001 0.86875 0.5562500000000001 0.9234375 0.6078125000000002 0.9234375
0 0.5968750000000002 0.825 0.5531250000000002 0.825 0.5531250000000002 0.86875 0.5968750000000002 0.86875
0 0.6109375000000001 0.7984375 0.5890625000000002 0.7984375 0.5890625000000002 0.8421875 0.6109375000000001 0.8421875
0 0.5890625000000002 0.7875 0.5531250000000002 0.7875 0.5531250000000002 0.8359375 0.5890625000000002 0.8359375
0 0.5593750000000002 0.7546875 0.4984375000000002 0.7546875 0.4984375000000002 0.825 0.5593750000000002 0.825
0 0.5453125000000001 0.6390625 0.4625 0.6390625 0.4625000000000001 0.74375 0.5453125000000002 0.74375
0 0.5640625 0.5734375 0.490625 0.5734375 0.490625 0.65 0.5640625 0.65
0 0.4875 0.60625 0.421875 0.60625 0.421875 0.721875 0.4875 0.721875
0 0.5703125 0.4484375 0.5203125 0.4484375 0.5203125 0.525 0.5703125 0.525
0 0.5234375 0.4328125 0.4765625 0.4328125 0.4765625 0.5203125 0.5234375 0.5203125
0 0.528125 0.3781250000000001 0.484375 0.3781250000000001 0.484375 0.4546875 0.528125 0.4546875
0 0.4359375 0.18593750000000003 0.378125 0.18593750000000003 0.378125 0.2671875000000001 0.4359375 0.2671875000000001
0 0.46875 0.13125000000000003 0.41875 0.13125000000000003 0.41875 0.2078125000000001 0.46875 0.2078125000000001
0 0.41875 0.14218750000000005 0.375 0.14218750000000005 0.375 0.2078125000000001 0.41875 0.2078125000000001
0 0.425 4.955992515299445e-17 0.384375 4.7072361342226394e-17 0.384375 0.04843750000000005 0.425 0.04843750000000006
0 0.26875 0.10937500000000004 0.2359375 0.10937500000000004 0.2359375 0.15781250000000005 0.26875 0.15781250000000005
0 0.290625 0.13593750000000004 0.2625 0.13593750000000004 0.2625 0.18593750000000003 0.290625 0.18593750000000003
0 0.2875 0.290625 0.25 0.290625 0.25 0.35625 0.2875 0.35625
0 0.24687500000000004 0.3171875 0.2109375 0.3171875 0.21093750000000006 0.3875 0.2468750000000001 0.3875
0 0.28750000000000003 0.3546875 0.2390625 0.3546875 0.23906250000000004 0.4046875 0.2875000000000001 0.4046875
0 0.057812500000000024 0.1796875 0.04062500000000002 0.1796875 0.04062500000000002 0.21875 0.057812500000000024 0.21875
0 0.03750000000000002 0.175 0.01562500000000002 0.175 0.015625000000000024 0.2125 0.03750000000000002 0.2125
0 0.09531250000000005 0.3171875 0.06875000000000005 0.3171875 0.06875000000000005 0.3765625 0.09531250000000005 0.3765625
0 0.06562500000000004 0.3390625 0.018750000000000037 0.3390625 0.018750000000000044 0.415625 0.06562500000000004 0.415625
0 0.2218750000000001 0.5734375 0.1859375000000001 0.5734375 0.1859375000000001 0.6390625 0.2218750000000001 0.6390625
0 0.2656250000000001 0.540625 0.21875000000000008 0.540625 0.21875000000000008 0.6015625 0.2656250000000001 0.6015625
0 0.11250000000000004 0.4640625 0.07656250000000006 0.4640625 0.07656250000000006 0.5359375 0.11250000000000004 0.5359375
0 0.06562500000000007 0.51875 0.03593750000000007 0.51875 0.03593750000000007 0.56875 0.06562500000000007 0.56875
0 0.09843750000000007 0.5140625 0.057812500000000065 0.5140625 0.057812500000000065 0.590625 0.09843750000000007 0.590625
0 0.26250000000000007 0.475 0.2140625000000001 0.475 0.2140625000000001 0.5359375 0.26250000000000007 0.5359375
0 0.1453125000000001 0.6125 0.11718750000000008 0.6125 0.11718750000000008 0.671875 0.1453125000000001 0.671875