0 0.975 0.4515625000000002 0.7515625 0.4515625000000002 0.7515625000000001 0.7343750000000002 0.975 0.7343750000000002
0 0.9265625 0.803125 0.7359375000000001 0.803125 0.7359375000000001 0.9953125 0.9265625 0.9953125
0 0.8703125 0.6953125000000002 0.7578125 0.6953125000000002 0.7578125000000001 0.8359375 0.8703125 0.8359375
0 0.7750000000000001 0.8078125 0.7234375000000002 0.8078125 0.7234375000000002 0.8875 0.7750000000000001 0.8875
0 0.996875 0.5250000000000001 0.803125 0.5250000000000001 0.803125 0.7406250000000002 0.996875 0.7406250000000002
0 0.996875 0.7062500000000002 0.8734375 0.7062500000000002 0.8734375 0.7968750000000002 0.996875 0.7968750000000002
0 0.996875 0.7406250000000002 0.8671875 0.7406250000000002 0.8671875 0.81875 0.996875 0.81875
0 0.996875 0.8078125 0.8765625 0.8078125 0.8765625 0.846875 0.996875 0.846875
0 0.8171875 0.6609375000000002 0.771875 0.6609375000000002 0.7718750000000001 0.7406250000000002 0.8171875 0.7406250000000002
0 0.96875 0.40156250000000016 0.8671875 0.40156250000000016 0.8671875 0.5484375000000001 0.96875 0.5484375000000001
0 0.9859375 0.3609375000000001 0.88125 0.3609375000000001 0.88125 0.5031250000000002 0.9859375 0.5031250000000002
0 0.975 0.2765625000000001 0.8671875 0.2765625000000001 0.8671875 0.39531250000000007 0.975 0.39531250000000007
0 0.9296875 0.2156250000000001 0.8703125 0.2156250000000001 0.8703125 0.2890625000000001 0.9296875 0.2890625000000001
0 0.996875 0.023437500000000118 0.890625 0.02343750000000011 0.890625 0.45312500000000017 0.996875 0.45312500000000017
0 0.884375 0.3281250000000001 0.7890625 0.3281250000000001 0.7890625 0.4578125000000002 0.884375 0.4578125000000002
0 0.890625 0.20312500000000008 0.771875 0.20312500000000008 0.771875 0.3453125000000001 0.890625 0.3453125000000001
0 0.88125 0.0968750000000001 0.775 0.09687500000000009 0.775 0.2156250000000001 0.88125 0.2156250000000001
0 0.8984375 1.0380795133397485e-16 0.796875 9.758904180705471e-17 0.796875 0.16406250000000008 0.8984375 0.16406250000000008
0 0.7484375000000002 0.865625 0.6218750000000002 0.865625 0.6218750000000002 0.9953125 0.7484375000000002 0.9953125
0 0.5578125000000002 0.7578125 0.4593750000000002 0.7578125 0.4593750000000002 0.909375 0.5578125000000002 0.909375
0 0.5406250000000001 0.8984375 0.4703125000000002 0.8984375 0.4703125000000002 0.99375 0.5406250000000001 0.99375
0 0.7234375000000002 0.803125 0.5859375000000002 0.803125 0.5859375000000002 0.9953125 0.7234375000000002 0.9953125
0 0.7046875000000001 0.746875 0.5546875000000002 0.746875 0.5546875000000002 0.9953125 0.7046875000000001 0.9953125
0 0.690625 0.684375 0.5265625 0.684375 0.5265625 0.9375 0.6906250000000002 0.9375
0 0.6765625000000001 0.6265625 0.5546875 0.6265625 0.5546875000000001 0.8140625 0.6765625000000002 0.8140625
0 0.6734375000000001 0.5703125 0.5546875 0.5703125 0.5546875000000001 0.8078125 0.6734375000000001 0.8078125
0 0.7546875000000001 0.58125 0.6765625 0.58125 0.6765625000000001 0.7515625000000001 0.7546875000000002 0.7515625000000001
0 0.7828125000000001 0.6218750000000001 0.7125 0.621875 0.7125000000000001 0.83125 0.7828125000000001 0.83125
0 0.7890625 0.4468750000000001 0.659375 0.446875 0.659375 0.5828125000000001 0.7890625 0.5828125000000002
0 0.765625 0.3343750000000001 0.6921875 0.3343750000000001 0.6921875 0.4531250000000001 0.765625 0.45312500000000017
0 0.7859375 0.40156250000000016 0.765625 0.40156250000000016 0.765625 0.4468750000000002 0.7859375 0.4468750000000002
0 0.803125 0.3046875000000001 0.7546875 0.3046875000000001 0.7546875 0.40156250000000016 0.803125 0.40156250000000016
0 0.746875 0.2375000000000001 0.684375 0.2375000000000001 0.684375 0.3437500000000001 0.746875 0.3437500000000001
0 0.8 0.15781250000000008 0.7296875 0.15781250000000008 0.7296875 0.2828125000000001 0.8 0.2828125000000001
0 0.775 0.10781250000000009 0.7375 0.10781250000000009 0.7375 0.16406250000000008 0.775 0.16406250000000008
0 0.771875 8.763878656398247e-17 0.659375 8.075014831877861e-17 0.659375 0.11250000000000009 0.771875 0.11250000000000009
0 0.796875 9.500580246510326e-17 0.7546875 9.242256312315182e-17 0.7546875 0.0906250000000001 0.796875 0.0906250000000001
0 0.41406250000000017 0.859375 0.3125000000000001 0.859375 0.3125000000000001 0.9953125 0.41406250000000017 0.9953125
0 0.4593750000000002 0.8421875 0.4078125000000002 0.8421875 0.4078125000000002 0.971875 0.4593750000000002 0.971875
0 0.4734375000000002 0.88125 0.41406250000000017 0.88125 0.41406250000000017 0.99375 0.4734375000000002 0.99375
0 0.4390625000000001 0.7015625 0.3375000000000001 0.7015625 0.3375000000000001 0.8765625 0.4390625000000002 0.8765625
0 0.4421875000000002 0.825 0.3859375000000001 0.825 0.3859375000000001 0.9265625 0.4421875000000002 0.9265625
0 0.4953125000000001 0.609375 0.3968750000000001 0.609375 0.3968750000000001 0.7796875 0.49531250000000016 0.7796875
0 0.5328125000000001 0.6390625 0.453125 0.6390625 0.4531250000000001 0.775 0.5328125000000001 0.775
0 0.5265625 0.503125 0.434375 0.503125 0.434375 0.6328125 0.5265625 0.6328125
0 0.5546875 0.4015625 0.484375 0.4015625 0.484375 0.53125 0.5546875 0.53125
0 0.5546875 0.53125 0.5265625 0.53125 0.5265625 0.621875 0.5546875 0.621875
0 0.5937500000000001 0.5875 0.534375 0.5875 0.534375 0.734375 0.5937500000000002 0.734375
0 0.6359375 0.5203125 0.5796875 0.5203125 0.5796875 0.615625 0.6359375 0.615625
0 0.659375 0.475 0.6171875 0.475 0.6171875 0.5703125 0.659375 0.5703125
0 0.6109375 0.2093750000000001 0.4984375 0.2093750000000001 0.4984375 0.39531250000000007 0.6109375 0.39531250000000007
0 0.6453125 0.2828125000000001 0.565625 0.2828125000000001 0.565625 0.41875 0.6453125 0.41875
0 0.6171875 0.40625 0.5546875 0.40625 0.5546875 0.5484375 0.6171875 0.5484375
0 0.690625 0.3109375000000001 0.625 0.3109375000000001 0.625 0.46875 0.690625 0.46875
0 0.7046875 0.16406250000000008 0.625 0.16406250000000008 0.625 0.3109375000000001 0.7046875 0.3109375000000001
0 0.734375 0.09531250000000009 0.646875 0.09531250000000009 0.646875 0.2093750000000001 0.734375 0.2093750000000001
0 0.6421875 6.898205798322201e-17 0.484375 5.931882933369991e-17 0.484375 0.20312500000000008 0.6421875 0.20312500000000008
0 0.653125 6.965178670150572e-17 0.484375 5.931882933369991e-17 0.484375 0.12500000000000006 0.653125 0.12500000000000008
0 0.571875 0.11406250000000007 0.4765625 0.11406250000000004 0.4765625 0.24375000000000008 0.571875 0.24375000000000008
0 0.484375 5.43437017121638e-17 0.403125 4.9368574090627673e-17 0.403125 0.12968750000000004 0.484375 0.12968750000000004
0 0.4390625 4.640263262394268e-17 0.31875 3.903561672282188e-17 0.31875 0.11875000000000005 0.4390625 0.11875000000000005
0 0.4140625 4.659398368630945e-17 0.346875 4.247993584542381e-17 0.346875 0.04531250000000005 0.4140625 0.045312500000000054
0 0.5015625 0.3671875000000001 0.37187500000000007 0.3671875000000001 0.37187500000000007 0.59375 0.5015625 0.59375
0 0.4703125 0.19218750000000004 0.3578125 0.19218750000000004 0.35781250000000003 0.4296875 0.4703125 0.4296875
0 0.5046875 0.09062500000000005 0.3859375 0.09062500000000004 0.38593750000000004 0.3781250000000001 0.5046875 0.3781250000000001
0 0.3890625 0.12968750000000004 0.3546875 0.12968750000000004 0.3546875 0.20312500000000006 0.3890625 0.20312500000000008
0 0.375 0.06718750000000004 0.25625 0.06718750000000002 0.25625 0.22031250000000005 0.375 0.22031250000000008
0 0.3328125 0.03437500000000004 0.2671875 0.03437500000000003 0.2671875 0.08437500000000003 0.3328125 0.08437500000000005
0 0.3265625 3.3103733789451887e-17 0.2140625 2.6215095544248028e-17 0.2140625 0.04531250000000003 0.3265625 0.04531250000000005
0 0.3125 0.010937500000000034 0.253125 0.01093750000000003 0.253125 0.06250000000000003 0.3125 0.06250000000000004
0 0.2703125 0.03906250000000003 0.2109375 0.03906250000000002 0.2109375 0.10156250000000004 0.2703125 0.10156250000000004
0 0.2671875 0.08437500000000002 0.2078125 0.08437500000000002 0.2078125 0.15312500000000004 0.2671875 0.15312500000000004
0 0.284375 0.14687500000000003 0.203125 0.14687500000000003 0.203125 0.3109375 0.284375 0.3109375
0 0.3375 0.2203125 0.2734375 0.2203125 0.27343750000000006 0.3953125 0.3375000000000001 0.3953125
0 0.365625 0.19218750000000004 0.2875 0.19218750000000004 0.2875 0.31093750000000003 0.365625 0.3109375000000001
0 0.4734375 0.18593750000000003 0.3296875 0.18593750000000003 0.3296875 0.446875 0.4734375 0.446875
0 0.33437500000000003 0.29375 0.2359375 0.29375 0.23593750000000005 0.4921875 0.3343750000000001 0.4921875
0 0.259375 0.3 0.17968750000000006 0.3 0.17968750000000006 0.4234375 0.2593750000000001 0.4234375
0 0.196875 1.9996186017327877e-17 0.1296875 1.5882138176442238e-17 0.1296875 0.10156250000000003 0.196875 0.10156250000000004
0 0.1890625 0.07968750000000001 0.0875 0.0796875 0.08750000000000001 0.18125000000000002 0.1890625 0.18125000000000005
0 0.2140625 0.11250000000000002 0.16875 0.1125 0.16875 0.153125 0.2140625 0.15312500000000004
0 0.203125 0.12500000000000003 0.16875 0.125 0.16875 0.2609375 0.203125 0.2609375
0 0.18906250000000002 0.12343750000000002 0.08437500000000002 0.1234375 0.08437500000000003 0.3390625 0.18906250000000005 0.3390625
0 0.4078125000000001 0.5265625 0.2640625000000001 0.5265625 0.2640625000000001 0.803125 0.4078125000000002 0.803125
0 0.3828125000000001 0.440625 0.3125000000000001 0.440625 0.3125000000000001 0.5421875 0.3828125000000001 0.5421875
0 0.2500000000000001 0.6890625 0.08125000000000009 0.6890625 0.0812500000000001 0.915625 0.2500000000000001 0.915625
0 0.3375000000000001 0.8078125 0.12031250000000009 0.8078125 0.12031250000000011 0.9328125 0.3375000000000001 0.9328125
0 0.3515625000000001 0.8359375 0.16562500000000008 0.8359375 0.1656250000000001 0.95 0.3515625000000001 0.95
0 0.33281250000000007 0.88125 0.2000000000000001 0.88125 0.2000000000000001 0.965625 0.33281250000000007 0.965625
0 0.3125000000000001 0.9328125 0.2390625000000001 0.9328125 0.2390625000000001 0.9953125 0.3125000000000001 0.9953125
0 0.2984375000000001 0.59375 0.2171875000000001 0.59375 0.2171875000000001 0.7515625 0.2984375000000001 0.7515625
0 0.3296875000000001 0.7234375 0.2531250000000001 0.7234375 0.2531250000000001 0.825 0.3296875000000001 0.825
0 0.2250000000000001 0.621875 0.17187500000000008 0.621875 0.17187500000000008 0.7125 0.2250000000000001 0.7125
0 0.2218750000000001 0.53125 0.15781250000000005 0.53125 0.15781250000000008 0.6375 0.2218750000000001 0.6375
0 0.2953125000000001 0.4859375 0.2000000000000001 0.4859375 0.2000000000000001 0.615625 0.2953125000000001 0.615625
0 0.2453125000000001 0.4125 0.15781250000000005 0.4125 0.15781250000000005 0.53125 0.2453125000000001 0.53125
0 0.2000000000000001 0.3671875 0.14375000000000004 0.3671875 0.14375000000000004 0.525 0.2000000000000001 0.525
0 0.15781250000000008 0.35 0.035937500000000046 0.35 0.03593750000000006 0.59375 0.15781250000000008 0.59375
0 0.1609375000000001 0.5984375 0.010937500000000072 0.5984375 0.01093750000000008 0.734375 0.1609375000000001 0.734375
0 0.1859375000000001 0.6109375 7.481826538540861e-17 0.6109375 8.830851528226616e-17 0.83125 0.1859375000000001 0.83125
0 0.07656250000000006 0.4234375 5.1856137901395736e-17 0.4234375 6.53463877982533e-17 0.64375 0.07656250000000009 0.64375
0 0.08750000000000004 0.2375 0.04218750000000003 0.2375 0.04218750000000004 0.35 0.08750000000000005 0.35
0 0.22187500000000004 0.2484375 0.08125000000000002 0.2484375 0.08125000000000003 0.4296875 0.2218750000000001 0.4296875
0 0.09062500000000004 0.2078125 2.5449691294780934e-17 0.2078125 3.760048375507108e-17 0.40625 0.09062500000000004 0.40625