0 0.7859375000000001 0.5328125000000001 0.4625 0.5328125 0.4625000000000001 0.9515625 0.7859375000000002 0.9515625
0 0.8265625 0.6046875 0.2984375000000001 0.6046875 0.2984375000000001 0.8796875 0.8265625 0.8796875
0 0.8796875 0.6406250000000001 0.50625 0.640625 0.5062500000000001 0.8046875 0.8796875 0.8046875
0 0.9328125 0.5109375 0.49375 0.5109375 0.4937500000000001 0.809375 0.9328125 0.809375
0 0.9953125 0.5062500000000001 0.56875 0.50625 0.5687500000000001 0.8 0.9953125 0.8
0 0.996875 0.5906250000000002 0.7609375 0.5906250000000002 0.7609375 0.7203125000000001 0.996875 0.7203125000000001
0 0.9953125 0.4703125000000001 0.5421875 0.4703125 0.5421875 0.6625000000000001 0.9953125 0.6625000000000002
0 0.7640625 0.17812500000000006 0.3640625 0.17812500000000003 0.36406250000000007 0.4843750000000001 0.7640625 0.48437500000000017
0 0.8 0.2140625000000001 0.515625 0.2140625000000001 0.515625 0.4453125000000001 0.8 0.44531250000000017
0 0.95625 0.2406250000000001 0.6796875 0.2406250000000001 0.6796875 0.4625000000000001 0.95625 0.4625000000000002
0 0.9953125 0.07031250000000011 0.9328125 0.07031250000000011 0.9328125 0.17812500000000014 0.9953125 0.17812500000000014
0 0.9375 7.864528663274409e-17 0.346875 4.247993584542381e-17 0.346875 0.1687500000000001 0.9375 0.16875000000000012
0 0.2984375 1.8274026456026915e-17 0 0 4.3819393281991234e-17 0.715625 0.2984375000000001 0.715625
0 0.6359375 0.33437500000000003 0.18593750000000003 0.334375 0.18593750000000006 0.65 0.6359375 0.65