0 0.6390625 0.30937500000000007 0.5890625 0.30937500000000007 0.5890625 0.3812500000000001 0.6390625 0.3812500000000001
0 0.5890625 0.29375000000000007 0.5546875 0.29375000000000007 0.5546875 0.3812500000000001 0.5890625 0.3812500000000001
0 0.6125 0.3609375000000001 0.5625 0.3609375000000001 0.5625 0.4328125 0.6125 0.4328125
0 0.553125 0.3140625000000001 0.515625 0.3140625000000001 0.515625 0.3609375000000001 0.553125 0.3609375000000001
0 0.5609375 0.3515625000000001 0.5078125 0.3515625000000001 0.5078125 0.41875 0.5609375 0.41875
0 0.546875 0.3921875000000001 0.5 0.3921875000000001 0.5 0.44375 0.546875 0.44375
0 0.5390625 0.2531250000000001 0.4890625 0.2531250000000001 0.4890625 0.3296875000000001 0.5390625 0.3296875000000001
0 0.5109375 0.3140625000000001 0.465625 0.3140625000000001 0.465625 0.3765625000000001 0.5109375 0.3765625000000001
0 0.5 0.3609375000000001 0.446875 0.3609375000000001 0.446875 0.421875 0.5 0.421875
0 0.4609375 0.2984375000000001 0.4078125 0.2984375000000001 0.4078125 0.3812500000000001 0.4609375 0.3812500000000001
0 0.428125 0.35625000000000007 0.3703125 0.35625000000000007 0.37031250000000004 0.428125 0.428125 0.428125
0 0.478125 0.3812500000000001 0.4125 0.3812500000000001 0.4125 0.453125 0.478125 0.453125
0 0.46875 0.4375 0.415625 0.4375 0.415625 0.4953125 0.46875 0.4953125
0 0.43125 0.4234375 0.3812500000000001 0.4234375 0.3812500000000001 0.490625 0.43125 0.490625
0 0.3921875000000001 0.38593750000000004 0.3265625000000001 0.3859375 0.3265625000000001 0.4640625 0.3921875000000001 0.4640625
0 0.478125 0.4890625 0.4203125 0.4890625 0.4203125 0.5515625 0.478125 0.5515625
0 0.4234375 0.459375 0.3687500000000001 0.459375 0.3687500000000001 0.5265625 0.4234375 0.5265625
0 0.3843750000000001 0.4546875 0.3078125000000001 0.4546875 0.3078125000000001 0.50625 0.3843750000000001 0.50625
0 0.3734375000000001 0.4953125 0.3156250000000001 0.4953125 0.3156250000000001 0.5515625 0.3734375000000001 0.5515625
0 0.3968750000000001 0.5265625 0.3421875000000001 0.5265625 0.3421875000000001 0.5875 0.3968750000000001 0.5875
0 0.446875 0.578125 0.4 0.578125 0.4 0.6453125 0.446875 0.6453125
0 0.3890625000000001 0.5875 0.3390625000000001 0.5875 0.3390625000000001 0.6546875 0.3890625000000001 0.6546875
0 0.3968750000000001 0.634375 0.3500000000000001 0.634375 0.3500000000000001 0.6703125 0.3968750000000001 0.6703125
0 0.3703125000000001 0.659375 0.3125000000000001 0.659375 0.3125000000000001 0.7375 0.3703125000000001 0.7375
0 0.3421875000000001 0.5828125 0.2843750000000001 0.5828125 0.2843750000000001 0.675 0.3421875000000001 0.675
0 0.3343750000000001 0.5265625 0.2843750000000001 0.5265625 0.2843750000000001 0.59375 0.3343750000000001 0.59375
0 0.8234375 7.328745688647442e-17 0.3734375 4.573290390565898e-17 0.37343750000000003 0.5515625000000001 0.8234375 0.5515625000000002