0 0.6515625 0.20937500000000003 0.2703125 0.209375 0.27031250000000007 0.534375 0.6515625 0.534375
0 0.7734375 0.3468750000000001 0.40625 0.3468750000000001 0.40625 0.721875 0.7734375 0.7218750000000002
0 0.825 0.7390625000000001 0.6890625000000001 0.7390625 0.6890625000000001 0.9609375 0.825 0.9609375
0 0.8953125 0.7453125000000002 0.7968750000000002 0.7453125000000002 0.7968750000000002 0.9046875 0.8953125 0.9046875
0 0.2875000000000001 0.596875 0.2234375000000001 0.596875 0.2234375000000001 0.721875 0.2875000000000001 0.721875
0 0.4015625000000001 0.6765625 0.2796875000000001 0.6765625 0.2796875000000001 0.8125 0.40156250000000016 0.8125
0 0.4656250000000002 0.8015625 0.3921875000000001 0.8015625 0.3921875000000001 0.8984375 0.4656250000000002 0.8984375
0 0.6015625000000002 0.7953125 0.5140625000000002 0.7953125 0.5140625000000002 0.8921875 0.6015625000000002 0.8921875
0 0.409375 0.56875 0.28593750000000007 0.56875 0.28593750000000007 0.6984375 0.409375 0.6984375
0 0.503125 0.659375 0.39531250000000007 0.659375 0.39531250000000007 0.8515625 0.5031250000000002 0.8515625
0 0.5109375000000002 0.790625 0.4578125000000002 0.790625 0.4578125000000002 0.903125 0.5109375000000002 0.903125
0 0.6046875 0.7046875 0.496875 0.7046875 0.49687500000000007 0.81875 0.6046875000000002 0.81875
0 0.81875 0.4953125000000001 0.17187500000000006 0.4953125 0.17187500000000008 0.9953125 0.81875 0.9953125
0 0.996875 0.43750000000000017 0.7734375 0.43750000000000017 0.7734375000000001 0.7781250000000002 0.996875 0.7781250000000002
0 0.8359375 0.16562500000000008 0.5 0.16562500000000005 0.5 0.46562500000000007 0.8359375 0.4656250000000002
0 0.9015625 0.3187500000000001 0.790625 0.3187500000000001 0.790625 0.47187500000000016 0.9015625 0.47187500000000016
0 0.7484375 0.21093750000000008 0.646875 0.21093750000000008 0.646875 0.4203125000000001 0.7484375 0.4203125000000002
0 0.678125 0.18750000000000008 0.6125 0.18750000000000008 0.6125 0.2500000000000001 0.678125 0.2500000000000001
0 0.8125 0.12500000000000008 0.6828125 0.12500000000000008 0.6828125 0.4093750000000001 0.8125 0.40937500000000016
0 0.996875 0.2218750000000001 0.8046875 0.2218750000000001 0.8046875 0.4828125000000002 0.996875 0.4828125000000002
3 0.46875 0.010937500000000029 1.3394574365674175e-18 0.0109375 4.314966456370752e-17 0.69375 0.46875 0.69375
3 0.496875 0.16406250000000003 2.0091861548511263e-17 0.1640625 4.171453159595672e-17 0.5171875 0.496875 0.5171875