0 0.7828125000000001 0.5921875000000001 0.6046875 0.5921875 0.6046875 0.821875 0.7828125000000001 0.821875
0 0.6890625 0.434375 0.5140625 0.434375 0.5140625 0.6859375 0.6890625 0.6859375
0 0.8703125 0.2828125000000001 0.665625 0.2828125000000001 0.665625 0.5703125000000001 0.8703125 0.5703125000000002
0 0.9046875 0.11562500000000009 0.71875 0.11562500000000009 0.71875 0.6656250000000001 0.9046875 0.6656250000000001
0 0.6390625000000002 0.7328125 0.5093750000000001 0.7328125 0.5093750000000001 0.80625 0.6390625000000002 0.80625
0 0.5328125000000001 0.58125 0.3343750000000001 0.58125 0.3343750000000001 0.8171875 0.5328125000000001 0.8171875
0 0.40625000000000017 0.7796875 0.23593750000000008 0.7796875 0.23593750000000008 0.90625 0.40625000000000017 0.90625
0 0.4421875000000002 0.8015625 0.3812500000000001 0.8015625 0.3812500000000001 0.90625 0.4421875000000002 0.90625
0 0.3500000000000001 0.4703125 0.12500000000000006 0.4703125 0.12500000000000006 0.55 0.3500000000000001 0.55
0 0.3843750000000001 0.440625 0.14375000000000004 0.440625 0.14375000000000007 0.7703125 0.3843750000000001 0.7703125
0 0.5937500000000001 0.409375 0.3468750000000001 0.409375 0.3468750000000001 0.7546875 0.5937500000000002 0.7546875
0 0.4484375 0.23593750000000005 0.2703125 0.2359375 0.27031250000000007 0.4546875 0.4484375 0.4546875
0 0.3921875 0.11093750000000005 0.2625 0.11093750000000005 0.2625 0.27812500000000007 0.3921875 0.27812500000000007
0 0.3953125 0.09375000000000004 0.296875 0.09375000000000004 0.296875 0.15156250000000004 0.3953125 0.15156250000000004
0 0.4453125 0.09375000000000004 0.384375 0.09375000000000004 0.384375 0.15156250000000004 0.4453125 0.15156250000000004
0 0.3609375 0.010937500000000037 0.2515625 0.01093750000000003 0.2515625 0.08906250000000003 0.3609375 0.08906250000000004
0 0.5296875 0.15312500000000004 0.4078125 0.15312500000000004 0.4078125 0.3046875000000001 0.5296875 0.3046875000000001
0 0.5625 0.2406250000000001 0.4109375 0.2406250000000001 0.4109375 0.4140625 0.5625 0.4140625
0 0.615625 0.057812500000000065 0.5140625 0.057812500000000065 0.5140625 0.15625000000000006 0.615625 0.15625000000000008
0 0.7484375 8.285501000481311e-17 0.6046875 7.405286113594152e-17 0.6046875 0.1359375000000001 0.7484375 0.1359375000000001
0 0.7 0.11562500000000006 0.5140625 0.11562500000000005 0.5140625 0.35625000000000007 0.7 0.35625000000000007
0 0.84375 0.0734375000000001 0.6734375 0.07343750000000009 0.6734375 0.29375000000000007 0.84375 0.29375000000000007
0 0.646875 7.108691966925652e-17 0.5140625 6.295449951866863e-17 0.5140625 0.06250000000000008 0.646875 0.06250000000000008
0 0.53125 5.836207402186604e-17 0.421875 5.166478683902896e-17 0.421875 0.18281250000000004 0.53125 0.18281250000000004
0 0.425 4.831614324761041e-17 0.3640625 4.4584797531458325e-17 0.3640625 0.09375000000000004 0.425 0.09375000000000004
0 0.3953125 4.190588265832349e-17 0.2890625 3.539994653785318e-17 0.2890625 0.17812500000000003 0.3953125 0.17812500000000003
0 0.403125 0.15156250000000004 0.246875 0.15156250000000004 0.246875 0.2515625 0.403125 0.2515625000000001
0 0.68125 0.35625000000000007 0.5671875 0.35625000000000007 0.5671875 0.4390625 0.68125 0.4390625
0 0.28125000000000006 0.3140625 0.07656250000000005 0.3140625 0.07656250000000005 0.45 0.2812500000000001 0.45
0 0.30781250000000004 0.19843750000000004 0.2015625 0.19843750000000004 0.20156250000000003 0.4140625 0.3078125000000001 0.4140625
0 0.2171875 0.14218750000000002 0.07968750000000002 0.1421875 0.07968750000000004 0.309375 0.2171875 0.309375
0 0.3 0.02187500000000003 0.1640625 0.021875000000000023 0.16406250000000003 0.18906250000000002 0.3 0.18906250000000005
0 0.196875 1.7891324331293363e-17 0.0953125 1.1672414804373211e-17 0.09531250000000001 0.13125000000000003 0.196875 0.13125000000000003
0 0.2734375000000001 0.74375 0.1937500000000001 0.74375 0.1937500000000001 0.8265625 0.2734375000000001 0.8265625
0 0.3609375000000001 0.7234375 0.3000000000000001 0.7234375 0.3000000000000001 0.7703125 0.3609375000000001 0.7703125
5 0.22031250000000005 1.3490249896857566e-17 0 0 5.5491808086364444e-17 0.90625 0.22031250000000008 0.90625
5 0.996875 1.0648686620710968e-16 0.7421875 9.089175462421762e-17 0.7421875000000001 0.9109375 0.996875 0.9109375
4 0.7875000000000002 0.8109375 0.4187500000000002 0.8109375 0.4187500000000002 0.9109375 0.7875000000000002 0.9109375
4 0.9015625 0.5343750000000002 0.7875 0.5343750000000002 0.7875000000000001 0.875 0.9015625 0.875
4 0.6734375 0.3453125000000001 0.5703125 0.3453125000000001 0.5703125 0.440625 0.6734375 0.440625
4 0.8703125 0.20468750000000008 0.84375 0.20468750000000008 0.84375 0.3187500000000001 0.8703125 0.3187500000000001