0 0.7343750000000001 0.4281250000000001 0.5171875 0.428125 0.5171875000000001 0.7734375000000001 0.7343750000000002 0.7734375000000002
0 0.8921875 0.3312500000000001 0.6453125 0.3312500000000001 0.6453125 0.6453125000000001 0.8921875 0.6453125000000002
0 0.996875 0.4390625000000001 0.721875 0.4390625 0.721875 0.784375 0.996875 0.7843750000000002
0 0.7953125 0.1906250000000001 0.6296875 0.1906250000000001 0.6296875 0.4531250000000001 0.7953125 0.45312500000000017
0 0.996875 0.1906250000000001 0.7421875 0.1906250000000001 0.7421875 0.4593750000000002 0.996875 0.4593750000000002
0 0.9890625 0.0562500000000001 0.75 0.05625000000000009 0.75 0.2218750000000001 0.9890625 0.2218750000000001
0 0.9953125 1.1337550445231355e-16 0.85625 1.0486038217699211e-16 0.85625 0.1796875000000001 0.9953125 0.17968750000000014
0 0.8765625 9.93112013683557e-17 0.7453125 9.127445674895118e-17 0.7453125 0.1750000000000001 0.8765625 0.1750000000000001
0 0.80625 9.050905249948406e-17 0.671875 8.22809568177128e-17 0.671875 0.1750000000000001 0.80625 0.1750000000000001
0 0.6953125 0.03593750000000008 0.559375 0.03593750000000007 0.559375 0.1390625000000001 0.6953125 0.1390625000000001
0 0.70625 0.10312500000000006 0.4671875 0.10312500000000005 0.4671875 0.3656250000000001 0.70625 0.3656250000000001
0 0.54375 5.57788346799146e-17 0.3671875 4.4967499656191874e-17 0.3671875 0.2062500000000001 0.54375 0.2062500000000001
0 0.5828125 0.17500000000000007 0.440625 0.17500000000000004 0.440625 0.4796875 0.5828125 0.4796875
0 0.521875 0.2015625000000001 0.378125 0.2015625000000001 0.37812500000000004 0.515625 0.521875 0.515625
0 0.553125 0.484375 0.37187500000000007 0.484375 0.37187500000000007 0.5921875 0.553125 0.5921875
0 0.5171875 0.4328125 0.50625 0.4328125 0.50625 0.453125 0.5171875 0.453125
0 0.5093750000000001 0.546875 0.31718750000000007 0.546875 0.31718750000000007 0.7578125 0.5093750000000001 0.7578125
0 0.5406250000000001 0.459375 0.18906250000000005 0.459375 0.18906250000000008 0.7578125 0.5406250000000001 0.7578125
0 0.3937500000000001 0.3921875 0.2593750000000001 0.3921875 0.2593750000000001 0.53125 0.3937500000000001 0.53125
0 0.509375 0.009375000000000045 0.2359375 0.009375000000000027 0.23593750000000005 0.515625 0.509375 0.515625
0 0.25468750000000007 0.2734375 0.08906250000000004 0.2734375 0.08906250000000006 0.4796875 0.25468750000000007 0.4796875
0 0.228125 1.511673392697514e-17 0.01875 2.296212748401287e-18 0.018750000000000017 0.2625 0.228125 0.2625