0 0.9953125 0.44843750000000016 0.9046875 0.44843750000000016 0.9046875 0.7031250000000002 0.9953125 0.7031250000000002
0 0.996875 0.7656250000000002 0.98125 0.7656250000000002 0.98125 0.8953125 0.996875 0.8953125
0 0.996875 0.31718750000000007 0.9578125 0.31718750000000007 0.9578125 0.46875000000000017 0.996875 0.46875000000000017
0 0.9625 0.31718750000000007 0.7828125 0.31718750000000007 0.7828125 0.5625000000000002 0.9625 0.5625000000000002
0 0.88125 0.23437500000000008 0.7296875 0.23437500000000008 0.7296875 0.42187500000000017 0.88125 0.42187500000000017
0 0.75625 0.3906250000000001 0.56875 0.3906250000000001 0.56875 0.6515625 0.75625 0.6515625000000002
0 0.6421875 0.3125000000000001 0.478125 0.3125000000000001 0.478125 0.5359375 0.6421875 0.5359375
0 0.6406250000000001 0.5625 0.4390625 0.5625 0.4390625000000001 0.8703125 0.6406250000000002 0.8703125
0 0.4234375000000001 0.5578125 0.1984375000000001 0.5578125 0.1984375000000001 0.859375 0.4234375000000002 0.859375
0 0.4578125 0.34375000000000006 0.2328125 0.34375 0.23281250000000003 0.5515625 0.4578125 0.5515625
0 0.39687500000000003 0.27031250000000007 0.2171875 0.2703125 0.21718750000000003 0.5 0.3968750000000001 0.5
0 0.4703125 0.18750000000000006 0.29375 0.18750000000000006 0.29375 0.35937500000000006 0.4703125 0.3593750000000001
0 0.5921875 0.15156250000000007 0.45 0.15156250000000004 0.45 0.3234375000000001 0.5921875 0.3234375000000001
0 0.5265625 0.037500000000000054 0.3890625 0.03750000000000005 0.3890625 0.17812500000000003 0.5265625 0.17812500000000003
0 0.43125 0.10000000000000005 0.3015625 0.10000000000000005 0.3015625 0.22500000000000003 0.43125 0.2250000000000001
0 0.38125 3.951399437873882e-17 0.2640625 3.2338329539984796e-17 0.2640625 0.12500000000000006 0.38125 0.12500000000000006
0 0.2359375 0.03125000000000002 0.1109375 0.031250000000000014 0.1109375 0.17187500000000003 0.2359375 0.17187500000000006
0 0.2828125 0.17187500000000003 0.06093750000000002 0.171875 0.06093750000000003 0.3015625 0.2828125 0.3015625
0 0.1953125 1.731727114419304e-17 0.0875 1.071565949253934e-17 0.0875 0.06250000000000001 0.1953125 0.06250000000000003
0 0.8328125 9.567553118338696e-17 0.7296875 8.936094612528342e-17 0.7296875 0.0781250000000001 0.8328125 0.07812500000000011
0 0.8328125 0.04687500000000009 0.6421875 0.046875000000000076 0.6421875 0.1453125000000001 0.8328125 0.1453125000000001
0 0.9078125 1.0619983961355955e-16 0.8265625 1.0122471199202341e-16 0.8265625 0.09843750000000011 0.9078125 0.09843750000000011
0 0.740625 8.696905784569875e-17 0.6796875 8.323771212954667e-17 0.6796875 0.0671875000000001 0.740625 0.0671875000000001
0 0.540625 5.807504742831589e-17 0.4078125 4.9942627277728e-17 0.4078125 0.03593750000000005 0.540625 0.03593750000000007