0 0.8421875 0.4125000000000001 0.484375 0.4125 0.484375 0.6234375000000001 0.8421875 0.6234375000000002
0 0.8703125 0.4796875000000001 0.3968750000000001 0.4796875 0.3968750000000001 0.7781250000000001 0.8703125 0.7781250000000002
0 0.903125 0.5562500000000001 0.8 0.5562500000000001 0.8 0.6750000000000002 0.903125 0.6750000000000002
0 0.9109375 0.6656250000000001 0.7078125 0.665625 0.7078125000000001 0.865625 0.9109375 0.865625
0 0.8 0.6390625000000001 0.5109375 0.6390625 0.5109375 0.9484375 0.8 0.9484375
0 0.5734375 0.16562500000000008 0.453125 0.16562500000000005 0.453125 0.3359375000000001 0.5734375 0.3359375000000001
0 0.996875 0.44843750000000016 0.7390625 0.44843750000000016 0.7390625 0.6859375000000002 0.996875 0.6859375000000002
0 0.496875 0.10312500000000005 0.3921875 0.10312500000000005 0.3921875 0.29375000000000007 0.496875 0.29375000000000007
0 0.434375 0.13906250000000003 0.2890625 0.13906250000000003 0.2890625 0.28437500000000004 0.434375 0.2843750000000001
0 0.3921875 0.18593750000000003 0.215625 0.18593750000000003 0.21562500000000004 0.3921875 0.3921875000000001 0.3921875000000001
0 0.478125 0.2734375000000001 0.3703125 0.2734375000000001 0.37031250000000004 0.459375 0.478125 0.459375
0 0.4234375 0.3921875 0.2765625000000001 0.3921875 0.2765625000000001 0.603125 0.4234375 0.603125
0 0.31562500000000004 0.35 0.2265625 0.35 0.22656250000000006 0.459375 0.3156250000000001 0.459375
0 0.26562500000000006 0.2625 0.15781250000000005 0.2625 0.15781250000000005 0.44375 0.2656250000000001 0.44375
0 0.26875000000000004 0.3140625 3.846156353572156e-17 0.3140625 5.109073365192864e-17 0.5203125 0.2687500000000001 0.5203125