0 0.996875 0.7484375000000002 0.8109375 0.7484375000000002 0.8109375 0.921875 0.996875 0.921875
0 0.8765625 0.5484375000000001 0.503125 0.5484375 0.503125 0.921875 0.8765625 0.921875
0 0.996875 0.5046875000000002 0.9140625 0.5046875000000002 0.9140625 0.7531250000000002 0.996875 0.7531250000000002
0 0.4187500000000002 0.8578125 0.1593750000000001 0.8578125 0.1593750000000001 0.921875 0.4187500000000002 0.921875
0 0.1437500000000001 0.5421875 6.639881864127056e-17 0.5421875 8.955229718765019e-17 0.9203125 0.14375000000000013 0.9203125
0 0.3625000000000001 0.390625 4.7837765591693485e-17 0.390625 7.845393557037733e-17 0.890625 0.3625000000000001 0.890625
0 0.6765625 0.19531250000000006 0.2875 0.19531250000000006 0.28750000000000003 0.7046875 0.6765625 0.7046875
0 0.5281250000000001 0.690625 0.3625000000000001 0.690625 0.3625000000000001 0.790625 0.5281250000000002 0.790625
0 0.396875 3.1668600821701084e-17 0.1203125 1.4734031802241592e-17 0.12031250000000002 0.353125 0.396875 0.3531250000000001
0 0.45625 4.8507494309977197e-17 0.3359375 4.11404784088564e-17 0.3359375 0.21562500000000004 0.45625 0.2156250000000001
0 0.634375 6.563341439180347e-17 0.4375 5.357829746269671e-17 0.4375 0.2000000000000001 0.634375 0.2000000000000001
0 0.615625 0.057812500000000065 0.5359375 0.057812500000000065 0.5359375 0.24218750000000008 0.615625 0.24218750000000008
0 0.6796875 0.02031250000000008 0.6375 0.020312500000000077 0.6375 0.2000000000000001 0.6796875 0.2000000000000001
0 0.671875 0.22656250000000008 0.6109375 0.22656250000000008 0.6109375 0.3312500000000001 0.671875 0.3312500000000001
0 0.996875 0.12187500000000011 0.66875 0.1218750000000001 0.66875 0.6218750000000001 0.996875 0.6218750000000002
0 0.9515625 0.0531250000000001 0.6609375 0.05312500000000009 0.6609375 0.2687500000000001 0.9515625 0.2687500000000001
0 0.7765625 9.146580781131795e-17 0.7171875 8.783013762634924e-17 0.7171875 0.2000000000000001 0.7765625 0.2000000000000001
0 0.996875 1.0792199917486051e-16 0.765625 9.376202055971923e-17 0.765625 0.15312500000000012 0.996875 0.15312500000000012
0 0.1515625 9.280526524788536e-18 0 0 1.0332957367805793e-17 0.16875 0.1515625 0.16875
0 0.2984375 0.15781250000000002 0.021875000000000016 0.1578125 0.021875000000000037 0.4734375 0.2984375000000001 0.4734375