0 0.8828125 0.10468750000000009 0.6 0.10468750000000009 0.6 0.4531250000000001 0.8828125 0.45312500000000017
0 0.9015625 0.4421875000000002 0.7796875 0.4421875000000002 0.7796875 0.5937500000000002 0.9015625 0.5937500000000002
0 0.9546875 0.4890625000000002 0.89375 0.4890625000000002 0.89375 0.5781250000000002 0.9546875 0.5781250000000002
0 0.984375 0.43750000000000017 0.8859375 0.43750000000000017 0.8859375 0.5156250000000002 0.984375 0.5156250000000002
0 0.9890625 0.5625000000000002 0.8859375 0.5625000000000002 0.8859375 0.6671875000000002 0.9890625 0.6671875000000002
0 0.946875 0.5843750000000002 0.8125 0.5843750000000002 0.8125 0.7250000000000002 0.946875 0.7250000000000002
0 0.778125 0.4484375000000001 0.653125 0.4484375 0.653125 0.5515625000000001 0.778125 0.5515625000000002
0 0.690625 0.4375 0.55 0.4375 0.55 0.59375 0.690625 0.59375
0 0.7750000000000001 0.6359375 0.5984375 0.6359375 0.5984375000000001 0.8234375 0.7750000000000001 0.8234375
0 0.7906250000000001 0.6093750000000001 0.6796875 0.609375 0.6796875000000001 0.8125 0.7906250000000001 0.8125
0 0.8015625 0.6937500000000002 0.7640625 0.6937500000000002 0.7640625000000001 0.7875000000000002 0.8015625 0.7875000000000002
0 0.7750000000000001 0.7703125000000001 0.6718750000000002 0.7703125 0.6718750000000002 0.921875 0.7750000000000001 0.921875
0 0.7140625000000002 0.828125 0.6062500000000002 0.828125 0.6062500000000002 0.9328125 0.7140625000000002 0.9328125
0 0.6796875000000001 0.6203125 0.5609375 0.6203125 0.5609375000000001 0.8015625 0.6796875000000002 0.8015625
0 0.6875 0.5984375 0.5875 0.5984375 0.5875 0.6515625 0.6875 0.6515625
0 0.7328125 0.5578125 0.6265625 0.5578125 0.6265625 0.6296875000000001 0.7328125 0.6296875000000002
0 0.7859375 0.5359375000000001 0.6953125 0.5359375 0.6953125 0.7031250000000001 0.7859375 0.7031250000000002
0 0.821875 0.5109375000000002 0.7453125 0.5109375000000002 0.7453125 0.7187500000000002 0.821875 0.7187500000000002
0 0.6109375 0.59375 0.515625 0.59375 0.515625 0.6984375 0.6109375 0.6984375
0 0.5796875000000001 0.6765625 0.5078125 0.6765625 0.5078125000000001 0.7453125 0.5796875000000001 0.7453125
0 0.6078125000000002 0.75625 0.5312500000000002 0.75625 0.5312500000000002 0.81875 0.6078125000000002 0.81875
0 0.6031250000000001 0.7765625 0.4968750000000002 0.7765625 0.4968750000000002 0.890625 0.6031250000000001 0.890625
0 0.5000000000000002 0.734375 0.3890625000000001 0.734375 0.3890625000000001 0.8390625 0.5000000000000002 0.8390625
0 0.996875 1.1127064276627905e-16 0.8203125 1.0045930774255631e-16 0.8203125 0.20312500000000008 0.996875 0.20312500000000008
0 0.8234375 9.806741946297164e-17 0.778125 9.529282905865343e-17 0.778125 0.0828125000000001 0.8234375 0.08281250000000011
0 0.35468750000000004 0.05156250000000003 0.1 0.051562500000000025 0.10000000000000002 0.40625 0.3546875000000001 0.40625
0 0.12656250000000005 0.15625 1.9135106236677395e-17 0.15625 4.62112815615759e-17 0.5984375 0.12656250000000008 0.5984375
0 0.15625000000000003 9.567553118338699e-18 0 0 1.3681600959224337e-17 0.2234375 0.15625000000000006 0.2234375
3 0.6265625 0.026562500000000055 0.24375 0.026562500000000034 0.24375000000000005 0.65625 0.6265625 0.65625