0 0.5203125 4.2958313501340745e-17 0.18125 2.2196723234545777e-17 0.18125000000000002 0.35000000000000003 0.5203125 0.3500000000000001
0 0.4265625 0.290625 0.30625 0.290625 0.30625 0.4109375 0.4265625 0.4109375
0 0.6359375 0.15312500000000007 0.5125 0.15312500000000004 0.5125 0.27812500000000007 0.6359375 0.27812500000000007
0 0.728125 0.1750000000000001 0.6046875 0.1750000000000001 0.6046875 0.2843750000000001 0.728125 0.2843750000000001
0 0.2 0.16875 0.1234375 0.16875 0.12343750000000002 0.30625 0.2 0.30625
0 0.21406250000000004 0.3015625 0.08750000000000005 0.3015625 0.08750000000000005 0.44375 0.2140625000000001 0.44375
0 0.646875 0.37187500000000007 0.4734375 0.37187500000000007 0.4734375 0.6015625 0.646875 0.6015625
0 0.4765625 0.4203125 0.3375000000000001 0.4203125 0.3375000000000001 0.56875 0.4765625 0.56875
0 0.4296875 0.36562500000000003 0.3062500000000001 0.365625 0.3062500000000001 0.503125 0.4296875 0.503125
0 0.30156250000000007 0.453125 0.21875000000000008 0.453125 0.21875000000000008 0.5734375 0.30156250000000007 0.5734375
0 0.33437500000000003 0.35 0.225 0.35 0.22500000000000003 0.4703125 0.3343750000000001 0.4703125
3 0.996875 1.1203604701574614e-16 0.8328125 1.019901162414905e-16 0.8328125 0.9953125 0.996875 0.9953125
2 0.846875 5.1856137901395736e-17 0 0 6.084963783263412e-17 0.99375 0.846875 0.99375