0 0.8953125 0.5984375000000002 0.8265625 0.5984375000000002 0.8265625 0.6953125000000002 0.8953125 0.6953125000000002
0 0.8953125 0.4125000000000002 0.7375 0.4125000000000002 0.7375 0.6078125000000002 0.8953125 0.6078125000000002
0 0.8796875 0.04218750000000009 0.621875 0.04218750000000008 0.621875 0.4390625000000001 0.8796875 0.4390625000000002
0 0.703125 0.015625000000000076 0.4984375 0.015625000000000062 0.4984375 0.2984375000000001 0.703125 0.2984375000000001
0 0.6375 6.879070692085523e-17 0.4859375 5.95101803960667e-17 0.4859375 0.17500000000000007 0.6375 0.1750000000000001
0 0.7140625 0.2578125000000001 0.60625 0.2578125000000001 0.60625 0.3859375000000001 0.7140625 0.3859375000000001
0 0.7375 0.3359375000000001 0.6453125 0.3359375000000001 0.6453125 0.4593750000000001 0.7375 0.4593750000000002
0 0.740625 0.4546875000000001 0.6375 0.4546875 0.6375 0.5937500000000001 0.740625 0.5937500000000002
0 0.7609375 0.4031250000000002 0.7328125 0.4031250000000002 0.7328125 0.4703125000000002 0.7609375 0.4703125000000002
0 0.8234375 0.6140625000000002 0.765625 0.6140625000000002 0.765625 0.7109375000000002 0.8234375 0.7109375000000002
0 0.8578125 0.6906250000000002 0.771875 0.6906250000000002 0.7718750000000001 0.7890625000000002 0.8578125 0.7890625000000002
0 0.76875 0.6093750000000001 0.703125 0.609375 0.7031250000000001 0.7328125000000001 0.7687500000000002 0.7328125000000002
0 0.7421875 0.5875000000000001 0.6421875 0.5875 0.6421875 0.690625 0.7421875 0.6906250000000002
0 0.7484375000000001 0.7015625000000001 0.6640625 0.7015625 0.6640625000000001 0.8140625 0.7484375000000002 0.8140625
0 0.7875000000000002 0.76875 0.6796875000000002 0.76875 0.6796875000000002 0.9078125 0.7875000000000002 0.9078125
0 0.6875000000000002 0.7671875 0.6062500000000002 0.7671875 0.6062500000000002 0.8609375 0.6875000000000002 0.8609375
0 0.6828125 0.6765625 0.590625 0.6765625 0.5906250000000001 0.8 0.6828125000000002 0.8
0 0.6484375 0.5625 0.5640625 0.5625 0.5640625 0.68125 0.6484375 0.68125
0 0.6453125 0.32500000000000007 0.5015625 0.32500000000000007 0.5015625 0.603125 0.6453125 0.603125
0 0.5875 0.21093750000000008 0.440625 0.21093750000000008 0.440625 0.4125 0.5875 0.4125
0 0.49375 0.031250000000000056 0.440625 0.031250000000000056 0.440625 0.24218750000000008 0.49375 0.24218750000000008
0 0.4484375 4.735938793577655e-17 0.325 3.980102097228898e-17 0.325 0.30468750000000006 0.4484375 0.3046875000000001
0 0.390625 0.04218750000000004 0.29375 0.04218750000000003 0.29375 0.23281250000000003 0.390625 0.2328125000000001
0 0.3046875 0.10312500000000005 0.2390625 0.10312500000000005 0.2390625 0.17500000000000004 0.3046875 0.17500000000000004
0 0.2546875 0.14531250000000004 0.2046875 0.14531250000000004 0.2046875 0.16093750000000004 0.2546875 0.16093750000000004
0 0.325 0.16562500000000002 0.1515625 0.165625 0.15156250000000002 0.3046875 0.325 0.3046875
0 0.36718750000000006 0.25781250000000006 0.2125 0.2578125 0.21250000000000005 0.453125 0.3671875000000001 0.453125
0 0.21562500000000004 0.2734375 0.046875000000000035 0.2734375 0.04687500000000005 0.5046875 0.2156250000000001 0.5046875
0 0.2812500000000001 0.4125 0.14687500000000003 0.4125 0.14687500000000006 0.5828125 0.2812500000000001 0.5828125
0 0.18125000000000008 0.515625 0.06562500000000007 0.515625 0.06562500000000007 0.6796875 0.18125000000000008 0.6796875
0 0.29375000000000007 0.5828125 0.10000000000000009 0.5828125 0.10000000000000009 0.840625 0.29375000000000007 0.840625
0 0.4406250000000001 0.7125 0.27031250000000007 0.7125 0.27031250000000007 0.9546875 0.44062500000000016 0.9546875
0 0.4859375000000002 0.8921875 0.40937500000000016 0.8921875 0.40937500000000016 0.9953125 0.4859375000000002 0.9953125
0 0.5718750000000001 0.8609375 0.4859375000000002 0.8609375 0.4859375000000002 0.9953125 0.5718750000000001 0.9953125
0 0.6187500000000001 0.73125 0.49531250000000016 0.73125 0.49531250000000016 0.8609375 0.6187500000000001 0.8609375
0 0.5906250000000001 0.634375 0.521875 0.634375 0.5218750000000001 0.73125 0.5906250000000002 0.73125
0 0.5296875000000001 0.6546875 0.459375 0.6546875 0.4593750000000001 0.746875 0.5296875000000002 0.746875
0 0.4906250000000001 0.7015625 0.4171875 0.7015625 0.4171875000000001 0.8046875 0.4906250000000002 0.8046875
0 0.4984375000000002 0.8046875 0.43281250000000016 0.8046875 0.43281250000000016 0.8921875 0.4984375000000002 0.8921875
0 0.4296875000000001 0.665625 0.35625000000000007 0.665625 0.35625000000000007 0.7265625 0.42968750000000017 0.7265625
0 0.4640625 0.5984375 0.3984375000000001 0.5984375 0.3984375000000001 0.6859375 0.4640625 0.6859375
0 0.3593750000000001 0.6234375 0.28593750000000007 0.6234375 0.28593750000000007 0.70625 0.3593750000000001 0.70625
0 0.29375000000000007 0.5671875 0.2515625000000001 0.5671875 0.2515625000000001 0.6234375 0.29375000000000007 0.6234375
0 0.3984375000000001 0.55625 0.3203125000000001 0.55625 0.3203125000000001 0.6703125 0.3984375000000001 0.6703125
0 0.440625 0.5359375 0.3671875000000001 0.5359375 0.3671875000000001 0.5921875 0.440625 0.5921875
0 0.5140625 0.5921875 0.4671875 0.5921875 0.4671875 0.65 0.5140625 0.65
0 0.5359375 0.546875 0.490625 0.546875 0.490625 0.5984375 0.5359375 0.5984375
0 0.490625 0.540625 0.44375 0.540625 0.44375 0.5875 0.490625 0.5875
0 0.31718750000000007 0.5203125 0.27812500000000007 0.5203125 0.27812500000000007 0.5671875 0.31718750000000007 0.5671875
0 0.32500000000000007 0.4484375 0.2828125000000001 0.4484375 0.2828125000000001 0.5 0.32500000000000007 0.5
0 0.3671875000000001 0.490625 0.3046875000000001 0.490625 0.3046875000000001 0.5421875 0.3671875000000001 0.5421875
0 0.3859375000000001 0.453125 0.3359375000000001 0.453125 0.3359375000000001 0.4953125 0.3859375000000001 0.4953125
0 0.40625 0.44375 0.37187500000000007 0.44375 0.37187500000000007 0.484375 0.40625 0.484375
0 0.440625 0.3453125000000001 0.3859375 0.3453125000000001 0.38593750000000004 0.428125 0.440625 0.428125
0 0.4515625 0.428125 0.409375 0.428125 0.409375 0.46875 0.4515625 0.46875
0 0.50625 0.3812500000000001 0.44375 0.3812500000000001 0.44375 0.4796875 0.50625 0.4796875
0 0.4671875 0.4734375 0.409375 0.4734375 0.409375 0.515625 0.4671875 0.515625
0 0.5171875 0.490625 0.4671875 0.490625 0.4671875 0.5421875 0.5171875 0.5421875
0 0.4171875 0.50625 0.3671875000000001 0.50625 0.3671875000000001 0.5421875 0.4171875 0.5421875
0 0.4328125 0.2734375000000001 0.378125 0.2734375000000001 0.378125 0.3453125000000001 0.4328125 0.3453125000000001