0 0.9515625 0.7468750000000002 0.7859375000000002 0.7468750000000002 0.7859375000000002 0.9203125 0.9515625 0.9203125
0 0.996875 0.8265625 0.925 0.8265625 0.925 0.9109375 0.996875 0.9109375
0 0.8234375 0.5984375000000001 0.715625 0.5984375 0.7156250000000001 0.8515625 0.8234375 0.8515625
0 0.8171875 0.8359375 0.7500000000000002 0.8359375 0.7500000000000002 0.909375 0.8171875 0.909375
0 0.7484375000000002 0.8140625 0.6703125000000002 0.8140625 0.6703125000000002 0.8625 0.7484375000000002 0.8625
0 0.4265625000000002 0.8265625 0.3218750000000001 0.8265625 0.3218750000000001 0.9109375 0.4265625000000002 0.9109375
0 0.5015625000000001 0.8625 0.4203125000000002 0.8625 0.4203125000000002 0.9203125 0.5015625000000001 0.9203125
0 0.6187500000000001 0.6140625 0.4828125 0.6140625 0.4828125000000001 0.778125 0.6187500000000001 0.778125
0 0.7750000000000001 0.51875 0.6140625 0.51875 0.6140625000000001 0.8140625 0.7750000000000001 0.8140625
0 0.9328125 0.4500000000000002 0.7671875 0.4500000000000002 0.7671875 0.6031250000000001 0.9328125 0.6031250000000001
0 0.9890625 0.5390625000000002 0.7796875 0.5390625000000002 0.7796875000000001 0.7515625000000001 0.9890625 0.7515625000000001
0 0.996875 0.4968750000000002 0.921875 0.4968750000000002 0.921875 0.6453125000000002 0.996875 0.6453125000000002
0 0.996875 0.6453125000000002 0.9171875 0.6453125000000002 0.9171875 0.825 0.996875 0.825
0 0.5359375 0.434375 0.3781250000000001 0.434375 0.3781250000000001 0.6984375 0.5359375 0.6984375
0 0.5921875 0.4609375 0.5125 0.4609375 0.5125 0.6140625 0.5921875 0.6140625
0 0.6703125 0.4125 0.565625 0.4125 0.565625 0.6140625 0.6703125 0.6140625
0 0.7984375 0.3968750000000001 0.6671875 0.3968750000000001 0.6671875 0.5609375000000001 0.7984375 0.5609375000000002
0 0.90625 0.3546875000000001 0.8125 0.3546875000000001 0.8125 0.4703125000000002 0.90625 0.4703125000000002
0 0.996875 0.3750000000000001 0.9109375 0.3750000000000001 0.9109375 0.5031250000000002 0.996875 0.5031250000000002
0 0.9484375 0.2062500000000001 0.825 0.2062500000000001 0.825 0.3546875000000001 0.9484375 0.3546875000000001
0 0.9515625 0.33281250000000007 0.834375 0.33281250000000007 0.834375 0.3968750000000001 0.9515625 0.3968750000000001
0 0.828125 0.2062500000000001 0.7265625 0.2062500000000001 0.7265625 0.3750000000000001 0.828125 0.3750000000000001
0 0.8125 0.2968750000000001 0.65625 0.2968750000000001 0.65625 0.45000000000000007 0.8125 0.4500000000000002
0 0.7203125 0.2375000000000001 0.6265625 0.2375000000000001 0.6265625 0.3812500000000001 0.7203125 0.3812500000000001
0 0.6515625 0.2484375000000001 0.528125 0.2484375000000001 0.528125 0.4390625 0.6515625 0.4390625
0 0.6671875 0.1375000000000001 0.5875 0.1375000000000001 0.5875 0.25468750000000007 0.6671875 0.25468750000000007
0 0.6140625 0.057812500000000065 0.4765625 0.057812500000000065 0.4765625 0.2484375000000001 0.6140625 0.2484375000000001
0 0.546875 0.2171875000000001 0.4875 0.2171875000000001 0.4875 0.2796875000000001 0.546875 0.2796875000000001
0 0.528125 0.22812500000000008 0.415625 0.22812500000000008 0.415625 0.3859375000000001 0.528125 0.3859375000000001
0 0.4875 0.33437500000000003 0.3515625 0.334375 0.35156250000000006 0.4875 0.4875 0.4875
0 0.565625 0.3859375000000001 0.49375 0.3859375000000001 0.49375 0.465625 0.565625 0.465625
0 0.4234375 0.5453125 0.3218750000000001 0.5453125 0.3218750000000001 0.6828125 0.4234375 0.6828125
0 0.975 0.0640625000000001 0.8625 0.0640625000000001 0.8625 0.21250000000000008 0.975 0.21250000000000008
0 0.996875 0.13750000000000012 0.9671875 0.13750000000000012 0.9671875 0.24375000000000008 0.996875 0.24375000000000008
0 0.996875 1.1768090335556595e-16 0.925 1.1327982892113018e-16 0.925 0.12187500000000014 0.996875 0.12187500000000014
0 0.928125 1.086874034243276e-16 0.846875 1.0371227580279147e-16 0.846875 0.0796875000000001 0.928125 0.0796875000000001
0 0.865625 9.883282371243874e-17 0.7484375 9.165715887368473e-17 0.7484375 0.1375000000000001 0.865625 0.1375000000000001
0 0.7640625 8.849986634463295e-17 0.68125 8.342906319191344e-17 0.68125 0.09531250000000009 0.7640625 0.09531250000000009
0 0.3640625 4.047074969057268e-17 0.296875 3.6356701849687046e-17 0.296875 0.06875000000000005 0.3640625 0.06875000000000005
0 0.3140625 0.021875000000000033 0.2140625 0.021875000000000026 0.2140625 0.15312500000000004 0.3140625 0.15312500000000004
0 0.2921875 3.2338329539984796e-17 0.2359375 2.8894010417382865e-17 0.2359375 0.026562500000000034 0.2921875 0.026562500000000034
0 0.2359375 2.592806895069787e-17 0.1875 2.2962127484012874e-17 0.1875 0.026562500000000027 0.2359375 0.026562500000000034
0 0.246875 0.12656250000000005 0.1953125 0.12656250000000005 0.19531250000000003 0.19062500000000004 0.246875 0.19062500000000004
0 0.2703125 0.13750000000000004 0.2328125 0.13750000000000004 0.2328125 0.19062500000000004 0.2703125 0.19062500000000004
0 0.278125 0.18593750000000003 0.2296875 0.18593750000000003 0.2296875 0.2484375 0.278125 0.2484375
0 0.225 0.14843750000000003 0.1421875 0.1484375 0.14218750000000002 0.2375 0.225 0.2375
0 0.2140625 0.06875000000000002 0.1421875 0.06875000000000002 0.1421875 0.15937500000000002 0.2140625 0.15937500000000004
0 0.209375 2.085726579797836e-17 0.13125 1.607348923880901e-17 0.13125 0.07968750000000002 0.209375 0.07968750000000002
0 0.134375 0.03750000000000001 0.0671875 0.03750000000000001 0.06718750000000001 0.1328125 0.134375 0.1328125
0 0.134375 1.2820521178573852e-17 0.075 9.184850993605149e-18 0.075 0.03750000000000001 0.134375 0.03750000000000001
0 0.07500000000000001 4.592425496802575e-18 0 0 5.836207402186606e-18 0.0953125 0.07500000000000002 0.0953125
0 0.07187500000000002 0.0953125 1.1672414804373211e-17 0.0953125 1.7795648800109975e-17 0.1953125 0.07187500000000002 0.1953125
0 0.14218750000000002 0.14375 0.06718750000000002 0.14375 0.06718750000000002 0.2234375 0.14218750000000005 0.2234375
0 0.2140625000000001 0.4078125 0.13906250000000003 0.4078125 0.13906250000000003 0.4921875 0.2140625000000001 0.4921875
0 0.16093750000000004 0.3859375 0.10937500000000004 0.3859375 0.10937500000000004 0.465625 0.16093750000000004 0.465625
0 0.09062500000000004 0.3703125 0.034375000000000044 0.3703125 0.03437500000000005 0.434375 0.09062500000000004 0.434375
0 0.08281250000000004 0.328125 4.0183723097022526e-17 0.328125 4.601993049920913e-17 0.4234375 0.08281250000000004 0.4234375
0 0.03437500000000006 0.4125 5.051668046482832e-17 0.4125 5.348262193151332e-17 0.4609375 0.03437500000000006 0.4609375
0 0.10468750000000004 0.4234375 0.04062500000000006 0.4234375 0.040625000000000064 0.5125 0.10468750000000004 0.5125
0 0.13437500000000008 0.48125 0.08593750000000007 0.48125 0.08593750000000007 0.55 0.13437500000000008 0.55
0 0.17187500000000006 0.503125 0.13906250000000003 0.503125 0.13906250000000003 0.534375 0.17187500000000006 0.534375
0 0.14218750000000008 0.5453125 0.09687500000000007 0.5453125 0.09687500000000007 0.6140625 0.14218750000000008 0.6140625
0 0.09062500000000007 0.5125 0.023437500000000062 0.5125 0.023437500000000066 0.603125 0.09062500000000007 0.603125
0 0.04531250000000006 0.45 5.5109105961630896e-17 0.45 6.09453133638175e-17 0.5453125 0.04531250000000007 0.5453125
0 0.05937500000000008 0.55 6.735557395310443e-17 0.55 7.347880794884119e-17 0.65 0.05937500000000009 0.65
0 0.11562500000000009 0.603125 0.05312500000000007 0.603125 0.053125000000000075 0.6984375 0.11562500000000009 0.6984375
0 0.05625000000000009 0.6453125 7.902798875747763e-17 0.6453125 8.744743550161569e-17 0.7828125 0.05625000000000009 0.7828125
0 0.09375000000000008 0.7046875 0.02968750000000009 0.7046875 0.029687500000000096 0.815625 0.09375000000000008 0.815625