0 0.3375 0.043750000000000025 0.0921875 0.04375000000000001 0.09218750000000002 0.434375 0.3375000000000001 0.434375
0 0.559375 0.16093750000000007 0.3296875 0.16093750000000004 0.3296875 0.44375 0.559375 0.44375
0 0.85625 0.1546875000000001 0.578125 0.1546875000000001 0.578125 0.4921875000000001 0.85625 0.49218750000000017
0 0.9484375 0.4546875000000001 0.696875 0.4546875 0.6968750000000001 0.7968750000000001 0.9484375 0.7968750000000002
0 0.6515625 0.44375 0.3812500000000001 0.44375 0.3812500000000001 0.81875 0.6515625000000002 0.81875
0 0.5406250000000001 0.721875 0.3156250000000001 0.721875 0.3156250000000001 0.9953125 0.5406250000000001 0.9953125
0 0.996875 1.1069658957917873e-16 0.8109375 9.931120136835567e-17 0.8109375 0.1875000000000001 0.996875 0.18750000000000014
0 0.21875000000000008 0.6734375 0.0031250000000000817 0.6734375 0.003125000000000101 0.9734375 0.21875000000000008 0.9734375
0 0.9234375 0.721875 0.7046875 0.721875 0.7046875000000001 0.9953125 0.9234375 0.9953125
0 0.09687500000000006 0.2140625 2.6215095544248028e-17 0.2140625 5.663991446056509e-17 0.7109375 0.09687500000000009 0.7109375
0 0.3781250000000001 0.44375 0.10781250000000005 0.44375 0.10781250000000006 0.7109375 0.3781250000000001 0.7109375
0 0.996875 0.19375000000000012 0.8625 0.1937500000000001 0.8625 0.48750000000000016 0.996875 0.48750000000000016