0 0.9625 0.6546875000000002 0.8390625 0.6546875000000002 0.8390625 0.825 0.9625 0.825
0 0.996875 0.5312500000000002 0.8203125 0.5312500000000002 0.8203125 0.7375000000000002 0.996875 0.7375000000000002
0 0.8390625 0.6140625000000001 0.7078125 0.6140625 0.7078125000000001 0.8046875 0.8390625 0.8046875
0 0.93125 0.44843750000000016 0.784375 0.44843750000000016 0.784375 0.5828125000000002 0.93125 0.5828125000000002
0 0.83125 0.5250000000000001 0.7546875 0.5250000000000001 0.7546875 0.6187500000000001 0.83125 0.6187500000000001
0 0.765625 0.4796875000000001 0.6765625 0.4796875 0.6765625 0.628125 0.765625 0.6281250000000002
0 0.7953125 0.3656250000000001 0.6578125 0.3656250000000001 0.6578125 0.5109375 0.7953125 0.5109375000000002
0 0.6609375 0.37187500000000007 0.55 0.37187500000000007 0.55 0.475 0.6609375 0.475
0 0.715625 0.2312500000000001 0.5453125 0.2312500000000001 0.5453125 0.4125 0.715625 0.4125
0 0.5546875 0.3203125000000001 0.434375 0.3203125000000001 0.434375 0.490625 0.5546875 0.490625
0 0.5890625 0.4390625 0.4890625 0.4390625 0.4890625 0.609375 0.5890625 0.609375
0 0.534375 0.3046875000000001 0.4390625 0.3046875000000001 0.4390625 0.3656250000000001 0.534375 0.3656250000000001
0 0.4421875 0.30468750000000006 0.315625 0.3046875 0.31562500000000004 0.459375 0.4421875 0.459375
0 0.4 0.23281250000000003 0.2421875 0.2328125 0.24218750000000006 0.4328125 0.4 0.4328125
0 0.3421875000000001 0.4171875 0.2000000000000001 0.4171875 0.2000000000000001 0.571875 0.3421875000000001 0.571875
0 0.4734375 0.50625 0.3312500000000001 0.50625 0.3312500000000001 0.68125 0.4734375 0.68125
0 0.4921875 0.44375 0.3546875000000001 0.44375 0.3546875000000001 0.5671875 0.4921875 0.5671875
0 0.3921875000000001 0.4484375 0.3312500000000001 0.4484375 0.3312500000000001 0.5359375 0.3921875000000001 0.5359375
0 0.565625 0.571875 0.4265625 0.571875 0.4265625 0.7171875 0.565625 0.7171875
0 0.7078125000000001 0.4796875 0.5734375 0.4796875 0.5734375 0.81875 0.7078125000000002 0.81875
0 0.6078125000000001 0.675 0.434375 0.675 0.43437500000000007 0.9015625 0.6078125000000002 0.9015625
0 0.4390625000000001 0.675 0.2921875000000001 0.675 0.2921875000000001 0.8765625 0.4390625000000002 0.8765625
0 0.3656250000000001 0.571875 0.2500000000000001 0.571875 0.2500000000000001 0.7375 0.3656250000000001 0.7375
0 0.2234375000000001 0.44375 0.14218750000000005 0.44375 0.14218750000000008 0.55625 0.2234375000000001 0.55625
0 0.2812500000000001 0.515625 0.14218750000000005 0.515625 0.14218750000000008 0.659375 0.2812500000000001 0.659375
0 0.1921875000000001 0.61875 0.11562500000000009 0.61875 0.11562500000000009 0.73125 0.1921875000000001 0.73125
0 0.2968750000000001 0.6546875 0.1546875000000001 0.6546875 0.1546875000000001 0.8609375 0.2968750000000001 0.8609375
0 0.2078125000000001 0.721875 0.05312500000000009 0.721875 0.0531250000000001 0.921875 0.2078125000000001 0.921875
0 0.12656250000000008 0.6078125 7.443556326067507e-17 0.6078125 8.993499931238376e-17 0.8609375 0.12656250000000008 0.8609375
0 0.1921875000000001 0.61875 0.11562500000000009 0.61875 0.11562500000000009 0.7265625 0.1921875000000001 0.7265625
0 0.1390625000000001 0.5515625 0.03125000000000007 0.5515625 0.03125000000000007 0.6390625 0.1390625000000001 0.6390625
2 0.7109375000000001 0.3609375000000001 0.565625 0.3609375000000001 0.565625 0.8609375 0.7109375000000002 0.8609375