0 0.09375000000000011 0.86875 1.0639119067592632e-16 0.86875 1.1404523317059726e-16 0.99375 0.09375000000000011 0.99375
0 0.03125000000000006 0.4625 5.663991446056509e-17 0.4625 6.247612186275169e-17 0.5578125 0.03125000000000007 0.5578125
0 0.13750000000000004 0.4625 0.08281250000000007 0.4625 0.08281250000000007 0.521875 0.13750000000000004 0.521875
0 0.17343750000000005 0.3921875 0.10156250000000004 0.3921875 0.10156250000000004 0.4671875 0.17343750000000005 0.4671875
0 0.22031250000000005 0.3171875 0.15000000000000005 0.3171875 0.15000000000000005 0.428125 0.22031250000000008 0.428125
0 0.1781250000000001 0.6625 0.06406250000000009 0.6625 0.06406250000000009 0.809375 0.1781250000000001 0.809375
0 0.1765625000000001 0.5921875 0.09843750000000007 0.5921875 0.09843750000000008 0.69375 0.1765625000000001 0.69375
0 0.2718750000000001 0.5875 0.1765625000000001 0.5875 0.1765625000000001 0.69375 0.2718750000000001 0.69375
0 0.3625000000000001 0.653125 0.2671875000000001 0.653125 0.2671875000000001 0.7890625 0.3625000000000001 0.7890625
0 0.2796875000000001 0.6984375 0.20468750000000008 0.6984375 0.20468750000000008 0.7890625 0.2796875000000001 0.7890625
0 0.3343750000000001 0.4875 0.23593750000000008 0.4875 0.23593750000000008 0.64375 0.3343750000000001 0.64375
0 0.440625 0.4671875 0.3343750000000001 0.4671875 0.3343750000000001 0.6078125 0.440625 0.6078125
0 0.4328125 0.603125 0.3234375000000001 0.603125 0.3234375000000001 0.71875 0.4328125 0.71875
0 0.4718750000000001 0.678125 0.4171875 0.678125 0.4171875000000001 0.7734375 0.47187500000000016 0.7734375
0 0.44843750000000016 0.7546875 0.3343750000000001 0.7546875 0.3343750000000001 0.85 0.44843750000000016 0.85
0 0.2718750000000001 0.4765625 0.19687500000000005 0.4765625 0.19687500000000008 0.603125 0.2718750000000001 0.603125
0 0.3031250000000001 0.4171875 0.22812500000000008 0.4171875 0.22812500000000008 0.5171875 0.3031250000000001 0.5171875
0 0.3781250000000001 0.4078125 0.2953125000000001 0.4078125 0.2953125000000001 0.51875 0.3781250000000001 0.51875
0 0.4453125 0.22187500000000004 0.3421875 0.221875 0.3421875 0.33281250000000007 0.4453125 0.33281250000000007
0 0.4140625 0.32656250000000003 0.3421875 0.3265625 0.34218750000000003 0.4265625 0.4140625 0.4265625
0 0.465625 0.3515625000000001 0.390625 0.3515625000000001 0.39062500000000006 0.478125 0.465625 0.478125
0 0.5234375 0.4328125 0.4328125 0.4328125 0.4328125 0.5578125 0.5234375 0.5578125
0 0.6109375 0.3468750000000001 0.528125 0.3468750000000001 0.528125 0.4625 0.6109375 0.4625
0 0.678125 0.4078125 0.5953125 0.4078125 0.5953125 0.5125 0.678125 0.5125
0 0.60625 0.453125 0.5390625 0.453125 0.5390625 0.5234375 0.60625 0.5234375
0 0.546875 0.2765625000000001 0.453125 0.2765625000000001 0.453125 0.37187500000000007 0.546875 0.37187500000000007
0 0.5078125 0.14687500000000003 0.4296875 0.14687500000000003 0.4296875 0.26250000000000007 0.5078125 0.26250000000000007
0 0.5515625 0.12031250000000007 0.4953125 0.12031250000000004 0.4953125 0.21093750000000008 0.5515625 0.21093750000000008
0 0.61875 0.2015625000000001 0.5546875 0.2015625000000001 0.5546875 0.2968750000000001 0.61875 0.2968750000000001
0 0.8671875 0.2062500000000001 0.603125 0.2062500000000001 0.603125 0.5171875000000001 0.8671875 0.5171875000000001
0 0.85 0.4875000000000001 0.4453125 0.4875 0.4453125000000001 0.9546875 0.85 0.9546875
0 0.8859375 0.7843750000000002 0.8265625 0.7843750000000002 0.8265625 0.9 0.8859375 0.9
0 0.834375 0.875 0.7515625000000001 0.875 0.7515625000000001 0.934375 0.834375 0.934375
0 0.8859375 0.8796875 0.8390625 0.8796875 0.8390625 0.934375 0.8859375 0.934375
0 0.4609375 0.12656250000000005 0.228125 0.12656250000000005 0.22812500000000005 0.453125 0.4609375 0.453125
0 0.004687500000000072 0.5640625 6.907773351440539e-17 0.5640625 7.213935051227377e-17 0.6140625 0.004687500000000075 0.6140625
0 0.996875 0.2062500000000001 0.6625 0.2062500000000001 0.6625000000000001 0.7781250000000001 0.996875 0.7781250000000002