0 0.10000000000000012 0.803125 9.83544460565218e-17 0.803125 1.1002686086089502e-16 0.99375 0.10000000000000013 0.99375
0 0.22031250000000008 0.940625 0.023437500000000118 0.940625 0.023437500000000118 0.99375 0.22031250000000008 0.99375
0 0.884375 0.7796875000000001 0.7140625000000002 0.7796875 0.7140625000000002 0.99375 0.884375 0.99375
0 0.8828125 0.940625 0.7968750000000002 0.940625 0.7968750000000002 0.99375 0.8828125 0.99375
0 0.9828125 0.934375 0.8765625 0.934375 0.8765625 0.99375 0.9828125 0.99375
0 0.996875 0.834375 0.8625 0.834375 0.8625 0.9953125 0.996875 0.9953125
0 0.996875 0.7265625000000002 0.9234375 0.7265625000000002 0.9234375 0.8578125 0.996875 0.8578125
0 0.95 0.7390625000000002 0.896875 0.7390625000000002 0.896875 0.89375 0.95 0.89375
0 0.9125 0.7265625000000002 0.8234375 0.7265625000000002 0.8234375 0.928125 0.9125 0.928125
0 0.903125 0.6671875000000002 0.8 0.6671875000000002 0.8 0.7625000000000002 0.903125 0.7625000000000002
0 0.8234375 0.7375000000000002 0.7562500000000002 0.7375000000000002 0.7562500000000002 0.821875 0.8234375 0.821875
0 0.8171875 0.803125 0.7093750000000002 0.803125 0.7093750000000002 0.9046875 0.8171875 0.9046875
0 0.7359375000000001 0.8984375 0.6500000000000001 0.8984375 0.6500000000000001 0.99375 0.7359375000000001 0.99375
0 0.7312500000000001 0.5531250000000001 0.3343750000000001 0.553125 0.3343750000000001 0.99375 0.7312500000000002 0.99375
0 0.996875 0.10781250000000012 0.69375 0.10781250000000009 0.69375 0.5843750000000001 0.996875 0.5843750000000002
0 0.996875 0.0890625000000001 0.659375 0.08906250000000009 0.659375 0.4703125000000001 0.996875 0.4703125000000002
0 0.70625 0.434375 0.2671875000000001 0.434375 0.2671875000000001 0.99375 0.7062500000000002 0.99375
0 0.659375 0.35156250000000006 0.17031250000000003 0.3515625 0.1703125000000001 0.99375 0.6593750000000002 0.99375
0 0.3531250000000001 0.4828125 0.19062500000000004 0.4828125 0.19062500000000007 0.703125 0.3531250000000001 0.703125
0 0.3203125000000001 0.6671875 0.15000000000000008 0.6671875 0.1500000000000001 0.9109375 0.3203125000000001 0.9109375
0 0.1671875000000001 0.74375 9.10831056865844e-17 0.74375 1.0352092474042471e-16 0.946875 0.16718750000000013 0.946875
0 0.2312500000000001 0.5828125 0.010937500000000072 0.5828125 0.010937500000000083 0.75 0.2312500000000001 0.75
0 0.4765625 0.3453125 0.2875 0.3453125 0.28750000000000003 0.5234375 0.4765625 0.5234375
0 0.4734375 0.4703125 0.3234375000000001 0.4703125 0.3234375000000001 0.684375 0.4734375 0.684375
0 0.6 0.2734375000000001 0.45625 0.2734375000000001 0.45625 0.5 0.6 0.5
0 0.7 0.2093750000000001 0.5640625 0.2093750000000001 0.5640625 0.3703125000000001 0.7 0.3703125000000001
0 0.7296875 0.17343750000000008 0.6296875 0.17343750000000008 0.6296875 0.2796875000000001 0.7296875 0.2796875000000001
0 0.8109375 0.12500000000000008 0.68125 0.12500000000000008 0.68125 0.24375000000000008 0.8109375 0.24375000000000008
0 0.853125 0.006250000000000096 0.7 0.006250000000000086 0.7 0.14843750000000008 0.853125 0.14843750000000008
0 0.946875 1.0859172789314419e-16 0.8265625 1.0122471199202341e-16 0.8265625 0.04218750000000011 0.946875 0.042187500000000114
0 0.9734375 9.998093008663938e-17 0.659375 8.075014831877861e-17 0.659375 0.4046875000000001 0.9734375 0.4046875000000002
0 0.32031250000000006 0.15468750000000003 0.109375 0.1546875 0.10937500000000004 0.5484375 0.3203125000000001 0.5484375
0 0.4328125 4.6019930499209134e-17 0.31875 3.903561672282188e-17 0.31875 0.17812500000000003 0.4328125 0.17812500000000003
0 0.02968750000000004 0.1015625 1.2437819053840305e-17 0.1015625 3.788751034862124e-17 0.5171875 0.029687500000000068 0.5171875
0 0.14687500000000003 0.1421875 1.741294667537643e-17 0.1421875 3.97053454411056e-17 0.50625 0.14687500000000003 0.50625
0 0.16718750000000007 0.2625 3.214697847761802e-17 0.2625 5.3291270869146544e-17 0.6078125 0.1671875000000001 0.6078125
0 0.10937500000000007 0.453125 0.020312500000000056 0.453125 0.020312500000000063 0.5890625 0.10937500000000008 0.5890625
0 0.153125 1.0811335023722729e-17 0.0234375 2.8702659355016093e-18 0.023437500000000007 0.1375 0.153125 0.1375
0 0.2796875 2.7363201918448673e-17 0.1671875 2.0474563673244812e-17 0.1671875 0.11875000000000002 0.2796875 0.11875000000000005
0 0.55625 6.142369101973443e-17 0.446875 5.472640383689735e-17 0.446875 0.2140625000000001 0.55625 0.2140625000000001
0 0.646875 7.433988772949167e-17 0.5671875 6.946043563913895e-17 0.5671875 0.1312500000000001 0.646875 0.1312500000000001
0 0.69375 8.266365894244634e-17 0.65625 8.036744619404505e-17 0.65625 0.06562500000000009 0.69375 0.06562500000000009
0 0.453125 0.13750000000000004 0.3 0.13750000000000004 0.3 0.35781250000000003 0.453125 0.3578125000000001