0 0.690625 0.2750000000000001 0.5796875 0.2750000000000001 0.5796875 0.409375 0.690625 0.409375
0 0.8515625 0.5109375000000002 0.7640625 0.5109375000000002 0.7640625 0.6500000000000001 0.8515625 0.6500000000000001
0 0.8453125 0.6125 0.71875 0.6125 0.7187500000000001 0.753125 0.8453125 0.7531250000000002
0 0.590625 0.5328125 0.4421875 0.5328125 0.4421875 0.6828125 0.590625 0.6828125
0 0.6390625 0.4953125 0.565625 0.4953125 0.565625 0.6234375 0.6390625 0.6234375
0 0.45 0.5265625 0.2984375000000001 0.5265625 0.2984375000000001 0.7203125 0.45 0.7203125
0 0.3031250000000001 0.58125 0.1843750000000001 0.58125 0.1843750000000001 0.7203125 0.3031250000000001 0.7203125
0 0.2765625000000001 0.440625 0.13750000000000004 0.440625 0.13750000000000007 0.65625 0.2765625000000001 0.65625
0 0.4015625 0.36562500000000003 0.2656250000000001 0.365625 0.2656250000000001 0.61875 0.4015625 0.61875
0 0.4359375 0.38750000000000007 0.4015625 0.38750000000000007 0.4015625 0.515625 0.4359375 0.515625
0 0.5796875 0.3281250000000001 0.425 0.3281250000000001 0.425 0.5375 0.5796875 0.5375
0 0.6015625 0.3390625000000001 0.534375 0.3390625000000001 0.534375 0.403125 0.6015625 0.403125
0 0.59375 0.2750000000000001 0.5171875 0.2750000000000001 0.5171875 0.3500000000000001 0.59375 0.3500000000000001
0 0.53125 0.2640625000000001 0.4203125 0.2640625000000001 0.4203125 0.37187500000000007 0.53125 0.37187500000000007
0 0.4203125 0.275 0.30625 0.275 0.30625 0.409375 0.4203125 0.409375
0 0.45 0.22656250000000006 0.3625 0.2265625 0.3625 0.29531250000000003 0.45 0.2953125000000001
0 0.634375 0.3984375000000001 0.571875 0.3984375000000001 0.571875 0.515625 0.634375 0.515625
0 0.690625 0.4140625 0.6234375 0.4140625 0.6234375 0.5046875 0.690625 0.5046875