0 0.996875 0.809375 0.8109375 0.809375 0.8109375 0.9953125 0.996875 0.9953125
0 0.996875 0.8046875 0.9671875 0.8046875 0.9671875 0.9515625 0.996875 0.9515625
0 0.996875 0.45625000000000016 0.8765625 0.45625000000000016 0.8765625 0.809375 0.996875 0.809375
0 0.996875 0.2984375000000001 0.953125 0.2984375000000001 0.953125 0.4625000000000002 0.996875 0.4625000000000002
0 0.996875 0.07656250000000012 0.9015625 0.07656250000000012 0.9015625 0.30937500000000007 0.996875 0.30937500000000007
0 0.9671875 0.1734375000000001 0.796875 0.17343750000000008 0.796875 0.44062500000000016 0.9671875 0.44062500000000016
0 0.959375 0.3750000000000001 0.9203125 0.3750000000000001 0.9203125 0.49531250000000016 0.959375 0.49531250000000016
0 0.9234375 0.2609375000000001 0.6578125 0.2609375000000001 0.6578125 0.6296875000000001 0.9234375 0.6296875000000002
0 0.8984375 0.6140625000000001 0.7234375 0.6140625 0.7234375000000001 0.859375 0.8984375 0.859375
0 0.825 0.8484375 0.6546875000000002 0.8484375 0.6546875000000002 0.9953125 0.825 0.9953125
0 0.7093750000000002 0.7828125 0.6578125000000001 0.7828125 0.6578125000000001 0.86875 0.7093750000000002 0.86875
0 0.7718750000000002 0.7609375 0.7031250000000002 0.7609375 0.7031250000000002 0.853125 0.7718750000000002 0.853125
0 0.7234375000000001 0.4890625 0.534375 0.4890625 0.534375 0.7875 0.7234375000000002 0.7875
0 0.61875 0.3046875000000001 0.396875 0.3046875000000001 0.39687500000000003 0.6796875 0.61875 0.6796875
0 0.6765625000000001 0.7171875 0.446875 0.7171875 0.4468750000000001 0.9953125 0.6765625000000002 0.9953125
0 0.4515625000000001 0.646875 0.2140625000000001 0.646875 0.2140625000000001 0.99375 0.4515625000000002 0.99375
0 0.4625000000000002 0.896875 0.2140625000000001 0.896875 0.2140625000000001 0.99375 0.4625000000000002 0.99375
0 0.20312500000000008 0.9125 1.1174902042219599e-16 0.9125 1.1672414804373209e-16 0.99375 0.20312500000000008 0.99375
0 0.2140625000000001 0.58125 7.11825952004399e-17 0.58125 9.61539088393039e-17 0.9890625 0.2140625000000001 0.9890625
0 0.2953125000000001 0.5984375 0.1781250000000001 0.5984375 0.1781250000000001 0.7671875 0.2953125000000001 0.7671875
0 0.5281250000000001 0.5828125 0.35625000000000007 0.5828125 0.35625000000000007 0.778125 0.5281250000000002 0.778125
0 0.4046875 0.3375 0.19375000000000003 0.3375 0.19375000000000006 0.6515625 0.4046875 0.6515625
0 0.15312500000000007 0.278125 3.406048910128576e-17 0.278125 5.2717217682046225e-17 0.5828125 0.1531250000000001 0.5828125
0 0.24375000000000005 0.3421875 0.10468750000000004 0.3421875 0.10468750000000007 0.6203125 0.24375000000000008 0.6203125
0 0.265625 0.043750000000000025 0.071875 0.04375000000000001 0.07187500000000002 0.3375 0.265625 0.3375
0 0.440625 0.017187500000000043 0.24375 0.01718750000000003 0.24375 0.34218750000000003 0.440625 0.3421875000000001
0 0.41875 0.34218750000000003 0.3421875 0.3421875 0.34218750000000003 0.440625 0.41875 0.440625
0 0.53125 0.17343750000000005 0.4109375 0.17343750000000005 0.4109375 0.3593750000000001 0.53125 0.3593750000000001
0 0.778125 0.03906250000000008 0.50625 0.03906250000000007 0.50625 0.3812500000000001 0.778125 0.3812500000000001
0 0.7828125 0.1687500000000001 0.7140625 0.1687500000000001 0.7140625 0.29375000000000007 0.7828125 0.29375000000000007
0 0.8296875 0.15781250000000008 0.7421875 0.15781250000000008 0.7421875 0.2656250000000001 0.8296875 0.2656250000000001
0 0.953125 1.0533875983290905e-16 0.7671875 9.3953371622086e-17 0.7671875 0.16875000000000012 0.953125 0.16875000000000012
0 0.996875 1.204554937598842e-16 0.9703125 1.188290097297666e-16 0.9703125 0.08125000000000011 0.996875 0.08125000000000011
0 0.778125 8.486419615966424e-17 0.6078125 7.443556326067507e-17 0.6078125 0.1140625000000001 0.778125 0.1140625000000001
0 0.6109375 6.123233995736766e-17 0.3890625 4.7646414529326714e-17 0.3890625 0.16875000000000007 0.6109375 0.1687500000000001
0 0.396875 3.807886141098801e-17 0.225 2.7554552980815448e-17 0.225 0.06562500000000003 0.396875 0.06562500000000004
0 0.240625 2.458861151413045e-17 0.1609375 1.9709159423777714e-17 0.1609375 0.06562500000000002 0.240625 0.06562500000000002
0 0.159375 9.75890418070547e-18 0 0 1.0332957367805793e-17 0.16875 0.159375 0.16875
0 0.07656250000000003 0.140625 1.7221595613009655e-17 0.140625 2.592806895069787e-17 0.2828125 0.07656250000000005 0.2828125