0 0.5281250000000001 0.6890625 0.0828125000000001 0.6890625 0.0828125000000001 0.9546875 0.5281250000000002 0.9546875
0 0.5593750000000002 0.8296875 0.5281250000000002 0.8296875 0.5281250000000002 0.8953125 0.5593750000000002 0.8953125
0 0.5703125000000002 0.909375 0.5359375000000002 0.909375 0.5359375000000002 0.95 0.5703125000000002 0.95
0 0.5703125000000002 0.734375 0.5359375000000002 0.734375 0.5359375000000002 0.7734375 0.5703125000000002 0.7734375
0 0.6453125000000002 0.9 0.6109375000000001 0.9 0.6109375000000001 0.925 0.6453125000000002 0.925
0 0.6453125000000002 0.9203125 0.6109375000000001 0.9203125 0.6109375000000001 0.9546875 0.6453125000000002 0.9546875
0 0.6921875000000002 0.8890625 0.6578125000000001 0.8890625 0.6578125000000001 0.95 0.6921875000000002 0.95
0 0.7281250000000001 0.8890625 0.6937500000000002 0.8890625 0.6937500000000002 0.934375 0.7281250000000001 0.934375
0 0.815625 0.8703125 0.7843750000000002 0.8703125 0.7843750000000002 0.915625 0.815625 0.915625
0 0.7875000000000001 0.7140625000000002 0.7640625 0.7140625000000002 0.7640625000000001 0.7484375000000002 0.7875000000000002 0.7484375000000002
0 0.834375 0.7343750000000002 0.803125 0.7343750000000002 0.803125 0.7796875000000002 0.834375 0.7796875000000002
0 0.7046875000000001 0.7234375 0.68125 0.7234375 0.6812500000000001 0.7390625 0.7046875000000001 0.7390625
0 0.68125 0.709375 0.665625 0.709375 0.665625 0.7234375 0.68125 0.7234375
0 0.6734375000000001 0.7640625 0.6375000000000002 0.7640625 0.6375000000000002 0.7890625 0.6734375000000001 0.7890625
0 0.9953125 0.48750000000000016 0.7953125 0.48750000000000016 0.7953125000000001 0.7843750000000002 0.9953125 0.7843750000000002
0 0.95625 0.6937500000000002 0.909375 0.6937500000000002 0.909375 0.7140625000000002 0.95625 0.7140625000000002
0 0.996875 0.30156250000000007 0.859375 0.30156250000000007 0.859375 0.4968750000000002 0.996875 0.4968750000000002
0 0.9953125 0.2156250000000001 0.878125 0.2156250000000001 0.878125 0.3265625000000001 0.9953125 0.3265625000000001
0 0.9796875 0.050000000000000114 0.846875 0.050000000000000114 0.846875 0.2218750000000001 0.9796875 0.2218750000000001
0 0.88125 9.519715352747004e-17 0.6734375 8.247230788007957e-17 0.6734375 0.0953125000000001 0.88125 0.0953125000000001
0 0.9015625 0.04062500000000009 0.559375 0.040625000000000064 0.559375 0.4218750000000001 0.9015625 0.42187500000000017
0 0.865625 0.3968750000000001 0.7046875 0.3968750000000001 0.7046875 0.5125000000000001 0.865625 0.5125000000000002
0 0.7671875 0.44218750000000007 0.665625 0.4421875 0.665625 0.5421875 0.7671875 0.5421875000000002
0 0.7875 0.5328125000000001 0.6890625 0.5328125 0.6890625 0.6734375000000001 0.7875 0.6734375000000001
0 0.6937500000000001 0.3671875000000001 0.3984375000000001 0.3671875000000001 0.3984375000000001 0.728125 0.6937500000000002 0.728125
0 0.34218750000000003 0.17031250000000003 2.085726579797836e-17 0.1703125 6.123233995736765e-17 0.8296875 0.3421875000000001 0.8296875
0 0.09531250000000001 0.06562500000000002 0.012500000000000006 0.065625 0.012500000000000016 0.2109375 0.09531250000000002 0.2109375
0 0.39375 2.870265935501609e-17 0.075 9.184850993605149e-18 0.07500000000000001 0.26562500000000006 0.39375 0.2656250000000001
0 0.6734375 6.343287717458556e-17 0.3625 4.4393446469091554e-17 0.3625 0.24687500000000004 0.6734375 0.2468750000000001
0 0.5484375 0.07500000000000004 0.1859375 0.07500000000000002 0.18593750000000003 0.5171875 0.5484375 0.5171875
0 0.4328125 0.4015625 0.3187500000000001 0.4015625 0.3187500000000001 0.5984375 0.4328125 0.5984375