0 0.996875 0.7781250000000001 0.3625000000000001 0.778125 0.3625000000000001 0.9953125 0.996875 0.9953125
0 0.44843750000000016 0.7375 9.031770143711729e-17 0.7375 1.0572146195764259e-16 0.9890625 0.44843750000000016 0.9890625
0 0.1812500000000001 0.88125 1.0792199917486051e-16 0.88125 1.1490631295124777e-16 0.9953125 0.18125000000000013 0.9953125
0 0.7953125000000001 0.5515625000000001 0.08437500000000006 0.5515625 0.08437500000000009 0.9125 0.7953125000000002 0.9125
0 0.996875 0.6031250000000001 0.7796875 0.6031250000000001 0.7796875000000001 0.85625 0.996875 0.85625
0 0.9953125 0.3859375000000001 0.60625 0.3859375000000001 0.6062500000000001 0.7734375000000001 0.9953125 0.7734375000000002
0 0.8875 0.5046875000000001 0.50625 0.5046875 0.5062500000000001 0.7734375000000001 0.8875 0.7734375000000002
0 0.75625 0.4531250000000001 0.5828125 0.453125 0.5828125 0.5875000000000001 0.75625 0.5875000000000001
0 0.7875 0.2531250000000001 0.603125 0.2531250000000001 0.603125 0.4687500000000001 0.7875 0.46875000000000017
0 0.721875 0.040625000000000085 0.621875 0.04062500000000008 0.621875 0.2531250000000001 0.721875 0.2531250000000001
0 0.9890625 1.0151173858557357e-16 0.66875 8.189825469297925e-17 0.66875 0.4843750000000001 0.9890625 0.48437500000000017
0 0.996875 1.1280145126521325e-16 0.8453125 1.0352092474042469e-16 0.8453125 0.2375000000000001 0.996875 0.2375000000000001
0 0.7453125 8.534257381558118e-17 0.6484375 7.941069088221118e-17 0.6484375 0.05156250000000009 0.7453125 0.05156250000000009
0 0.6515625 7.510529197895876e-17 0.575 7.041719095097281e-17 0.575 0.09218750000000007 0.6515625 0.09218750000000009
0 0.625 0.056250000000000064 0.5171875 0.056250000000000064 0.5171875 0.2890625000000001 0.625 0.2890625000000001
0 0.571875 6.45809835487862e-17 0.4828125 5.912747827133314e-17 0.4828125 0.056250000000000064 0.571875 0.056250000000000064
0 0.609375 6.046693570790056e-17 0.378125 4.63069570927593e-17 0.37812500000000004 0.5046875 0.609375 0.5046875
0 0.459375 4.305398903252414e-17 0.24375 2.985076572921674e-17 0.24375000000000005 0.4234375 0.459375 0.4234375
0 0.4796875 0.11406250000000004 0.2015625 0.11406250000000004 0.20156250000000003 0.675 0.4796875 0.675
0 0.60625 0.36562500000000003 0.3468750000000001 0.365625 0.3468750000000001 0.721875 0.60625 0.721875
0 0.2828125 0.278125 0.15937500000000004 0.278125 0.15937500000000007 0.578125 0.2828125000000001 0.578125
0 0.6562500000000002 0.871875 0.3984375000000001 0.871875 0.3984375000000001 0.959375 0.6562500000000002 0.959375
0 0.09687500000000009 0.6609375 8.094149938114538e-17 0.6609375 8.725608443924893e-17 0.7640625 0.09687500000000009 0.7640625
0 0.11250000000000007 0.4796875 5.87447761465996e-17 0.4796875 6.97474622326891e-17 0.659375 0.11250000000000009 0.659375
0 0.23906250000000004 0.26875 3.2912382727085115e-17 0.26875 5.214316449494589e-17 0.5828125 0.2390625000000001 0.5828125
0 0.13437500000000002 0.06562500000000002 8.036744619404505e-18 0.065625 2.3249154077563034e-17 0.3140625 0.13437500000000005 0.3140625
0 0.1625 9.950255243072244e-18 0 0 6.601611651653701e-18 0.1078125 0.1625 0.1078125
0 0.27031250000000007 1.655186689472595e-17 0 0 4.420209540672478e-17 0.721875 0.27031250000000007 0.721875
0 0.996875 6.104098889500089e-17 0 0 6.09453133638175e-17 0.9953125 0.996875 0.9953125