0 0.7765625 0.3984375000000001 0.5265625 0.3984375000000001 0.5265625 0.7921875 0.7765625000000002 0.7921875000000002
0 0.596875 0.6125 0.3437500000000001 0.6125 0.3437500000000001 0.9109375 0.5968750000000002 0.9109375
0 0.54375 0.29218750000000004 0.3328125 0.2921875 0.33281250000000007 0.6671875 0.54375 0.6671875
0 0.38125000000000003 0.20312500000000006 0.13437500000000005 0.203125 0.13437500000000008 0.6796875 0.3812500000000001 0.6796875
0 0.3296875000000001 0.3875 0.07343750000000004 0.3875 0.07343750000000007 0.88125 0.3296875000000001 0.88125
0 0.903125 0.03593750000000008 0.3703125 0.035937500000000046 0.37031250000000004 0.4515625000000001 0.903125 0.4515625000000002
0 0.9125 0.0781250000000001 0.7734375 0.07812500000000008 0.7734375 0.5484375000000001 0.9125 0.5484375000000001
0 0.853125 0.3218750000000001 0.7265625 0.3218750000000001 0.7265625 0.6375000000000002 0.853125 0.6375000000000002
0 0.7296875 0.07187500000000009 0.640625 0.07187500000000009 0.640625 0.2375000000000001 0.7296875 0.2375000000000001
0 0.390625 3.7217781630337535e-17 0.2171875 2.659779766898158e-17 0.2171875 0.29218750000000004 0.390625 0.2921875000000001
0 0.7703125 7.34788079488412e-17 0.4296875 5.262154215086284e-17 0.4296875 0.10781250000000006 0.7703125 0.10781250000000009
0 0.2234375 0.006250000000000017 0.05625 0.0062500000000000056 0.05625000000000001 0.2625 0.2234375 0.2625