0 0.9953125 0.6156250000000001 0.7171875 0.615625 0.7171875000000001 0.921875 0.9953125 0.921875
0 0.996875 0.3531250000000001 0.6453125 0.3531250000000001 0.6453125000000001 0.8796875 0.996875 0.8796875
0 0.946875 0.3109375000000001 0.7703125 0.3109375000000001 0.7703125 0.6046875000000002 0.946875 0.6046875000000002
0 0.996875 0.5062500000000002 0.94375 0.5062500000000002 0.94375 0.7640625000000002 0.996875 0.7640625000000002
0 0.996875 0.1359375000000001 0.85625 0.1359375000000001 0.85625 0.6843750000000002 0.996875 0.6843750000000002
0 0.875 0.0468750000000001 0.690625 0.04687500000000009 0.690625 0.3156250000000001 0.875 0.3156250000000001
0 0.996875 0.006250000000000112 0.8453125 0.006250000000000103 0.8453125 0.1796875000000001 0.996875 0.17968750000000014
0 0.996875 1.086874034243276e-16 0.778125 9.529282905865343e-17 0.778125 0.0734375000000001 0.996875 0.07343750000000011
0 0.7625 8.161122809942908e-17 0.5703125 6.984313776387249e-17 0.5703125 0.1375000000000001 0.7625 0.1375000000000001
0 0.690625 0.12187500000000007 0.49375 0.12187500000000004 0.49375 0.37968750000000007 0.690625 0.37968750000000007
0 0.725 0.2468750000000001 0.5140625 0.2468750000000001 0.5140625 0.4734375 0.725 0.4734375
0 0.7437500000000001 0.4468750000000001 0.49375 0.446875 0.4937500000000001 0.7953125000000001 0.7437500000000001 0.7953125000000002
0 0.7437500000000001 0.6109375000000001 0.4078125 0.6109375 0.4078125000000001 0.9265625 0.7437500000000001 0.9265625
0 0.6671875000000002 0.8734375 0.44531250000000017 0.8734375 0.44531250000000017 0.921875 0.6671875000000002 0.921875
0 0.43437500000000007 0.721875 0.2984375000000001 0.721875 0.2984375000000001 0.8953125 0.4343750000000002 0.8953125
0 0.4671875000000002 0.7890625 9.663228649522084e-17 0.7890625 1.0438200452107518e-16 0.915625 0.4671875000000002 0.915625
0 0.2843750000000001 0.546875 0.09531250000000006 0.546875 0.09531250000000008 0.7953125 0.2843750000000001 0.7953125
0 0.3437500000000001 0.56875 0.24218750000000008 0.56875 0.24218750000000008 0.715625 0.3437500000000001 0.715625
0 0.4156250000000001 0.5375 0.29375000000000007 0.5375 0.29375000000000007 0.7890625 0.4156250000000002 0.7890625
0 0.3578125000000001 0.453125 0.23437500000000008 0.453125 0.23437500000000008 0.5890625 0.3578125000000001 0.5890625
0 0.18437500000000007 0.3578125 4.3819393281991234e-17 0.3578125 6.477233461115297e-17 0.7 0.1843750000000001 0.7
0 0.09843750000000008 0.5046875 6.180639314446799e-17 0.5046875 7.988906853812813e-17 0.8 0.0984375000000001 0.8
0 0.13125000000000006 0.4578125 0.007812500000000056 0.4578125 0.007812500000000068 0.6578125 0.1312500000000001 0.6578125
0 0.13281250000000006 0.184375 2.2579425359279323e-17 0.184375 4.1618856064773335e-17 0.4953125 0.13281250000000006 0.4953125
0 0.35468750000000004 0.06406250000000002 0.04218750000000001 0.0640625 0.042187500000000044 0.621875 0.3546875000000001 0.621875
0 0.50625 0.16875000000000004 0.25 0.16875000000000004 0.25000000000000006 0.546875 0.50625 0.546875
0 0.5359375 0.4796875 0.415625 0.4796875 0.415625 0.60625 0.5359375 0.60625
0 0.2828125 2.286645195282949e-17 0.090625 1.1098361617272889e-17 0.090625 0.08906250000000002 0.2828125 0.08906250000000004
0 0.15156250000000002 0.06875000000000002 0.0953125 0.06875000000000002 0.09531250000000001 0.1953125 0.15156250000000004 0.1953125
0 0.05312500000000003 0.1640625 2.0091861548511263e-17 0.1640625 2.784157957436561e-17 0.290625 0.05312500000000005 0.290625
0 0.5390625 0.015625000000000056 0.3546875 0.015625000000000045 0.3546875 0.24687500000000004 0.5390625 0.2468750000000001
0 0.690625 0.13125000000000006 0.49375 0.13125000000000003 0.49375 0.37968750000000007 0.690625 0.37968750000000007
0 0.6453125 6.955611117032232e-17 0.490625 6.008423358316702e-17 0.490625 0.14218750000000008 0.6453125 0.14218750000000008
0 0.6828125 7.692312707144312e-17 0.5734375 7.022583988860603e-17 0.5734375 0.14218750000000008 0.6828125 0.14218750000000008
0 0.5015625 4.573290390565898e-17 0.2453125 3.004211679158351e-17 0.2453125 0.08437500000000005 0.5015625 0.08437500000000006
0 0.996875 6.104098889500089e-17 0 0 5.673558999174847e-17 0.9265625 0.996875 0.9265625