0 0.9984375 0.18281250000000013 0.93125 0.18281250000000013 0.93125 0.6000000000000002 0.9984375 0.6000000000000002
0 0.9984375 0.3312500000000001 0.825 0.3312500000000001 0.825 0.9921875 0.9984375 0.9921875
0 0.834375 0.6781250000000002 0.809375 0.6781250000000002 0.809375 0.7656250000000002 0.834375 0.7656250000000002
0 0.8203125 0.7921875000000002 0.7812500000000002 0.7921875000000002 0.7812500000000002 0.853125 0.8203125 0.853125
0 0.8125 0.7468750000000002 0.7968750000000002 0.7468750000000002 0.7968750000000002 0.7828125000000001 0.8125 0.7828125000000001
0 0.7984375000000001 0.8515625 0.7765625000000002 0.8515625 0.7765625000000002 0.921875 0.7984375000000001 0.921875
0 0.7765625000000002 0.7484375000000002 0.7468750000000002 0.7484375000000002 0.7468750000000002 0.8171875 0.7765625000000002 0.8171875
0 0.7921875000000002 0.921875 0.7671875000000001 0.921875 0.7671875000000001 0.990625 0.7921875000000002 0.990625
0 0.8375 0.93125 0.8015625 0.93125 0.8015625 0.9921875 0.8375 0.9921875
0 0.840625 0.23593750000000008 0.7421875 0.23593750000000008 0.7421875 0.5750000000000002 0.840625 0.5750000000000002
0 0.7468750000000001 0.3656250000000001 0.6796875 0.3656250000000001 0.6796875000000001 0.7484375000000001 0.7468750000000002 0.7484375000000002
0 0.8265625 0.565625 0.653125 0.565625 0.6531250000000001 0.990625 0.8265625 0.990625
0 0.6375000000000001 0.3734375000000001 0.528125 0.3734375000000001 0.5281250000000001 0.7484375 0.6375000000000002 0.7484375
0 0.6843750000000001 0.3390625000000001 0.56875 0.3390625000000001 0.5687500000000001 0.990625 0.6843750000000002 0.990625
0 0.5453125 0.634375 0.528125 0.634375 0.528125 0.6953125 0.5453125 0.6953125
0 0.528125 0.634375 0.515625 0.634375 0.515625 0.6875 0.528125 0.6875
0 0.5250000000000001 0.7046875 0.50625 0.7046875 0.5062500000000001 0.75625 0.5250000000000001 0.75625
0 0.5734375 0.6875 0.55 0.6875 0.55 0.73125 0.5734375000000002 0.73125
0 0.5734375000000002 0.765625 0.5609375000000002 0.765625 0.5609375000000002 0.809375 0.5734375000000002 0.809375
0 0.5687500000000002 0.8609375 0.5562500000000001 0.8609375 0.5562500000000001 0.9125 0.5687500000000002 0.9125
0 0.5531250000000002 0.834375 0.5390625000000002 0.834375 0.5390625000000002 0.9046875 0.5531250000000002 0.9046875
0 0.5359375000000002 0.834375 0.5187500000000002 0.834375 0.5187500000000002 0.8953125 0.5359375000000002 0.8953125
0 0.5250000000000001 0.7828125 0.5093750000000001 0.7828125 0.5093750000000001 0.8171875 0.5250000000000001 0.8171875
0 0.5328125000000001 0.9390625 0.5078125000000002 0.9390625 0.5078125000000002 0.990625 0.5328125000000001 0.990625
0 0.5531250000000002 0.921875 0.5296875000000002 0.921875 0.5296875000000002 0.9734375 0.5531250000000002 0.9734375
0 0.5828125000000002 0.93125 0.5593750000000002 0.93125 0.5593750000000002 0.9921875 0.5828125000000002 0.9921875
0 0.5140625000000001 0.64375 0.421875 0.64375 0.4218750000000001 0.990625 0.5140625000000002 0.990625
0 0.5171875 0.4171875 0.4828125 0.4171875 0.4828125 0.609375 0.5171875 0.609375
0 0.4828125 0.434375 0.4390625 0.434375 0.4390625 0.55625 0.4828125 0.55625
0 0.5234375 0.565625 0.459375 0.565625 0.459375 0.7125 0.5234375 0.7125
0 0.45 0.24375000000000008 0.3921875 0.24375000000000008 0.3921875 0.5828125 0.45 0.5828125
0 0.4468750000000001 0.35625000000000007 0.28125 0.35625 0.28125000000000006 0.8265625 0.4468750000000002 0.8265625
0 0.4390625000000001 0.64375 0.2968750000000001 0.64375 0.2968750000000001 0.990625 0.4390625000000002 0.990625
0 0.3265625000000001 0.84375 0.3062500000000001 0.84375 0.3062500000000001 0.9125 0.3265625000000001 0.9125
0 0.3046875000000001 0.8 0.2843750000000001 0.8 0.2843750000000001 0.8609375 0.3046875000000001 0.8609375
0 0.2828125000000001 0.878125 0.2718750000000001 0.878125 0.2718750000000001 0.9125 0.2828125000000001 0.9125
0 0.2921875000000001 0.6609375 0.2015625000000001 0.6609375 0.2015625000000001 0.990625 0.2921875000000001 0.990625
0 0.2828125000000001 0.6171875 0.2671875000000001 0.6171875 0.2671875000000001 0.7390625 0.2828125000000001 0.7390625
0 0.37031250000000004 0.28750000000000003 0.24375 0.2875 0.24375000000000005 0.64375 0.3703125000000001 0.64375
0 0.259375 0.2609375 0.12343750000000005 0.2609375 0.12343750000000006 0.634375 0.2593750000000001 0.634375
0 0.14843750000000006 0.2875 0.10781250000000005 0.2875 0.10781250000000005 0.4171875 0.14843750000000006 0.4171875
0 0.11250000000000007 0.2078125 2.5449691294780934e-17 0.2078125 6.065828677026735e-17 0.7828125 0.11250000000000009 0.7828125
0 0.0781250000000001 0.7484375 9.165715887368473e-17 0.7484375 1.0658254173829309e-16 0.9921875 0.07812500000000011 0.9921875
0 0.1281250000000001 0.7125 0.08437500000000009 0.7125 0.0843750000000001 0.9828125 0.12812500000000013 0.9828125
0 0.22656250000000008 0.4515625 0.11875000000000005 0.4515625 0.11875000000000006 0.8875 0.22656250000000008 0.8875
0 0.1593750000000001 0.6265625 0.14218750000000008 0.6265625 0.14218750000000008 0.678125 0.1593750000000001 0.678125
0 0.14062500000000008 0.5828125 0.12343750000000009 0.5828125 0.12343750000000009 0.6265625 0.14062500000000008 0.6265625
0 0.1375000000000001 0.634375 0.11718750000000008 0.634375 0.11718750000000008 0.6875 0.1375000000000001 0.6875
0 0.10937500000000008 0.634375 0.08906250000000007 0.634375 0.08906250000000007 0.678125 0.10937500000000008 0.678125