0 0.7484375000000001 0.6640625000000001 0.3890625000000001 0.6640625 0.3890625000000001 0.925 0.7484375000000002 0.925
0 0.4437500000000001 0.6953125 0.403125 0.6953125 0.40312500000000007 0.75625 0.4437500000000002 0.75625
0 0.4140625000000001 0.646875 0.35625000000000007 0.646875 0.35625000000000007 0.7390625 0.41406250000000017 0.7390625
0 0.37187500000000007 0.690625 0.3234375000000001 0.690625 0.3234375000000001 0.765625 0.37187500000000007 0.765625
0 0.4109375000000002 0.734375 0.3421875000000001 0.734375 0.3421875000000001 0.815625 0.4109375000000002 0.815625
0 0.4265625000000002 0.815625 0.3281250000000001 0.815625 0.3281250000000001 0.91875 0.4265625000000002 0.91875
0 0.734375 0.2828125000000001 0.6578125 0.2828125000000001 0.6578125 0.3906250000000001 0.734375 0.3906250000000001
0 0.728125 0.3859375000000001 0.6375 0.3859375000000001 0.6375 0.4515625000000001 0.728125 0.4515625000000002
0 0.640625 0.3921875000000001 0.6 0.3921875000000001 0.6 0.4359375 0.640625 0.4359375
0 0.6296875 0.3593750000000001 0.6 0.3593750000000001 0.6 0.3921875000000001 0.6296875 0.3921875000000001
0 0.6 0.3750000000000001 0.5640625 0.3750000000000001 0.5640625 0.4234375 0.6 0.4234375
0 0.5828125 0.4234375 0.55 0.4234375 0.55 0.440625 0.5828125 0.440625
0 0.559375 0.3906250000000001 0.53125 0.3906250000000001 0.53125 0.4296875 0.559375 0.4296875
0 0.58125 0.36406250000000007 0.5453125 0.36406250000000007 0.5453125 0.3906250000000001 0.58125 0.3906250000000001
0 0.7234375 0.17343750000000008 0.58125 0.17343750000000008 0.58125 0.36406250000000007 0.7234375 0.36406250000000007
0 0.7640625 0.12500000000000008 0.6 0.12500000000000008 0.6 0.3531250000000001 0.7640625 0.3531250000000001
0 0.6296875 0.22812500000000008 0.534375 0.22812500000000008 0.534375 0.3046875000000001 0.6296875 0.3046875000000001
0 0.571875 0.13593750000000007 0.528125 0.13593750000000004 0.528125 0.2875000000000001 0.571875 0.2875000000000001
0 0.621875 0.2718750000000001 0.553125 0.2718750000000001 0.553125 0.3578125000000001 0.621875 0.3578125000000001
0 0.5609375 0.2828125000000001 0.4515625 0.2828125000000001 0.4515625 0.4078125 0.5609375 0.4078125
0 0.6078125 0.04375000000000007 0.4109375 0.04375000000000005 0.4109375 0.2828125000000001 0.6078125 0.2828125000000001
0 0.4734375 0.19062500000000004 0.3828125 0.19062500000000004 0.3828125 0.3156250000000001 0.4734375 0.3156250000000001
0 0.4328125 0.21718750000000003 0.2765625 0.2171875 0.27656250000000004 0.38125000000000003 0.4328125 0.3812500000000001
0 0.509375 0.3375000000000001 0.4109375 0.3375000000000001 0.4109375 0.440625 0.509375 0.440625
0 0.4328125 0.3703125000000001 0.3812500000000001 0.3703125000000001 0.3812500000000001 0.434375 0.4328125 0.434375
0 0.39687500000000003 0.33125000000000004 0.3171875 0.33125 0.31718750000000007 0.41875 0.3968750000000001 0.41875
0 0.3781250000000001 0.3921875 0.2953125000000001 0.3921875 0.2953125000000001 0.4359375 0.3781250000000001 0.4359375
0 0.35625 0.07656250000000005 0.3203125 0.07656250000000005 0.3203125 0.25 0.35625 0.25
0 0.38125 0.14687500000000003 0.35625 0.14687500000000003 0.35625 0.22812500000000005 0.38125 0.22812500000000008
0 0.3390625 0.06562500000000004 0.3171875 0.06562500000000004 0.3171875 0.25 0.3390625 0.25
0 0.35 0.13593750000000004 0.30625 0.13593750000000004 0.30625 0.2609375 0.35 0.2609375
0 0.334375 0.15781250000000005 0.290625 0.15781250000000005 0.290625 0.265625 0.334375 0.265625
2 0.825 0.3265625000000001 0.7671875 0.3265625000000001 0.7671875 0.5218750000000002 0.825 0.5218750000000002
2 0.846875 0.5828125000000002 0.73125 0.5828125000000002 0.7312500000000001 0.7781250000000002 0.846875 0.7781250000000002
2 0.3234375000000001 0.4734375 0.17812500000000003 0.4734375 0.17812500000000006 0.7453125 0.3234375000000001 0.7453125
2 0.2000000000000001 0.6421875 0.11250000000000009 0.6421875 0.11250000000000009 0.8109375 0.2000000000000001 0.8109375
2 0.26250000000000007 0.3265625 0.15312500000000004 0.3265625 0.15312500000000007 0.625 0.26250000000000007 0.625
3 0.8953125 0.5281250000000002 0.8296875 0.5281250000000002 0.8296875 0.7671875000000001 0.8953125 0.7671875000000001
3 0.8328125 0.7453125000000002 0.7453125000000002 0.7453125000000002 0.7453125000000002 0.8265625 0.8328125 0.8265625
3 0.26250000000000007 0.4078125 0.18906250000000005 0.4078125 0.18906250000000005 0.4890625 0.26250000000000007 0.4890625
3 0.2296875 0.2609375 0.16718750000000004 0.2609375 0.16718750000000004 0.33125 0.2296875 0.33125
1 0.771875 0.4234375000000001 0.27031250000000007 0.4234375 0.27031250000000007 0.7234375000000001 0.771875 0.7234375000000002