0 0.9953125 0.4828125000000001 0.6546875 0.4828125 0.6546875000000001 0.9125 0.9953125 0.9125
0 0.9078125 0.3078125000000001 0.7 0.3078125000000001 0.7 0.5171875000000001 0.9078125 0.5171875000000001
0 0.7203125 0.2718750000000001 0.4 0.2718750000000001 0.4 0.65625 0.7203125 0.65625
0 0.6875000000000001 0.6203125 0.3500000000000001 0.6203125 0.3500000000000001 0.9125 0.6875000000000002 0.9125
0 0.9703125 0.0265625000000001 0.6625 0.02656250000000008 0.6625 0.3140625000000001 0.9703125 0.3140625000000001
0 0.8125 0.1687500000000001 0.5546875 0.1687500000000001 0.5546875 0.3390625000000001 0.8125 0.3390625000000001
0 0.5875 0.14843750000000006 0.4453125 0.14843750000000006 0.4453125 0.3031250000000001 0.5875 0.3031250000000001
0 0.4171875 0.26250000000000007 0.2421875 0.2625 0.24218750000000006 0.4625 0.4171875 0.4625
0 0.4171875000000001 0.43125 0.13281250000000006 0.43125 0.13281250000000006 0.7640625 0.41718750000000016 0.7640625
0 0.24531250000000004 0.2515625 0.029687500000000033 0.2515625 0.02968750000000005 0.5328125 0.2453125000000001 0.5328125
0 0.15000000000000008 0.440625 5.3960999587430256e-17 0.440625 7.127827073162329e-17 0.7234375 0.15000000000000008 0.7234375
0 0.5671875000000001 0.7234375 8.859554187581634e-17 0.7234375 1.0017228114900615e-16 0.9125 0.5671875000000002 0.9125
0 0.4546875 0.12343750000000002 0.1453125 0.1234375 0.1453125 0.36406250000000007 0.4546875 0.36406250000000007
0 0.509375 0.04062500000000006 0.396875 0.04062500000000004 0.396875 0.19531250000000006 0.509375 0.19531250000000006
0 0.571875 0.042187500000000065 0.521875 0.042187500000000065 0.521875 0.15468750000000006 0.571875 0.1546875000000001
0 0.6546875 0.04062500000000007 0.55 0.040625000000000064 0.55 0.1843750000000001 0.6546875 0.1843750000000001
0 0.8046875 7.759285578972683e-17 0.4625 5.663991446056509e-17 0.4625 0.18437500000000007 0.8046875 0.1843750000000001
0 0.6125 3.750480822388769e-17 0 0 2.7363201918448673e-17 0.446875 0.6125 0.446875
0 0.15468750000000003 0.1234375 0.1046875 0.1234375 0.10468750000000002 0.184375 0.15468750000000003 0.184375
0 0.2828125 0.02500000000000003 0.1421875 0.025000000000000022 0.1421875 0.14375000000000002 0.2828125 0.14375000000000004
0 0.309375 3.329508485181867e-17 0.234375 2.870265935501609e-17 0.234375 0.07187500000000004 0.309375 0.07187500000000005
0 0.12031250000000002 0.06718750000000001 0.025000000000000012 0.0671875 0.025000000000000015 0.215625 0.12031250000000004 0.215625