0 0.8765625 0.5359375000000001 0.709375 0.5359375 0.7093750000000001 0.7265625000000001 0.8765625 0.7265625000000002
0 0.753125 0.4375000000000001 0.64375 0.4375 0.64375 0.5625000000000001 0.753125 0.5625000000000002
0 0.7343750000000001 0.628125 0.6359375 0.628125 0.6359375 0.7921875 0.7343750000000002 0.7921875000000002
0 0.8296875 0.7265625000000001 0.7015625000000002 0.7265625 0.7015625000000002 0.853125 0.8296875 0.853125
0 0.5562500000000001 0.5625 0.425 0.5625 0.4250000000000001 0.8359375 0.5562500000000001 0.8359375
0 0.5531250000000001 0.5625 0.4625 0.5625 0.4625000000000001 0.8359375 0.5531250000000002 0.8359375
0 0.6656250000000001 0.546875 0.471875 0.546875 0.4718750000000001 0.8421875 0.6656250000000001 0.8421875
0 0.6156250000000002 0.74375 0.5500000000000002 0.74375 0.5500000000000002 0.8421875 0.6156250000000002 0.8421875
0 0.6937500000000001 0.584375 0.53125 0.584375 0.5312500000000001 0.846875 0.6937500000000002 0.846875
0 0.5421875 0.18125000000000005 0.203125 0.18125000000000005 0.20312500000000006 0.5859375 0.5421875 0.5859375
0 0.4265625 0.48125 0.2593750000000001 0.48125 0.2593750000000001 0.7046875 0.4265625 0.7046875
0 0.4328125000000001 0.7046875 0.2687500000000001 0.7046875 0.2687500000000001 0.7984375 0.43281250000000016 0.7984375
0 0.27968750000000003 0.18593750000000003 2.27707764216461e-17 0.1859375 5.089938258956187e-17 0.6453125 0.2796875000000001 0.6453125
0 0.884375 0.3937500000000001 0.796875 0.3937500000000001 0.796875 0.5468750000000002 0.884375 0.5468750000000002
0 0.8296875 0.3125000000000001 0.75 0.3125000000000001 0.75 0.4656250000000002 0.8296875 0.4656250000000002
0 0.996875 0.3390625000000001 0.959375 0.3390625000000001 0.959375 0.46406250000000016 0.996875 0.46406250000000016
0 0.9671875 0.3500000000000001 0.9125 0.3500000000000001 0.9125 0.43750000000000017 0.9671875 0.43750000000000017
0 0.996875 1.0112903646084002e-16 0.6546875 8.017609513167828e-17 0.6546875 0.1796875000000001 0.996875 0.17968750000000014
0 0.996875 0.026562500000000117 0.9015625 0.02656250000000011 0.9015625 0.1750000000000001 0.996875 0.17500000000000013
0 0.9671875 1.1107929170391224e-16 0.846875 1.0371227580279147e-16 0.846875 0.09843750000000011 0.9671875 0.09843750000000011
0 0.8734375 1.0179876517912375e-16 0.7890625 9.663228649522084e-17 0.7890625 0.032812500000000105 0.8734375 0.03281250000000011
0 0.8 9.309229184143553e-17 0.7203125 8.82128397510828e-17 0.7203125 0.07031250000000008 0.8 0.07031250000000008
0 0.73125 0.0062500000000000845 0.6546875 0.00625000000000008 0.6546875 0.1375000000000001 0.73125 0.1375000000000001
0 0.9703125 0.20312500000000008 0.8765625 0.20312500000000008 0.8765625 0.3453125000000001 0.9703125 0.3453125000000001
0 0.909375 0.33281250000000007 0.8546875 0.33281250000000007 0.8546875 0.4265625000000002 0.909375 0.4265625000000002
0 0.9640625 0.4265625000000002 0.90625 0.4265625000000002 0.90625 0.5250000000000001 0.9640625 0.5250000000000001
0 0.9859375 0.46406250000000016 0.95625 0.46406250000000016 0.95625 0.5406250000000001 0.9859375 0.5406250000000001