0 0.6843750000000001 0.5625 0.415625 0.5625 0.4156250000000001 0.8421875 0.6843750000000002 0.8421875
0 0.93125 0.4375000000000001 0.69375 0.4375 0.6937500000000001 0.7328125000000001 0.93125 0.7328125000000002
0 0.775 0.2734375000000001 0.5703125 0.2734375000000001 0.5703125 0.628125 0.775 0.6281250000000002
0 0.68125 0.503125 0.5390625 0.503125 0.5390625 0.6671875 0.68125 0.6671875
0 0.5890625 0.3937500000000001 0.3968750000000001 0.3937500000000001 0.3968750000000001 0.65625 0.5890625 0.65625
0 0.59375 0.20312500000000008 0.4375 0.20312500000000008 0.4375 0.44375 0.59375 0.44375
0 0.4625 0.3828125000000001 0.3968750000000001 0.3828125000000001 0.3968750000000001 0.4859375 0.4625 0.4859375
0 0.4515625 0.22343750000000004 0.246875 0.2234375 0.24687500000000004 0.5140625 0.4515625 0.5140625
0 0.4406250000000001 0.4859375 0.26250000000000007 0.4859375 0.26250000000000007 0.7875 0.44062500000000016 0.7875
0 0.3234375000000001 0.56875 0.13437500000000008 0.56875 0.13437500000000008 0.8359375 0.3234375000000001 0.8359375
0 0.2984375000000001 0.43125 0.12031250000000004 0.43125 0.12031250000000007 0.6828125 0.2984375000000001 0.6828125