0 0.9390625 0.7375 0.45625000000000016 0.7375 0.45625000000000016 0.8421875 0.9390625 0.8421875
0 0.9953125 0.5984375000000001 0.496875 0.5984375 0.49687500000000007 0.7484375000000001 0.9953125 0.7484375000000002
0 0.9953125 0.3390625000000001 0.4046875 0.3390625000000001 0.4046875 0.5718750000000001 0.9953125 0.5718750000000001
0 0.990625 0.2234375000000001 0.8421875 0.2234375000000001 0.8421875 0.3359375000000001 0.990625 0.3359375000000001
0 0.903125 0.29375000000000007 0.7328125 0.29375000000000007 0.7328125 0.3703125000000001 0.903125 0.3703125000000001
0 0.8265625 0.28593750000000007 0.7546875 0.28593750000000007 0.7546875 0.30937500000000007 0.8265625 0.30937500000000007
0 0.825 0.2015625000000001 0.6875 0.2015625000000001 0.6875 0.2828125000000001 0.825 0.2828125000000001
0 0.871875 0.1359375000000001 0.74375 0.1359375000000001 0.74375 0.2015625000000001 0.871875 0.2015625000000001
0 0.7484375 0.13125000000000006 0.5390625 0.13125000000000003 0.5390625 0.23593750000000008 0.7484375 0.23593750000000008
0 0.7125 0.2312500000000001 0.6046875 0.2312500000000001 0.6046875 0.3046875000000001 0.7125 0.3046875000000001
0 0.6421875 0.2671875000000001 0.5546875 0.2671875000000001 0.5546875 0.34843750000000007 0.6421875 0.34843750000000007
0 0.5140625 0.17031250000000003 0.2984375 0.17031250000000003 0.2984375 0.33593750000000006 0.5140625 0.3359375000000001
0 0.303125 0.2515625 0.2046875 0.2515625 0.2046875 0.325 0.303125 0.325
0 0.2921875 0.16562500000000002 0.128125 0.165625 0.12812500000000002 0.246875 0.2921875 0.246875
0 0.19531250000000006 0.2359375 0.03593750000000003 0.2359375 0.03593750000000003 0.296875 0.19531250000000006 0.296875
0 0.11250000000000004 0.2015625 0.010937500000000025 0.2015625 0.010937500000000029 0.2625 0.11250000000000004 0.2625
0 0.384375 0.2828125 0.010937500000000034 0.2828125 0.010937500000000044 0.4640625 0.3843750000000001 0.4640625
0 0.34843750000000007 0.459375 0.2718750000000001 0.459375 0.2718750000000001 0.5171875 0.34843750000000007 0.5171875
0 0.440625 0.5375 0.36406250000000007 0.5375 0.36406250000000007 0.6453125 0.440625 0.6453125
0 0.4 0.50625 0.2968750000000001 0.50625 0.2968750000000001 0.540625 0.4 0.540625
0 0.2468750000000001 0.4953125 0.11250000000000004 0.4953125 0.11250000000000007 0.56875 0.2468750000000001 0.56875
0 0.2984375000000001 0.5296875 0.19062500000000004 0.5296875 0.19062500000000007 0.5953125 0.2984375000000001 0.5953125
0 0.23593750000000008 0.571875 0.08125000000000007 0.571875 0.08125000000000007 0.640625 0.23593750000000008 0.640625
0 0.37968750000000007 0.5640625 0.2812500000000001 0.5640625 0.2812500000000001 0.671875 0.37968750000000007 0.671875
0 0.3703125000000001 0.6640625 0.2062500000000001 0.6640625 0.2062500000000001 0.71875 0.3703125000000001 0.71875
0 0.3234375000000001 0.6109375 0.1843750000000001 0.6109375 0.1843750000000001 0.66875 0.3234375000000001 0.66875
0 0.1546875000000001 0.6140625 0.07812500000000007 0.6140625 0.07812500000000008 0.71875 0.1546875000000001 0.71875
0 0.1750000000000001 0.6609375 0.07187500000000009 0.6609375 0.07187500000000009 0.70625 0.1750000000000001 0.70625
0 0.08281250000000008 0.6140625 0.031250000000000076 0.6140625 0.03125000000000008 0.725 0.0828125000000001 0.725
0 0.14843750000000008 0.71875 0.07187500000000009 0.71875 0.07187500000000009 0.815625 0.14843750000000008 0.815625
0 0.2562500000000001 0.71875 0.13281250000000008 0.71875 0.13281250000000008 0.7875 0.2562500000000001 0.7875
0 0.3234375000000001 0.7375 0.19531250000000008 0.7375 0.19531250000000008 0.8140625 0.3234375000000001 0.8140625
0 0.20468750000000008 0.7875 0.10781250000000009 0.7875 0.10781250000000009 0.85 0.20468750000000008 0.85
0 0.23593750000000008 0.8140625 0.2000000000000001 0.8140625 0.2000000000000001 0.8609375 0.23593750000000008 0.8609375
0 0.3187500000000001 0.75625 0.24218750000000008 0.75625 0.24218750000000008 0.803125 0.3187500000000001 0.803125
0 0.4312500000000001 0.4671875 0.020312500000000056 0.4671875 0.02031250000000008 0.86875 0.4312500000000002 0.86875