0 0.996875 0.896875 0.8078125 0.896875 0.8078125 0.9953125 0.996875 0.9953125
0 0.9859375 0.846875 0.890625 0.846875 0.890625 0.95625 0.9859375 0.95625
0 0.996875 0.7046875000000001 0.909375 0.7046875000000001 0.909375 0.890625 0.996875 0.890625
0 0.996875 0.8359375 0.95625 0.8359375 0.95625 0.9515625 0.996875 0.9515625
0 0.996875 0.5625000000000002 0.928125 0.5625000000000002 0.928125 0.7656250000000002 0.996875 0.7656250000000002
0 0.996875 0.31718750000000007 0.825 0.31718750000000007 0.825 0.6171875000000002 0.996875 0.6171875000000002
0 0.934375 0.4046875000000001 0.6984375 0.4046875 0.6984375 0.9171875 0.934375 0.9171875
0 0.978125 0.21875000000000008 0.8953125 0.21875000000000008 0.8953125 0.3437500000000001 0.978125 0.3437500000000001
0 0.978125 0.18593750000000012 0.884375 0.1859375000000001 0.884375 0.27812500000000007 0.978125 0.27812500000000007
0 0.996875 0.10468750000000013 0.9125 0.10468750000000013 0.9125 0.2250000000000001 0.996875 0.2250000000000001
0 0.996875 0.21875000000000008 0.959375 0.21875000000000008 0.959375 0.37187500000000007 0.996875 0.37187500000000007
0 0.9953125 1.190203607921334e-16 0.9484375 1.1615009485663178e-16 0.9484375 0.10312500000000013 0.9953125 0.10312500000000013
0 0.9484375 1.0208579177267389e-16 0.71875 8.802148868871601e-17 0.71875 0.2234375000000001 0.9484375 0.2234375000000001
0 0.8953125 0.2250000000000001 0.8265625 0.2250000000000001 0.8265625 0.3125000000000001 0.8953125 0.3125000000000001
0 0.846875 0.20312500000000008 0.8 0.20312500000000008 0.8 0.2796875000000001 0.846875 0.2796875000000001
0 0.803125 0.2515625000000001 0.7671875 0.2515625000000001 0.7671875 0.3218750000000001 0.803125 0.3218750000000001
0 0.8796875 0.3062500000000001 0.796875 0.3062500000000001 0.796875 0.3546875000000001 0.8796875 0.3546875000000001
0 0.7203125000000001 0.6453125 0.640625 0.6453125 0.6406250000000001 0.803125 0.7203125000000001 0.803125
0 0.7234375000000002 0.7765625 0.6109375000000001 0.7765625 0.6109375000000001 0.8640625 0.7234375000000002 0.8640625
0 0.8078125 0.7984375000000001 0.6734375000000001 0.7984375 0.6734375000000001 0.9953125 0.8078125 0.9953125
0 0.7343750000000001 0.6890625000000001 0.44375 0.6890625 0.4437500000000001 0.9953125 0.7343750000000002 0.9953125
0 0.46875000000000017 0.940625 0.3750000000000001 0.940625 0.3750000000000001 0.9953125 0.46875000000000017 0.9953125
0 0.6000000000000001 0.4921875 0.3265625000000001 0.4921875 0.3265625000000001 0.95625 0.6000000000000002 0.95625
0 0.625 0.5140625 0.596875 0.5140625 0.596875 0.60625 0.625 0.60625
0 0.7203125 0.4921875 0.6109375 0.4921875 0.6109375 0.6390625 0.7203125 0.6390625
0 0.690625 0.31718750000000007 0.575 0.31718750000000007 0.575 0.4921875 0.690625 0.4921875
0 0.8 0.3218750000000001 0.6875 0.3218750000000001 0.6875 0.48125000000000007 0.8 0.4812500000000002
0 0.775 0.1593750000000001 0.690625 0.1593750000000001 0.690625 0.3125000000000001 0.775 0.3125000000000001
0 0.684375 0.16406250000000006 0.528125 0.16406250000000006 0.528125 0.2843750000000001 0.684375 0.2843750000000001
0 0.70625 0.08281250000000008 0.59375 0.08281250000000007 0.59375 0.20312500000000008 0.70625 0.20312500000000008
0 0.7203125 0.05468750000000009 0.690625 0.05468750000000009 0.690625 0.1687500000000001 0.7203125 0.1687500000000001
0 0.625 6.898205798322201e-17 0.5015625 6.142369101973443e-17 0.5015625 0.08125000000000007 0.625 0.08125000000000007
0 0.5234375 5.300424427559639e-17 0.3421875 4.190588265832349e-17 0.3421875 0.21875000000000006 0.5234375 0.21875000000000008
0 0.4046875 0.12656250000000005 0.2375 0.12656250000000005 0.2375 0.30156250000000007 0.4046875 0.30156250000000007
0 0.2515625 0.12031250000000002 0.1609375 0.1203125 0.1609375 0.2625 0.2515625 0.2625
0 0.23281250000000003 0.14687500000000003 0.04062500000000002 0.146875 0.040625000000000036 0.415625 0.2328125000000001 0.415625
0 0.2296875000000001 0.4 4.898587196589413e-17 0.4 6.104098889500088e-17 0.596875 0.2296875000000001 0.596875
0 0.2078125000000001 0.8640625 1.0581713748882599e-16 0.8640625 1.1385388210823048e-16 0.9953125 0.2078125000000001 0.9953125
0 0.30937500000000007 0.74375 0.1312500000000001 0.74375 0.13125000000000012 0.9953125 0.30937500000000007 0.9953125
0 0.3390625000000001 0.9015625 0.2593750000000001 0.9015625 0.2593750000000001 0.9953125 0.3390625000000001 0.9953125
0 0.37187500000000007 0.9234375 0.3234375000000001 0.9234375 0.3234375000000001 0.9953125 0.37187500000000007 0.9953125
0 0.3859375000000001 0.4640625 0.2796875000000001 0.4640625 0.2796875000000001 0.7046875 0.3859375000000001 0.7046875
0 0.3343750000000001 0.7 0.2687500000000001 0.7 0.2687500000000001 0.8796875 0.3343750000000001 0.8796875
0 0.2953125000000001 0.5578125 0.1750000000000001 0.5578125 0.1750000000000001 0.759375 0.2953125000000001 0.759375
0 0.2218750000000001 0.5515625 6.754692501547121e-17 0.5515625 8.936094612528342e-17 0.9078125 0.2218750000000001 0.9078125
0 0.05156250000000008 0.503125 6.161504208210122e-17 0.503125 7.166097285635683e-17 0.6671875 0.05156250000000009 0.6671875
0 0.09531250000000006 0.5734375 0.04687500000000007 0.5734375 0.04687500000000007 0.6234375 0.09531250000000006 0.6234375
0 0.26250000000000007 0.30625 0.18281250000000004 0.30625 0.18281250000000004 0.43125 0.26250000000000007 0.43125
0 0.2734375000000001 0.4265625 0.2218750000000001 0.4265625 0.2218750000000001 0.546875 0.2734375000000001 0.546875
0 0.3890625000000001 0.39375000000000004 0.2875000000000001 0.39375 0.2875000000000001 0.5140625 0.3890625000000001 0.5140625
0 0.4078125 0.4421875 0.3671875000000001 0.4421875 0.3671875000000001 0.5796875 0.4078125 0.5796875
0 0.3937500000000001 0.48125 0.2812500000000001 0.48125 0.2812500000000001 0.7046875 0.3937500000000001 0.7046875
0 0.3281250000000001 0.7109375 0.2734375000000001 0.7109375 0.2734375000000001 0.8640625 0.3281250000000001 0.8640625
0 0.2875000000000001 0.7484375 0.13437500000000008 0.7484375 0.1343750000000001 0.95625 0.2875000000000001 0.95625
0 0.3421875000000001 0.8796875 0.23593750000000008 0.8796875 0.23593750000000008 0.9890625 0.3421875000000001 0.9890625
0 0.5484375 0.3500000000000001 0.421875 0.3500000000000001 0.421875 0.503125 0.5484375 0.503125
0 0.61875 0.409375 0.5453125 0.409375 0.5453125 0.525 0.61875 0.525
0 0.6578125 0.2468750000000001 0.4953125 0.2468750000000001 0.4953125 0.3781250000000001 0.6578125 0.3781250000000001
0 0.578125 0.14218750000000008 0.5125 0.14218750000000005 0.5125 0.21250000000000008 0.578125 0.21250000000000008
0 0.5171875 0.18125000000000005 0.4296875 0.18125000000000005 0.4296875 0.2796875000000001 0.5171875 0.2796875000000001
0 0.5640625 0.17500000000000007 0.4625 0.17500000000000004 0.4625 0.2843750000000001 0.5640625 0.2843750000000001
0 0.484375 0.27812500000000007 0.4265625 0.27812500000000007 0.4265625 0.3828125000000001 0.484375 0.3828125000000001
0 0.5203125 0.26250000000000007 0.4515625 0.26250000000000007 0.4515625 0.3500000000000001 0.5203125 0.3500000000000001
0 0.465625 0.2515625 0.3484375 0.2515625 0.34843750000000007 0.4484375 0.465625 0.4484375
0 0.06875000000000003 0.26875 3.2912382727085115e-17 0.26875 4.362804221962446e-17 0.44375 0.06875000000000005 0.44375
0 0.11562500000000002 0.043750000000000004 0.0328125 0.04375 0.03281250000000001 0.1859375 0.11562500000000005 0.1859375
0 0.1828125 0.09218750000000002 0.103125 0.09218750000000002 0.103125 0.153125 0.1828125 0.15312500000000004
0 0.2265625 0.07031250000000003 0.171875 0.07031250000000003 0.171875 0.14218750000000002 0.2265625 0.14218750000000005
0 0.3125 0.09218750000000003 0.2328125 0.09218750000000002 0.2328125 0.18593750000000003 0.3125 0.18593750000000003
0 0.05781250000000001 0.0765625 9.376202055971923e-18 0.0765625 2.1048616860345134e-17 0.2671875 0.057812500000000024 0.2671875
0 0.8 0.86875 0.6000000000000002 0.86875 0.6000000000000002 0.9953125 0.8 0.9953125
0 0.6031250000000001 0.7 0.3859375000000001 0.7 0.3859375000000001 0.9953125 0.6031250000000001 0.9953125
0 0.41875 0.2671875 0.2328125 0.2671875 0.23281250000000003 0.4265625 0.41875 0.4265625
0 0.996875 6.104098889500089e-17 0 0 6.09453133638175e-17 0.9953125 0.996875 0.9953125