0 0.9125 0.6140625000000001 0.721875 0.6140625 0.721875 0.821875 0.9125 0.821875
0 0.9953125 0.5218750000000002 0.8859375 0.5218750000000002 0.8859375 0.6953125000000002 0.9953125 0.6953125000000002
0 0.6953125000000002 0.7421875 0.3609375000000001 0.7421875 0.3609375000000001 0.9890625 0.6953125000000002 0.9890625
0 0.38750000000000007 0.86875 0.3515625000000001 0.86875 0.3515625000000001 0.9 0.38750000000000007 0.9
0 0.2687500000000001 0.9421875 0.2171875000000001 0.9421875 0.2171875000000001 0.98125 0.2687500000000001 0.98125
0 0.16562500000000013 0.9109375 0.13906250000000014 0.9109375 0.13906250000000014 0.9390625 0.16562500000000013 0.9390625
0 0.13906250000000014 0.9109375 0.10312500000000013 0.9109375 0.10312500000000013 0.9390625 0.13906250000000014 0.9390625
0 0.11406250000000011 0.8921875 0.0875000000000001 0.8921875 0.0875000000000001 0.9234375 0.11406250000000014 0.9234375
0 0.09375000000000011 0.903125 0.057812500000000114 0.903125 0.057812500000000114 0.934375 0.09375000000000011 0.934375
0 0.12500000000000014 0.9421875 0.09375000000000011 0.9421875 0.09375000000000011 0.965625 0.12500000000000014 0.965625
0 0.06093750000000011 0.8640625 0.015625000000000104 0.8640625 0.015625000000000108 0.8921875 0.06093750000000011 0.8921875
0 0.0718750000000001 0.8296875 0.0265625000000001 0.8296875 0.0265625000000001 0.8609375 0.0718750000000001 0.8609375
0 0.0671875000000001 0.8109375 0.0312500000000001 0.8109375 0.0312500000000001 0.834375 0.06718750000000011 0.834375
0 0.1593750000000001 0.76875 0.12343750000000009 0.76875 0.12343750000000009 0.803125 0.1593750000000001 0.803125
0 0.22656250000000008 0.8265625 0.1906250000000001 0.8265625 0.1906250000000001 0.85 0.22656250000000008 0.85
0 0.2890625000000001 0.7953125 0.2468750000000001 0.7953125 0.2468750000000001 0.8109375 0.2890625000000001 0.8109375
0 0.27812500000000007 0.821875 0.2531250000000001 0.821875 0.2531250000000001 0.8421875 0.27812500000000007 0.8421875
0 0.10312500000000009 0.571875 7.003448882623926e-17 0.571875 8.161122809942908e-17 0.7609375 0.10312500000000009 0.7609375
0 0.4375000000000001 0.5296875 0.08750000000000006 0.5296875 0.08750000000000008 0.7953125 0.43750000000000017 0.7953125
0 0.6953125000000001 0.61875 0.4796875 0.61875 0.4796875000000001 0.7578125 0.6953125000000002 0.7578125
0 0.8921875 0.3281250000000001 0.459375 0.3281250000000001 0.459375 0.6406250000000001 0.8921875 0.6406250000000002
0 0.9953125 0.35625000000000007 0.825 0.35625000000000007 0.825 0.5031250000000002 0.9953125 0.5031250000000002
0 0.9796875 0.27812500000000007 0.7828125 0.27812500000000007 0.7828125 0.3968750000000001 0.9796875 0.3968750000000001
0 0.9953125 0.2750000000000001 0.871875 0.2750000000000001 0.871875 0.34062500000000007 0.9953125 0.34062500000000007
0 0.9953125 0.16250000000000012 0.7625 0.1625000000000001 0.7625 0.2812500000000001 0.9953125 0.2812500000000001
0 0.9953125 0.07343750000000009 0.6140625 0.07343750000000007 0.6140625 0.1578125000000001 0.9953125 0.15781250000000013
0 0.6078125 0.05000000000000006 0.38125 0.050000000000000044 0.38125 0.20468750000000008 0.6078125 0.20468750000000008
0 0.809375 0.13906250000000006 0.4125 0.13906250000000003 0.4125 0.3906250000000001 0.809375 0.3906250000000001
0 0.4640625 0.290625 0.08281250000000004 0.290625 0.08281250000000005 0.5453125 0.4640625 0.5453125
0 0.2171875000000001 0.509375 0.07812500000000007 0.509375 0.07812500000000007 0.621875 0.2171875000000001 0.621875
0 0.09843750000000005 0.3890625 4.7646414529326714e-17 0.3890625 5.788369636594911e-17 0.55625 0.09843750000000007 0.55625
0 0.13906250000000003 0.3015625 3.693075503678737e-17 0.3015625 4.324534009489091e-17 0.4046875 0.13906250000000003 0.4046875
0 0.428125 0.15000000000000002 0.11875 0.15 0.11875000000000002 0.31718750000000007 0.428125 0.31718750000000007
0 0.5406250000000001 0.6453125 0.4125 0.6453125 0.4125000000000001 0.7296875 0.5406250000000001 0.7296875
0 0.4953125000000001 0.7109375 0.3500000000000001 0.7109375 0.3500000000000001 0.803125 0.49531250000000016 0.803125