0 0.6046875 0.29375000000000007 0.4359375 0.29375000000000007 0.4359375 0.5375 0.6046875 0.5375
0 0.7953125 0.2984375000000001 0.578125 0.2984375000000001 0.578125 0.45781250000000007 0.7953125 0.4578125000000002
0 0.8578125 0.2531250000000001 0.715625 0.2531250000000001 0.715625 0.3609375000000001 0.8578125 0.3609375000000001
0 0.965625 0.13750000000000012 0.7609375 0.1375000000000001 0.7609375 0.2718750000000001 0.965625 0.2718750000000001
0 0.990625 0.03593750000000011 0.778125 0.0359375000000001 0.778125 0.14687500000000012 0.990625 0.14687500000000014
0 0.790625 0.0984375000000001 0.6359375 0.0984375000000001 0.6359375 0.3062500000000001 0.790625 0.3062500000000001
0 0.7734375 0.012500000000000086 0.6359375 0.012500000000000077 0.6359375 0.12031250000000009 0.7734375 0.12031250000000009
0 0.8984375 1.013203875232068e-16 0.75625 9.26139141855186e-17 0.75625 0.0671875000000001 0.8984375 0.06718750000000011
0 0.9953125 1.1701117463728229e-16 0.915625 1.1213172254692953e-16 0.915625 0.06250000000000011 0.9953125 0.06250000000000011
0 0.7203125 0.12500000000000006 0.5015625 0.12500000000000006 0.5015625 0.3203125000000001 0.7203125 0.3203125000000001
0 0.5640625 3.4538866757202695e-17 0 0 1.932645729904417e-17 0.31562500000000004 0.5640625 0.3156250000000001
0 0.43125 0.04062500000000003 4.975127621536122e-18 0.040625 2.784157957436561e-17 0.4140625 0.43125 0.4140625
0 0.896875 0.6531250000000002 0.8046875 0.6531250000000002 0.8046875 0.7734375000000002 0.896875 0.7734375000000002
0 0.978125 0.7515625000000001 0.8703125 0.7515625000000001 0.8703125 0.875 0.978125 0.875
0 0.871875 0.7859375000000002 0.7828125000000001 0.7859375000000002 0.7828125000000001 0.8890625 0.871875 0.8890625
0 0.884375 0.8890625 0.7953125000000002 0.8890625 0.7953125000000002 0.9953125 0.884375 0.9953125
0 0.7953125000000002 0.89375 0.6843750000000002 0.89375 0.6843750000000002 0.9953125 0.7953125000000002 0.9953125
0 0.6937500000000002 0.8453125 0.5687500000000002 0.8453125 0.5687500000000002 0.9875 0.6937500000000002 0.9875
0 0.5859375000000002 0.7875 0.4890625000000002 0.7875 0.4890625000000002 0.8984375 0.5859375000000002 0.8984375
0 0.64375 0.38750000000000007 0.3421875000000001 0.3875 0.3421875000000001 0.6796875 0.64375 0.6796875
0 0.3859375000000001 0.37812500000000004 0.2578125000000001 0.378125 0.2578125000000001 0.684375 0.3859375000000001 0.684375
0 0.31562500000000004 0.35625 0.221875 0.35625 0.22187500000000004 0.6984375 0.3156250000000001 0.6984375
0 0.55625 0.4671875 0.36406250000000007 0.4671875 0.36406250000000007 0.70625 0.55625 0.70625
0 0.6484375 0.4984375 0.515625 0.4984375 0.515625 0.621875 0.6484375 0.621875
0 0.23593750000000005 0.2703125 3.3103733789451887e-17 0.2703125 5.166478683902896e-17 0.5734375 0.23593750000000008 0.5734375
0 0.5953125000000001 0.5203125 0.08437500000000006 0.5203125 0.08437500000000009 0.9953125 0.5953125000000001 0.9953125
0 0.48906250000000007 0.725 0.3546875000000001 0.725 0.3546875000000001 0.8453125 0.4890625000000002 0.8453125
0 0.5734375 0.7015625 0.4625 0.7015625 0.4625000000000001 0.8046875 0.5734375000000002 0.8046875
0 0.7109375000000001 0.7109375 0.5828125 0.7109375 0.5828125000000001 0.8484375 0.7109375000000002 0.8484375
0 0.81875 0.6843750000000001 0.7078125 0.684375 0.7078125000000001 0.7734375000000001 0.81875 0.7734375000000002
0 0.8171875 0.76875 0.6890625000000001 0.76875 0.6890625000000001 0.853125 0.8171875 0.853125
0 0.9953125 0.1734375000000001 0.640625 0.17343750000000008 0.640625 0.64375 0.9953125 0.6437500000000002
0 0.9953125 0.23593750000000008 0.653125 0.23593750000000008 0.653125 0.6671875 0.9953125 0.6671875000000002
0 0.96875 0.4750000000000002 0.875 0.4750000000000002 0.875 0.5734375000000002 0.96875 0.5734375000000002
0 0.9953125 0.44843750000000016 0.9640625 0.44843750000000016 0.9640625 0.5562500000000001 0.9953125 0.5562500000000001
0 0.9953125 0.3781250000000001 0.925 0.3781250000000001 0.925 0.47968750000000016 0.9953125 0.47968750000000016
0 0.9953125 0.5562500000000001 0.9515625 0.5562500000000001 0.9515625 0.6453125000000002 0.9953125 0.6453125000000002
0 0.9734375 0.5906250000000002 0.8578125 0.5906250000000002 0.8578125 0.6890625000000001 0.9734375 0.6890625000000001
0 0.996875 0.6578125000000001 0.9609375 0.6578125000000001 0.9609375 0.7515625000000001 0.996875 0.7515625000000001