0 0.95625 0.33281250000000007 0.640625 0.33281250000000007 0.6406250000000001 0.8875 0.95625 0.8875
0 0.996875 0.5171875000000001 0.9203125 0.5171875000000001 0.9203125 0.875 0.996875 0.875
0 0.996875 0.3453125000000001 0.85 0.3453125000000001 0.85 0.6421875000000001 0.996875 0.6421875000000001
0 0.996875 0.012500000000000113 0.8734375 0.012500000000000105 0.8734375 0.4046875000000002 0.996875 0.4046875000000002
0 0.9640625 0.012500000000000108 0.803125 0.0125000000000001 0.803125 0.2390625000000001 0.9640625 0.2390625000000001
0 0.8765625 0.09531250000000009 0.6265625 0.09531250000000006 0.6265625 0.4703125000000001 0.8765625 0.4703125000000002
0 0.653125 0.22031250000000008 0.5671875 0.22031250000000008 0.5671875 0.4828125 0.653125 0.4828125
0 0.6234375 0.2328125000000001 0.3765625 0.2328125000000001 0.3765625 0.6484375 0.6234375 0.6484375
0 0.446875 0.31562500000000004 0.2828125 0.315625 0.2828125 0.6546875 0.446875 0.6546875
0 0.33281250000000007 0.625 7.654042494670958e-17 0.625 9.91198503059889e-17 0.99375 0.33281250000000007 0.99375
0 0.3937500000000001 0.821875 0.3265625000000001 0.821875 0.3265625000000001 0.99375 0.3937500000000001 0.99375
0 0.8109375 0.6312500000000001 0.503125 0.63125 0.503125 0.99375 0.8109375 0.99375
0 0.6328125 0.5546875 0.5203125 0.5546875 0.5203125 0.6796875 0.6328125 0.6796875
0 0.6796875 7.242637710582393e-17 0.503125 6.161504208210122e-17 0.503125 0.2562500000000001 0.6796875 0.2562500000000001
0 0.8765625 9.529282905865343e-17 0.6796875 8.323771212954667e-17 0.6796875 0.12500000000000008 0.8765625 0.12500000000000008
0 0.5359375 5.2430191088496056e-17 0.3203125 3.922696778518866e-17 0.3203125 0.30937500000000007 0.5359375 0.30937500000000007
0 0.4765625 4.716803687340977e-17 0.29375 3.59739997249535e-17 0.29375 0.10781250000000005 0.4765625 0.10781250000000005
0 0.3234375 0.10156250000000004 0.209375 0.10156250000000004 0.209375 0.303125 0.3234375 0.303125
0 0.3 2.2866451952829482e-17 0.0734375 8.993499931238374e-18 0.07343750000000002 0.19687500000000002 0.3 0.19687500000000005
0 0.15937500000000007 0.440625 0.07031250000000004 0.440625 0.07031250000000006 0.625 0.1593750000000001 0.625
0 0.15937500000000007 0.4640625 5.683126552293186e-17 0.4640625 7.252205263700732e-17 0.7203125 0.1593750000000001 0.7203125