0 0.5953125000000001 0.640625 0.2640625000000001 0.640625 0.2640625000000001 0.8953125 0.5953125000000001 0.8953125
0 0.8359375 0.5421875 0.56875 0.5421875 0.5687500000000001 0.8953125 0.8359375 0.8953125
0 0.996875 0.6515625000000002 0.7671875 0.6515625000000002 0.7671875000000001 0.8953125 0.996875 0.8953125
0 0.996875 0.1562500000000001 0.6640625 0.15625000000000008 0.6640625000000001 0.7765625 0.996875 0.7765625000000002
0 0.7984375 0.3906250000000001 0.6640625 0.3906250000000001 0.6640625 0.6453125000000001 0.7984375 0.6453125000000002
0 0.65625 0.4171875 0.446875 0.4171875 0.446875 0.6828125 0.65625 0.6828125
0 0.2484375000000001 0.703125 8.610797806504827e-17 0.703125 9.825877052533841e-17 0.9015625 0.2484375000000001 0.9015625
0 0.2562500000000001 0.75625 0.17968750000000008 0.75625 0.17968750000000008 0.834375 0.2562500000000001 0.834375
0 0.2562500000000001 0.8390625 0.2062500000000001 0.8390625 0.2062500000000001 0.9015625 0.2562500000000001 0.9015625
0 0.30937500000000007 0.6828125 0.23593750000000008 0.6828125 0.23593750000000008 0.7703125 0.30937500000000007 0.7703125
0 0.11875000000000006 0.4265625 5.223884002612928e-17 0.4265625 6.984313776387249e-17 0.7140625 0.11875000000000009 0.7140625
0 0.3468750000000001 0.4375 0.031250000000000056 0.4375 0.031250000000000076 0.7859375 0.3468750000000001 0.7859375
0 0.16718750000000004 0.25 3.061616997868383e-17 0.25 4.8411818778793805e-17 0.540625 0.16718750000000004 0.540625
0 0.20625000000000004 0.07812500000000001 9.567553118338697e-18 0.078125 3.185995188406786e-17 0.4421875 0.2062500000000001 0.4421875
0 0.4078125000000001 0.37968750000000007 4.649830815512607e-17 0.3796875 7.070421754452296e-17 0.775 0.4078125000000002 0.775
0 0.240625 1.4734031802241592e-17 0 0 1.5308084989341915e-17 0.25 0.240625 0.25
0 0.415625 4.085345181530624e-17 0.2515625 3.080752104105061e-17 0.2515625 0.10468750000000004 0.415625 0.10468750000000004
0 0.5265625 5.424802618098041e-17 0.359375 4.4010744344358005e-17 0.359375 0.29218750000000004 0.5265625 0.2921875000000001
0 0.6375 6.888638245203862e-17 0.4875 5.970153145843348e-17 0.4875 0.2234375000000001 0.6375 0.2234375000000001
0 0.75625 0.07812500000000008 0.571875 0.07812500000000007 0.571875 0.3593750000000001 0.75625 0.3593750000000001
0 0.965625 0.0671875000000001 0.7484375 0.0671875000000001 0.7484375 0.2812500000000001 0.965625 0.2812500000000001
0 0.778125 0.2296875000000001 0.4625 0.2296875000000001 0.4625 0.5000000000000001 0.778125 0.5000000000000002
0 0.996875 1.190203607921334e-16 0.946875 1.15958743794265e-16 0.946875 0.23437500000000008 0.996875 0.23437500000000008
0 0.996875 1.0993118532971163e-16 0.7984375 9.778039286942148e-17 0.7984375 0.10468750000000011 0.996875 0.10468750000000013
0 0.8140625 8.754311103279908e-17 0.615625 7.539231857250894e-17 0.615625 0.10937500000000008 0.8140625 0.10937500000000008
0 0.43125 0.5359375 0.3515625000000001 0.5359375 0.3515625000000001 0.640625 0.43125 0.640625
0 0.478125 0.5 0.409375 0.5 0.409375 0.5828125 0.478125 0.5828125
0 0.4359375 0.4265625 0.3625000000000001 0.4265625 0.3625000000000001 0.53125 0.4359375 0.53125
0 0.465625 0.3906250000000001 0.4046875 0.3906250000000001 0.4046875 0.4890625 0.465625 0.4890625
0 0.3734375000000001 0.4796875 0.2906250000000001 0.4796875 0.2906250000000001 0.5828125 0.3734375000000001 0.5828125
0 0.3281250000000001 0.375 0.2562500000000001 0.375 0.2562500000000001 0.484375 0.3281250000000001 0.484375
0 0.3859375000000001 0.36406250000000007 0.31718750000000007 0.3640625 0.31718750000000007 0.453125 0.3859375000000001 0.453125
0 0.428125 0.3343750000000001 0.3703125 0.3343750000000001 0.37031250000000004 0.4125 0.428125 0.4125
0 0.29375000000000007 0.421875 0.2375000000000001 0.421875 0.2375000000000001 0.5109375 0.29375000000000007 0.5109375
0 0.24531250000000004 0.34375 0.2109375 0.34375 0.21093750000000006 0.4109375 0.2453125000000001 0.4109375
0 0.30625 0.2921875 0.225 0.2921875 0.22500000000000003 0.390625 0.3062500000000001 0.390625
0 0.37343750000000003 0.25000000000000006 0.3015625 0.25 0.30156250000000007 0.36406250000000007 0.3734375000000001 0.36406250000000007
0 0.4234375 0.25000000000000006 0.3625 0.25 0.3625 0.33281250000000007 0.4234375 0.33281250000000007
0 0.4234375 0.16250000000000003 0.3625 0.16250000000000003 0.3625 0.25625000000000003 0.4234375 0.2562500000000001
0 0.3703125 0.14531250000000004 0.3015625 0.14531250000000004 0.3015625 0.25000000000000006 0.3703125 0.2500000000000001
0 0.3671875 0.12031250000000004 0.3140625 0.12031250000000004 0.3140625 0.15625000000000006 0.3671875 0.15625000000000006
0 0.3515625 0.07812500000000004 0.2828125 0.07812500000000004 0.2828125 0.15625000000000006 0.3515625 0.15625000000000006
0 0.309375 0.11406250000000004 0.221875 0.11406250000000004 0.221875 0.2140625 0.309375 0.2140625
0 0.2796875 0.19843750000000004 0.203125 0.19843750000000004 0.203125 0.2859375 0.2796875 0.2859375
0 0.2328125 0.14062500000000003 0.175 0.140625 0.17500000000000002 0.21875 0.2328125 0.21875
0 0.225 0.2234375 0.14531250000000004 0.2234375 0.14531250000000004 0.3125 0.225 0.3125
0 0.1671875 0.010937500000000017 0.103125 0.010937500000000013 0.103125 0.07812500000000003 0.1671875 0.07812500000000003
0 0.225 0.026562500000000024 0.171875 0.026562500000000024 0.171875 0.06718750000000002 0.225 0.06718750000000002
0 0.25625 0.07343750000000002 0.1875 0.07343750000000002 0.1875 0.13593750000000004 0.25625 0.13593750000000004
0 0.996875 6.104098889500089e-17 0 0 5.520478149281428e-17 0.9015625 0.996875 0.9015625