0 0.9765625 0.7375000000000002 0.8734375 0.7375000000000002 0.8734375 0.809375 0.9765625 0.809375
0 0.984375 0.7734375000000002 0.88125 0.7734375000000002 0.88125 0.934375 0.984375 0.934375
0 0.996875 0.89375 0.95 0.89375 0.95 0.9953125 0.996875 0.9953125
0 0.95 0.89375 0.84375 0.89375 0.84375 0.9953125 0.95 0.9953125
0 0.8828125 0.7562500000000002 0.7906250000000001 0.7562500000000002 0.7906250000000001 0.928125 0.8828125 0.928125
0 0.84375 0.88125 0.7500000000000002 0.88125 0.7500000000000002 0.99375 0.84375 0.99375
0 0.7562500000000002 0.928125 0.6703125000000002 0.928125 0.6703125000000002 0.99375 0.7562500000000002 0.99375
0 0.996875 0.46406250000000016 0.909375 0.46406250000000016 0.909375 0.5828125000000002 0.996875 0.5828125000000002
0 0.95 0.4343750000000002 0.8828125 0.4343750000000002 0.8828125 0.5421875000000002 0.95 0.5421875000000002
0 0.996875 0.3750000000000001 0.95 0.3750000000000001 0.95 0.4828125000000002 0.996875 0.4828125000000002
0 0.9828125 0.3218750000000001 0.903125 0.3218750000000001 0.903125 0.44062500000000016 0.9828125 0.44062500000000016
0 0.946875 0.2968750000000001 0.8734375 0.2968750000000001 0.8734375 0.4109375000000002 0.946875 0.4109375000000002
0 0.90625 0.4234375000000002 0.853125 0.4234375000000002 0.853125 0.4937500000000002 0.90625 0.4937500000000002
0 0.8765625 0.3687500000000001 0.8265625 0.3687500000000001 0.8265625 0.46406250000000016 0.8765625 0.46406250000000016
0 0.90625 0.26250000000000007 0.85 0.26250000000000007 0.85 0.3687500000000001 0.90625 0.3687500000000001
0 0.9703125 0.1796875000000001 0.896875 0.17968750000000008 0.896875 0.3046875000000001 0.9703125 0.3046875000000001
0 0.996875 0.20312500000000008 0.946875 0.20312500000000008 0.946875 0.36406250000000007 0.996875 0.36406250000000007
0 0.93125 0.08906250000000011 0.8609375 0.08906250000000011 0.8609375 0.18437500000000012 0.93125 0.18437500000000012
0 0.9640625 0.006250000000000114 0.8875 0.006250000000000108 0.8875 0.11250000000000011 0.9640625 0.11250000000000013
0 0.89375 0.012500000000000105 0.8234375 0.0125000000000001 0.8234375 0.12500000000000008 0.89375 0.12500000000000008
0 0.9234375 1.0935713214261131e-16 0.8625 1.0562578642645922e-16 0.8625 0.023437500000000108 0.9234375 0.02343750000000011
0 0.8640625 1.0151173858557357e-16 0.79375 9.720633968232116e-17 0.79375 0.023437500000000104 0.8640625 0.023437500000000104
0 0.79375 9.309229184143553e-17 0.7265625 8.897824400054988e-17 0.7265625 0.029687500000000096 0.79375 0.0296875000000001
0 0.7296875 8.610797806504827e-17 0.6765625 8.285501000481311e-17 0.6765625 0.029687500000000082 0.7296875 0.02968750000000009
0 0.7578125 0.006250000000000087 0.6875 0.006250000000000084 0.6875 0.12500000000000008 0.7578125 0.12500000000000008
0 0.8265625 0.0062500000000000975 0.759375 0.006250000000000094 0.759375 0.10781250000000009 0.8265625 0.10781250000000009
0 0.690625 8.046312172522844e-17 0.6234375 7.634907388434281e-17 0.6234375 0.11875000000000009 0.690625 0.11875000000000009
0 0.7171875 0.10156250000000008 0.65 0.10156250000000008 0.65 0.17187500000000008 0.7171875 0.17187500000000008
0 0.74375 0.1781250000000001 0.6859375 0.1781250000000001 0.6859375 0.41093750000000007 0.74375 0.4109375000000002
0 0.8 0.24375000000000008 0.7359375 0.24375000000000008 0.7359375 0.3390625000000001 0.8 0.3390625000000001
0 0.690625 0.17343750000000008 0.6203125 0.17343750000000008 0.6203125 0.2921875000000001 0.690625 0.2921875000000001
0 0.7140625 0.2671875000000001 0.653125 0.2671875000000001 0.653125 0.440625 0.7140625 0.440625
0 0.6578125 0.3453125000000001 0.6078125 0.3453125000000001 0.6078125 0.4515625 0.6578125 0.4515625
0 0.65 0.2500000000000001 0.603125 0.2500000000000001 0.603125 0.3515625000000001 0.65 0.3515625000000001
0 0.6328125 0.3156250000000001 0.6 0.3156250000000001 0.6 0.4515625 0.6328125 0.4515625
0 0.603125 0.3812500000000001 0.5328125 0.3812500000000001 0.5328125 0.50625 0.603125 0.50625
0 0.40625 4.6115606030392513e-17 0.346875 4.247993584542381e-17 0.346875 0.19062500000000004 0.40625 0.19062500000000004
0 0.3328125 3.6739403974420595e-17 0.2671875 3.2721031664718344e-17 0.2671875 0.14843750000000006 0.3328125 0.14843750000000006
0 0.353125 0.11406250000000004 0.296875 0.11406250000000004 0.296875 0.209375 0.353125 0.209375
0 0.290625 0.10156250000000004 0.2296875 0.10156250000000004 0.2296875 0.2203125 0.290625 0.2203125
0 0.2625 2.812860616791577e-17 0.196875 2.4110233858213517e-17 0.196875 0.14843750000000006 0.2625 0.14843750000000006
0 0.2265625 0.13125000000000003 0.1671875 0.13125 0.16718750000000002 0.2265625 0.2265625 0.2265625
0 0.16406250000000003 0.1140625 0.09375000000000003 0.1140625 0.09375000000000003 0.209375 0.16406250000000006 0.209375
0 0.1859375 1.8943755174310623e-17 0.1234375 1.511673392697514e-17 0.1234375 0.12500000000000003 0.1859375 0.12500000000000006
0 0.103125 8.132420150587892e-18 0.0296875 3.6356701849687045e-18 0.029687500000000012 0.1546875 0.103125 0.1546875
0 0.1296875 1.2820521178573852e-17 0.0796875 9.75890418070547e-18 0.0796875 0.06562500000000002 0.1296875 0.06562500000000002
0 0.17343750000000005 0.190625 0.10312500000000005 0.190625 0.10312500000000005 0.2859375 0.17343750000000005 0.2859375
0 0.09687500000000002 0.1734375 0.02343750000000002 0.1734375 0.023437500000000028 0.2625 0.09687500000000002 0.2625
0 0.05937500000000003 0.2078125 2.5449691294780934e-17 0.2078125 3.1668600821701084e-17 0.309375 0.059375000000000046 0.309375
0 0.11250000000000004 0.2625 0.020312500000000032 0.2625 0.02031250000000004 0.375 0.11250000000000004 0.375
0 0.14375000000000004 0.3640625 0.05312500000000005 0.3640625 0.053125000000000054 0.4890625 0.14375000000000004 0.4890625
0 0.19687500000000005 0.4234375 0.12968750000000004 0.4234375 0.12968750000000004 0.5296875 0.19687500000000005 0.5296875
0 0.17343750000000008 0.4828125 0.08281250000000007 0.4828125 0.08281250000000007 0.6015625 0.17343750000000008 0.6015625
0 0.07656250000000006 0.4828125 0.0062500000000000585 0.4828125 0.006250000000000066 0.6078125 0.07656250000000006 0.6078125
0 0.006250000000000068 0.5046875 6.180639314446799e-17 0.5046875 6.802530267138814e-17 0.60625 0.006250000000000075 0.60625
0 0.05625000000000006 0.3625 4.4393446469091554e-17 0.3625 5.3099919806779773e-17 0.5046875 0.056250000000000064 0.5046875
0 0.02031250000000004 0.2796875 3.425184016365254e-17 0.2796875 3.9035616722821886e-17 0.3578125 0.020312500000000046 0.3578125
0 0.17968750000000006 0.303125 0.11406250000000004 0.303125 0.11406250000000004 0.4171875 0.17968750000000006 0.4171875
0 0.22031250000000008 0.38125 0.17031250000000003 0.38125 0.17031250000000003 0.446875 0.22031250000000008 0.446875
0 0.23437500000000006 0.3453125 0.18437500000000004 0.3453125 0.18437500000000004 0.4109375 0.23437500000000008 0.4109375
0 0.2359375 0.309375 0.19687500000000005 0.309375 0.19687500000000005 0.3578125 0.2359375 0.3578125
0 0.20625 0.25 0.14375000000000004 0.25 0.14375000000000004 0.3390625 0.20625 0.3390625
0 0.32031250000000006 0.2859375 0.2328125 0.2859375 0.23281250000000003 0.428125 0.3203125000000001 0.428125
0 0.34062500000000007 0.321875 0.3203125 0.321875 0.32031250000000006 0.4046875 0.34062500000000007 0.4046875
0 0.4171875 0.27968750000000003 0.3328125 0.2796875 0.33281250000000007 0.428125 0.4171875 0.428125
0 0.4609375 0.3156250000000001 0.4140625 0.3156250000000001 0.4140625 0.3921875000000001 0.4609375 0.3921875000000001
0 0.4703125 0.3984375000000001 0.3859375000000001 0.3984375000000001 0.3859375000000001 0.5421875 0.4703125 0.5421875
0 0.3734375000000001 0.4 0.28593750000000007 0.4 0.28593750000000007 0.5484375 0.3734375000000001 0.5484375
0 0.2906250000000001 0.4171875 0.19375000000000003 0.4171875 0.19375000000000006 0.565625 0.2906250000000001 0.565625
0 0.3343750000000001 0.5296875 0.23437500000000008 0.5296875 0.23437500000000008 0.690625 0.3343750000000001 0.690625
0 0.4203125 0.51875 0.33281250000000007 0.51875 0.33281250000000007 0.6734375 0.4203125 0.6734375
0 0.50625 0.5359375 0.4171875 0.5359375 0.4171875 0.690625 0.50625 0.690625
0 0.50625 0.4703125 0.4671875 0.4703125 0.4671875 0.5421875 0.50625 0.5421875
0 0.4875 0.434375 0.4671875 0.434375 0.4671875 0.4765625 0.4875 0.4765625
0 0.5375 0.5296875 0.5078125 0.5296875 0.5078125 0.6078125 0.5375 0.6078125
0 0.5328125 0.453125 0.503125 0.453125 0.503125 0.5234375 0.5328125 0.5234375
0 0.5531250000000001 0.6609375 0.4671875 0.6609375 0.4671875000000001 0.8390625 0.5531250000000002 0.8390625
0 0.4671875000000001 0.6421875 0.3765625000000001 0.6421875 0.3765625000000001 0.821875 0.4671875000000002 0.821875
0 0.5000000000000002 0.803125 0.41406250000000017 0.803125 0.41406250000000017 0.9046875 0.5000000000000002 0.9046875
0 0.40625000000000017 0.803125 0.3203125000000001 0.803125 0.3203125000000001 0.9046875 0.40625000000000017 0.9046875
0 0.3734375000000001 0.6546875 0.2828125000000001 0.6546875 0.2828125000000001 0.828125 0.3734375000000001 0.828125
0 0.28593750000000007 0.6671875 0.1937500000000001 0.6671875 0.1937500000000001 0.8328125 0.28593750000000007 0.8328125
0 0.3203125000000001 0.809375 0.2328125000000001 0.809375 0.2328125000000001 0.928125 0.3203125000000001 0.928125
0 0.3906250000000001 0.88125 0.2875000000000001 0.88125 0.2875000000000001 0.99375 0.3906250000000001 0.99375
0 0.36406250000000007 0.9703125 0.3062500000000001 0.9703125 0.3062500000000001 0.99375 0.36406250000000007 0.99375
0 0.2875000000000001 0.9109375 0.21093750000000008 0.9109375 0.21093750000000008 0.99375 0.2875000000000001 0.99375
0 0.2062500000000001 0.9171875 0.12968750000000012 0.9171875 0.12968750000000012 0.99375 0.2062500000000001 0.99375
0 0.1265625000000001 0.8984375 0.02656250000000011 0.8984375 0.026562500000000117 0.99375 0.12656250000000013 0.99375
0 0.6796875 0.4046875 0.6375 0.4046875 0.6375 0.578125 0.6796875 0.578125
0 0.803125 0.4046875000000001 0.690625 0.4046875 0.690625 0.5359375000000001 0.803125 0.5359375000000002
0 0.8140625 0.3578125000000001 0.734375 0.3578125000000001 0.734375 0.4937500000000002 0.8140625 0.4937500000000002
0 0.8265625 0.3687500000000001 0.7703125 0.3687500000000001 0.7703125 0.4343750000000002 0.8265625 0.4343750000000002
0 0.640625 0.453125 0.5828125 0.453125 0.5828125 0.6078125 0.640625 0.6078125
0 0.5828125 0.4703125 0.546875 0.4703125 0.546875 0.559375 0.5828125 0.559375
0 0.6203125 0.440625 0.5625 0.440625 0.5625 0.5828125 0.6203125 0.5828125
0 0.5890625 0.5765625 0.546875 0.5765625 0.546875 0.690625 0.5890625 0.690625
0 0.6031250000000001 0.703125 0.55 0.703125 0.55 0.821875 0.6031250000000001 0.821875
0 0.6328125000000002 0.7984375 0.5703125000000002 0.7984375 0.5703125000000002 0.9234375 0.6328125000000002 0.9234375
0 0.6390625000000001 0.571875 0.596875 0.571875 0.596875 0.75 0.6390625000000002 0.75
0 0.6765625000000001 0.6796875 0.596875 0.6796875 0.596875 0.828125 0.6765625000000002 0.828125
0 0.7109375000000002 0.7859375 0.6343750000000001 0.7859375 0.6343750000000001 0.921875 0.7109375000000002 0.921875
0 0.7343750000000001 0.565625 0.68125 0.565625 0.6812500000000001 0.7859375000000001 0.7343750000000002 0.7859375000000002
0 0.6875000000000001 0.5171875 0.6296875 0.5171875 0.6296875000000001 0.7265625 0.6875000000000002 0.7265625
0 0.7765625000000002 0.7500000000000001 0.6796875000000002 0.75 0.6796875000000002 0.921875 0.7765625000000002 0.921875
0 0.7968750000000001 0.6734375000000001 0.7359375 0.6734375000000001 0.7359375000000001 0.8390625 0.7968750000000002 0.8390625
0 0.79375 0.48906250000000007 0.690625 0.4890625 0.690625 0.64375 0.79375 0.6437500000000002
0 0.8265625 0.5765625000000002 0.7375 0.5765625000000002 0.7375 0.7562500000000002 0.8265625 0.7562500000000002
0 0.8765625 0.6312500000000002 0.80625 0.6312500000000002 0.80625 0.7734375000000002 0.8765625 0.7734375000000002
0 0.8734375 0.45312500000000017 0.803125 0.45312500000000017 0.803125 0.6078125000000002 0.8734375 0.6078125000000002
0 0.853125 0.5125000000000002 0.790625 0.5125000000000002 0.790625 0.6437500000000002 0.853125 0.6437500000000002