0 0.9359375 0.3156250000000001 0.6578125 0.3156250000000001 0.6578125000000001 0.7468750000000001 0.9359375 0.7468750000000002
0 0.996875 0.49531250000000016 0.9359375 0.49531250000000016 0.9359375 0.9 0.996875 0.9
0 0.996875 0.76875 0.7187500000000002 0.76875 0.7187500000000002 0.9953125 0.996875 0.9953125
0 0.7968750000000001 0.5734375 0.590625 0.5734375 0.5906250000000001 0.9578125 0.7968750000000002 0.9578125
0 0.6625000000000002 0.83125 0.4671875000000002 0.83125 0.4671875000000002 0.9953125 0.6625000000000002 0.9953125
0 0.6234375000000001 0.484375 0.3421875000000001 0.484375 0.3421875000000001 0.8890625 0.6234375000000002 0.8890625
0 0.4359375000000002 0.7953125 0.09375000000000008 0.7953125 0.0937500000000001 0.9953125 0.4359375000000002 0.9953125
0 0.2968750000000001 0.553125 0.042187500000000065 0.553125 0.042187500000000086 0.915625 0.2968750000000001 0.915625
0 0.12343750000000012 0.7828125 9.586688224575374e-17 0.7828125 1.0849605236196083e-16 0.9890625 0.12343750000000013 0.9890625
0 0.17656250000000004 0.16875 2.0665914735611586e-17 0.16875 5.5491808086364444e-17 0.7375 0.1765625000000001 0.7375
0 0.478125 0.11562500000000002 0.1390625 0.115625 0.13906250000000003 0.5796875 0.478125 0.5796875
0 0.665625 0.3890625000000001 0.4625 0.3890625000000001 0.4625 0.63125 0.665625 0.63125
0 0.996875 1.0686956833184325e-16 0.7484375 9.165715887368473e-17 0.7484375 0.4265625000000002 0.996875 0.4265625000000002
0 0.721875 7.137394626280668e-17 0.44375 5.43437017121638e-17 0.44375 0.3687500000000001 0.721875 0.3687500000000001
0 0.86875 9.806741946297164e-17 0.7328125 8.974364825001696e-17 0.7328125 0.17343750000000008 0.86875 0.17343750000000008
0 0.815625 0.1625000000000001 0.6953125 0.1625000000000001 0.6953125 0.3265625000000001 0.815625 0.3265625000000001
0 0.5328125 5.357829746269671e-17 0.3421875 4.190588265832349e-17 0.3421875 0.14687500000000003 0.5328125 0.14687500000000003
0 0.33125 2.076159026679497e-17 0.0078125 9.567553118338697e-19 0.007812500000000012 0.19531250000000003 0.33125 0.19531250000000006
0 0.14687500000000003 0.04218750000000001 5.1664786839028965e-18 0.0421875 1.769997326892659e-17 0.246875 0.14687500000000003 0.246875