0 0.83125 0.6484375000000001 0.634375 0.6484375 0.6343750000000001 0.965625 0.83125 0.965625
0 0.996875 0.7234375000000002 0.8125 0.7234375000000002 0.8125 0.990625 0.996875 0.990625
0 0.996875 0.940625 0.940625 0.940625 0.940625 0.9953125 0.996875 0.9953125
0 0.7234375000000001 0.56875 0.4703125 0.56875 0.4703125000000001 0.9953125 0.7234375000000002 0.9953125
0 0.6140625000000001 0.59375 0.3500000000000001 0.59375 0.3500000000000001 0.9953125 0.6140625000000002 0.9953125
0 0.5265625 0.04531250000000006 0.4140625 0.045312500000000054 0.4140625 0.18281250000000004 0.5265625 0.18281250000000004
0 0.996875 1.1347117998349694e-16 0.85625 1.0486038217699211e-16 0.85625 0.3125000000000001 0.996875 0.3125000000000001
0 0.4296875 0.06875000000000003 0.240625 0.06875000000000002 0.240625 0.20781250000000004 0.4296875 0.2078125000000001
0 0.048437500000000036 0.2171875 2.659779766898158e-17 0.2171875 4.027939862820592e-17 0.440625 0.04843750000000006 0.440625
0 0.0921875 5.644856339819831e-18 0 0 5.166478683902897e-18 0.084375 0.0921875 0.08437500000000002
0 0.2328125 1.4255654146324658e-17 0 0 1.7891324331293363e-17 0.2921875 0.2328125 0.2921875
0 0.12031250000000002 0.1578125 0.012500000000000016 0.1578125 0.012500000000000025 0.2921875 0.12031250000000004 0.2921875
0 0.4578125 0.22343750000000004 0.09687500000000002 0.2234375 0.09687500000000003 0.37187500000000007 0.4578125 0.37187500000000007
0 0.5953125 0.31718750000000007 0.40625 0.31718750000000007 0.40625 0.509375 0.5953125 0.509375
0 0.7265625 0.3359375000000001 0.603125 0.3359375000000001 0.603125 0.41093750000000007 0.7265625 0.4109375000000002
0 0.9359375 0.3078125000000001 0.81875 0.3078125000000001 0.81875 0.3421875000000001 0.9359375 0.3421875000000001
0 0.6140625 0.3968750000000001 0.465625 0.3968750000000001 0.465625 0.59375 0.6140625 0.59375
0 0.465625 0.509375 0.3781250000000001 0.509375 0.3781250000000001 0.6140625 0.465625 0.6140625
0 0.4140625 0.4859375 0.3687500000000001 0.4859375 0.3687500000000001 0.5453125 0.4140625 0.5453125
0 0.3984375000000001 0.4453125 0.3343750000000001 0.4453125 0.3343750000000001 0.5 0.3984375000000001 0.5
0 0.4625 5.099505812074525e-17 0.3703125 4.5350201780925416e-17 0.3703125 0.07968750000000005 0.4625 0.07968750000000006
0 0.42187500000000017 0.7578125 0.2968750000000001 0.7578125 0.2968750000000001 0.88125 0.42187500000000017 0.88125
0 0.3062500000000001 0.653125 0.2218750000000001 0.653125 0.2218750000000001 0.7421875 0.3062500000000001 0.7421875
0 0.3500000000000001 0.609375 0.2687500000000001 0.609375 0.2687500000000001 0.6734375 0.3500000000000001 0.6734375
0 0.3781250000000001 0.678125 0.3218750000000001 0.678125 0.3218750000000001 0.7765625 0.3781250000000001 0.7765625
0 0.3890625000000001 0.890625 0.2812500000000001 0.890625 0.2812500000000001 0.9453125 0.3890625000000001 0.9453125
0 0.4109375000000002 0.9203125 0.27812500000000007 0.9203125 0.27812500000000007 0.9953125 0.4109375000000002 0.9953125
0 0.2250000000000001 0.7484375 0.1437500000000001 0.7484375 0.1437500000000001 0.8265625 0.2250000000000001 0.8265625
0 0.1843750000000001 0.7328125 0.12031250000000009 0.7328125 0.12031250000000009 0.7921875 0.1843750000000001 0.7921875
0 0.30156250000000007 0.753125 0.22031250000000008 0.753125 0.22031250000000008 0.85625 0.30156250000000007 0.85625
0 0.1406250000000001 0.678125 8.304636106717989e-17 0.678125 1.0246849389740744e-16 0.9953125 0.14062500000000014 0.9953125
0 0.3656250000000001 0.7375 0.11250000000000009 0.7375 0.11250000000000011 0.9953125 0.3656250000000001 0.9953125
0 0.4703125000000002 0.85625 0.3046875000000001 0.85625 0.3046875000000001 0.9953125 0.4703125000000002 0.9953125
0 0.8265625 0.5546875000000002 0.7671875 0.5546875000000002 0.7671875 0.6031250000000001 0.8265625 0.6031250000000001
0 0.871875 0.5546875000000002 0.8265625 0.5546875000000002 0.8265625 0.6093750000000002 0.871875 0.6093750000000002
0 0.903125 0.5296875000000002 0.859375 0.5296875000000002 0.859375 0.5890625000000002 0.903125 0.5890625000000002
0 0.9234375 0.5656250000000002 0.8921875 0.5656250000000002 0.8921875 0.6000000000000002 0.9234375 0.6000000000000002
0 0.9234375 0.5843750000000002 0.875 0.5843750000000002 0.875 0.6187500000000001 0.9234375 0.6187500000000001
0 0.8765625 0.6046875000000002 0.8484375 0.6046875000000002 0.8484375 0.6234375000000002 0.8765625 0.6234375000000002
0 0.971875 0.5796875000000001 0.928125 0.5796875000000001 0.928125 0.6187500000000001 0.971875 0.6187500000000001
0 0.9796875 0.5546875000000002 0.94375 0.5546875000000002 0.94375 0.5937500000000002 0.9796875 0.5937500000000002
0 0.9765625 0.5156250000000002 0.93125 0.5156250000000002 0.93125 0.5640625000000001 0.9765625 0.5640625000000001
0 0.9640625 0.46093750000000017 0.915625 0.46093750000000017 0.915625 0.5203125000000002 0.9640625 0.5203125000000002
0 0.996875 0.4656250000000002 0.96875 0.4656250000000002 0.96875 0.5203125000000002 0.996875 0.5203125000000002
0 0.93125 0.44062500000000016 0.8921875 0.44062500000000016 0.8921875 0.5093750000000001 0.93125 0.5093750000000001
0 0.9359375 0.5156250000000002 0.903125 0.5156250000000002 0.903125 0.5750000000000002 0.9359375 0.5750000000000002
0 0.9046875 0.5000000000000002 0.8765625 0.5000000000000002 0.8765625 0.5296875000000002 0.9046875 0.5296875000000002
0 0.884375 0.4656250000000002 0.8390625 0.4656250000000002 0.8390625 0.5093750000000001 0.884375 0.5093750000000001
0 0.9796875 0.4265625000000002 0.94375 0.4265625000000002 0.94375 0.4750000000000002 0.9796875 0.4750000000000002
0 0.996875 0.4312500000000002 0.9765625 0.4312500000000002 0.9765625 0.46093750000000017 0.996875 0.46093750000000017
0 0.996875 0.40156250000000016 0.9765625 0.40156250000000016 0.9765625 0.4203125000000002 0.996875 0.4203125000000002
0 0.96875 0.3812500000000001 0.9328125 0.3812500000000001 0.9328125 0.44062500000000016 0.96875 0.44062500000000016
0 0.940625 0.3421875000000001 0.8953125 0.3421875000000001 0.8953125 0.3906250000000001 0.940625 0.3906250000000001
0 0.9203125 0.3609375000000001 0.884375 0.3609375000000001 0.884375 0.40625000000000017 0.9203125 0.40625000000000017
0 0.9359375 0.40156250000000016 0.8953125 0.40156250000000016 0.8953125 0.45625000000000016 0.9359375 0.45625000000000016
0 0.8921875 0.4265625000000002 0.84375 0.4265625000000002 0.84375 0.46093750000000017 0.8921875 0.46093750000000017
0 0.8875 0.3968750000000001 0.85625 0.3968750000000001 0.85625 0.42187500000000017 0.8875 0.42187500000000017
0 0.8796875 0.35625000000000007 0.8390625 0.35625000000000007 0.8390625 0.40156250000000016 0.8796875 0.40156250000000016
0 0.8484375 0.35625000000000007 0.8203125 0.35625000000000007 0.8203125 0.3968750000000001 0.8484375 0.3968750000000001
0 0.8546875 0.40156250000000016 0.815625 0.40156250000000016 0.815625 0.44531250000000017 0.8546875 0.44531250000000017
0 0.8515625 0.4359375000000002 0.81875 0.4359375000000002 0.81875 0.4703125000000002 0.8515625 0.4703125000000002
0 0.8515625 0.48437500000000017 0.803125 0.48437500000000017 0.803125 0.5546875000000002 0.8515625 0.5546875000000002
0 0.815625 0.5093750000000001 0.7796875 0.5093750000000001 0.7796875 0.5546875000000002 0.815625 0.5546875000000002
0 0.8265625 0.4656250000000002 0.7875 0.4656250000000002 0.7875 0.5140625000000002 0.8265625 0.5140625000000002
0 0.8203125 0.4312500000000002 0.784375 0.4312500000000002 0.784375 0.4750000000000002 0.8203125 0.4750000000000002
0 0.8203125 0.3812500000000001 0.7640625 0.3812500000000001 0.7640625 0.44531250000000017 0.8203125 0.44531250000000017
0 0.7671875 0.40625000000000017 0.73125 0.40625000000000017 0.73125 0.44531250000000017 0.7671875 0.44531250000000017
0 0.7921875 0.3656250000000001 0.75625 0.3656250000000001 0.75625 0.40625000000000017 0.7921875 0.40625000000000017
0 0.746875 0.3812500000000001 0.70625 0.3812500000000001 0.70625 0.4203125000000001 0.746875 0.4203125000000002
0 0.7390625 0.4156250000000001 0.6953125 0.415625 0.6953125 0.4562500000000001 0.7390625 0.45625000000000016
0 0.6984375 0.4265625 0.6546875 0.4265625 0.6546875 0.48125 0.6984375 0.48125
0 0.6703125 0.43125 0.63125 0.43125 0.63125 0.4953125 0.6703125 0.4953125
0 0.6421875 0.421875 0.6109375 0.421875 0.6109375 0.48125 0.6421875 0.48125
0 0.6828125 0.490625 0.6296875 0.490625 0.6296875 0.5546875 0.6828125 0.5546875
0 0.6984375 0.534375 0.6671875 0.534375 0.6671875 0.575 0.6984375 0.575
0 0.7234375 0.5 0.6875 0.5 0.6875 0.5546875 0.7234375 0.5546875
0 0.7625 0.4796875000000001 0.7234375 0.4796875 0.7234375 0.5203125000000001 0.7625 0.5203125000000002
0 0.7828125 0.44062500000000016 0.73125 0.44062500000000016 0.73125 0.5000000000000002 0.7828125 0.5000000000000002
0 0.775 0.5203125000000002 0.7265625 0.5203125000000002 0.7265625 0.5796875000000001 0.775 0.5796875000000001
0 0.33281250000000007 0.4546875 5.568315914873122e-17 0.4546875 6.324152611221879e-17 0.578125 0.33281250000000007 0.578125
0 0.2656250000000001 0.5640625 6.907773351440539e-17 0.5640625 7.33831324176578e-17 0.634375 0.2656250000000001 0.634375
0 0.871875 0.06875000000000009 0.49375 0.06875000000000006 0.49375 0.2375000000000001 0.871875 0.2375000000000001