0 0.996875 0.5437500000000002 0.8265625 0.5437500000000002 0.8265625 0.8890625 0.996875 0.8890625
0 0.996875 0.8265625 0.80625 0.8265625 0.80625 0.99375 0.996875 0.99375
0 0.8265625 0.6796875000000001 0.6625 0.6796875 0.6625000000000001 0.99375 0.8265625 0.99375
0 0.85 0.3703125000000001 0.640625 0.3703125000000001 0.6406250000000001 0.7406250000000001 0.85 0.7406250000000002
0 0.975 0.11718750000000011 0.7328125 0.11718750000000008 0.7328125 0.5734375000000002 0.975 0.5734375000000002
0 0.996875 0.006250000000000111 0.80625 0.0062500000000001 0.80625 0.3390625000000001 0.996875 0.3390625000000001
0 0.8328125 7.912366428866102e-17 0.459375 5.625721233583154e-17 0.459375 0.55 0.8328125 0.5500000000000002
0 0.6656250000000001 0.4265625 0.35625000000000007 0.4265625 0.35625000000000007 0.9875 0.6656250000000001 0.9875
0 0.6328125000000001 0.55625 0.2250000000000001 0.55625 0.2250000000000001 0.99375 0.6328125000000002 0.99375
0 0.7296875000000002 0.94375 0.5953125000000001 0.94375 0.5953125000000001 0.99375 0.7296875000000002 0.99375
0 0.3984375000000001 0.51875 0.15781250000000005 0.51875 0.15781250000000008 0.9375 0.3984375000000001 0.9375
0 0.2250000000000001 0.734375 8.993499931238375e-17 0.734375 1.0581713748882599e-16 0.99375 0.2250000000000001 0.99375
0 0.56875 6.371990376813572e-17 0.471875 5.778802083476573e-17 0.471875 0.08593750000000007 0.56875 0.08593750000000007
0 0.1453125 8.897824400054987e-18 0 0 8.706473337688215e-18 0.1421875 0.1453125 0.1421875
0 0.221875 0.043750000000000025 0.1453125 0.043750000000000025 0.1453125 0.15468750000000003 0.221875 0.15468750000000003
0 0.2609375 2.7554552980815448e-17 0.1890625 2.315347854637965e-17 0.1890625 0.06250000000000003 0.2609375 0.06250000000000003
0 0.325 0.018750000000000037 0.2703125 0.018750000000000034 0.2703125 0.10468750000000004 0.325 0.10468750000000004
0 0.4890625 5.472640383689735e-17 0.4046875 4.955992515299445e-17 0.4046875 0.10468750000000004 0.4890625 0.10468750000000004
0 0.4046875 4.563722837447558e-17 0.340625 4.171453159595672e-17 0.340625 0.06718750000000004 0.4046875 0.06718750000000004
0 0.415625 0.12968750000000004 0.340625 0.12968750000000004 0.340625 0.24687500000000004 0.415625 0.2468750000000001
0 0.4734375 0.10000000000000005 0.409375 0.10000000000000005 0.409375 0.21093750000000008 0.4734375 0.21093750000000008
0 0.4734375 0.19843750000000004 0.3953125 0.19843750000000004 0.3953125 0.3343750000000001 0.4734375 0.3343750000000001
0 0.4015625 0.27812500000000007 0.33125 0.278125 0.33125000000000004 0.4203125 0.4015625 0.4203125
0 0.334375 0.228125 0.2546875 0.228125 0.2546875 0.3578125 0.334375 0.3578125
0 0.340625 0.11718750000000004 0.2734375 0.11718750000000004 0.2734375 0.234375 0.340625 0.234375
0 0.2828125 0.11718750000000004 0.234375 0.11718750000000004 0.234375 0.215625 0.2828125 0.215625
0 0.2578125 0.17343750000000005 0.190625 0.17343750000000005 0.19062500000000002 0.271875 0.2578125 0.271875
0 0.228125 0.246875 0.16093750000000004 0.246875 0.16093750000000004 0.3578125 0.228125 0.3578125
0 0.19062500000000004 0.203125 0.14843750000000006 0.203125 0.14843750000000006 0.265625 0.19062500000000004 0.265625
0 0.16718750000000002 0.10625 0.115625 0.10625 0.11562500000000002 0.2046875 0.16718750000000004 0.2046875
0 0.3921875000000001 0.4625 0.3468750000000001 0.4625 0.3468750000000001 0.5375 0.3921875000000001 0.5375
0 0.45 0.3765625000000001 0.3921875000000001 0.3765625000000001 0.3921875000000001 0.475 0.45 0.475
0 0.23437500000000008 0.3828125 0.13906250000000003 0.3828125 0.13906250000000003 0.525 0.23437500000000008 0.525
0 0.13281250000000006 0.315625 0.032812500000000036 0.315625 0.03281250000000004 0.4640625 0.13281250000000006 0.4640625
0 0.16406250000000006 0.259375 0.08281250000000002 0.259375 0.08281250000000004 0.3828125 0.16406250000000006 0.3828125
0 0.11875000000000002 0.1484375 0.042187500000000024 0.1484375 0.04218750000000003 0.259375 0.11875000000000005 0.259375
0 0.01875000000000001 0.0484375 5.931882933369992e-18 0.0484375 1.1576739273189824e-17 0.140625 0.018750000000000017 0.140625
0 0.03906250000000003 0.1484375 1.8178350924843523e-17 0.1484375 2.4205909389396902e-17 0.246875 0.039062500000000035 0.246875
0 0.05156250000000003 0.2046875 2.5066989170047385e-17 0.2046875 3.4156164632469147e-17 0.353125 0.051562500000000046 0.353125
0 0.07343750000000006 0.3765625 4.6115606030392526e-17 0.3765625 5.702261658529863e-17 0.5546875 0.07343750000000007 0.5546875
0 0.15156250000000007 0.4265625 0.06718750000000004 0.4265625 0.06718750000000005 0.5859375 0.1515625000000001 0.5859375
0 0.032812500000000064 0.49375 6.046693570790056e-17 0.49375 6.840800479612169e-17 0.6234375 0.03281250000000008 0.6234375