0 0.996875 0.6171875000000002 0.8359375 0.6171875000000002 0.8359375 0.9953125 0.996875 0.9953125
0 0.9671875 0.3000000000000001 0.684375 0.3000000000000001 0.6843750000000001 0.7375 0.9671875 0.7375000000000002
0 0.996875 0.5406250000000001 0.95625 0.5406250000000001 0.95625 0.6234375000000002 0.996875 0.6234375000000002
0 0.996875 0.18593750000000012 0.86875 0.1859375000000001 0.86875 0.5468750000000002 0.996875 0.5468750000000002
0 0.8703125 0.2953125000000001 0.815625 0.2953125000000001 0.815625 0.3984375000000001 0.8703125 0.3984375000000001
0 0.9125 0.3500000000000001 0.865625 0.3500000000000001 0.865625 0.4312500000000002 0.9125 0.4312500000000002
0 0.8578125 0.6828125 0.640625 0.6828125 0.6406250000000001 0.9953125 0.8578125 0.9953125
0 0.7343750000000001 0.5515625000000001 0.5125 0.5515625 0.5125000000000001 0.8796875 0.7343750000000002 0.8796875
0 0.6625000000000002 0.7765625 0.35625000000000007 0.7765625 0.35625000000000007 0.9953125 0.6625000000000002 0.9953125
0 0.3750000000000001 0.875 0.05468750000000011 0.875 0.05468750000000011 0.9953125 0.3750000000000001 0.9953125
0 0.3234375000000001 0.5734375 7.022583988860603e-17 0.5734375 9.299661631025212e-17 0.9453125 0.3234375000000001 0.9453125
0 0.5203125000000001 0.4375 0.2296875000000001 0.4375 0.2296875000000001 0.875 0.5203125000000002 0.875
0 0.5453125000000001 0.453125 0.4328125 0.453125 0.4328125000000001 0.7328125 0.5453125000000002 0.7328125
0 0.3421875000000001 0.39375 0.16406250000000006 0.39375 0.16406250000000006 0.6171875 0.3421875000000001 0.6171875
0 0.16406250000000006 0.4375 5.357829746269671e-17 0.4375 6.429395695523605e-17 0.6125 0.16406250000000008 0.6125
0 0.2296875000000001 0.5734375 0.14218750000000008 0.5734375 0.14218750000000008 0.6390625 0.2296875000000001 0.6390625
0 0.821875 0.0984375000000001 0.58125 0.09843750000000007 0.58125 0.5906250000000001 0.821875 0.5906250000000002
0 0.909375 0.015625000000000104 0.7671875 0.015625000000000094 0.7671875 0.2296875000000001 0.909375 0.2296875000000001
0 0.971875 0.1250000000000001 0.884375 0.12500000000000008 0.884375 0.2296875000000001 0.971875 0.2296875000000001
0 0.996875 0.14218750000000013 0.975 0.14218750000000013 0.975 0.2515625000000001 0.996875 0.2515625000000001
0 0.996875 0.03281250000000012 0.9125 0.03281250000000011 0.9125 0.16406250000000014 0.996875 0.16406250000000014
0 0.93125 1.0600848855119278e-16 0.8 9.797174393178826e-17 0.8 0.0812500000000001 0.93125 0.08125000000000011
0 0.9953125 1.174895522931992e-16 0.9234375 1.130884778587634e-16 0.9234375 0.07031250000000011 0.9953125 0.07031250000000011
0 0.29375 1.798699986247675e-17 0 0 8.993499931238376e-18 0.14687500000000003 0.29375 0.14687500000000003
0 0.24375000000000005 0.054687500000000014 0.025000000000000012 0.0546875 0.02500000000000003 0.3875 0.24375000000000008 0.3875
0 0.4328125 0.054687500000000035 0.196875 0.05468750000000002 0.19687500000000002 0.38281250000000006 0.4328125 0.3828125000000001
0 0.334375 3.7983185879804626e-17 0.2859375 3.501724441311963e-17 0.2859375 0.059375000000000046 0.334375 0.059375000000000046
0 0.03281250000000002 0.0875 1.071565949253934e-17 0.0875 2.3727531733479965e-17 0.3 0.032812500000000036 0.3
0 0.15625000000000006 0.2890625 3.539994653785318e-17 0.2890625 4.5158850718558645e-17 0.4484375 0.15625000000000006 0.4484375
0 0.9234375 1.0112903646084002e-16 0.728125 8.916959506291665e-17 0.728125 0.0656250000000001 0.9234375 0.06562500000000011
0 0.7609375 8.22809568177128e-17 0.5828125 7.137394626280668e-17 0.5828125 0.14218750000000008 0.7609375 0.14218750000000008
0 0.6734375 0.048437500000000064 0.4796875 0.04843750000000006 0.4796875 0.3062500000000001 0.6734375 0.3062500000000001
0 0.6140625 0.2078125000000001 0.396875 0.2078125000000001 0.39687500000000003 0.48125 0.6140625 0.48125
0 0.5453125 5.3865324056246864e-17 0.334375 4.0949127346489623e-17 0.334375 0.13593750000000007 0.5453125 0.1359375000000001
0 0.4875 0.12500000000000006 0.421875 0.12500000000000006 0.421875 0.2515625000000001 0.4875 0.2515625000000001