0 0.8515625 0.5953125000000001 0.6671875 0.5953125 0.6671875 0.8984375 0.8515625 0.8984375
0 0.934375 0.6296875000000002 0.846875 0.6296875000000002 0.846875 0.8125 0.934375 0.8125
0 0.9765625 0.5593750000000002 0.86875 0.5593750000000002 0.86875 0.7031250000000002 0.9765625 0.7031250000000002
0 0.90625 0.3375000000000001 0.7359375 0.3375000000000001 0.7359375 0.6234375000000002 0.90625 0.6234375000000002
0 0.7750000000000001 0.840625 0.5906250000000002 0.840625 0.5906250000000002 0.99375 0.7750000000000001 0.99375
0 0.7781250000000002 0.978125 0.6937500000000002 0.978125 0.6937500000000002 0.9953125 0.7781250000000002 0.9953125
0 0.5875000000000001 0.45625 0.3468750000000001 0.45625 0.3468750000000001 0.86875 0.5875000000000001 0.86875
0 0.6703125000000001 0.6578125 0.4859375 0.6578125 0.4859375000000001 0.9140625 0.6703125000000002 0.9140625
0 0.75 0.3437500000000001 0.5453125 0.3437500000000001 0.5453125 0.675 0.75 0.6750000000000002
0 0.3437500000000001 0.475 0.10468750000000004 0.475 0.10468750000000007 0.8796875 0.3437500000000001 0.8796875
0 0.4203125 0.07968750000000004 0.190625 0.07968750000000002 0.19062500000000002 0.53125 0.4203125 0.53125
0 0.65625 0.15937500000000007 0.4125 0.15937500000000004 0.4125 0.46875 0.65625 0.46875
0 0.775 0.028125000000000084 0.5421875 0.028125000000000067 0.5421875 0.3375000000000001 0.775 0.3375000000000001
0 0.78125 0.2171875000000001 0.715625 0.2171875000000001 0.715625 0.3421875000000001 0.78125 0.3421875000000001
0 0.6046875 6.620746757890379e-17 0.4765625 5.836207402186604e-17 0.4765625 0.16562500000000008 0.6046875 0.16562500000000008
0 0.50625 0.05781250000000006 0.3578125 0.057812500000000044 0.3578125 0.27968750000000003 0.50625 0.2796875000000001
0 0.2921875 0.04062500000000002 0.1359375 0.04062500000000001 0.13593750000000002 0.3265625 0.2921875 0.3265625
0 0.23593750000000005 0.2921875 0.15000000000000005 0.2921875 0.15000000000000005 0.475 0.23593750000000008 0.475
0 0.09687500000000007 0.565625 0.042187500000000065 0.565625 0.04218750000000008 0.7265625 0.09687500000000009 0.7265625
0 0.3031250000000001 0.7890625 0.11562500000000009 0.7890625 0.11562500000000012 0.93125 0.3031250000000001 0.93125
0 0.4265625000000002 0.8859375 0.20468750000000008 0.8859375 0.20468750000000008 0.99375 0.4265625000000002 0.99375
0 0.06250000000000001 3.8270212473354795e-18 0 0 6.31458505810354e-18 0.103125 0.06250000000000003 0.103125
0 0.4859375 4.7646414529326714e-17 0.2921875 3.5782648662586727e-17 0.2921875 0.06875000000000006 0.4859375 0.06875000000000006