0 0.15625000000000014 0.9296875 0.04375000000000011 0.9296875 0.043750000000000115 0.9953125 0.15625000000000014 0.9953125
0 0.2875000000000001 0.634375 0.15625000000000008 0.634375 0.15625000000000008 0.846875 0.2875000000000001 0.846875
0 0.3281250000000001 0.4421875 0.19687500000000005 0.4421875 0.19687500000000008 0.65625 0.3281250000000001 0.65625
0 0.35000000000000003 0.3546875 0.3015625 0.3546875 0.30156250000000007 0.415625 0.3500000000000001 0.415625
0 0.3453125 0.19687500000000005 0.2296875 0.19687500000000005 0.22968750000000004 0.371875 0.3453125000000001 0.371875
0 0.12031250000000004 0.35 0.018750000000000044 0.35 0.01875000000000005 0.5078125 0.12031250000000004 0.5078125
0 0.04687500000000009 0.64375 7.883663769511086e-17 0.64375 8.859554187581632e-17 0.803125 0.0468750000000001 0.803125
0 0.6078125000000001 0.51875 0.4765625 0.51875 0.4765625000000001 0.7265625 0.6078125000000002 0.7265625
0 0.7093750000000001 0.6828125 0.6 0.6828125 0.6000000000000001 0.765625 0.7093750000000002 0.765625
0 0.8375 0.5843750000000001 0.6953125 0.584375 0.6953125000000001 0.7656250000000001 0.8375 0.7656250000000002
0 0.9421875 0.6234375000000002 0.825 0.6234375000000002 0.825 0.7375000000000002 0.9421875 0.7375000000000002
0 0.996875 0.40937500000000016 0.9234375 0.40937500000000016 0.9234375 0.6453125000000002 0.996875 0.6453125000000002
0 0.9375 0.3765625000000001 0.7671875 0.3765625000000001 0.7671875 0.6609375000000002 0.9375 0.6609375000000002
0 0.95625 0.2906250000000001 0.8515625 0.2906250000000001 0.8515625 0.4437500000000002 0.95625 0.4437500000000002
0 0.8984375 0.14218750000000008 0.796875 0.14218750000000008 0.796875 0.2734375000000001 0.8984375 0.2734375000000001
0 0.8765625 0.23593750000000008 0.7375 0.23593750000000008 0.7375 0.42187500000000017 0.8765625 0.42187500000000017
0 0.7671875 0.27812500000000007 0.6078125 0.27812500000000007 0.6078125 0.4593750000000001 0.7671875 0.4593750000000002
0 0.759375 0.4484375000000001 0.5890625 0.4484375 0.5890625 0.6781250000000001 0.759375 0.6781250000000002
0 0.621875 0.3437500000000001 0.4796875 0.3437500000000001 0.4796875 0.5359375 0.621875 0.5359375
0 0.5390625 0.415625 0.37187500000000007 0.415625 0.37187500000000007 0.628125 0.5390625 0.628125
0 0.50625 0.3437500000000001 0.378125 0.3437500000000001 0.37812500000000004 0.4265625 0.50625 0.4265625
0 0.5640625 0.2515625000000001 0.4625 0.2515625000000001 0.4625 0.3656250000000001 0.5640625 0.3656250000000001
0 0.6875 0.1687500000000001 0.5640625 0.1687500000000001 0.5640625 0.3609375000000001 0.6875 0.3609375000000001
0 0.7640625 0.07031250000000008 0.625 0.07031250000000007 0.625 0.2515625000000001 0.7640625 0.2515625000000001
0 0.8 0.20312500000000008 0.7125 0.20312500000000008 0.7125 0.2906250000000001 0.8 0.2906250000000001
0 0.625 0.08281250000000007 0.5125 0.08281250000000007 0.5125 0.2468750000000001 0.625 0.2468750000000001