0 0.7937500000000002 0.8125 0.7234375000000002 0.8125 0.7234375000000002 0.9265625 0.7937500000000002 0.9265625
0 0.85625 0.7218750000000002 0.7796875 0.7218750000000002 0.7796875000000001 0.8515625 0.85625 0.8515625
0 0.7765625 0.7093750000000001 0.6953125 0.709375 0.6953125000000001 0.8296875 0.7765625000000002 0.8296875
0 0.8421875 0.6359375000000002 0.759375 0.6359375000000002 0.7593750000000001 0.7562500000000002 0.8421875 0.7562500000000002
0 0.7765625 0.5578125 0.6921875 0.5578125 0.6921875 0.7109375000000001 0.7765625 0.7109375000000002
0 0.8109375 0.5234375000000002 0.7484375 0.5234375000000002 0.7484375 0.6203125000000002 0.8109375 0.6203125000000002
0 0.84375 0.4546875000000002 0.7703125 0.4546875000000002 0.7703125 0.5515625000000002 0.84375 0.5515625000000002
0 0.8859375 0.5062500000000002 0.8296875 0.5062500000000002 0.8296875 0.6031250000000001 0.8859375 0.6031250000000001
0 0.9375 0.47187500000000016 0.8640625 0.47187500000000016 0.8640625 0.5796875000000001 0.9375 0.5796875000000001
0 0.88125 0.4031250000000002 0.828125 0.4031250000000002 0.828125 0.4890625000000002 0.88125 0.4890625000000002
0 0.9828125 0.4312500000000002 0.90625 0.4312500000000002 0.90625 0.5000000000000002 0.9828125 0.5000000000000002
0 0.90625 0.36406250000000007 0.853125 0.36406250000000007 0.853125 0.4265625000000002 0.90625 0.4265625000000002
0 0.9265625 0.2890625000000001 0.8671875 0.2890625000000001 0.8671875 0.3921875000000001 0.9265625 0.3921875000000001
0 0.9859375 0.3578125000000001 0.909375 0.3578125000000001 0.909375 0.4265625000000002 0.9859375 0.4265625000000002
0 0.971875 0.2671875000000001 0.9203125 0.2671875000000001 0.9203125 0.3515625000000001 0.971875 0.3515625000000001
0 0.9546875 0.2000000000000001 0.8953125 0.2000000000000001 0.8953125 0.2906250000000001 0.9546875 0.2906250000000001
0 0.9015625 0.1765625000000001 0.85 0.1765625000000001 0.85 0.2671875000000001 0.9015625 0.2671875000000001
0 0.6640625000000002 0.88125 0.5984375000000002 0.88125 0.5984375000000002 0.978125 0.6640625000000002 0.978125
0 0.5953125000000001 0.9203125 0.5218750000000002 0.9203125 0.5218750000000002 0.99375 0.5953125000000001 0.99375
0 0.6125000000000002 0.7953125 0.5218750000000002 0.7953125 0.5218750000000002 0.93125 0.6125000000000002 0.93125
0 0.6718750000000001 0.7046875 0.5875 0.7046875 0.5875000000000001 0.8640625 0.6718750000000002 0.8640625
0 0.5843750000000002 0.7609375 0.5203125000000002 0.7609375 0.5203125000000002 0.8359375 0.5843750000000002 0.8359375
0 0.6156250000000001 0.63125 0.534375 0.63125 0.534375 0.75 0.6156250000000002 0.75
0 0.675 0.5734375 0.6078125 0.5734375 0.6078125 0.6875 0.675 0.6875
0 0.696875 0.590625 0.66875 0.590625 0.66875 0.653125 0.696875 0.653125
0 0.7140625 0.5234375 0.6640625 0.5234375 0.6640625 0.590625 0.7140625 0.590625
0 0.6609375 0.5390625 0.6046875 0.5390625 0.6046875 0.596875 0.6609375 0.596875
0 0.60625 0.528125 0.5359375 0.528125 0.5359375 0.6421875 0.60625 0.6421875
0 0.5359375000000001 0.6875 0.4484375 0.6875 0.4484375000000001 0.80625 0.5359375000000002 0.80625
0 0.4828125000000002 0.7953125 0.4468750000000002 0.7953125 0.4468750000000002 0.8234375 0.4828125000000002 0.8234375
0 0.4515625000000001 0.6875 0.3750000000000001 0.6875 0.3750000000000001 0.81875 0.4515625000000002 0.81875
0 0.4859375 0.5796875 0.3984375000000001 0.5796875 0.3984375000000001 0.715625 0.4859375 0.715625
0 0.525 0.55625 0.465625 0.55625 0.465625 0.625 0.525 0.625
0 0.5484375 0.6078125 0.4859375 0.6078125 0.4859375 0.7109375 0.5484375 0.7109375
0 0.5703125 0.4609375 0.49375 0.4609375 0.49375 0.5859375 0.5703125 0.5859375
0 0.6046875 0.4890625 0.5671875 0.4890625 0.5671875 0.55625 0.6046875 0.55625
0 0.675 0.4375 0.590625 0.4375 0.590625 0.5453125 0.675 0.5453125
0 0.70625 0.45 0.6578125 0.45 0.6578125 0.540625 0.70625 0.540625
0 0.7421875 0.34062500000000007 0.671875 0.34062500000000007 0.671875 0.4546875000000001 0.7421875 0.4546875000000002
0 0.821875 0.3859375000000001 0.7546875 0.3859375000000001 0.7546875 0.4890625000000002 0.821875 0.4890625000000002
0 0.853125 0.3296875000000001 0.7765625 0.3296875000000001 0.7765625 0.40937500000000016 0.853125 0.40937500000000016
0 0.875 0.2953125000000001 0.8296875 0.2953125000000001 0.8296875 0.36406250000000007 0.875 0.36406250000000007
0 0.878125 0.2171875000000001 0.8140625 0.2171875000000001 0.8140625 0.3078125000000001 0.878125 0.3078125000000001
0 0.825 0.2562500000000001 0.759375 0.2562500000000001 0.759375 0.3531250000000001 0.825 0.3531250000000001
0 0.7796875 0.3187500000000001 0.7234375 0.3187500000000001 0.7234375 0.4203125000000001 0.7796875 0.4203125000000002
0 0.4015625 0.603125 0.3531250000000001 0.603125 0.3531250000000001 0.7 0.4015625 0.7
0 0.4296875 0.56875 0.3781250000000001 0.56875 0.3781250000000001 0.61875 0.4296875 0.61875
0 0.478125 0.465625 0.39531250000000007 0.465625 0.39531250000000007 0.5734375 0.478125 0.5734375
0 0.5171875 0.409375 0.4515625 0.409375 0.4515625 0.528125 0.5171875 0.528125
0 0.5703125 0.3187500000000001 0.49375 0.3187500000000001 0.49375 0.4265625 0.5703125 0.4265625
0 0.590625 0.3921875000000001 0.525 0.3921875000000001 0.525 0.4890625 0.590625 0.4890625
0 0.671875 0.3578125000000001 0.6046875 0.3578125000000001 0.6046875 0.4609375 0.671875 0.4609375
0 0.6234375 0.3468750000000001 0.58125 0.3468750000000001 0.58125 0.43125 0.6234375 0.43125
0 0.609375 0.30156250000000007 0.553125 0.30156250000000007 0.553125 0.3859375000000001 0.609375 0.3859375000000001
0 0.6578125 0.1828125000000001 0.5765625 0.1828125000000001 0.5765625 0.3359375000000001 0.6578125 0.3359375000000001
0 0.66875 0.2953125000000001 0.6234375 0.2953125000000001 0.6234375 0.3578125000000001 0.66875 0.3578125000000001
0 0.73125 0.2453125000000001 0.6609375 0.2453125000000001 0.6609375 0.3421875000000001 0.73125 0.3421875000000001
0 0.70625 0.2093750000000001 0.653125 0.2093750000000001 0.653125 0.2843750000000001 0.70625 0.2843750000000001
0 0.7796875 0.1765625000000001 0.703125 0.1765625000000001 0.703125 0.2843750000000001 0.7796875 0.2843750000000001
0 0.759375 0.2609375000000001 0.73125 0.2609375000000001 0.73125 0.3187500000000001 0.759375 0.3187500000000001
0 0.81875 0.1593750000000001 0.7734375 0.1593750000000001 0.7734375 0.2500000000000001 0.81875 0.2500000000000001
0 0.8390625 0.1140625000000001 0.7828125 0.1140625000000001 0.7828125 0.18125000000000008 0.8390625 0.18125000000000008
0 0.8640625 0.1593750000000001 0.821875 0.1593750000000001 0.821875 0.2093750000000001 0.8640625 0.2093750000000001
0 0.8640625 0.12500000000000008 0.8328125 0.12500000000000008 0.8328125 0.1593750000000001 0.8640625 0.1593750000000001
0 0.8 0.0906250000000001 0.7625 0.0906250000000001 0.7625 0.1140625000000001 0.8 0.1140625000000001
0 0.7796875 0.08593750000000008 0.709375 0.08593750000000008 0.709375 0.1828125000000001 0.7796875 0.1828125000000001
0 0.7171875 0.10312500000000009 0.6890625 0.10312500000000009 0.6890625 0.1828125000000001 0.7171875 0.1828125000000001
0 0.7140625 0.14843750000000008 0.64375 0.14843750000000008 0.64375 0.2328125000000001 0.7140625 0.2328125000000001
0 0.696875 0.07968750000000008 0.6265625 0.07968750000000006 0.6265625 0.1765625000000001 0.696875 0.1765625000000001
0 0.609375 0.14218750000000008 0.55 0.14218750000000008 0.55 0.2218750000000001 0.609375 0.2218750000000001
0 0.61875 0.06250000000000007 0.5484375 0.06250000000000007 0.5484375 0.14843750000000008 0.61875 0.14843750000000008
0 0.65 7.491394091659199e-17 0.5734375 7.022583988860603e-17 0.5734375 0.09687500000000007 0.65 0.09687500000000009
0 0.6390625 0.07343750000000007 0.615625 0.07343750000000007 0.615625 0.14218750000000008 0.6390625 0.14218750000000008
0 0.5484375 0.14843750000000006 0.5109375 0.14843750000000006 0.5109375 0.22812500000000008 0.5484375 0.22812500000000008
0 0.5734375 0.22656250000000008 0.5203125 0.22656250000000008 0.5203125 0.3125000000000001 0.5734375 0.3125000000000001
0 0.5453125 0.2500000000000001 0.475 0.2500000000000001 0.475 0.3515625000000001 0.5453125 0.3515625000000001
0 0.503125 0.3531250000000001 0.4546875 0.3531250000000001 0.4546875 0.4328125 0.503125 0.4328125
0 0.471875 0.2953125000000001 0.3921875 0.2953125000000001 0.3921875 0.415625 0.471875 0.415625
0 0.4515625 0.3750000000000001 0.3812500000000001 0.3750000000000001 0.3812500000000001 0.4828125 0.4515625 0.4828125
0 0.3750000000000001 0.534375 0.2984375000000001 0.534375 0.2984375000000001 0.659375 0.3750000000000001 0.659375
0 0.36406250000000007 0.4609375 0.2765625000000001 0.4609375 0.2765625000000001 0.5578125 0.36406250000000007 0.5578125
0 0.2968750000000001 0.540625 0.2484375000000001 0.540625 0.2484375000000001 0.590625 0.2968750000000001 0.590625
0 0.27031250000000007 0.471875 0.2000000000000001 0.471875 0.2000000000000001 0.55625 0.27031250000000007 0.55625
0 0.2968750000000001 0.4609375 0.2593750000000001 0.4609375 0.2593750000000001 0.528125 0.2968750000000001 0.528125
0 0.39531250000000007 0.471875 0.3531250000000001 0.471875 0.3531250000000001 0.534375 0.39531250000000007 0.534375
0 0.38593750000000004 0.35781250000000003 0.315625 0.3578125 0.31562500000000004 0.478125 0.3859375000000001 0.478125
0 0.353125 0.2890625 0.2734375 0.2890625 0.27343750000000006 0.409375 0.3531250000000001 0.409375
0 0.3109375000000001 0.403125 0.2453125000000001 0.403125 0.2453125000000001 0.478125 0.3109375000000001 0.478125
0 0.24218750000000008 0.4328125 0.21093750000000008 0.4328125 0.21093750000000008 0.478125 0.24218750000000008 0.478125
0 0.409375 0.23281250000000003 0.3328125 0.2328125 0.3328125 0.34062500000000007 0.409375 0.34062500000000007
0 0.4625 0.17656250000000004 0.3890625 0.17656250000000004 0.3890625 0.2953125000000001 0.4625 0.2953125000000001
0 0.4765625 0.2562500000000001 0.4453125 0.2562500000000001 0.4453125 0.3359375000000001 0.4765625 0.3359375000000001
0 0.528125 0.18125000000000005 0.4546875 0.18125000000000005 0.4546875 0.2562500000000001 0.528125 0.2562500000000001
0 0.525 0.13125000000000003 0.4515625 0.13125000000000003 0.4515625 0.19843750000000004 0.525 0.19843750000000004
0 0.553125 0.14218750000000008 0.5140625 0.14218750000000005 0.5140625 0.22656250000000008 0.553125 0.22656250000000008
0 0.5453125 0.05156250000000007 0.4796875 0.05156250000000007 0.4796875 0.14218750000000008 0.5453125 0.14218750000000008
0 0.5765625 0.028125000000000067 0.528125 0.028125000000000067 0.528125 0.07968750000000006 0.5765625 0.07968750000000006
0 0.4859375 0.05156250000000005 0.440625 0.051562500000000046 0.440625 0.15312500000000004 0.4859375 0.15312500000000004
0 0.4546875 0.039062500000000056 0.4234375 0.039062500000000056 0.4234375 0.09687500000000006 0.4546875 0.09687500000000007
0 0.440625 0.09687500000000004 0.4125 0.09687500000000004 0.4125 0.14218750000000005 0.440625 0.14218750000000005
0 0.4484375 0.13593750000000004 0.3890625 0.13593750000000004 0.3890625 0.21093750000000008 0.4484375 0.21093750000000008
0 0.3953125 0.12500000000000006 0.359375 0.12500000000000006 0.359375 0.17656250000000004 0.3953125 0.17656250000000004
0 0.409375 0.09687500000000004 0.3875 0.09687500000000004 0.3875 0.13593750000000004 0.409375 0.13593750000000004
0 0.4015625 0.17031250000000003 0.3671875 0.17031250000000003 0.3671875 0.22812500000000008 0.4015625 0.22812500000000008
0 0.38125 0.14843750000000006 0.3140625 0.14843750000000006 0.3140625 0.21562500000000004 0.38125 0.2156250000000001
0 0.35625 0.17656250000000004 0.290625 0.17656250000000004 0.290625 0.2890625 0.35625 0.2890625
0 0.2859375 0.2046875 0.2203125 0.2046875 0.2203125 0.271875 0.2859375 0.271875
0 0.2875 0.2671875 0.23125 0.2671875 0.23125 0.340625 0.2875 0.340625
0 0.28750000000000003 0.3125 0.228125 0.3125 0.22812500000000005 0.4375 0.2875000000000001 0.4375
0 0.225 0.25625 0.19687500000000005 0.25625 0.19687500000000005 0.3234375 0.225 0.3234375
0 0.23437500000000006 0.30625 0.17500000000000004 0.30625 0.17500000000000004 0.3921875 0.23437500000000008 0.3921875
0 0.26875000000000004 0.3296875 0.19218750000000004 0.3296875 0.19218750000000004 0.409375 0.2687500000000001 0.409375
0 0.18593750000000003 0.3984375 0.12656250000000005 0.3984375 0.12656250000000005 0.4375 0.18593750000000003 0.4375
0 0.20000000000000004 0.2890625 0.15000000000000005 0.2890625 0.15000000000000005 0.3921875 0.2000000000000001 0.3921875
0 0.17187500000000006 0.3296875 0.12656250000000005 0.3296875 0.12656250000000005 0.409375 0.17187500000000006 0.409375
0 0.12968750000000004 0.3359375 0.07031250000000004 0.3359375 0.07031250000000004 0.4203125 0.12968750000000004 0.4203125
0 0.06250000000000004 0.3859375 0.010937500000000048 0.3859375 0.01093750000000005 0.4375 0.06250000000000004 0.4375