0 0.934375 0.890625 0.825 0.890625 0.825 0.9953125 0.934375 0.9953125
0 0.99375 0.9515625 0.9390625 0.9515625 0.9390625 0.9953125 0.99375 0.9953125
0 0.996875 0.934375 0.98125 0.934375 0.98125 0.9953125 0.996875 0.9953125
0 0.9890625 0.875 0.9125 0.875 0.9125 0.95625 0.9890625 0.95625
0 0.996875 0.7000000000000002 0.90625 0.7000000000000002 0.90625 0.86875 0.996875 0.86875
0 0.996875 0.8578125 0.9390625 0.8578125 0.9390625 0.9125 0.996875 0.9125
0 0.8734375 0.7546875000000002 0.7671875000000001 0.7546875000000002 0.7671875000000001 0.875 0.8734375 0.875
0 0.8984375 0.853125 0.8078125 0.853125 0.8078125 0.95625 0.8984375 0.95625
0 0.9125 0.7484375000000002 0.8546875 0.7484375000000002 0.8546875 0.8640625 0.9125 0.8640625
0 0.821875 0.8859375 0.7531250000000002 0.8859375 0.7531250000000002 0.9734375 0.821875 0.9734375
0 0.840625 0.95625 0.7671875000000001 0.95625 0.7671875000000001 0.9953125 0.840625 0.9953125
0 0.7640625000000002 0.8203125 0.6984375000000002 0.8203125 0.6984375000000002 0.9234375 0.7640625000000002 0.9234375
0 0.7640625000000002 0.7437500000000001 0.7234375000000002 0.74375 0.7234375000000002 0.8359375 0.7640625000000002 0.8359375
0 0.8078125 0.6562500000000002 0.728125 0.6562500000000002 0.7281250000000001 0.7921875000000002 0.8078125 0.7921875000000002
0 0.884375 0.6125000000000002 0.8046875 0.6125000000000002 0.8046875 0.7437500000000001 0.884375 0.7437500000000001
0 0.9203125 0.6390625000000002 0.865625 0.6390625000000002 0.865625 0.7484375000000002 0.9203125 0.7484375000000002
0 0.9859375 0.6015625000000002 0.928125 0.6015625000000002 0.928125 0.6937500000000002 0.9859375 0.6937500000000002
0 0.996875 0.6500000000000001 0.978125 0.6500000000000001 0.978125 0.7000000000000002 0.996875 0.7000000000000002
0 0.95625 0.6828125000000002 0.8984375 0.6828125000000002 0.8984375 0.7484375000000002 0.95625 0.7484375000000002
0 0.934375 0.5578125000000002 0.8875 0.5578125000000002 0.8875 0.6453125000000002 0.934375 0.6453125000000002
0 0.996875 0.5359375000000002 0.9671875 0.5359375000000002 0.9671875 0.6234375000000002 0.996875 0.6234375000000002
0 0.996875 0.4156250000000002 0.95625 0.4156250000000002 0.95625 0.5359375000000002 0.996875 0.5359375000000002
0 0.9890625 0.46406250000000016 0.8984375 0.46406250000000016 0.8984375 0.6015625000000002 0.9890625 0.6015625000000002
0 0.9421875 0.5296875000000002 0.8578125 0.5296875000000002 0.8578125 0.6171875000000002 0.9421875 0.6171875000000002
0 0.8984375 0.5578125000000002 0.840625 0.5578125000000002 0.840625 0.6343750000000001 0.8984375 0.6343750000000001
0 0.84375 0.4968750000000002 0.753125 0.4968750000000002 0.753125 0.6234375000000002 0.84375 0.6234375000000002
0 0.9171875 0.3828125000000001 0.815625 0.3828125000000001 0.815625 0.5468750000000002 0.9171875 0.5468750000000002
0 0.975 0.3546875000000001 0.9015625 0.3546875000000001 0.9015625 0.4703125000000002 0.975 0.4703125000000002
0 0.86875 0.3218750000000001 0.7640625 0.3218750000000001 0.7640625 0.43750000000000017 0.86875 0.43750000000000017
0 0.934375 0.20312500000000008 0.8296875 0.20312500000000008 0.8296875 0.3343750000000001 0.934375 0.3343750000000001
0 0.95625 0.2687500000000001 0.90625 0.2687500000000001 0.90625 0.3453125000000001 0.95625 0.3453125000000001
0 0.9203125 0.3453125000000001 0.865625 0.3453125000000001 0.865625 0.3890625000000001 0.9203125 0.3890625000000001
0 0.846875 0.1906250000000001 0.734375 0.1906250000000001 0.734375 0.31718750000000007 0.846875 0.31718750000000007
0 0.8734375 0.15781250000000008 0.821875 0.15781250000000008 0.821875 0.21875000000000008 0.8734375 0.21875000000000008
0 0.8796875 0.09218750000000012 0.84375 0.09218750000000012 0.84375 0.16406250000000008 0.8796875 0.16406250000000008
0 0.84375 0.0875000000000001 0.778125 0.08750000000000009 0.778125 0.1906250000000001 0.84375 0.1906250000000001
0 0.865625 0.015625000000000104 0.8 0.0156250000000001 0.8 0.0875000000000001 0.865625 0.0875000000000001
0 0.8328125 9.778039286942148e-17 0.7640625 9.357066949735246e-17 0.7640625 0.037500000000000096 0.8328125 0.0375000000000001
0 0.8109375 0.06562500000000009 0.7484375 0.06562500000000009 0.7484375 0.1687500000000001 0.8109375 0.1687500000000001
0 0.9046875 0.1687500000000001 0.865625 0.1687500000000001 0.865625 0.2078125000000001 0.9046875 0.2078125000000001
0 0.9234375 0.13125000000000012 0.8796875 0.1312500000000001 0.8796875 0.1750000000000001 0.9234375 0.17500000000000013
0 0.95625 0.1640625000000001 0.9015625 0.16406250000000008 0.9015625 0.2296875000000001 0.95625 0.2296875000000001
0 0.996875 0.19062500000000013 0.9703125 0.19062500000000013 0.9703125 0.2734375000000001 0.996875 0.2734375000000001
0 0.996875 0.12656250000000013 0.95625 0.12656250000000013 0.95625 0.2140625000000001 0.996875 0.2140625000000001
0 0.996875 0.2796875000000001 0.9640625 0.2796875000000001 0.9640625 0.3453125000000001 0.996875 0.3453125000000001
0 0.9859375 0.07656250000000012 0.928125 0.07656250000000012 0.928125 0.14218750000000013 0.9859375 0.14218750000000013
0 0.996875 0.0718750000000001 0.978125 0.0718750000000001 0.978125 0.12656250000000013 0.996875 0.12656250000000013
0 0.996875 0.010937500000000117 0.9390625 0.010937500000000114 0.9390625 0.07656250000000012 0.996875 0.07656250000000012
0 0.996875 1.1739387676201583e-16 0.9203125 1.1270577573402985e-16 0.9203125 0.043750000000000115 0.996875 0.04375000000000012
0 0.934375 0.02187500000000011 0.8796875 0.021875000000000106 0.8796875 0.07031250000000011 0.934375 0.07031250000000011
0 0.93125 0.05468750000000011 0.8625 0.05468750000000011 0.8625 0.13125000000000012 0.93125 0.13125000000000014
0 0.928125 1.0964415873616147e-16 0.8625 1.0562578642645922e-16 0.8625 0.05468750000000011 0.928125 0.05468750000000011
0 0.8796875 1.0505173323935891e-16 0.8359375 1.0237281836622405e-16 0.8359375 0.032812500000000105 0.8796875 0.03281250000000011
0 0.7421875000000002 0.934375 0.6843750000000002 0.934375 0.6843750000000002 0.9953125 0.7421875000000002 0.9953125
0 0.6765625000000002 0.91875 0.5750000000000002 0.91875 0.5750000000000002 0.9953125 0.6765625000000002 0.9953125
0 0.5015625000000001 0.9625 0.4656250000000002 0.9625 0.4656250000000002 0.9953125 0.5015625000000001 0.9953125
0 0.5640625000000001 0.8203125 0.4625000000000002 0.8203125 0.4625000000000002 0.9953125 0.5640625000000001 0.9953125
0 0.6515625000000002 0.83125 0.5609375000000002 0.83125 0.5609375000000002 0.9953125 0.6515625000000002 0.9953125
0 0.4656250000000002 0.91875 0.3593750000000001 0.91875 0.3593750000000001 0.9953125 0.4656250000000002 0.9953125
0 0.37187500000000007 0.890625 0.2921875000000001 0.890625 0.2921875000000001 0.9953125 0.37187500000000007 0.9953125
0 0.4109375000000002 0.8578125 0.3453125000000001 0.8578125 0.3453125000000001 0.9515625 0.4109375000000002 0.9515625
0 0.47656250000000017 0.825 0.4109375000000002 0.825 0.4109375000000002 0.9453125 0.47656250000000017 0.9453125
0 0.3421875000000001 0.8578125 0.2875000000000001 0.8578125 0.2875000000000001 0.91875 0.3421875000000001 0.91875
0 0.2953125000000001 0.9125 0.2515625000000001 0.9125 0.2515625000000001 0.9890625 0.2953125000000001 0.9890625
0 0.2875000000000001 0.86875 0.2296875000000001 0.86875 0.2296875000000001 0.9953125 0.2875000000000001 0.9953125
0 0.31718750000000007 0.7875 0.2484375000000001 0.7875 0.2484375000000001 0.890625 0.31718750000000007 0.890625
0 0.3859375000000001 0.715625 0.3062500000000001 0.715625 0.3062500000000001 0.8640625 0.3859375000000001 0.8640625
0 0.4625000000000002 0.7328125 0.3671875000000001 0.7328125 0.3671875000000001 0.86875 0.4625000000000002 0.86875
0 0.2296875000000001 0.91875 0.15312500000000012 0.91875 0.15312500000000012 0.9953125 0.2296875000000001 0.9953125
0 0.16718750000000013 0.9515625 0.0953125000000001 0.9515625 0.0953125000000001 0.9953125 0.16718750000000013 0.9953125
0 0.12343750000000012 0.875 0.02968750000000011 0.875 0.029687500000000117 0.9953125 0.12343750000000013 0.9953125
0 0.16093750000000012 0.9078125 0.11718750000000014 0.9078125 0.11718750000000014 0.9625 0.16093750000000012 0.9625
0 0.057812500000000114 0.91875 1.1251442467166307e-16 0.91875 1.1720252569964904e-16 0.9953125 0.057812500000000114 0.9953125
0 0.02968750000000011 0.890625 1.0907010554906115e-16 0.890625 1.1174902042219599e-16 0.934375 0.02968750000000011 0.934375
0 0.10156250000000008 0.7703125 0.010937500000000095 0.7703125 0.010937500000000102 0.890625 0.10156250000000008 0.890625
0 0.15625000000000008 0.6890625 0.04375000000000009 0.6890625 0.043750000000000094 0.8359375 0.15625000000000008 0.8359375
0 0.2250000000000001 0.7703125 0.12031250000000009 0.7703125 0.12031250000000011 0.934375 0.2250000000000001 0.934375
0 0.2843750000000001 0.6453125 0.17187500000000008 0.6453125 0.17187500000000008 0.825 0.2843750000000001 0.825
0 0.35625000000000007 0.6671875 0.2875000000000001 0.6671875 0.2875000000000001 0.7984375 0.35625000000000007 0.7984375
0 0.4218750000000001 0.6015625 0.34843750000000007 0.6015625 0.34843750000000007 0.7375 0.42187500000000017 0.7375
0 0.5046875000000001 0.60625 0.421875 0.60625 0.4218750000000001 0.7546875 0.5046875000000002 0.7546875
0 0.5312500000000002 0.74375 0.4656250000000002 0.74375 0.4656250000000002 0.853125 0.5312500000000002 0.853125
0 0.5921875000000001 0.6609375 0.509375 0.6609375 0.5093750000000001 0.7921875 0.5921875000000002 0.7921875
0 0.6875000000000001 0.6828125 0.5921875 0.6828125 0.5921875000000001 0.809375 0.6875000000000002 0.809375
0 0.7609375000000002 0.7437500000000001 0.6703125000000002 0.74375 0.6703125000000002 0.83125 0.7609375000000002 0.83125
0 0.7203125000000001 0.7875 0.6140625000000002 0.7875 0.6140625000000002 0.9234375 0.7203125000000001 0.9234375
0 0.7750000000000001 0.8203125 0.6953125000000002 0.8203125 0.6953125000000002 0.9234375 0.7750000000000001 0.9234375
0 0.7265625 0.5843750000000001 0.6546875 0.584375 0.6546875 0.7156250000000001 0.7265625 0.7156250000000002
0 0.7640625 0.5515625000000001 0.6953125 0.5515625 0.6953125 0.6609375000000001 0.7640625 0.6609375000000002
0 0.659375 0.5515625 0.571875 0.5515625 0.571875 0.6828125 0.659375 0.6828125
0 0.6984375 0.5078125 0.625 0.5078125 0.625 0.60625 0.6984375 0.60625
0 0.7453125 0.4484375000000001 0.6765625 0.4484375 0.6765625 0.5625000000000001 0.7453125 0.5625000000000002
0 0.796875 0.42187500000000017 0.734375 0.42187500000000017 0.734375 0.4984375000000002 0.796875 0.4984375000000002
0 0.684375 0.37187500000000007 0.6109375 0.37187500000000007 0.6109375 0.48125 0.684375 0.48125
0 0.6515625 0.459375 0.5671875 0.459375 0.5671875 0.5625 0.6515625 0.5625
0 0.6046875 0.37187500000000007 0.528125 0.37187500000000007 0.528125 0.4921875 0.6046875 0.4921875
0 0.5671875 0.475 0.53125 0.475 0.53125 0.540625 0.5671875 0.540625
0 0.5640625 0.3062500000000001 0.50625 0.3062500000000001 0.50625 0.3937500000000001 0.5640625 0.3937500000000001
0 0.6328125 0.3218750000000001 0.5640625 0.3218750000000001 0.5640625 0.415625 0.6328125 0.415625
0 0.665625 0.2843750000000001 0.621875 0.2843750000000001 0.621875 0.38750000000000007 0.665625 0.38750000000000007
0 0.7453125 0.23437500000000008 0.6625 0.23437500000000008 0.6625 0.4046875000000001 0.7453125 0.4046875000000002
0 0.7125 0.1750000000000001 0.625 0.1750000000000001 0.625 0.2890625000000001 0.7125 0.2890625000000001
0 0.6328125 0.2515625000000001 0.559375 0.2515625000000001 0.559375 0.3390625000000001 0.6328125 0.3390625000000001
0 0.596875 0.2234375000000001 0.5421875 0.2234375000000001 0.5421875 0.2953125000000001 0.596875 0.2953125000000001
0 0.6265625 0.1312500000000001 0.5609375 0.1312500000000001 0.5609375 0.2296875000000001 0.6265625 0.2296875000000001
0 0.6734375 0.10312500000000009 0.61875 0.10312500000000009 0.61875 0.1859375000000001 0.6734375 0.1859375000000001
0 0.7640625 0.0984375000000001 0.690625 0.0984375000000001 0.690625 0.21250000000000008 0.7640625 0.21250000000000008
0 0.7234375 0.07187500000000009 0.6765625 0.07187500000000009 0.6765625 0.12656250000000008 0.7234375 0.12656250000000008
0 0.75 0.028125000000000087 0.6953125 0.028125000000000087 0.6953125 0.09375000000000008 0.75 0.09375000000000008
0 0.7515625 8.783013762634924e-17 0.6828125 8.362041425428021e-17 0.6828125 0.04843750000000009 0.7515625 0.04843750000000009
0 0.3781250000000001 0.5796875 0.3234375000000001 0.5796875 0.3234375000000001 0.6609375 0.3781250000000001 0.6609375
0 0.440625 0.4703125 0.3609375000000001 0.4703125 0.3609375000000001 0.5953125 0.440625 0.5953125
0 0.4703125 0.5515625 0.4265625 0.5515625 0.4265625 0.634375 0.4703125 0.634375
0 0.5421875 0.5140625 0.46875 0.5140625 0.46875 0.634375 0.5421875 0.634375
0 0.559375 0.5515625 0.53125 0.5515625 0.53125 0.628125 0.559375 0.628125
0 0.534375 0.415625 0.465625 0.415625 0.465625 0.51875 0.534375 0.51875
0 0.4765625 0.4328125 0.403125 0.4328125 0.403125 0.553125 0.4765625 0.553125
0 0.4046875 0.38906250000000003 0.3390625000000001 0.3890625 0.3390625000000001 0.4765625 0.4046875 0.4765625
0 0.425 0.4 0.4 0.4 0.4 0.44375 0.425 0.44375
0 0.4578125 0.33281250000000007 0.4 0.33281250000000007 0.4 0.415625 0.4578125 0.415625
0 0.4875 0.3671875000000001 0.4328125 0.3671875000000001 0.4328125 0.44375 0.4875 0.44375
0 0.4875 0.3609375000000001 0.465625 0.3609375000000001 0.465625 0.3984375000000001 0.4875 0.3984375000000001
0 0.4875 0.2468750000000001 0.425 0.2468750000000001 0.425 0.3453125000000001 0.4875 0.3453125000000001
0 0.484375 0.2078125000000001 0.446875 0.2078125000000001 0.446875 0.2671875000000001 0.484375 0.2671875000000001
0 0.5234375 0.18593750000000003 0.4796875 0.18593750000000003 0.4796875 0.2453125000000001 0.5234375 0.2453125000000001
0 0.5640625 0.13750000000000007 0.5234375 0.13750000000000004 0.5234375 0.2250000000000001 0.5640625 0.2250000000000001
0 0.5234375 0.12031250000000004 0.4765625 0.12031250000000004 0.4765625 0.18593750000000003 0.5234375 0.18593750000000003
0 0.5640625 0.03750000000000007 0.5125 0.03750000000000007 0.5125 0.13125000000000006 0.5640625 0.1312500000000001
0 0.6078125 0.037500000000000075 0.559375 0.03750000000000007 0.559375 0.12031250000000009 0.6078125 0.12031250000000009
0 0.640625 0.08750000000000008 0.5921875 0.08750000000000006 0.5921875 0.1312500000000001 0.640625 0.1312500000000001
0 0.6921875 7.94106908822112e-17 0.6046875 7.405286113594152e-17 0.6046875 0.08750000000000008 0.6921875 0.08750000000000009
0 0.615625 7.070421754452296e-17 0.5390625 6.6016116516537e-17 0.5390625 0.043750000000000074 0.615625 0.04375000000000008
0 0.5390625 6.266747292511845e-17 0.484375 5.931882933369991e-17 0.484375 0.04375000000000006 0.5390625 0.04375000000000007
0 0.5125 0.04375000000000006 0.4546875 0.04375000000000005 0.4546875 0.12500000000000006 0.5125 0.12500000000000006
0 0.484375 5.463072830571396e-17 0.4078125 4.9942627277728e-17 0.4078125 0.07656250000000006 0.484375 0.07656250000000006
0 0.44375 0.2250000000000001 0.396875 0.2250000000000001 0.396875 0.3125000000000001 0.44375 0.3125000000000001
0 0.4109375 0.19687500000000005 0.353125 0.19687500000000005 0.353125 0.29531250000000003 0.4109375 0.2953125000000001
0 0.465625 0.12031250000000004 0.4 0.12031250000000004 0.4 0.2234375000000001 0.465625 0.2234375000000001
0 0.421875 0.08281250000000004 0.3640625 0.08281250000000004 0.3640625 0.18125000000000005 0.421875 0.18125000000000005
0 0.4515625 0.02812500000000005 0.3859375 0.028125000000000046 0.3859375 0.12656250000000005 0.4515625 0.12656250000000005
0 0.415625 4.755073899814333e-17 0.3609375 4.420209540672478e-17 0.3609375 0.04375000000000005 0.415625 0.04375000000000005
0 0.371875 4.286263797015736e-17 0.328125 4.0183723097022526e-17 0.328125 0.02187500000000004 0.371875 0.021875000000000044
0 0.378125 0.2671875 0.3234375 0.2671875 0.3234375 0.33906250000000004 0.378125 0.3390625000000001
0 0.39375000000000004 0.321875 0.328125 0.321875 0.32812500000000006 0.4046875 0.3937500000000001 0.4046875
0 0.3390625000000001 0.3765625 0.2812500000000001 0.3765625 0.2812500000000001 0.459375 0.3390625000000001 0.459375
0 0.3312500000000001 0.4265625 0.2796875000000001 0.4265625 0.2796875000000001 0.4921875 0.3312500000000001 0.4921875
0 0.3609375000000001 0.459375 0.2953125000000001 0.459375 0.2953125000000001 0.5734375 0.3609375000000001 0.5734375
0 0.3203125000000001 0.4859375 0.2578125000000001 0.4859375 0.2578125000000001 0.6015625 0.3203125000000001 0.6015625
0 0.3281250000000001 0.5578125 0.27031250000000007 0.5578125 0.27031250000000007 0.6609375 0.3281250000000001 0.6609375
0 0.2734375000000001 0.4640625 0.18281250000000004 0.4640625 0.18281250000000007 0.60625 0.2734375000000001 0.60625
0 0.2140625000000001 0.5625 0.11250000000000009 0.5625 0.11250000000000009 0.7328125 0.2140625000000001 0.7328125
0 0.11250000000000009 0.546875 0.014062500000000066 0.546875 0.014062500000000078 0.7109375 0.11250000000000009 0.7109375
0 0.04687500000000008 0.6171875 7.558366963487571e-17 0.6171875 8.495987169084762e-17 0.7703125 0.04687500000000009 0.7703125
0 0.007812500000000097 0.7703125 9.433607374681956e-17 0.7703125 9.76847173382381e-17 0.825 0.0078125000000001 0.825
0 0.03281250000000001 2.0091861548511265e-18 0 0 6.31458505810354e-18 0.103125 0.03281250000000001 0.103125
0 0.08750000000000001 0.03281250000000001 0.018750000000000006 0.0328125 0.01875000000000001 0.1203125 0.08750000000000002 0.1203125
0 0.1421875 0.06093750000000001 0.04375000000000001 0.0609375 0.04375000000000002 0.18125 0.1421875 0.18125
0 0.06562500000000002 0.125 1.5308084989341915e-17 0.125 2.3727531733479968e-17 0.2625 0.06562500000000002 0.2625
0 0.153125 0.1703125 0.05468750000000002 0.1703125 0.05468750000000002 0.26875 0.15312500000000004 0.26875
0 0.13906250000000003 0.2515625 0.048437500000000036 0.2515625 0.048437500000000036 0.3546875 0.13906250000000003 0.3546875
0 0.20000000000000004 0.2890625 0.07968750000000005 0.2890625 0.07968750000000005 0.4484375 0.2000000000000001 0.4484375
0 0.26875000000000004 0.2515625 0.17500000000000004 0.2515625 0.17500000000000004 0.3984375 0.2687500000000001 0.3984375
0 0.18906250000000005 0.2296875 0.14218750000000005 0.2296875 0.14218750000000005 0.2953125 0.18906250000000005 0.2953125
0 0.04375000000000004 0.2515625 3.080752104105061e-17 0.2515625 3.6165350787320275e-17 0.3390625 0.043750000000000046 0.3390625
0 0.07656250000000005 0.3171875 3.884426566045511e-17 0.3171875 4.6881010279859617e-17 0.4484375 0.07656250000000005 0.4484375
0 0.13437500000000008 0.421875 0.03281250000000006 0.421875 0.032812500000000064 0.553125 0.13437500000000008 0.553125
0 0.2328125000000001 0.39375 0.14218750000000005 0.39375 0.14218750000000005 0.503125 0.2328125000000001 0.503125
0 0.02968750000000006 0.4375 5.357829746269671e-17 0.4375 6.161504208210122e-17 0.56875 0.029687500000000068 0.56875
0 0.29531250000000003 0.3328125 0.2375 0.3328125 0.23750000000000004 0.4265625 0.2953125000000001 0.4265625
0 0.328125 0.2015625 0.2734375 0.2015625 0.2734375 0.3171875 0.328125 0.3171875
0 0.3640625 0.15781250000000005 0.2875 0.15781250000000005 0.2875 0.26250000000000007 0.3640625 0.26250000000000007
0 0.3640625 0.11406250000000004 0.3203125 0.11406250000000004 0.3203125 0.17500000000000004 0.3640625 0.17500000000000004
0 0.290625 0.18593750000000003 0.2359375 0.18593750000000003 0.2359375 0.2734375 0.290625 0.2734375
0 0.240625 0.2125 0.18593750000000003 0.2125 0.18593750000000003 0.2625 0.240625 0.2625
0 0.2578125 0.13593750000000004 0.1859375 0.13593750000000004 0.18593750000000003 0.21875 0.2578125 0.21875
0 0.2875 0.08125000000000003 0.2359375 0.08125000000000002 0.2359375 0.15312500000000004 0.2875 0.15312500000000004
0 0.3234375 0.010937500000000036 0.2625 0.010937500000000034 0.2625 0.09218750000000003 0.3234375 0.09218750000000005
0 0.334375 0.07187500000000005 0.2875 0.07187500000000005 0.2875 0.14843750000000006 0.334375 0.14843750000000006
0 0.30625 3.348643591418544e-17 0.240625 2.9468063604483184e-17 0.240625 0.04375000000000003 0.30625 0.04375000000000003
0 0.2078125 0.021875000000000023 0.1421875 0.021875000000000016 0.1421875 0.10937500000000003 0.2078125 0.10937500000000004
0 0.1921875 0.10312500000000002 0.134375 0.103125 0.134375 0.17500000000000002 0.1921875 0.17500000000000004
0 0.24375 0.03906250000000003 0.2109375 0.03906250000000002 0.2109375 0.09375000000000003 0.24375 0.09375000000000003
0 0.24375 2.784157957436561e-17 0.2109375 2.583239341951448e-17 0.2109375 0.03281250000000003 0.24375 0.032812500000000036
0 0.20625 1.923078176786078e-17 0.1078125 1.3203223303307403e-17 0.1078125 0.03750000000000002 0.20625 0.03750000000000002
0 0.1125 1.0237281836622406e-17 0.0546875 6.6972871828370884e-18 0.0546875 0.04375000000000001 0.1125 0.04375000000000001
0 0.996875 6.104098889500089e-17 0 0 6.09453133638175e-17 0.9953125 0.996875 0.9953125