0 0.9375 0.70625 0.671875 0.70625 0.6718750000000001 0.9953125 0.9375 0.9953125
0 0.996875 0.8140625 0.9109375 0.8140625 0.9109375 0.9953125 0.996875 0.9953125
0 0.5593750000000001 0.7171875 0.1937500000000001 0.7171875 0.19375000000000012 0.9953125 0.5593750000000002 0.9953125
0 0.7062500000000002 0.94375 0.5484375000000001 0.94375 0.5484375000000001 0.9953125 0.7062500000000002 0.9953125
0 0.19375000000000014 0.94375 1.1557604166953146e-16 0.94375 1.1873333419858324e-16 0.9953125 0.19375000000000014 0.9953125
0 0.76875 0.37187500000000007 0.575 0.37187500000000007 0.575 0.6234375000000001 0.76875 0.6234375000000002
0 0.9109375 0.3453125000000001 0.7296875 0.3453125000000001 0.7296875 0.5625000000000002 0.9109375 0.5625000000000002
0 0.996875 0.4593750000000002 0.8609375 0.4593750000000002 0.8609375 0.7015625000000002 0.996875 0.7015625000000002
0 0.946875 0.6031250000000001 0.7921875 0.6031250000000001 0.7921875 0.825 0.946875 0.825
0 0.7875000000000001 0.6031250000000001 0.6109375 0.603125 0.6109375000000001 0.809375 0.7875000000000002 0.809375
0 0.6406250000000001 0.6078125 0.5015625 0.6078125 0.5015625000000001 0.8296875 0.6406250000000002 0.8296875
0 0.6875000000000002 0.8609375 0.5984375000000002 0.8609375 0.5984375000000002 0.9640625 0.6875000000000002 0.9640625
0 0.571875 0.4015625 0.3906250000000001 0.4015625 0.3906250000000001 0.6390625 0.571875 0.6390625
0 0.4859375000000001 0.5921875 0.27812500000000007 0.5921875 0.27812500000000007 0.7578125 0.4859375000000002 0.7578125
0 0.2593750000000001 0.571875 0.026562500000000065 0.571875 0.02656250000000009 0.871875 0.2593750000000001 0.871875
0 0.1343750000000001 0.8140625 9.969390349308921e-17 0.8140625 1.0820902576841065e-16 0.953125 0.13437500000000013 0.953125
0 0.13125000000000006 0.35 4.286263797015736e-17 0.35 5.587451021109799e-17 0.5625 0.1312500000000001 0.5625
0 0.05000000000000008 0.5625 6.888638245203862e-17 0.5625 7.835826003919394e-17 0.7171875 0.050000000000000086 0.7171875
0 0.30937500000000007 0.428125 0.14687500000000003 0.428125 0.14687500000000006 0.603125 0.30937500000000007 0.603125
0 0.440625 0.36562500000000003 0.3046875000000001 0.365625 0.3046875000000001 0.578125 0.440625 0.578125
0 0.4984375 0.29375000000000007 0.4125 0.29375000000000007 0.4125 0.4015625 0.4984375 0.4015625
0 0.675 0.17500000000000007 0.490625 0.17500000000000004 0.490625 0.4171875 0.675 0.4171875
0 0.75625 0.07812500000000008 0.6375 0.07812500000000008 0.6375 0.2484375000000001 0.75625 0.2484375000000001
0 0.9234375 0.10937500000000011 0.7375 0.10937500000000008 0.7375 0.3359375000000001 0.9234375 0.3359375000000001
0 0.753125 0.2531250000000001 0.675 0.2531250000000001 0.675 0.3609375000000001 0.753125 0.3609375000000001
0 0.9953125 0.04062500000000012 0.8921875 0.04062500000000011 0.8921875 0.2734375000000001 0.9953125 0.2734375000000001
0 0.996875 0.2640625000000001 0.903125 0.2640625000000001 0.903125 0.4546875000000002 0.996875 0.4546875000000002
0 0.85625 9.711066415113777e-17 0.7296875 8.936094612528342e-17 0.7296875 0.1281250000000001 0.85625 0.1281250000000001
0 0.996875 1.130884778587634e-16 0.85 1.0409497792752501e-16 0.85 0.0875000000000001 0.996875 0.0875000000000001
0 0.740625 7.988906853812812e-17 0.5640625 6.907773351440539e-17 0.5640625 0.09843750000000008 0.740625 0.0984375000000001
0 0.61875 0.06718750000000007 0.5296875 0.06718750000000007 0.5296875 0.16406250000000006 0.61875 0.16406250000000008
0 0.559375 0.06718750000000005 0.409375 0.06718750000000004 0.409375 0.2828125000000001 0.559375 0.2828125000000001
0 0.5671875 5.788369636594911e-17 0.378125 4.63069570927593e-17 0.378125 0.08750000000000005 0.5671875 0.08750000000000006
0 0.4015625 3.760048375507108e-17 0.2125 2.6023744481881253e-17 0.2125 0.046875000000000035 0.4015625 0.04687500000000004
0 0.4140625 0.04218750000000004 0.225 0.042187500000000024 0.225 0.26875000000000004 0.4140625 0.2687500000000001
0 0.30468750000000006 0.18593750000000003 0.10000000000000005 0.1859375 0.10000000000000005 0.4234375 0.3046875000000001 0.4234375
0 0.4203125 0.27343750000000006 0.3015625 0.2734375 0.30156250000000007 0.3765625 0.4203125 0.3765625000000001
0 0.10781250000000002 0.1078125 1.3203223303307403e-17 0.1078125 2.7458877449632062e-17 0.340625 0.10781250000000005 0.340625
0 0.15 0.010937500000000011 0.03125 0.010937500000000003 0.031250000000000014 0.165625 0.15 0.165625
0 0.2546875 0.025000000000000022 0.115625 0.025000000000000012 0.11562500000000002 0.20625 0.2546875 0.20625