0 0.4890625 0.4703125 0.2968750000000001 0.4703125 0.2968750000000001 0.6046875 0.4890625 0.6046875
0 0.6531250000000001 0.6265625 0.5515625 0.6265625 0.5515625000000001 0.76875 0.6531250000000002 0.76875
0 0.7062500000000002 0.746875 0.6046875000000002 0.746875 0.6046875000000002 0.8625 0.7062500000000002 0.8625
0 0.7031250000000001 0.6765625 0.6234375 0.6765625 0.6234375000000001 0.7390625 0.7031250000000002 0.7390625
0 0.8 0.7781250000000002 0.7328125000000002 0.7781250000000002 0.7328125000000002 0.8265625 0.8 0.8265625
0 0.8578125 0.853125 0.7859375000000002 0.853125 0.7859375000000002 0.925 0.8578125 0.925
0 0.5343750000000002 0.81875 0.4500000000000002 0.81875 0.4500000000000002 0.88125 0.5343750000000002 0.88125
0 0.7421875 0.5468750000000001 0.6890625 0.546875 0.6890625 0.5906250000000001 0.7421875 0.5906250000000002
0 0.6625 0.5640625 0.559375 0.5640625 0.559375 0.63125 0.6625 0.63125
0 0.9921875 0.5687500000000002 0.7609375 0.5687500000000002 0.7609375 0.6531250000000002 0.9921875 0.6531250000000002
0 0.7859375 0.4140625000000001 0.715625 0.4140625 0.715625 0.4765625000000001 0.7859375 0.47656250000000017
0 0.9953125 0.6265625000000001 0.9375 0.6265625000000001 0.9375 0.7468750000000002 0.9953125 0.7468750000000002
0 0.9515625 0.44843750000000016 0.8671875 0.44843750000000016 0.8671875 0.5734375000000002 0.9515625 0.5734375000000002
0 0.9953125 0.3906250000000001 0.8671875 0.3906250000000001 0.8671875 0.4625000000000002 0.9953125 0.4625000000000002
0 0.9953125 0.1640625000000001 0.903125 0.16406250000000008 0.903125 0.2843750000000001 0.9953125 0.2843750000000001
0 0.7375 0.2718750000000001 0.6265625 0.2718750000000001 0.6265625 0.3609375000000001 0.7375 0.3609375000000001
0 0.734375 0.17343750000000008 0.6140625 0.17343750000000008 0.6140625 0.29375000000000007 0.734375 0.29375000000000007
0 0.6578125 0.1593750000000001 0.5953125 0.1593750000000001 0.5953125 0.23593750000000008 0.6578125 0.23593750000000008
0 0.41875 0.23125000000000004 0.2453125 0.23125 0.2453125 0.3375 0.41875 0.3375000000000001
0 0.49375 0.2000000000000001 0.4 0.2000000000000001 0.4 0.24375000000000008 0.49375 0.24375000000000008
0 0.421875 0.09375000000000004 0.29375 0.09375000000000004 0.29375 0.15625000000000006 0.421875 0.15625000000000006
0 0.35625 0.11562500000000005 0.2796875 0.11562500000000005 0.2796875 0.18593750000000003 0.35625 0.18593750000000003
0 0.2125 0.275 0.14687500000000003 0.275 0.14687500000000003 0.3515625 0.2125 0.3515625
0 0.275 0.253125 0.209375 0.253125 0.209375 0.3421875 0.275 0.3421875
0 0.4140625 0.4234375 0.2000000000000001 0.4234375 0.2000000000000001 0.503125 0.4140625 0.503125
0 0.484375 0.30312500000000003 0.3203125 0.303125 0.32031250000000006 0.38750000000000007 0.484375 0.38750000000000007
0 0.6578125 0.04843750000000007 0.5109375 0.048437500000000064 0.5109375 0.11562500000000006 0.6578125 0.11562500000000009
0 0.2984375000000001 0.5609375 0.2218750000000001 0.5609375 0.2218750000000001 0.61875 0.2984375000000001 0.61875
0 0.9953125 0.05000000000000006 0.021875000000000006 0.05 0.02187500000000006 0.9609375 0.9953125 0.9609375