0 0.996875 0.5890625000000002 0.8 0.5890625000000002 0.8 0.9171875 0.996875 0.9171875
0 0.8671875 0.6609375000000001 0.5875 0.6609375 0.5875000000000001 0.971875 0.8671875 0.971875
0 0.7609375 0.4843750000000001 0.5171875 0.484375 0.5171875000000001 0.80625 0.7609375000000002 0.80625
0 0.5734375 0.60625 0.2828125000000001 0.60625 0.2828125000000001 0.971875 0.5734375000000002 0.971875
0 0.4125000000000001 0.5609375 0.24375000000000008 0.5609375 0.24375000000000008 0.7390625 0.4125000000000002 0.7390625
0 0.2796875000000001 0.6 0.02187500000000007 0.6 0.021875000000000092 0.90625 0.2796875000000001 0.90625
0 0.3687500000000001 0.728125 0.07187500000000009 0.728125 0.0718750000000001 0.99375 0.3687500000000001 0.99375
0 0.0171875000000001 0.7390625 9.050905249948406e-17 0.7390625 9.902417477480551e-17 0.878125 0.017187500000000105 0.878125
0 0.14375000000000007 0.3609375 4.420209540672478e-17 0.3609375 5.57788346799146e-17 0.55 0.1437500000000001 0.55
0 0.2578125000000001 0.384375 0.13281250000000006 0.384375 0.13281250000000006 0.5453125 0.2578125000000001 0.5453125
0 0.3593750000000001 0.4234375 0.2593750000000001 0.4234375 0.2593750000000001 0.5453125 0.3593750000000001 0.5453125
0 0.3234375000000001 0.3671875 0.22656250000000008 0.3671875 0.22656250000000008 0.4453125 0.3234375000000001 0.4453125
0 0.5375 0.3609375000000001 0.3734375 0.3609375000000001 0.37343750000000003 0.5328125 0.5375 0.5328125
0 0.6625 0.40625 0.5703125 0.40625 0.5703125 0.5 0.6625 0.5
0 0.6390625 0.2609375000000001 0.553125 0.2609375000000001 0.553125 0.4109375 0.6390625 0.4109375
0 0.684375 0.35625000000000007 0.6203125 0.35625000000000007 0.6203125 0.434375 0.684375 0.434375
0 0.8 0.3671875000000001 0.6671875 0.3671875000000001 0.6671875 0.5109375 0.8 0.5109375000000002
0 0.8171875 0.3000000000000001 0.6921875 0.3000000000000001 0.6921875 0.41093750000000007 0.8171875 0.4109375000000002
0 0.8890625 0.3500000000000001 0.7734375 0.3500000000000001 0.7734375 0.46093750000000017 0.8890625 0.46093750000000017
0 0.9578125 0.1281250000000001 0.896875 0.1281250000000001 0.896875 0.19375000000000012 0.9578125 0.19375000000000014
0 0.996875 0.17812500000000014 0.95 0.17812500000000014 0.95 0.2328125000000001 0.996875 0.2328125000000001
0 0.9390625 0.08437500000000012 0.8703125 0.08437500000000012 0.8703125 0.14531250000000012 0.9390625 0.14531250000000012
0 0.996875 0.08437500000000012 0.9421875 0.08437500000000012 0.9421875 0.13437500000000013 0.996875 0.13437500000000013
0 0.971875 1.1481063742006435e-16 0.903125 1.1060091404799533e-16 0.903125 0.05625000000000011 0.971875 0.05625000000000011
0 0.8671875 1.0275552049095762e-16 0.8109375 9.931120136835567e-17 0.8109375 0.0609375000000001 0.8671875 0.06093750000000011
0 0.846875 0.010937500000000098 0.771875 0.010937500000000095 0.771875 0.13281250000000008 0.846875 0.13281250000000008
0 0.775 0.028125000000000094 0.7203125 0.028125000000000087 0.7203125 0.07187500000000009 0.775 0.07187500000000009
0 0.75625 0.05625000000000009 0.6984375 0.05625000000000009 0.6984375 0.11718750000000008 0.75625 0.11718750000000008
0 0.775 0.10000000000000009 0.7203125 0.10000000000000009 0.7203125 0.1437500000000001 0.775 0.1437500000000001
0 0.80625 0.19531250000000008 0.728125 0.19531250000000008 0.728125 0.2734375000000001 0.80625 0.2734375000000001
0 0.709375 0.1828125000000001 0.6203125 0.1828125000000001 0.6203125 0.3000000000000001 0.709375 0.3000000000000001
0 0.653125 0.2328125000000001 0.5921875 0.2328125000000001 0.5921875 0.3000000000000001 0.653125 0.3000000000000001
0 0.5875 0.18281250000000007 0.5015625 0.18281250000000004 0.5015625 0.2500000000000001 0.5875 0.2500000000000001
0 0.5015625 0.18906250000000005 0.434375 0.18906250000000005 0.434375 0.2828125000000001 0.5015625 0.2828125000000001
0 0.390625 0.18906250000000005 0.2796875 0.18906250000000005 0.2796875 0.31718750000000007 0.390625 0.31718750000000007
0 0.4265625 0.2062500000000001 0.3875 0.2062500000000001 0.3875 0.2562500000000001 0.4265625 0.2562500000000001
0 0.271875 0.2 0.17187500000000006 0.2 0.17187500000000006 0.29375 0.271875 0.29375
0 0.17968750000000006 0.1828125 0.08593750000000003 0.1828125 0.08593750000000003 0.2671875 0.17968750000000006 0.2671875
0 0.03906250000000003 0.20625 2.525834023241416e-17 0.20625 3.1668600821701084e-17 0.3109375 0.039062500000000035 0.3109375
0 0.140625 0.09375000000000001 0.07968750000000002 0.09375 0.07968750000000002 0.178125 0.140625 0.178125
0 0.165625 0.07812500000000003 0.1046875 0.07812500000000003 0.1046875 0.121875 0.165625 0.121875
0 0.221875 0.07812500000000003 0.146875 0.07812500000000003 0.14687500000000003 0.18906250000000002 0.221875 0.18906250000000005
0 0.3375 0.05000000000000003 0.240625 0.050000000000000024 0.240625 0.18906250000000005 0.3375 0.18906250000000005
0 0.4046875 0.08437500000000005 0.3484375 0.08437500000000005 0.3484375 0.14531250000000004 0.4046875 0.14531250000000004
0 0.465625 0.09531250000000005 0.3765625 0.09531250000000005 0.3765625 0.2062500000000001 0.465625 0.2062500000000001
0 0.534375 0.06718750000000007 0.4875 0.06718750000000007 0.4875 0.12187500000000004 0.534375 0.12187500000000004
0 0.6671875 0.017187500000000078 0.5734375 0.01718750000000007 0.5734375 0.10000000000000009 0.6671875 0.10000000000000009
0 0.678125 8.017609513167828e-17 0.63125 7.730582919617668e-17 0.63125 0.05000000000000008 0.678125 0.050000000000000086
0 0.684375 0.08437500000000009 0.6484375 0.08437500000000009 0.6484375 0.1453125000000001 0.684375 0.1453125000000001
0 0.4921875 0.017187500000000057 0.4453125 0.017187500000000057 0.4453125 0.07187500000000005 0.4921875 0.07187500000000006
0 0.4078125 0.02343750000000005 0.365625 0.023437500000000045 0.365625 0.08437500000000005 0.4078125 0.08437500000000005
0 0.359375 0.03437500000000004 0.284375 0.03437500000000003 0.284375 0.07343750000000004 0.359375 0.07343750000000004
0 0.290625 0.01718750000000003 0.2328125 0.01718750000000003 0.2328125 0.09531250000000004 0.290625 0.09531250000000005
0 0.240625 0.006250000000000024 0.146875 0.006250000000000017 0.146875 0.08437500000000002 0.240625 0.08437500000000002
0 0.1640625 1.5977813707625624e-17 0.096875 1.1863765866739984e-17 0.096875 0.06093750000000002 0.1640625 0.06093750000000002
0 0.1140625 1.071565949253934e-17 0.0609375 7.462691432304185e-18 0.0609375 0.05000000000000001 0.1140625 0.050000000000000024
0 0.0578125 3.731345716152092e-18 0.003125 3.827021247335479e-19 0.0031250000000000036 0.05625 0.0578125 0.05625
0 0.025000000000000015 0.0953125 1.1672414804373211e-17 0.0953125 1.5690787114075464e-17 0.1609375 0.025000000000000022 0.1609375