0 0.678125 0.2953125000000001 0.471875 0.2953125000000001 0.471875 0.575 0.678125 0.575
0 0.7046875 0.2484375000000001 0.609375 0.2484375000000001 0.609375 0.3312500000000001 0.7046875 0.3312500000000001
0 0.78125 0.3218750000000001 0.675 0.3218750000000001 0.675 0.49687500000000007 0.78125 0.4968750000000002
0 0.8203125 0.51875 0.68125 0.51875 0.68125 0.7203125000000001 0.8203125 0.7203125000000001
0 0.8671875 0.5437500000000002 0.809375 0.5437500000000002 0.809375 0.6578125000000001 0.8671875 0.6578125000000001
0 0.8203125 0.7562500000000001 0.6937500000000002 0.75625 0.6937500000000002 0.9375 0.8203125 0.9375
0 0.7250000000000001 0.6796875 0.6140625 0.6796875 0.6140625000000001 0.825 0.7250000000000002 0.825
0 0.6359375 0.6109375 0.5328125 0.6109375 0.5328125000000001 0.771875 0.6359375000000002 0.771875
0 0.6968750000000001 0.8140625 0.5859375000000002 0.8140625 0.5859375000000002 0.975 0.6968750000000001 0.975
0 0.6093750000000002 0.88125 0.4828125000000002 0.88125 0.4828125000000002 0.9953125 0.6093750000000002 0.9953125
0 0.5562500000000001 0.659375 0.3828125000000001 0.659375 0.3828125000000001 0.8921875 0.5562500000000001 0.8921875
0 0.4984375 0.4984375 0.3750000000000001 0.4984375 0.3750000000000001 0.6640625 0.4984375 0.6640625
0 0.3984375000000001 0.575 0.2375000000000001 0.575 0.2375000000000001 0.7921875 0.3984375000000001 0.7921875
0 0.5328125 0.015625000000000038 0.0796875 0.01562500000000001 0.07968750000000002 0.4296875 0.5328125 0.4296875