0 0.55 0.33281250000000007 0.3125 0.3328125 0.31250000000000006 0.6890625 0.55 0.6890625
0 0.7203125000000001 0.56875 0.515625 0.56875 0.5156250000000001 0.890625 0.7203125000000001 0.890625
0 0.9484375 0.4703125000000002 0.7671875 0.4703125000000002 0.7671875000000001 0.7265625000000002 0.9484375 0.7265625000000002
0 0.996875 0.10937500000000011 0.884375 0.10937500000000008 0.884375 0.5625000000000002 0.996875 0.5625000000000002
0 0.8484375 0.2515625000000001 0.7171875 0.2515625000000001 0.7171875 0.51875 0.8484375 0.5187500000000002
0 0.996875 0.20312500000000008 0.9640625 0.20312500000000008 0.9640625 0.3671875000000001 0.996875 0.3671875000000001
0 0.865625 9.950255243072247e-17 0.759375 9.299661631025214e-17 0.759375 0.2734375000000001 0.865625 0.2734375000000001
0 0.9828125 9.921552583717228e-17 0.6375 7.807123344564376e-17 0.6375 0.6171875000000001 0.9828125 0.6171875000000002
0 0.4703125000000001 0.6890625 0.3828125000000001 0.6890625 0.3828125000000001 0.9953125 0.4703125000000002 0.9953125
0 0.5531250000000002 0.7921875 0.47656250000000017 0.7921875 0.47656250000000017 0.9953125 0.5531250000000002 0.9953125
0 0.825 0.6890625000000001 0.6078125 0.6890625 0.6078125000000001 0.9953125 0.825 0.9953125
0 0.6515625 0.19218750000000007 0.50625 0.19218750000000004 0.50625 0.53125 0.6515625 0.53125
0 0.7015625 7.500961644777537e-17 0.5234375 6.410260589286927e-17 0.5234375 0.21875000000000008 0.7015625 0.21875000000000008
0 0.7046875 7.941069088221118e-17 0.5921875 7.252205263700732e-17 0.5921875 0.03750000000000008 0.7046875 0.03750000000000009
0 0.53125 5.281289321322961e-17 0.33125 4.0566425221756075e-17 0.33125 0.3609375 0.53125 0.3609375000000001
3 0.996875 7.577502069724248e-17 0.240625 2.9468063604483184e-17 0.24062500000000003 0.9953125 0.996875 0.9953125