0 0.984375 0.875 0.93125 0.875 0.93125 0.99375 0.984375 0.99375
0 0.996875 0.803125 0.9625 0.803125 0.9625 0.940625 0.996875 0.940625
0 0.996875 0.6843750000000002 0.9203125 0.6843750000000002 0.9203125 0.875 0.996875 0.875
0 0.996875 0.7625000000000002 0.9703125 0.7625000000000002 0.9703125 0.803125 0.996875 0.803125
0 0.953125 0.6843750000000002 0.89375 0.6843750000000002 0.89375 0.815625 0.953125 0.815625
0 0.903125 0.7031250000000002 0.846875 0.7031250000000002 0.846875 0.8046875 0.903125 0.8046875
0 0.9140625 0.7796875000000002 0.840625 0.7796875000000002 0.840625 0.9234375 0.9140625 0.9234375
0 0.8375 0.7968750000000002 0.7531250000000002 0.7968750000000002 0.7531250000000002 0.875 0.8375 0.875
0 0.9359375 0.9109375 0.85 0.9109375 0.85 0.99375 0.9359375 0.99375
0 0.8734375 0.875 0.7031250000000002 0.875 0.7031250000000002 0.99375 0.8734375 0.99375
0 0.7062500000000002 0.934375 0.6640625000000002 0.934375 0.6640625000000002 0.99375 0.7062500000000002 0.99375
0 0.7171875000000001 0.6671875 0.45625 0.6671875 0.4562500000000001 0.9828125 0.7171875000000002 0.9828125
0 0.6640625000000002 0.74375 0.5109375000000002 0.74375 0.5109375000000002 0.940625 0.6640625000000002 0.940625
0 0.690625 0.6671875 0.64375 0.6671875 0.64375 0.7625 0.6906250000000002 0.7625
0 0.7968750000000001 0.6734375000000001 0.65625 0.6734375 0.6562500000000001 0.9046875 0.7968750000000002 0.9046875
0 0.734375 0.6140625000000001 0.6875 0.6140625 0.6875 0.7093750000000001 0.734375 0.7093750000000002
0 0.6828125 0.6078125 0.646875 0.6078125 0.646875 0.6734375 0.6828125 0.6734375
0 0.6671875 0.65 0.609375 0.65 0.6093750000000001 0.76875 0.6671875000000002 0.76875
0 0.7703125 0.6015625000000001 0.7234375 0.6015625 0.7234375 0.6781250000000001 0.7703125 0.6781250000000002
0 0.7796875 0.5484375000000001 0.7375 0.5484375000000001 0.7375 0.6078125000000002 0.7796875 0.6078125000000002
0 0.7765625 0.4703125000000002 0.7375 0.4703125000000002 0.7375 0.5296875000000002 0.7765625 0.5296875000000002
0 0.740625 0.4703125000000001 0.6875 0.4703125 0.6875 0.565625 0.740625 0.5656250000000002
0 0.7234375 0.578125 0.6859375 0.578125 0.6859375 0.6140625 0.7234375 0.6140625
0 0.840625 0.4468750000000002 0.7796875 0.4468750000000002 0.7796875 0.5421875000000002 0.840625 0.5421875000000002
0 0.8765625 0.4343750000000002 0.8296875 0.4343750000000002 0.8296875 0.5421875000000002 0.8765625 0.5421875000000002
0 0.996875 0.3687500000000001 0.85625 0.3687500000000001 0.85625 0.6906250000000002 0.996875 0.6906250000000002
0 0.8796875 0.5531250000000002 0.7671875 0.5531250000000002 0.7671875000000001 0.7500000000000002 0.8796875 0.7500000000000002
0 0.884375 0.3156250000000001 0.8109375 0.3156250000000001 0.8109375 0.4468750000000002 0.884375 0.4468750000000002
0 0.9609375 0.28593750000000007 0.890625 0.28593750000000007 0.890625 0.3984375000000001 0.9609375 0.3984375000000001
0 0.90625 0.2015625000000001 0.840625 0.2015625000000001 0.840625 0.3156250000000001 0.90625 0.3156250000000001
0 0.8796875 0.0828125000000001 0.8 0.0828125000000001 0.8 0.2140625000000001 0.8796875 0.2140625000000001
0 0.94375 0.08906250000000011 0.8796875 0.08906250000000011 0.8796875 0.22031250000000008 0.94375 0.22031250000000008
0 0.9203125 1.0801767470604388e-16 0.84375 1.0332957367805792e-16 0.84375 0.10781250000000012 0.9203125 0.10781250000000013
0 0.984375 1.1605441932544842e-16 0.9109375 1.115576693598292e-16 0.9109375 0.0718750000000001 0.984375 0.0718750000000001
0 0.84375 1.0065065880492308e-16 0.8 9.797174393178826e-17 0.8 0.0781250000000001 0.84375 0.07812500000000011
0 0.996875 0.035937500000000115 0.8828125 0.03593750000000011 0.8828125 0.4109375000000002 0.996875 0.4109375000000002
0 0.840625 0.1609375000000001 0.7640625 0.1609375000000001 0.7640625 0.3218750000000001 0.840625 0.3218750000000001
0 0.8203125 0.0593750000000001 0.7734375 0.05937500000000009 0.7734375 0.1437500000000001 0.8203125 0.1437500000000001
0 0.74375 0.1437500000000001 0.6796875 0.1437500000000001 0.6796875 0.2453125000000001 0.74375 0.2453125000000001
0 0.69375 8.189825469297925e-17 0.64375 7.883663769511086e-17 0.64375 0.09531250000000009 0.69375 0.09531250000000009
0 0.80625 9.079607909303425e-17 0.6765625 8.285501000481311e-17 0.6765625 0.1843750000000001 0.80625 0.1843750000000001
0 0.7609375 0.2093750000000001 0.684375 0.2093750000000001 0.684375 0.3343750000000001 0.7609375 0.3343750000000001
0 0.803125 0.28593750000000007 0.7265625 0.28593750000000007 0.7265625 0.4468750000000002 0.803125 0.4468750000000002
0 0.79375 0.4234375000000001 0.7171875 0.4234375 0.7171875 0.4937500000000001 0.79375 0.4937500000000002
0 0.734375 0.3281250000000001 0.6609375 0.3281250000000001 0.6609375 0.4765625000000001 0.734375 0.47656250000000017
0 0.70625 0.2921875000000001 0.6296875 0.2921875000000001 0.6296875 0.3937500000000001 0.70625 0.3937500000000001
0 0.6859375 0.08437500000000007 0.59375 0.08437500000000006 0.59375 0.2750000000000001 0.6859375 0.2750000000000001
0 0.69375 0.4109375 0.5828125 0.4109375 0.5828125 0.6375 0.69375 0.6375
0 0.6203125 0.5953125 0.496875 0.5953125 0.496875 0.7015625 0.6203125 0.7015625
0 0.5234375 0.5828125 0.3703125000000001 0.5828125 0.3703125000000001 0.7140625 0.5234375 0.7140625
0 0.5703125 0.50625 0.3906250000000001 0.50625 0.3906250000000001 0.625 0.5703125 0.625
0 0.5703125 0.421875 0.4734375 0.421875 0.4734375 0.565625 0.5703125 0.565625
0 0.5875 0.4703125 0.5171875 0.4703125 0.5171875 0.6015625 0.5875 0.6015625
0 0.5234375 0.453125 0.453125 0.453125 0.453125 0.6015625 0.5234375 0.6015625
0 0.6234375 0.19687500000000008 0.5265625 0.19687500000000005 0.5265625 0.4875 0.6234375 0.4875
0 0.6171875 6.697287182837088e-17 0.4765625 5.836207402186604e-17 0.4765625 0.19062500000000007 0.6171875 0.1906250000000001
0 0.709375 7.969771747576135e-17 0.5921875 7.252205263700732e-17 0.5921875 0.08281250000000008 0.709375 0.0828125000000001
0 0.5968750000000002 0.9171875 0.5093750000000001 0.9171875 0.5093750000000001 0.99375 0.5968750000000002 0.99375
0 0.5203125000000002 0.88125 0.4500000000000002 0.88125 0.4500000000000002 0.99375 0.5203125000000002 0.99375
0 0.47968750000000016 0.953125 0.4031250000000002 0.953125 0.4031250000000002 0.99375 0.47968750000000016 0.99375
0 0.4437500000000002 0.8578125 0.35625000000000007 0.8578125 0.35625000000000007 0.99375 0.4437500000000002 0.99375
0 0.3703125000000001 0.953125 0.3031250000000001 0.953125 0.3031250000000001 0.99375 0.3703125000000001 0.99375
0 0.48750000000000016 0.7328125 0.3765625000000001 0.7328125 0.3765625000000001 0.8984375 0.48750000000000016 0.8984375
0 0.4671875 0.6015625 0.4203125 0.6015625 0.4203125 0.703125 0.4671875 0.703125
0 0.446875 0.5484375 0.403125 0.5484375 0.403125 0.6734375 0.446875 0.6734375
0 0.403125 0.49375 0.3109375000000001 0.49375 0.3109375000000001 0.684375 0.403125 0.684375
0 0.4 0.4171875 0.3265625000000001 0.4171875 0.3265625000000001 0.5125 0.4 0.5125
0 0.4671875 0.28593750000000007 0.4 0.28593750000000007 0.4 0.5421875 0.4671875 0.5421875
0 0.546875 0.2328125000000001 0.4328125 0.2328125000000001 0.4328125 0.4046875 0.546875 0.4046875
0 0.50625 0.12500000000000006 0.390625 0.12500000000000006 0.390625 0.2796875000000001 0.50625 0.2796875000000001
0 0.49375 5.558748361754783e-17 0.4140625 5.070803152719509e-17 0.4140625 0.11875000000000005 0.49375 0.11875000000000005
0 0.4234375 4.066210075293946e-17 0.240625 2.9468063604483184e-17 0.240625 0.22656250000000006 0.4234375 0.22656250000000008
0 0.303125 0.17968750000000006 0.2140625 0.17968750000000006 0.2140625 0.328125 0.303125 0.328125
0 0.403125 0.22031250000000005 0.2765625 0.2203125 0.27656250000000004 0.39843750000000006 0.403125 0.3984375000000001
0 0.33437500000000003 0.2859375 0.18750000000000006 0.2859375 0.18750000000000006 0.49375 0.3343750000000001 0.49375
0 0.3140625000000001 0.4109375 0.16093750000000004 0.4109375 0.16093750000000004 0.5125 0.3140625000000001 0.5125
0 0.31718750000000007 0.50625 0.15312500000000004 0.50625 0.15312500000000007 0.559375 0.31718750000000007 0.559375
0 0.30937500000000007 0.5421875 0.12343750000000005 0.5421875 0.12343750000000006 0.6015625 0.30937500000000007 0.6015625
0 0.3031250000000001 0.5421875 0.14687500000000003 0.5421875 0.14687500000000006 0.6546875 0.3031250000000001 0.6546875
0 0.3109375000000001 0.6015625 0.1531250000000001 0.6015625 0.1531250000000001 0.690625 0.3109375000000001 0.690625
0 0.3125000000000001 0.6546875 0.2234375000000001 0.6546875 0.2234375000000001 0.74375 0.3125000000000001 0.74375
0 0.3593750000000001 0.6609375 0.2765625000000001 0.6609375 0.2765625000000001 0.809375 0.3593750000000001 0.809375
0 0.3000000000000001 0.74375 0.23593750000000008 0.74375 0.23593750000000008 0.9109375 0.3000000000000001 0.9109375
0 0.3375000000000001 0.7984375 0.2875000000000001 0.7984375 0.2875000000000001 0.9 0.3375000000000001 0.9
0 0.41093750000000007 0.63125 0.20312500000000008 0.63125 0.20312500000000008 0.99375 0.4109375000000002 0.99375
0 0.25 2.05702392044282e-17 0.0859375 1.0524308430172567e-17 0.08593750000000003 0.2796875 0.25 0.2796875
0 0.1265625 1.0811335023722727e-17 0.05 6.123233995736766e-18 0.05 0.06562500000000002 0.1265625 0.06562500000000002
0 0.08593750000000003 5.262154215086284e-18 0 0 1.8561053049577072e-17 0.303125 0.08593750000000004 0.303125
0 0.02343750000000004 0.296875 3.6356701849687046e-17 0.296875 4.11404784088564e-17 0.375 0.023437500000000045 0.375
0 0.17343750000000005 0.2328125 0.023437500000000028 0.2328125 0.02343750000000004 0.4640625 0.17343750000000005 0.4640625
0 0.15000000000000008 0.4578125 0.08593750000000007 0.4578125 0.08593750000000007 0.559375 0.15000000000000008 0.559375
0 0.259375 0.2859375 0.15000000000000005 0.2859375 0.15000000000000005 0.4875 0.2593750000000001 0.4875
0 0.2562500000000001 0.6484375 7.941069088221118e-17 0.6484375 1.005549832737397e-16 0.99375 0.2562500000000001 0.99375
0 0.07343750000000011 0.940625 0.02656250000000011 0.940625 0.026562500000000117 0.99375 0.07343750000000011 0.99375
0 0.026562500000000117 0.946875 1.15958743794265e-16 0.946875 1.188290097297666e-16 0.99375 0.02656250000000012 0.99375
0 0.1359375000000001 0.546875 6.697287182837088e-17 0.546875 8.409879191019715e-17 0.8265625 0.1359375000000001 0.8265625
0 0.08281250000000005 0.36875 4.5158850718558645e-17 0.36875 5.788369636594911e-17 0.5765625 0.08281250000000007 0.5765625
0 0.996875 6.104098889500089e-17 0 0 6.084963783263412e-17 0.99375 0.996875 0.99375