0 0.9890625 0.2078125000000001 0.753125 0.2078125000000001 0.753125 0.9234375 0.9890625 0.9234375
0 0.7265625000000001 0.6656250000000001 8.15155525682457e-17 0.665625 1.0160741411675698e-16 0.99375 0.7265625000000002 0.99375
0 0.7781250000000001 0.5250000000000001 6.429395695523604e-17 0.525 7.835826003919394e-17 0.7546875000000001 0.7781250000000002 0.7546875000000002
0 0.7859375 0.38906250000000003 0.16718750000000004 0.3890625 0.16718750000000007 0.5640625000000001 0.7859375 0.5640625000000001
0 0.18906250000000005 0.278125 3.406048910128576e-17 0.278125 4.984695174654461e-17 0.5359375 0.18906250000000005 0.5359375
0 0.7859375 0.22968750000000004 0.2359375 0.2296875 0.23593750000000005 0.39843750000000006 0.7859375 0.3984375000000001
0 0.715625 0.10468750000000007 0.309375 0.10468750000000004 0.309375 0.26875000000000004 0.715625 0.2687500000000001
0 0.871875 7.20436749810904e-17 0.3046875 3.731345716152092e-17 0.3046875 0.11406250000000007 0.871875 0.1140625000000001
0 0.309375 0.09218750000000002 1.1289712679639661e-17 0.0921875 1.703024455064288e-17 0.18593750000000003 0.309375 0.18593750000000003
0 0.3046875 0.16406250000000003 2.0091861548511263e-17 0.1640625 3.214697847761802e-17 0.3609375 0.3046875 0.3609375
0 0.221875 1.358592542804095e-17 0 0 6.027558464553379e-18 0.09843750000000001 0.221875 0.09843750000000002