0 0.928125 0.7625000000000001 0.7171875000000002 0.7625 0.7171875000000002 0.9953125 0.928125 0.9953125
0 0.996875 0.6984375000000002 0.74375 0.6984375000000002 0.7437500000000001 0.8265625 0.996875 0.8265625
0 0.809375 0.8265625 0.6765625000000002 0.8265625 0.6765625000000002 0.9953125 0.809375 0.9953125
0 0.7140625000000002 0.75625 0.5187500000000002 0.75625 0.5187500000000002 0.99375 0.7140625000000002 0.99375
0 0.7312500000000001 0.4828125000000001 0.5265625 0.4828125 0.5265625 0.7609375 0.7312500000000002 0.7609375000000002
0 0.990625 0.5937500000000001 0.7234375 0.59375 0.7234375 0.7156250000000001 0.990625 0.7156250000000002
0 0.996875 0.4890625000000002 0.746875 0.4890625000000002 0.746875 0.6984375000000002 0.996875 0.6984375000000002
0 0.996875 0.5234375000000002 0.8359375 0.5234375000000002 0.8359375 0.5875000000000001 0.996875 0.5875000000000001
0 0.996875 0.4421875000000002 0.778125 0.4421875000000002 0.778125 0.5234375000000002 0.996875 0.5234375000000002
0 0.9078125 0.3781250000000001 0.696875 0.3781250000000001 0.696875 0.4828125000000001 0.9078125 0.4828125000000002
0 0.3046875000000001 0.721875 0.2093750000000001 0.721875 0.2093750000000001 0.9953125 0.3046875000000001 0.9953125
0 0.2078125000000001 0.7859375 0.11250000000000009 0.7859375 0.11250000000000011 0.9890625 0.2078125000000001 0.9890625
0 0.1265625000000001 0.721875 0.04843750000000009 0.721875 0.0484375000000001 0.9484375 0.12656250000000013 0.9484375
0 0.10625000000000011 0.871875 0.03125000000000011 0.871875 0.03125000000000012 0.9890625 0.10625000000000014 0.9890625
0 0.04843750000000011 0.803125 9.83544460565218e-17 0.803125 1.0973983426734486e-16 0.9890625 0.04843750000000012 0.9890625
0 0.925 0.1281250000000001 0.81875 0.1281250000000001 0.81875 0.2734375000000001 0.925 0.2734375000000001
0 0.965625 0.2218750000000001 0.8734375 0.2218750000000001 0.8734375 0.30937500000000007 0.965625 0.30937500000000007
0 0.99375 0.15625000000000014 0.925 0.15625000000000014 0.925 0.2328125000000001 0.99375 0.2328125000000001
0 0.9453125 0.09375000000000011 0.859375 0.09375000000000011 0.859375 0.16250000000000012 0.9453125 0.16250000000000014
0 0.8640625 0.07031250000000011 0.8265625 0.07031250000000011 0.8265625 0.1281250000000001 0.8640625 0.1281250000000001
0 0.8390625 0.0703125000000001 0.7578125 0.07031250000000008 0.7578125 0.17968750000000008 0.8390625 0.17968750000000008
0 0.81875 0.1687500000000001 0.771875 0.1687500000000001 0.771875 0.2328125000000001 0.81875 0.2328125000000001
0 0.7578125 0.10468750000000009 0.7125 0.10468750000000009 0.7125 0.1859375000000001 0.7578125 0.1859375000000001
0 0.775 0.1859375000000001 0.70625 0.1859375000000001 0.70625 0.2734375000000001 0.775 0.2734375000000001
0 0.846875 0.2093750000000001 0.7609375 0.2093750000000001 0.7609375 0.30156250000000007 0.846875 0.30156250000000007
0 0.965625 0.2734375000000001 0.8359375 0.2734375000000001 0.8359375 0.3828125000000001 0.965625 0.3828125000000001
0 0.7640625 8.859554187581634e-17 0.6828125 8.362041425428021e-17 0.6828125 0.057812500000000086 0.7640625 0.057812500000000086
0 0.803125 9.395337162208599e-17 0.73125 8.955229718765019e-17 0.73125 0.1218750000000001 0.803125 0.1218750000000001
0 0.703125 8.381176531664698e-17 0.665625 8.15155525682457e-17 0.665625 0.09375000000000008 0.703125 0.09375000000000008
0 0.7140625 0.07031250000000008 0.6359375 0.07031250000000008 0.6359375 0.2093750000000001 0.7140625 0.2093750000000001
0 0.996875 1.1289712679639661e-16 0.846875 1.0371227580279147e-16 0.846875 0.14531250000000012 0.996875 0.14531250000000012
0 0.5296875 0.3312500000000001 0.475 0.3312500000000001 0.475 0.4484375 0.5296875 0.4484375
0 0.48125 0.2500000000000001 0.4125 0.2500000000000001 0.4125 0.3656250000000001 0.48125 0.3656250000000001
0 0.46875 0.34843750000000007 0.396875 0.34843750000000007 0.39687500000000003 0.4484375 0.46875 0.4484375
0 0.403125 0.23906250000000004 0.340625 0.2390625 0.340625 0.32031250000000006 0.403125 0.3203125000000001
0 0.4 0.32031250000000006 0.3421875 0.3203125 0.34218750000000003 0.4296875 0.4 0.4296875
0 0.3453125 0.284375 0.296875 0.284375 0.296875 0.3609375 0.3453125 0.3609375
0 0.29375000000000007 0.2625 0.2484375 0.2625 0.24843750000000003 0.3671875 0.29375000000000007 0.3671875
0 0.16718750000000002 0.1046875 0.07812500000000003 0.1046875 0.07812500000000003 0.24375 0.16718750000000004 0.24375
0 0.19843750000000007 0.51875 0.08125000000000007 0.51875 0.08125000000000007 0.68125 0.1984375000000001 0.68125
0 0.3625000000000001 0.5640625 0.2500000000000001 0.5640625 0.2500000000000001 0.74375 0.3625000000000001 0.74375
0 0.34843750000000007 0.425 0.2453125000000001 0.425 0.2453125000000001 0.58125 0.34843750000000007 0.58125
0 0.415625 0.5171875 0.34843750000000007 0.5171875 0.34843750000000007 0.675 0.415625 0.675
0 0.5156250000000001 0.621875 0.4125 0.621875 0.4125000000000001 0.7625 0.5156250000000002 0.7625
0 0.446875 0.59375 0.37968750000000007 0.59375 0.37968750000000007 0.703125 0.446875 0.703125
0 0.4125000000000001 0.709375 0.31718750000000007 0.709375 0.31718750000000007 0.8953125 0.4125000000000002 0.8953125
0 0.2390625000000001 0.6171875 0.1531250000000001 0.6171875 0.1531250000000001 0.7625 0.2390625000000001 0.7625
0 0.1375000000000001 0.6390625 0.06250000000000008 0.6390625 0.06250000000000008 0.7265625 0.1375000000000001 0.7265625
0 0.0546875000000001 0.7265625 8.897824400054988e-17 0.7265625 9.538850458983681e-17 0.83125 0.05468750000000011 0.83125
0 0.21875000000000008 0.7390625 0.13281250000000008 0.7390625 0.13281250000000008 0.83125 0.21875000000000008 0.83125
0 0.13281250000000006 0.05781250000000001 7.079989307570636e-18 0.0578125 4.984695174654462e-17 0.75625 0.13281250000000008 0.75625
0 0.5125000000000001 3.1381574228150933e-17 0 0 5.482207936808073e-17 0.8953125 0.5125000000000002 0.8953125
0 0.4812500000000002 0.75625 0.3312500000000001 0.75625 0.3312500000000001 0.9890625 0.4812500000000002 0.9890625
0 0.5640625000000001 0.796875 0.4312500000000002 0.796875 0.4312500000000002 0.99375 0.5640625000000001 0.99375
0 0.740625 0.39531250000000007 0.3109375000000001 0.3953125 0.3109375000000001 0.5937500000000001 0.740625 0.5937500000000002
0 0.5109375 3.941831884755543e-17 0.1328125 1.6264840301175783e-17 0.13281250000000003 0.28437500000000004 0.5109375 0.2843750000000001
0 0.7640625 7.433988772949168e-17 0.45 5.5109105961630896e-17 0.45 0.07500000000000007 0.7640625 0.0750000000000001
0 0.6796875 0.07500000000000008 0.5703125 0.07500000000000007 0.5703125 0.2093750000000001 0.6796875 0.2093750000000001
0 0.5765625 0.034375000000000065 0.515625 0.034375000000000065 0.515625 0.2328125000000001 0.5765625 0.2328125000000001
0 0.515625 0.16250000000000003 0.4703125 0.16250000000000003 0.4703125 0.2500000000000001 0.515625 0.2500000000000001
0 0.696875 0.2156250000000001 0.546875 0.2156250000000001 0.546875 0.3203125000000001 0.696875 0.3203125000000001
0 0.7296875 0.26250000000000007 0.5359375 0.26250000000000007 0.5359375 0.4078125000000001 0.7296875 0.4078125000000002
0 0.8046875 0.2562500000000001 0.6828125 0.2562500000000001 0.6828125 0.3609375000000001 0.8046875 0.3609375000000001