0 0.953125 0.9 0.8296875 0.9 0.8296875 0.996875 0.953125 0.996875
0 0.8734375 0.8234375 0.7687500000000002 0.8234375 0.7687500000000002 0.928125 0.8734375 0.928125
0 0.825 0.9078125 0.7031250000000002 0.9078125 0.7031250000000002 0.9953125 0.825 0.9953125
0 0.7781250000000002 0.878125 0.6890625000000001 0.878125 0.6890625000000001 0.9671875 0.7781250000000002 0.9671875
0 0.7781250000000002 0.8484375 0.7312500000000002 0.8484375 0.7312500000000002 0.8828125 0.7781250000000002 0.8828125
0 0.9953125 0.7265625000000002 0.8671875 0.7265625000000002 0.8671875 0.9203125 0.9953125 0.9203125
0 0.9953125 0.7359375000000001 0.953125 0.7359375000000001 0.953125 0.7937500000000002 0.9953125 0.7937500000000002
0 0.9578125 0.7312500000000002 0.9109375 0.7312500000000002 0.9109375 0.7734375000000002 0.9578125 0.7734375000000002
0 0.915625 0.7390625000000002 0.878125 0.7390625000000002 0.878125 0.7812500000000002 0.915625 0.7812500000000002
0 0.6796875000000002 0.8578125 0.6078125000000002 0.8578125 0.6078125000000002 0.925 0.6796875000000002 0.925
0 0.6609375000000002 0.76875 0.6046875000000002 0.76875 0.6046875000000002 0.8359375 0.6609375000000002 0.8359375
0 0.5890625000000002 0.76875 0.5234375000000002 0.76875 0.5234375000000002 0.828125 0.5890625000000002 0.828125
0 0.5140625000000002 0.7734375 0.45312500000000017 0.7734375 0.45312500000000017 0.8234375 0.5140625000000002 0.8234375
0 0.5562500000000001 0.7984375 0.5000000000000002 0.7984375 0.5000000000000002 0.84375 0.5562500000000001 0.84375
0 0.5234375000000002 0.81875 0.4578125000000002 0.81875 0.4578125000000002 0.8703125 0.5234375000000002 0.8703125
0 0.5656250000000002 0.853125 0.4859375000000002 0.853125 0.4859375000000002 0.903125 0.5656250000000002 0.903125
0 0.6093750000000002 0.8703125 0.5718750000000001 0.8703125 0.5718750000000001 0.903125 0.6093750000000002 0.903125
0 0.6328125000000002 0.9078125 0.5609375000000002 0.9078125 0.5609375000000002 0.9625 0.6328125000000002 0.9625
0 0.6703125000000002 0.9453125 0.5984375000000002 0.9453125 0.5984375000000002 0.9953125 0.6703125000000002 0.9953125
0 0.6843750000000002 0.9203125 0.6375000000000002 0.9203125 0.6375000000000002 0.953125 0.6843750000000002 0.953125
0 0.6515625000000002 0.8203125 0.5656250000000002 0.8203125 0.5656250000000002 0.875 0.6515625000000002 0.875
0 0.5609375000000002 0.8828125 0.4859375000000002 0.8828125 0.4859375000000002 0.95 0.5609375000000002 0.95
0 0.5328125000000001 0.9328125 0.45312500000000017 0.9328125 0.45312500000000017 0.9953125 0.5328125000000001 0.9953125
0 0.6000000000000002 0.9453125 0.5437500000000002 0.9453125 0.5437500000000002 0.9875 0.6000000000000002 0.9875
0 0.4906250000000002 0.8875 0.4109375000000002 0.8875 0.4109375000000002 0.9546875 0.4906250000000002 0.9546875
0 0.47656250000000017 0.865625 0.3859375000000001 0.865625 0.3859375000000001 0.9203125 0.47656250000000017 0.9203125
0 0.45312500000000017 0.8359375 0.3859375000000001 0.8359375 0.3859375000000001 0.878125 0.45312500000000017 0.878125
0 0.4343750000000002 0.8109375 0.3781250000000001 0.8109375 0.3781250000000001 0.84375 0.4343750000000002 0.84375
0 0.40625000000000017 0.7984375 0.3734375000000001 0.7984375 0.3734375000000001 0.8109375 0.40625000000000017 0.8109375
0 0.3828125000000001 0.7984375 0.3156250000000001 0.7984375 0.3156250000000001 0.840625 0.3828125000000001 0.840625
0 0.3734375000000001 0.828125 0.3125000000000001 0.828125 0.3125000000000001 0.8703125 0.3734375000000001 0.8703125
0 0.38750000000000007 0.840625 0.3312500000000001 0.840625 0.3312500000000001 0.878125 0.38750000000000007 0.878125
0 0.3921875000000001 0.8703125 0.3203125000000001 0.8703125 0.3203125000000001 0.925 0.3921875000000001 0.925
0 0.3968750000000001 0.903125 0.3296875000000001 0.903125 0.3296875000000001 0.9453125 0.3968750000000001 0.9453125
0 0.3390625000000001 0.928125 0.2734375000000001 0.928125 0.2734375000000001 0.9921875 0.3390625000000001 0.9921875
0 0.4156250000000002 0.9328125 0.3437500000000001 0.9328125 0.3437500000000001 0.9953125 0.4156250000000002 0.9953125
0 0.4625000000000002 0.95 0.4203125000000002 0.95 0.4203125000000002 0.9953125 0.4625000000000002 0.9953125
0 0.471875 0.5 0.3343750000000001 0.5 0.3343750000000001 0.609375 0.471875 0.609375
0 0.4671875 0.4546875 0.34843750000000007 0.4546875 0.34843750000000007 0.525 0.4671875 0.525
0 0.4015625 0.415625 0.3156250000000001 0.415625 0.3156250000000001 0.4796875 0.4015625 0.4796875
0 0.3437500000000001 0.465625 0.2640625000000001 0.465625 0.2640625000000001 0.5421875 0.3437500000000001 0.5421875
0 0.3109375000000001 0.496875 0.18906250000000005 0.496875 0.18906250000000008 0.5765625 0.3109375000000001 0.5765625
0 0.34843750000000007 0.5296875 0.20312500000000008 0.5296875 0.20312500000000008 0.6140625 0.34843750000000007 0.6140625
0 0.3968750000000001 0.584375 0.32500000000000007 0.584375 0.32500000000000007 0.6171875 0.3968750000000001 0.6171875
0 0.25468750000000007 0.4375 0.17031250000000003 0.4375 0.17031250000000003 0.5125 0.25468750000000007 0.5125
0 0.5609375 0.453125 0.4625 0.453125 0.4625 0.596875 0.5609375 0.596875
0 0.59375 0.425 0.5 0.425 0.5 0.6046875 0.59375 0.6046875
0 0.6328125 0.415625 0.5515625 0.415625 0.5515625 0.609375 0.6328125 0.609375
0 0.7171875 0.4125 0.6265625 0.4125 0.6265625 0.61875 0.7171875 0.61875
0 0.740625 0.4125000000000001 0.675 0.4125 0.675 0.6187500000000001 0.740625 0.6187500000000001
0 0.8015625 0.42500000000000016 0.7265625 0.42500000000000016 0.7265625 0.6015625000000002 0.8015625 0.6015625000000002
0 0.8484375 0.42500000000000016 0.759375 0.42500000000000016 0.759375 0.5843750000000002 0.8484375 0.5843750000000002
0 0.94375 0.4156250000000002 0.834375 0.4156250000000002 0.834375 0.5968750000000002 0.94375 0.5968750000000002
0 0.9625 0.43281250000000016 0.90625 0.43281250000000016 0.90625 0.6015625000000002 0.9625 0.6015625000000002
0 0.9953125 0.4203125000000002 0.94375 0.4203125000000002 0.94375 0.6093750000000002 0.9953125 0.6093750000000002
0 0.18906250000000005 0.4703125 0.08437500000000006 0.4703125 0.08437500000000006 0.5421875 0.18906250000000005 0.5421875
0 0.11718750000000007 0.5 0.004687500000000061 0.5 0.0046875000000000675 0.596875 0.11718750000000008 0.596875
0 0.16093750000000007 0.521875 0.06562500000000007 0.521875 0.06562500000000007 0.6140625 0.1609375000000001 0.6140625
0 0.08906250000000007 0.5875 7.1947999449907e-17 0.5875 7.395718560475812e-17 0.6203125 0.08906250000000007 0.6203125
0 0.014062500000000071 0.534375 6.544206332943669e-17 0.534375 7.060854201333958e-17 0.61875 0.014062500000000078 0.61875
0 0.08437500000000006 0.4609375 5.644856339819831e-17 0.4609375 6.08496378326341e-17 0.5328125 0.08437500000000006 0.5328125
0 0.565625 0.3109375000000001 0.4953125 0.3109375000000001 0.4953125 0.3656250000000001 0.565625 0.3656250000000001
0 0.5375 0.2953125000000001 0.4859375 0.2953125000000001 0.4859375 0.33281250000000007 0.5375 0.33281250000000007
0 0.5 0.2218750000000001 0.4390625 0.2218750000000001 0.4390625 0.2734375000000001 0.5 0.2734375000000001
0 0.4859375 0.21093750000000008 0.4484375 0.21093750000000008 0.4484375 0.23593750000000008 0.4859375 0.23593750000000008
0 0.48125 0.2531250000000001 0.4203125 0.2531250000000001 0.4203125 0.2953125000000001 0.48125 0.2953125000000001
0 0.4203125 0.2515625 0.353125 0.2515625 0.353125 0.30312500000000003 0.4203125 0.3031250000000001
0 0.4203125 0.22812500000000005 0.3484375 0.228125 0.3484375 0.26562500000000006 0.4203125 0.2656250000000001
0 0.453125 0.18125000000000005 0.3859375 0.18125000000000005 0.3859375 0.2484375000000001 0.453125 0.2484375000000001
0 0.40625 0.14687500000000003 0.3296875 0.14687500000000003 0.3296875 0.21093750000000006 0.40625 0.21093750000000008
0 0.3453125 0.12187500000000004 0.29375 0.12187500000000004 0.29375 0.18125000000000005 0.3453125 0.18125000000000005
0 0.3203125 0.16406250000000006 0.259375 0.16406250000000006 0.259375 0.234375 0.3203125 0.234375
0 0.30625 0.2265625 0.2359375 0.2265625 0.2359375 0.278125 0.30625 0.278125
0 0.3546875 0.2484375 0.2734375 0.2484375 0.2734375 0.303125 0.3546875 0.303125
0 0.2125 0.2359375 0.11250000000000004 0.2359375 0.11250000000000004 0.30625 0.2125 0.30625
0 0.2265625 0.20625 0.14062500000000006 0.20625 0.14062500000000006 0.26875 0.2265625 0.26875
0 0.17031250000000003 0.1984375 0.10937500000000004 0.1984375 0.10937500000000004 0.240625 0.17031250000000003 0.240625
0 0.17500000000000004 0.19375 0.042187500000000024 0.19375 0.04218750000000003 0.2609375 0.17500000000000004 0.2609375
0 0.10312500000000005 0.25625 3.138157422815093e-17 0.25625 3.473021781956947e-17 0.3109375 0.10312500000000005 0.3109375
0 0.14218750000000005 0.2859375 0.08125000000000004 0.2859375 0.08125000000000004 0.315625 0.14218750000000005 0.315625
0 0.03281250000000003 0.2265625 2.7745904043182222e-17 0.2265625 3.138157422815093e-17 0.2859375 0.032812500000000036 0.2859375
0 0.7734375 0.19843750000000007 0.5328125 0.19843750000000004 0.5328125 0.3031250000000001 0.7734375 0.3031250000000001
0 0.675 0.2312500000000001 0.6375 0.2312500000000001 0.6375 0.28593750000000007 0.675 0.28593750000000007
0 0.4625 0.02500000000000005 0.40625 0.025000000000000043 0.40625 0.08906250000000006 0.4625 0.08906250000000007
0 0.4109375 0.02968750000000005 0.35 0.029687500000000044 0.35 0.08437500000000005 0.4109375 0.08437500000000005
0 0.3828125 0.06718750000000004 0.3359375 0.06718750000000004 0.3359375 0.09687500000000004 0.3828125 0.09687500000000004
0 0.34375 0.02968750000000004 0.2734375 0.029687500000000033 0.2734375 0.08437500000000005 0.34375 0.08437500000000005
0 0.3625 4.008804756583914e-17 0.2921875 3.5782648662586727e-17 0.2921875 0.050000000000000044 0.3625 0.050000000000000044
0 0.4 4.640263262394268e-17 0.3578125 4.3819393281991234e-17 0.3578125 0.007812500000000047 0.4 0.00781250000000005
0 0.45625 5.243019108849606e-17 0.4 4.898587196589413e-17 0.4 0.020312500000000053 0.45625 0.020312500000000056
0 0.4859375 5.635288786701493e-17 0.434375 5.319559533796316e-17 0.434375 0.046875000000000056 0.4859375 0.046875000000000056
0 0.1890625 0.007812500000000017 0.1078125 0.007812500000000014 0.1078125 0.07187500000000002 0.1890625 0.07187500000000002
0 0.23125 2.401455832703013e-17 0.1609375 1.9709159423777714e-17 0.1609375 0.029687500000000026 0.23125 0.029687500000000033
0 0.1140625 0.00468750000000001 0.0578125 0.004687500000000007 0.0578125 0.07187500000000001 0.1140625 0.07187500000000002
0 0.15625 1.5021058395791752e-17 0.0890625 1.0907010554906114e-17 0.0890625 0.017187500000000015 0.15625 0.017187500000000015
0 0.740625 7.797555791446037e-17 0.5328125 6.52507122670699e-17 0.5328125 0.09687500000000007 0.740625 0.09687500000000009
0 0.6796875 0.05937500000000008 0.5796875 0.05937500000000007 0.5796875 0.08437500000000007 0.6796875 0.08437500000000009
0 0.7125 0.042187500000000086 0.6453125 0.04218750000000008 0.6453125 0.08437500000000009 0.7125 0.08437500000000009
0 0.5859375 7.060854201333958e-17 0.5671875 6.946043563913895e-17 0.5671875 0.05937500000000007 0.5859375 0.05937500000000007
0 0.6703125 0.00937500000000008 0.6140625 0.009375000000000074 0.6140625 0.03437500000000008 0.6703125 0.03437500000000008
0 0.7453125 8.639500465859844e-17 0.665625 8.15155525682457e-17 0.665625 0.029687500000000082 0.7453125 0.02968750000000009
0 0.796875 0.009375000000000095 0.76875 0.009375000000000095 0.76875 0.0390625000000001 0.796875 0.0390625000000001
0 0.825 9.931120136835567e-17 0.796875 9.758904180705471e-17 0.796875 0.0171875000000001 0.825 0.0171875000000001
0 0.86875 0.029687500000000106 0.840625 0.0296875000000001 0.840625 0.06718750000000011 0.86875 0.06718750000000011
0 0.896875 0.034375000000000114 0.86875 0.034375000000000114 0.86875 0.06718750000000011 0.896875 0.06718750000000011
0 0.9296875 0.02968750000000011 0.9015625 0.02968750000000011 0.9015625 0.05468750000000011 0.9296875 0.05468750000000011
0 0.915625 0.05937500000000011 0.8828125 0.05937500000000011 0.8828125 0.08437500000000012 0.915625 0.08437500000000012
0 0.8734375 0.05937500000000011 0.8359375 0.05937500000000011 0.8359375 0.08906250000000011 0.8734375 0.08906250000000011
0 0.9671875 0.03906250000000012 0.9296875 0.03906250000000011 0.9296875 0.0640625000000001 0.9671875 0.0640625000000001
0 0.98125 0.009375000000000118 0.9484375 0.009375000000000116 0.9484375 0.034375000000000114 0.98125 0.03437500000000012
0 0.8875 0.0046875000000001065 0.85 0.004687500000000104 0.85 0.03437500000000011 0.8875 0.034375000000000114
0 0.8453125 0.009375000000000102 0.8171875 0.0093750000000001 0.8171875 0.0468750000000001 0.8453125 0.0468750000000001
0 0.8453125 0.0421875000000001 0.8078125 0.0421875000000001 0.8078125 0.0796875000000001 0.8453125 0.0796875000000001
0 0.9625 1.158630682630816e-16 0.9296875 1.1385388210823048e-16 0.9296875 0.012500000000000117 0.9625 0.012500000000000117
0 0.915625 1.0983550979852825e-16 0.878125 1.0753929705012696e-16 0.878125 0.012500000000000108 0.915625 0.012500000000000112
0 0.9484375 0.2562500000000001 0.915625 0.2562500000000001 0.915625 0.28593750000000007 0.9484375 0.28593750000000007
0 0.9765625 0.2484375000000001 0.9484375 0.2484375000000001 0.9484375 0.2812500000000001 0.9765625 0.2812500000000001
0 0.9953125 0.24375000000000008 0.971875 0.24375000000000008 0.971875 0.2687500000000001 0.9953125 0.2687500000000001
0 0.9203125 0.2531250000000001 0.8875 0.2531250000000001 0.8875 0.2828125000000001 0.9203125 0.2828125000000001
0 0.90625 0.2812500000000001 0.878125 0.2812500000000001 0.878125 0.2906250000000001 0.90625 0.2906250000000001
0 0.8734375 0.2687500000000001 0.83125 0.2687500000000001 0.83125 0.2906250000000001 0.8734375 0.2906250000000001
0 0.8828125 0.24375000000000008 0.859375 0.24375000000000008 0.859375 0.2562500000000001 0.8828125 0.2562500000000001
0 0.9109375 0.2140625000000001 0.86875 0.2140625000000001 0.86875 0.2484375000000001 0.9109375 0.2484375000000001
0 0.953125 0.21093750000000008 0.9109375 0.21093750000000008 0.9109375 0.2531250000000001 0.953125 0.2531250000000001
0 0.990625 0.2062500000000001 0.9578125 0.2062500000000001 0.9578125 0.23593750000000008 0.990625 0.23593750000000008
0 0.9390625 0.19843750000000013 0.9109375 0.19843750000000013 0.9109375 0.2156250000000001 0.9390625 0.2156250000000001
0 0.896875 0.1937500000000001 0.8640625 0.1937500000000001 0.8640625 0.21093750000000008 0.896875 0.21093750000000008
0 0.859375 0.1937500000000001 0.8265625 0.1937500000000001 0.8265625 0.2234375000000001 0.859375 0.2234375000000001
0 0.878125 0.2062500000000001 0.840625 0.2062500000000001 0.840625 0.2390625000000001 0.878125 0.2390625000000001
0 0.8203125 0.21875000000000008 0.8015625 0.21875000000000008 0.8015625 0.2312500000000001 0.8203125 0.2312500000000001
0 0.8203125 0.22812500000000008 0.7875 0.22812500000000008 0.7875 0.2531250000000001 0.8203125 0.2531250000000001
0 0.8296875 0.24375000000000008 0.7875 0.24375000000000008 0.7875 0.2765625000000001 0.8296875 0.2765625000000001
0 0.9484375 0.2609375000000001 0.915625 0.2609375000000001 0.915625 0.28593750000000007 0.9484375 0.28593750000000007
0 0.25468750000000007 0.7609375 0.2171875000000001 0.7609375 0.2171875000000001 0.815625 0.25468750000000007 0.815625
0 0.2875000000000001 0.79375 0.2453125000000001 0.79375 0.2453125000000001 0.8359375 0.2875000000000001 0.8359375
0 0.3109375000000001 0.815625 0.2875000000000001 0.815625 0.2875000000000001 0.8328125 0.3109375000000001 0.8328125
0 0.2218750000000001 0.7734375 0.17968750000000008 0.7734375 0.17968750000000008 0.81875 0.2218750000000001 0.81875
0 0.1984375000000001 0.790625 0.1609375000000001 0.790625 0.1609375000000001 0.828125 0.1984375000000001 0.828125
0 0.15625000000000008 0.7765625 0.1140625000000001 0.7765625 0.1140625000000001 0.828125 0.15625000000000008 0.828125
0 0.1140625000000001 0.790625 0.0671875000000001 0.790625 0.0671875000000001 0.8359375 0.1140625000000001 0.8359375
0 0.0562500000000001 0.7953125 0.004687500000000097 0.7953125 0.0046875000000001 0.8328125 0.05625000000000011 0.8328125
0 0.2734375000000001 0.84375 0.23593750000000008 0.84375 0.23593750000000008 0.8953125 0.2734375000000001 0.8953125
0 0.2968750000000001 0.8234375 0.25468750000000007 0.8234375 0.25468750000000007 0.865625 0.2968750000000001 0.865625
0 0.2500000000000001 0.8109375 0.20312500000000008 0.8109375 0.20312500000000008 0.8578125 0.2500000000000001 0.8578125
0 0.20312500000000008 0.828125 0.15625000000000008 0.828125 0.15625000000000008 0.878125 0.20312500000000008 0.878125
0 0.23593750000000008 0.853125 0.1937500000000001 0.853125 0.1937500000000001 0.903125 0.23593750000000008 0.903125
0 0.16562500000000008 0.8203125 0.1140625000000001 0.8203125 0.1140625000000001 0.8625 0.16562500000000008 0.8625
0 0.1375000000000001 0.8359375 0.07031250000000011 0.8359375 0.07031250000000011 0.903125 0.1375000000000001 0.903125
0 0.07500000000000011 0.8359375 0.0281250000000001 0.8359375 0.028125000000000105 0.8828125 0.07500000000000011 0.8828125
0 0.032812500000000105 0.853125 1.0447768005225856e-16 0.853125 1.078263236436771e-16 0.9078125 0.03281250000000011 0.9078125
0 0.0281250000000001 0.8234375 1.0084200986728987e-16 0.8234375 1.0313822261569117e-16 0.8609375 0.0281250000000001 0.8609375
0 0.2875000000000001 0.9078125 0.2312500000000001 0.9078125 0.2312500000000001 0.9703125 0.2875000000000001 0.9703125
0 0.2406250000000001 0.9 0.18906250000000008 0.9 0.1890625000000001 0.9375 0.2406250000000001 0.9375
0 0.2968750000000001 0.8734375 0.2453125000000001 0.8734375 0.2453125000000001 0.925 0.2968750000000001 0.925
0 0.1890625000000001 0.878125 0.14218750000000008 0.878125 0.1421875000000001 0.928125 0.18906250000000013 0.928125
0 0.1609375000000001 0.853125 0.12343750000000009 0.853125 0.12343750000000009 0.8859375 0.1609375000000001 0.8859375
0 0.13281250000000008 0.8359375 0.07656250000000012 0.8359375 0.07656250000000012 0.8953125 0.13281250000000008 0.8953125
0 0.10468750000000011 0.8734375 0.04843750000000011 0.8734375 0.04843750000000011 0.9203125 0.10468750000000013 0.9203125
0 0.04687500000000011 0.8875 0.009375000000000109 0.8875 0.00937500000000011 0.925 0.04687500000000011 0.925
0 0.08906250000000011 0.9171875 0.02812500000000011 0.9171875 0.028125000000000115 0.9546875 0.08906250000000011 0.9546875
0 0.13750000000000012 0.928125 0.0953125000000001 0.928125 0.0953125000000001 0.975 0.13750000000000012 0.975
0 0.16562500000000013 0.9546875 0.11875000000000013 0.9546875 0.11875000000000013 0.996875 0.16562500000000013 0.996875
0 0.2171875000000001 0.9453125 0.16562500000000013 0.9453125 0.16562500000000013 0.9953125 0.2171875000000001 0.9953125
0 0.2687500000000001 0.9703125 0.22656250000000008 0.9703125 0.22656250000000008 0.9953125 0.2687500000000001 0.9953125
0 0.2406250000000001 0.9375 0.20312500000000008 0.9375 0.20312500000000008 0.9703125 0.2406250000000001 0.9703125
0 0.19375000000000014 0.9203125 0.14687500000000014 0.9203125 0.14687500000000014 0.9578125 0.19375000000000014 0.9578125
0 0.10937500000000014 0.9453125 0.06250000000000011 0.9453125 0.06250000000000011 0.9953125 0.10937500000000014 0.9953125
0 0.06093750000000011 0.9546875 1.1691549910609887e-16 0.9546875 1.1949873844805032e-16 0.996875 0.06093750000000011 0.996875
0 0.03281250000000012 0.925 1.1327982892113018e-16 0.925 1.1528901507598128e-16 0.9578125 0.03281250000000012 0.9578125