0 0.8921875 0.29375000000000007 0.4328125 0.29375000000000007 0.4328125000000001 0.7890625000000001 0.8921875 0.7890625000000002
0 0.996875 0.6187500000000001 0.7875 0.6187500000000001 0.7875000000000001 0.9953125 0.996875 0.9953125
0 0.996875 0.1812500000000001 0.85 0.18125000000000008 0.85 0.6296875000000002 0.996875 0.6296875000000002
0 0.996875 0.07812500000000011 0.8234375 0.07812500000000011 0.8234375 0.3000000000000001 0.996875 0.3000000000000001
0 0.75625 0.015625000000000076 0.440625 0.015625000000000056 0.440625 0.3812500000000001 0.75625 0.3812500000000001
0 0.784375 9.079607909303425e-17 0.6984375 8.553392487794795e-17 0.6984375 0.2015625000000001 0.784375 0.2015625000000001
0 0.915625 1.005549832737397e-16 0.7265625 8.897824400054988e-17 0.7265625 0.0718750000000001 0.915625 0.0718750000000001
0 0.525 5.3865324056246864e-17 0.3546875 4.343669115725768e-17 0.3546875 0.17031250000000003 0.525 0.17031250000000003
0 0.4671875 4.8220467716427034e-17 0.3203125 3.922696778518866e-17 0.3203125 0.14375000000000004 0.4671875 0.14375000000000004
0 0.5984375 0.22187500000000004 0.359375 0.221875 0.35937500000000006 0.6078125 0.5984375 0.6078125
0 0.853125 0.7328125000000001 0.47187500000000016 0.7328125 0.47187500000000016 0.9953125 0.853125 0.9953125
0 0.5937500000000001 0.6296875 0.3593750000000001 0.6296875 0.3593750000000001 0.9953125 0.5937500000000002 0.9953125
0 0.4671875000000001 0.39687500000000003 0.06562500000000004 0.396875 0.06562500000000007 0.746875 0.4671875000000002 0.746875
0 0.3468750000000001 0.6296875 0.057812500000000065 0.6296875 0.057812500000000086 0.9078125 0.3468750000000001 0.9078125
0 0.1968750000000001 0.753125 9.223121206078505e-17 0.753125 1.0706091939421002e-16 0.9953125 0.19687500000000013 0.9953125
0 0.3906250000000001 0.8453125 0.1937500000000001 0.8453125 0.19375000000000012 0.9953125 0.3906250000000001 0.9953125
0 0.10468750000000007 0.2421875 2.9659414666849956e-17 0.2421875 5.300424427559639e-17 0.6234375 0.10468750000000009 0.6234375
0 0.3671875 0.05625000000000002 0.065625 0.05625 0.06562500000000002 0.29375000000000007 0.3671875 0.29375000000000007