0 0.0921875000000001 0.80625 9.873714818125535e-17 0.80625 1.1031388745444518e-16 0.9953125 0.09218750000000012 0.9953125
0 0.27812500000000007 0.6375 7.807123344564376e-17 0.6375 9.337931843498569e-17 0.8875 0.27812500000000007 0.8875
0 0.1968750000000001 0.784375 0.021875000000000096 0.784375 0.02187500000000011 0.996875 0.19687500000000013 0.996875
0 0.24218750000000008 0.896875 0.16562500000000008 0.896875 0.1656250000000001 0.996875 0.24218750000000008 0.996875
0 0.10781250000000009 0.5515625 6.754692501547121e-17 0.5515625 7.883663769511086e-17 0.7359375 0.10781250000000009 0.7359375
0 0.2375000000000001 0.66875 0.09218750000000009 0.66875 0.0921875000000001 0.83125 0.2375000000000001 0.83125
0 0.30937500000000007 0.5359375 0.040625000000000064 0.5359375 0.04062500000000009 0.86875 0.30937500000000007 0.86875
0 0.3140625000000001 0.625 0.2062500000000001 0.625 0.2062500000000001 0.9765625 0.3140625000000001 0.9765625
0 0.4171875000000001 0.6375 0.2171875000000001 0.6375 0.2171875000000001 0.9578125 0.41718750000000016 0.9578125
0 0.5000000000000001 0.60625 0.29375000000000007 0.60625 0.29375000000000007 0.95 0.5000000000000002 0.95
0 0.4593750000000002 0.7765625 0.34062500000000007 0.7765625 0.34062500000000007 0.915625 0.4593750000000002 0.915625
0 0.5625000000000002 0.7765625 0.44843750000000016 0.7765625 0.44843750000000016 0.9234375 0.5625000000000002 0.9234375
0 0.6187500000000001 0.6421875 0.3968750000000001 0.6421875 0.3968750000000001 0.8890625 0.6187500000000001 0.8890625
0 0.4375 0.440625 0.32500000000000007 0.440625 0.32500000000000007 0.66875 0.4375 0.66875
0 0.6296875000000001 0.50625 0.4078125 0.50625 0.4078125000000001 0.8375 0.6296875000000002 0.8375
0 0.5671875000000001 0.65625 0.4796875 0.65625 0.4796875000000001 0.8 0.5671875000000002 0.8
0 0.6546875000000001 0.6140625 0.5203125 0.6140625 0.5203125000000001 0.753125 0.6546875000000002 0.753125
0 0.690625 0.5765625 0.5671875 0.5765625 0.5671875000000001 0.7578125 0.6906250000000002 0.7578125
0 0.76875 0.6250000000000001 0.634375 0.625 0.6343750000000001 0.7765625 0.7687500000000002 0.7765625000000002
0 0.7171875 0.60625 0.6453125 0.60625 0.6453125 0.6875 0.7171875 0.6875
0 0.7828125 0.5437500000000001 0.603125 0.54375 0.603125 0.6875000000000001 0.7828125 0.6875000000000002
0 0.690625 0.521875 0.65 0.521875 0.65 0.5875 0.690625 0.5875
0 0.70625 0.478125 0.659375 0.478125 0.659375 0.590625 0.70625 0.590625
0 0.7625 0.4906250000000001 0.7171875 0.490625 0.7171875 0.6296875000000001 0.7625 0.6296875000000002
0 0.865625 0.5953125000000001 0.76875 0.5953125000000001 0.76875 0.7265625000000002 0.865625 0.7265625000000002
0 0.8296875 0.5328125000000001 0.7625 0.5328125000000001 0.7625 0.6218750000000002 0.8296875 0.6218750000000002
0 0.778125 0.4906250000000002 0.7625 0.4906250000000002 0.7625 0.5437500000000002 0.778125 0.5437500000000002
0 0.8921875 0.5062500000000002 0.7890625 0.5062500000000002 0.7890625 0.6218750000000002 0.8921875 0.6218750000000002
0 0.8765625 0.4828125000000002 0.81875 0.4828125000000002 0.81875 0.6062500000000002 0.8765625 0.6062500000000002
0 0.825 0.47187500000000016 0.7828125 0.47187500000000016 0.7828125 0.5218750000000002 0.825 0.5218750000000002
0 0.36562500000000003 2.2388074296912554e-17 0 0 4.4010744344358005e-17 0.71875 0.3656250000000001 0.71875
0 0.7421875 5.998855805198363e-17 0.2375 2.9085361479749636e-17 0.2375 0.27031250000000007 0.7421875 0.27031250000000007
0 0.9171875 0.05781250000000008 0.3453125 0.057812500000000044 0.3453125 0.4203125000000001 0.9171875 0.4203125000000002
0 0.571875 0.3468750000000001 0.4328125 0.3468750000000001 0.4328125 0.5984375 0.571875 0.5984375
0 0.6703125 0.3750000000000001 0.55625 0.3750000000000001 0.55625 0.540625 0.6703125 0.540625
0 0.9015625 0.2890625000000001 0.546875 0.2890625000000001 0.546875 0.4671875000000001 0.9015625 0.4671875000000002
0 0.9640625 0.4515625000000002 0.8859375 0.4515625000000002 0.8859375 0.5953125000000001 0.9640625 0.5953125000000001
0 0.9796875 0.5953125000000001 0.9484375 0.5953125000000001 0.9484375 0.6375000000000002 0.9796875 0.6375000000000002
0 0.9953125 0.8734375 0.9328125 0.8734375 0.9328125 0.996875 0.9953125 0.996875