0 0.98125 0.050000000000000114 0.9390625 0.050000000000000114 0.9390625 0.12031250000000013 0.98125 0.12031250000000013
0 0.9203125 0.03281250000000011 0.8734375 0.03281250000000011 0.8734375 0.10937500000000011 0.9203125 0.10937500000000014
0 0.925 0.1109375000000001 0.8734375 0.11093750000000009 0.8734375 0.1875000000000001 0.925 0.18750000000000014
0 0.959375 0.0875000000000001 0.9171875 0.0875000000000001 0.9171875 0.13750000000000012 0.959375 0.13750000000000012
0 0.9859375 0.12656250000000013 0.9203125 0.12656250000000013 0.9203125 0.2250000000000001 0.9859375 0.2250000000000001
0 0.996875 0.07656250000000012 0.971875 0.07656250000000012 0.971875 0.17656250000000012 0.996875 0.17656250000000012
0 0.9390625 0.17031250000000012 0.8734375 0.1703125000000001 0.8734375 0.2250000000000001 0.9390625 0.2250000000000001
0 0.9453125 0.2140625000000001 0.8734375 0.2140625000000001 0.8734375 0.3140625000000001 0.9453125 0.3140625000000001
0 0.996875 0.19218750000000012 0.9640625 0.19218750000000012 0.9640625 0.23593750000000008 0.996875 0.23593750000000008
0 0.975 0.2140625000000001 0.9421875 0.2140625000000001 0.9421875 0.2468750000000001 0.975 0.2468750000000001
0 0.996875 0.23593750000000008 0.95625 0.23593750000000008 0.95625 0.32500000000000007 0.996875 0.32500000000000007
0 0.996875 0.3078125000000001 0.971875 0.3078125000000001 0.971875 0.40156250000000016 0.996875 0.40156250000000016
0 0.9640625 0.3031250000000001 0.8984375 0.3031250000000001 0.8984375 0.3468750000000001 0.9640625 0.3468750000000001
0 0.971875 0.3468750000000001 0.8953125 0.3468750000000001 0.8953125 0.40625000000000017 0.971875 0.40625000000000017
0 0.975 0.37968750000000007 0.8984375 0.37968750000000007 0.8984375 0.5000000000000002 0.975 0.5000000000000002
0 0.996875 0.40625000000000017 0.978125 0.40625000000000017 0.978125 0.5062500000000002 0.996875 0.5062500000000002
0 0.996875 0.4890625000000002 0.909375 0.4890625000000002 0.909375 0.6046875000000002 0.996875 0.6046875000000002
0 0.996875 0.5781250000000002 0.975 0.5781250000000002 0.975 0.6546875000000002 0.996875 0.6546875000000002
0 0.996875 0.6437500000000002 0.928125 0.6437500000000002 0.928125 0.7593750000000001 0.996875 0.7593750000000001
0 0.996875 0.7312500000000002 0.9609375 0.7312500000000002 0.9609375 0.825 0.996875 0.825
0 0.996875 0.8140625 0.9390625 0.8140625 0.9390625 0.940625 0.996875 0.940625
0 0.996875 0.9234375 0.9390625 0.9234375 0.9390625 0.99375 0.996875 0.99375
0 0.9390625 0.940625 0.8515625 0.940625 0.8515625 0.9953125 0.9390625 0.9953125
0 0.93125 0.8078125 0.8265625 0.8078125 0.8265625 0.95 0.93125 0.95
0 0.9609375 0.7140625000000002 0.884375 0.7140625000000002 0.884375 0.8296875 0.9609375 0.8296875
0 0.88125 0.7750000000000001 0.834375 0.7750000000000001 0.834375 0.8296875 0.88125 0.8296875
0 0.8375 0.8953125 0.7625000000000002 0.8953125 0.7625000000000002 0.9953125 0.8375 0.9953125
0 0.8234375 0.7578125000000002 0.7328125000000002 0.7578125000000002 0.7328125000000002 0.9125 0.8234375 0.9125
0 0.7593750000000001 0.8296875 0.6796875000000002 0.8296875 0.6796875000000002 0.95625 0.7593750000000001 0.95625
0 0.7359375000000001 0.9296875 0.6640625000000002 0.9296875 0.6640625000000002 0.9953125 0.7359375000000001 0.9953125
0 0.6859375000000002 0.840625 0.6093750000000002 0.840625 0.6093750000000002 0.9890625 0.6859375000000002 0.9890625
0 0.6281250000000002 0.934375 0.5453125000000002 0.934375 0.5453125000000002 0.99375 0.6281250000000002 0.99375
0 0.6390625000000002 0.790625 0.5781250000000002 0.790625 0.5781250000000002 0.934375 0.6390625000000002 0.934375
0 0.7046875000000001 0.7203125 0.6328125 0.7203125 0.6328125000000001 0.846875 0.7046875000000001 0.846875
0 0.7375 0.6656250000000001 0.66875 0.665625 0.6687500000000001 0.7812500000000001 0.7375000000000002 0.7812500000000002
0 0.7984375000000001 0.6593750000000002 0.7328125 0.6593750000000002 0.7328125000000001 0.7750000000000001 0.7984375000000001 0.7750000000000001
0 0.85625 0.6765625000000002 0.8015625 0.6765625000000002 0.8015625 0.803125 0.85625 0.803125
0 0.925 0.6703125000000002 0.853125 0.6703125000000002 0.853125 0.7859375000000002 0.925 0.7859375000000002
0 0.9578125 0.5609375000000002 0.878125 0.5609375000000002 0.878125 0.6875000000000002 0.9578125 0.6875000000000002
0 0.8703125 0.5875000000000001 0.8078125 0.5875000000000001 0.8078125 0.6765625000000002 0.8703125 0.6765625000000002
0 0.6578125000000001 0.709375 0.6 0.709375 0.6000000000000001 0.790625 0.6578125000000001 0.790625
0 0.6000000000000001 0.6921875 0.50625 0.6921875 0.5062500000000001 0.8359375 0.6000000000000002 0.8359375
0 0.628125 0.621875 0.5484375 0.621875 0.5484375000000001 0.759375 0.6281250000000002 0.759375
0 0.678125 0.59375 0.6171875 0.59375 0.6171875 0.703125 0.678125 0.703125
0 0.740625 0.4953125000000001 0.671875 0.4953125 0.671875 0.6328125000000001 0.740625 0.6328125000000002
0 0.7875 0.5390625000000001 0.7046875 0.5390625 0.7046875 0.6703125000000001 0.7875 0.6703125000000002
0 0.83125 0.5109375000000002 0.759375 0.5109375000000002 0.759375 0.6046875000000002 0.83125 0.6046875000000002
0 0.8921875 0.47187500000000016 0.834375 0.47187500000000016 0.834375 0.5937500000000002 0.8921875 0.5937500000000002
0 0.6828125 0.484375 0.603125 0.484375 0.603125 0.6 0.6828125 0.6
0 0.625 0.521875 0.5484375 0.521875 0.5484375 0.6375 0.625 0.6375
0 0.5484375 0.5546875 0.4734375 0.5546875 0.4734375 0.665625 0.5484375 0.665625
0 0.5734375 0.4125 0.5125 0.4125 0.5125 0.50625 0.5734375 0.50625
0 0.6390625 0.4125 0.5671875 0.4125 0.5671875 0.5171875 0.6390625 0.5171875
0 0.7109375 0.4171875 0.646875 0.4171875 0.646875 0.5171875 0.7109375 0.5171875
0 0.7375 0.35625000000000007 0.6546875 0.35625000000000007 0.6546875 0.4562500000000001 0.7375 0.45625000000000016
0 0.7765625 0.4171875000000001 0.71875 0.4171875 0.71875 0.5171875000000001 0.7765625 0.5171875000000001
0 0.79375 0.3625000000000001 0.7328125 0.3625000000000001 0.7328125 0.4281250000000002 0.79375 0.4281250000000002
0 0.8484375 0.3906250000000001 0.7765625 0.3906250000000001 0.7765625 0.5109375000000002 0.8484375 0.5109375000000002
0 0.903125 0.37968750000000007 0.8453125 0.37968750000000007 0.8453125 0.44531250000000017 0.903125 0.44531250000000017
0 0.8921875 0.3140625000000001 0.8515625 0.3140625000000001 0.8515625 0.39531250000000007 0.8921875 0.39531250000000007
0 0.8484375 0.3187500000000001 0.7828125 0.3187500000000001 0.7828125 0.3906250000000001 0.8484375 0.3906250000000001
0 0.6359375 0.3468750000000001 0.5640625 0.3468750000000001 0.5640625 0.4171875 0.6359375 0.4171875
0 0.5703125 0.3578125000000001 0.5265625 0.3578125000000001 0.5265625 0.428125 0.5703125 0.428125
0 0.584375 0.2968750000000001 0.5125 0.2968750000000001 0.5125 0.37968750000000007 0.584375 0.37968750000000007
0 0.5953125 0.2093750000000001 0.55625 0.2093750000000001 0.55625 0.3140625000000001 0.5953125 0.3140625000000001
0 0.8671875 0.1703125000000001 0.815625 0.1703125000000001 0.815625 0.2578125000000001 0.8671875 0.2578125000000001
0 0.8671875 0.2484375000000001 0.8203125 0.2484375000000001 0.8203125 0.32500000000000007 0.8671875 0.32500000000000007
0 0.8453125 0.3187500000000001 0.79375 0.3187500000000001 0.79375 0.3843750000000001 0.8453125 0.3843750000000001
0 0.559375 0.2140625000000001 0.50625 0.2140625000000001 0.50625 0.3078125000000001 0.559375 0.3078125000000001
0 0.5890625 0.14843750000000006 0.5234375 0.14843750000000006 0.5234375 0.2140625000000001 0.5890625 0.2140625000000001
0 0.65 0.08750000000000008 0.5875 0.08750000000000006 0.5875 0.1703125000000001 0.65 0.1703125000000001
0 0.7078125 0.07187500000000009 0.653125 0.07187500000000009 0.653125 0.1531250000000001 0.7078125 0.1531250000000001
0 0.7875 0.0828125000000001 0.715625 0.0828125000000001 0.715625 0.1375000000000001 0.7875 0.1375000000000001
0 0.7578125 0.06562500000000009 0.715625 0.06562500000000009 0.715625 0.0984375000000001 0.7578125 0.0984375000000001
0 0.7359375 0.021875000000000085 0.671875 0.021875000000000082 0.671875 0.0828125000000001 0.7359375 0.0828125000000001
0 0.66875 0.039062500000000076 0.596875 0.039062500000000076 0.596875 0.09843750000000008 0.66875 0.0984375000000001
0 0.621875 0.05468750000000007 0.5421875 0.05468750000000007 0.5421875 0.14375000000000007 0.621875 0.1437500000000001
0 0.55625 0.10000000000000006 0.515625 0.10000000000000005 0.515625 0.16562500000000008 0.55625 0.16562500000000008
0 0.440625 4.9751276215361234e-17 0.371875 4.55415528432922e-17 0.371875 0.08281250000000004 0.440625 0.08281250000000004
0 0.4078125 0.03281250000000004 0.346875 0.03281250000000004 0.346875 0.11562500000000005 0.4078125 0.11562500000000005
0 0.3609375 0.028125000000000046 0.328125 0.028125000000000046 0.328125 0.08281250000000004 0.3609375 0.08281250000000004
0 0.3296875 0.02812500000000004 0.271875 0.028125000000000032 0.271875 0.08750000000000004 0.3296875 0.08750000000000005
0 0.3109375 0.07656250000000003 0.2453125 0.07656250000000002 0.2453125 0.18125000000000005 0.3109375 0.18125000000000005
0 0.278125 3.0329143385133673e-17 0.2171875 2.659779766898158e-17 0.2171875 0.07656250000000003 0.278125 0.07656250000000005
0 0.25 0.010937500000000027 0.18125 0.010937500000000022 0.18125 0.08750000000000002 0.25 0.08750000000000002
0 0.2421875 0.10468750000000004 0.1953125 0.10468750000000004 0.1953125 0.14843750000000006 0.2421875 0.14843750000000006
0 0.25625 0.14843750000000006 0.190625 0.14843750000000006 0.19062500000000002 0.23125 0.25625 0.23125
0 0.2921875 0.2203125 0.2203125 0.2203125 0.2203125 0.296875 0.2921875 0.296875
0 0.346875 0.2140625 0.2921875 0.2140625 0.2921875 0.275 0.346875 0.275
0 0.3171875 0.19218750000000004 0.25625 0.19218750000000004 0.25625 0.253125 0.3171875 0.253125
0 0.2234375 0.23125 0.14843750000000006 0.23125 0.14843750000000006 0.31875 0.2234375 0.31875
0 0.228125 0.2921875 0.19531250000000006 0.2921875 0.19531250000000006 0.3140625 0.228125 0.3140625
0 0.3796875 0.08750000000000005 0.3109375 0.08750000000000005 0.3109375 0.17656250000000004 0.3796875 0.17656250000000004
0 0.328125 0.02812500000000004 0.275 0.028125000000000032 0.275 0.08281250000000004 0.328125 0.08281250000000004
0 0.4625 0.08281250000000005 0.4 0.08281250000000004 0.4 0.17656250000000004 0.4625 0.17656250000000004
0 0.4078125 0.11562500000000005 0.371875 0.11562500000000005 0.371875 0.19218750000000004 0.4078125 0.19218750000000004
0 0.3859375 0.18750000000000006 0.321875 0.18750000000000006 0.321875 0.24218750000000006 0.3859375 0.24218750000000008
0 0.4515625 0.17031250000000003 0.3890625 0.17031250000000003 0.3890625 0.2578125000000001 0.4515625 0.2578125000000001
0 0.515625 0.18125000000000005 0.4515625 0.18125000000000005 0.4515625 0.2640625000000001 0.515625 0.2640625000000001
0 0.4296875 0.22031250000000008 0.36875 0.22031250000000008 0.36875 0.2968750000000001 0.4296875 0.2968750000000001
0 0.4984375 0.2468750000000001 0.4359375 0.2468750000000001 0.4359375 0.3296875000000001 0.4984375 0.3296875000000001
0 0.4515625 0.2796875000000001 0.4046875 0.2796875000000001 0.4046875 0.4125 0.4515625 0.4125
0 0.5125 0.3140625000000001 0.4515625 0.3140625000000001 0.4515625 0.3687500000000001 0.5125 0.3687500000000001
0 0.5234375 0.3515625000000001 0.4625 0.3515625000000001 0.4625 0.4390625 0.5234375 0.4390625
0 0.5015625 0.3906250000000001 0.4296875 0.3906250000000001 0.4296875 0.5 0.5015625 0.5
0 0.18437500000000004 0.340625 0.12968750000000004 0.340625 0.12968750000000004 0.4453125 0.18437500000000004 0.4453125
0 0.5421875 0.484375 0.465625 0.484375 0.465625 0.5890625 0.5421875 0.5890625
0 0.4734375 0.5546875 0.3859375000000001 0.5546875 0.3859375000000001 0.68125 0.4734375 0.68125
0 0.465625 0.4671875 0.4265625 0.4671875 0.4265625 0.5609375 0.465625 0.5609375
0 0.4296875 0.45625 0.3421875000000001 0.45625 0.3421875000000001 0.5875 0.4296875 0.5875
0 0.37968750000000007 0.565625 0.2921875000000001 0.565625 0.2921875000000001 0.6875 0.37968750000000007 0.6875
0 0.4406250000000001 0.6375 0.3578125000000001 0.6375 0.3578125000000001 0.775 0.44062500000000016 0.775
0 0.4875000000000001 0.703125 0.4046875 0.703125 0.4046875000000001 0.8359375 0.48750000000000016 0.8359375
0 0.5453125000000001 0.6703125 0.4734375 0.6703125 0.47343750000000007 0.7640625 0.5453125000000002 0.7640625
0 0.3421875000000001 0.4671875 0.2671875000000001 0.4671875 0.2671875000000001 0.571875 0.3421875000000001 0.571875
0 0.3000000000000001 0.55 0.2093750000000001 0.55 0.2093750000000001 0.6484375 0.3000000000000001 0.6484375
0 0.2750000000000001 0.521875 0.2234375000000001 0.521875 0.2234375000000001 0.5546875 0.2750000000000001 0.5546875
0 0.5781250000000002 0.8296875 0.48750000000000016 0.8296875 0.48750000000000016 0.9671875 0.5781250000000002 0.9671875
0 0.5421875000000002 0.95625 0.49531250000000016 0.95625 0.49531250000000016 0.99375 0.5421875000000002 0.99375
0 0.48750000000000016 0.934375 0.3968750000000001 0.934375 0.3968750000000001 0.99375 0.48750000000000016 0.99375
0 0.47968750000000016 0.8140625 0.3937500000000001 0.8140625 0.3937500000000001 0.9625 0.47968750000000016 0.9625
0 0.40156250000000016 0.7859375 0.3031250000000001 0.7859375 0.3031250000000001 0.928125 0.40156250000000016 0.928125
0 0.4078125000000002 0.7640625 0.3578125000000001 0.7640625 0.3578125000000001 0.8234375 0.4078125000000002 0.8234375
0 0.3968750000000001 0.91875 0.3000000000000001 0.91875 0.3000000000000001 0.9953125 0.3968750000000001 0.9953125
0 0.33281250000000007 0.8625 0.2671875000000001 0.8625 0.2671875000000001 0.95625 0.33281250000000007 0.95625
0 0.3109375000000001 0.91875 0.2093750000000001 0.91875 0.2093750000000001 0.9953125 0.3109375000000001 0.9953125
0 0.2562500000000001 0.8296875 0.1546875000000001 0.8296875 0.15468750000000012 0.9671875 0.2562500000000001 0.9671875
0 0.17656250000000012 0.9125 0.08281250000000011 0.9125 0.08281250000000011 0.99375 0.17656250000000012 0.99375
0 0.1484375000000001 0.846875 0.057812500000000114 0.846875 0.057812500000000114 0.9953125 0.14843750000000014 0.9953125
0 0.2312500000000001 0.746875 0.14062500000000008 0.746875 0.14062500000000008 0.86875 0.2312500000000001 0.86875
0 0.14843750000000008 0.73125 0.06562500000000009 0.73125 0.0656250000000001 0.8578125 0.14843750000000008 0.8578125
0 0.3218750000000001 0.725 0.2234375000000001 0.725 0.2234375000000001 0.8734375 0.3218750000000001 0.8734375
0 0.3609375000000001 0.6640625 0.27812500000000007 0.6640625 0.27812500000000007 0.7859375 0.3609375000000001 0.7859375
0 0.28593750000000007 0.6421875 0.1984375000000001 0.6421875 0.1984375000000001 0.7640625 0.28593750000000007 0.7640625
0 0.19218750000000004 0.440625 0.14531250000000004 0.440625 0.14531250000000004 0.4625 0.19218750000000004 0.4625
0 0.2062500000000001 0.4515625 0.12343750000000005 0.4515625 0.12343750000000006 0.55625 0.2062500000000001 0.55625
0 0.2140625000000001 0.5390625 0.12031250000000004 0.5390625 0.12031250000000007 0.6375 0.2140625000000001 0.6375
0 0.2093750000000001 0.6265625 0.11875000000000009 0.6265625 0.11875000000000009 0.753125 0.2093750000000001 0.753125
0 0.13437500000000008 0.565625 0.10937500000000008 0.565625 0.10937500000000008 0.6484375 0.13437500000000008 0.6484375
0 0.12656250000000008 0.6546875 0.0906250000000001 0.6546875 0.0906250000000001 0.7359375 0.12656250000000008 0.7359375
0 0.057812500000000114 0.9671875 1.1844630760503306e-16 0.9671875 1.2007279163515065e-16 0.99375 0.057812500000000114 0.99375
0 0.050000000000000114 0.840625 1.0294687155332437e-16 0.840625 1.1136631829746244e-16 0.978125 0.050000000000000114 0.978125
0 0.0609375000000001 0.7359375 9.012635037475052e-17 0.7359375 9.720633968232114e-17 0.8515625 0.06093750000000011 0.8515625
0 0.09375000000000008 0.63125 7.730582919617668e-17 0.63125 8.610797806504827e-17 0.775 0.09375000000000008 0.775
0 0.11250000000000009 0.5546875 0.021875000000000068 0.5546875 0.021875000000000075 0.665625 0.11250000000000009 0.665625
0 0.03906250000000007 0.5203125 6.371990376813572e-17 0.5203125 7.051286648215619e-17 0.63125 0.039062500000000076 0.63125
0 0.13125000000000006 0.4734375 0.05156250000000007 0.4734375 0.05156250000000007 0.578125 0.1312500000000001 0.578125
0 0.032812500000000064 0.434375 5.319559533796316e-17 0.434375 5.855342508423283e-17 0.521875 0.032812500000000064 0.521875
0 0.06250000000000006 0.4015625 0.004687500000000048 0.4015625 0.004687500000000055 0.5109375 0.06250000000000007 0.5109375
0 0.12968750000000004 0.36875 0.05468750000000004 0.36875 0.054687500000000056 0.478125 0.12968750000000004 0.478125
0 0.09687500000000004 0.340625 0.035937500000000046 0.340625 0.03593750000000005 0.4171875 0.09687500000000004 0.4171875
0 0.15468750000000003 0.275 0.07968750000000005 0.275 0.07968750000000005 0.384375 0.15468750000000003 0.384375
0 0.15937500000000004 0.203125 0.07968750000000002 0.203125 0.07968750000000004 0.275 0.15937500000000004 0.275
0 0.19531250000000003 0.16562500000000002 0.1375 0.165625 0.1375 0.2359375 0.19531250000000006 0.2359375
0 0.08281250000000004 0.2375 0.018750000000000027 0.2375 0.018750000000000034 0.303125 0.08281250000000004 0.303125
0 0.08281250000000004 0.303125 0.02187500000000004 0.303125 0.02187500000000004 0.384375 0.08281250000000004 0.384375
0 0.03593750000000005 0.3359375 4.11404784088564e-17 0.3359375 4.6881010279859617e-17 0.4296875 0.03593750000000005 0.4296875
0 0.07968750000000002 0.1484375 0.007812500000000019 0.1484375 0.007812500000000024 0.2359375 0.07968750000000002 0.2359375
0 0.1375 0.1328125 0.07500000000000002 0.1328125 0.07500000000000002 0.203125 0.13750000000000004 0.203125
0 0.02500000000000003 0.1546875 1.894375517431062e-17 0.1546875 2.870265935501609e-17 0.3140625 0.025000000000000033 0.3140625
0 0.07500000000000001 0.0765625 0.010937500000000008 0.0765625 0.010937500000000013 0.159375 0.07500000000000002 0.159375
0 0.010937500000000013 0.0671875 8.228095681771279e-18 0.0671875 1.291619670975724e-17 0.14375 0.010937500000000017 0.14375
0 0.0546875 0.03906250000000001 4.783776559169349e-18 0.0390625 6.792962714020475e-18 0.071875 0.0546875 0.071875
0 0.028125000000000004 1.7221595613009659e-18 0 0 3.3486435914185442e-18 0.0546875 0.02812500000000001 0.0546875