0 0.8484375 0.3109375000000001 0.63125 0.3109375000000001 0.63125 0.5250000000000001 0.8484375 0.5250000000000001
0 0.75625 0.4718750000000001 0.5375 0.471875 0.5375 0.6093750000000001 0.75625 0.6093750000000002
0 0.715625 0.2796875000000001 0.6 0.2796875000000001 0.6 0.43125 0.715625 0.43125
0 0.653125 0.18593750000000006 0.4140625 0.18593750000000003 0.4140625 0.4359375 0.653125 0.4359375
0 0.7875000000000001 0.5562500000000001 0.56875 0.55625 0.5687500000000001 0.7640625000000001 0.7875000000000002 0.7640625000000002
0 0.6312500000000001 0.5953125 0.4671875 0.5953125 0.4671875000000001 0.821875 0.6312500000000002 0.821875
0 0.5156250000000001 0.63125 0.2984375000000001 0.63125 0.2984375000000001 0.84375 0.5156250000000002 0.84375
0 0.546875 0.38281250000000006 0.30156250000000007 0.3828125 0.30156250000000007 0.621875 0.546875 0.621875
0 0.4171875 0.16875000000000004 0.2046875 0.16875000000000004 0.20468750000000005 0.37343750000000003 0.4171875 0.3734375000000001
0 0.4765625 0.24531250000000004 0.3609375 0.2453125 0.3609375 0.38281250000000006 0.4765625 0.3828125000000001
0 0.39062500000000006 0.32500000000000007 0.209375 0.325 0.20937500000000003 0.440625 0.3906250000000001 0.440625
0 0.3031250000000001 0.4 0.08125000000000004 0.4 0.08125000000000006 0.609375 0.3031250000000001 0.609375
0 0.3468750000000001 0.578125 0.2093750000000001 0.578125 0.2093750000000001 0.7375 0.3468750000000001 0.7375