0 0.996875 0.8734375 0.8296875 0.8734375 0.8296875 0.99375 0.996875 0.99375
0 0.8859375 0.596875 0.696875 0.596875 0.6968750000000001 0.95625 0.8859375 0.95625
0 0.996875 0.3968750000000001 0.8515625 0.3968750000000001 0.8515625 0.7609375000000002 0.996875 0.7609375000000002
0 0.8734375 0.19531250000000008 0.6765625 0.19531250000000008 0.6765625 0.5781250000000001 0.8734375 0.5781250000000002
0 0.996875 1.1127064276627905e-16 0.8203125 1.0045930774255631e-16 0.8203125 0.3078125000000001 0.996875 0.3078125000000001
0 0.75625 8.103717491232877e-17 0.5671875 6.946043563913895e-17 0.5671875 0.2640625000000001 0.75625 0.2640625000000001
0 0.5984375 0.11875000000000006 0.4203125 0.11875000000000005 0.4203125 0.471875 0.5984375 0.471875
0 0.6921875000000001 0.421875 0.49375 0.421875 0.4937500000000001 0.8359375 0.6921875000000002 0.8359375
0 0.6593750000000002 0.8359375 0.4125000000000002 0.8359375 0.4125000000000002 0.99375 0.6593750000000002 0.99375
0 0.503125 0.603125 0.3265625000000001 0.603125 0.3265625000000001 0.94375 0.5031250000000002 0.94375
0 0.44375 0.290625 0.2984375 0.290625 0.2984375 0.5921875 0.44375 0.5921875
0 0.278125 2.3823207264663357e-17 0.1109375 1.358592542804095e-17 0.11093750000000002 0.2890625 0.278125 0.2890625
0 0.3265625000000001 0.509375 0.14843750000000006 0.509375 0.14843750000000006 0.88125 0.3265625000000001 0.88125
0 0.3921875000000001 0.9 0.21875000000000008 0.9 0.21875000000000008 0.99375 0.3921875000000001 0.99375
0 0.1828125000000001 0.615625 7.539231857250894e-17 0.615625 9.84501215877052e-17 0.9921875 0.18281250000000013 0.9921875