0 0.996875 0.934375 0.7484375000000002 0.934375 0.7484375000000002 0.9953125 0.996875 0.9953125
0 0.996875 0.6671875000000002 0.8109375 0.6671875000000002 0.8109375 0.9671875 0.996875 0.9671875
0 0.996875 0.3609375000000001 0.8296875 0.3609375000000001 0.8296875 0.5906250000000002 0.996875 0.5906250000000002
0 0.9453125 0.2515625000000001 0.8078125 0.2515625000000001 0.8078125 0.3828125000000001 0.9453125 0.3828125000000001
0 0.996875 0.11406250000000014 0.9171875 0.11406250000000014 0.9171875 0.2953125000000001 0.996875 0.2953125000000001
0 0.7968750000000001 0.5687500000000001 0.53125 0.56875 0.5312500000000001 0.9734375 0.7968750000000002 0.9734375
0 0.815625 0.5296875000000001 0.6703125 0.5296875 0.6703125 0.7000000000000001 0.815625 0.7000000000000002
0 0.6656250000000001 0.4203125 0.4828125 0.4203125 0.4828125000000001 0.7328125 0.6656250000000001 0.7328125
0 0.728125 0.3234375000000001 0.55 0.3234375000000001 0.55 0.5531250000000001 0.728125 0.5531250000000002
0 0.73125 0.26250000000000007 0.6359375 0.26250000000000007 0.6359375 0.4093750000000001 0.73125 0.40937500000000016
0 0.6609375 0.09375000000000008 0.4875 0.09375000000000007 0.4875 0.35625000000000007 0.6609375 0.35625000000000007
0 0.7171875 0.09843750000000008 0.6296875 0.09843750000000007 0.6296875 0.21250000000000008 0.7171875 0.21250000000000008
0 0.5203125 5.587451021109799e-17 0.3921875 4.802911665406026e-17 0.3921875 0.12031250000000004 0.5203125 0.12031250000000004
0 0.5125 0.16406250000000006 0.4078125 0.16406250000000006 0.4078125 0.3281250000000001 0.5125 0.3281250000000001
0 0.55 0.30156250000000007 0.39375 0.30156250000000007 0.39375000000000004 0.5203125 0.55 0.5203125
0 0.5093750000000001 0.525 0.3312500000000001 0.525 0.3312500000000001 0.8140625 0.5093750000000001 0.8140625
0 0.3937500000000001 0.65625 0.1390625000000001 0.65625 0.13906250000000012 0.9953125 0.3937500000000001 0.9953125
0 0.4359375000000002 0.9625 0.2687500000000001 0.9625 0.2687500000000001 0.9953125 0.4359375000000002 0.9953125
0 0.3671875000000001 0.4859375 0.19687500000000005 0.4859375 0.19687500000000008 0.6828125 0.3671875000000001 0.6828125
0 0.415625 0.3609375 0.2484375 0.3609375 0.24843750000000003 0.5578125 0.415625 0.5578125
0 0.24375000000000005 0.328125 0.043750000000000046 0.328125 0.04375000000000005 0.584375 0.24375000000000008 0.584375
0 0.4078125 0.16875000000000004 0.2328125 0.16875000000000004 0.2328125 0.3609375 0.4078125 0.3609375000000001
0 0.3453125 0.08281250000000004 0.196875 0.08281250000000002 0.19687500000000002 0.2359375 0.3453125 0.2359375
0 0.3484375 3.2721031664718344e-17 0.1859375 2.27707764216461e-17 0.1859375 0.15312500000000004 0.3484375 0.15312500000000004