0 0.2906250000000001 0.3984375 0.035937500000000046 0.3984375 0.035937500000000074 0.846875 0.2906250000000001 0.846875
0 0.534375 0.4375 0.24375000000000008 0.4375 0.24375000000000008 0.9078125 0.5343750000000002 0.9078125
0 0.7390625000000001 0.46562500000000007 0.4515625 0.465625 0.4515625000000001 0.984375 0.7390625000000002 0.984375
0 0.996875 0.4203125000000002 0.728125 0.4203125000000002 0.7281250000000001 0.9078125 0.996875 0.9078125
0 0.9265625 0.0875000000000001 0.6984375 0.08750000000000009 0.6984375 0.3281250000000001 0.9265625 0.3281250000000001
0 0.9140625 0.2078125000000001 0.5828125 0.2078125000000001 0.5828125 0.6062500000000001 0.9140625 0.6062500000000002
0 0.9953125 1.114619938286458e-16 0.825 1.0103336092965664e-16 0.825 0.3109375000000001 0.9953125 0.3109375000000001
0 0.6109375 0.039062500000000056 0.24375 0.039062500000000035 0.24375000000000005 0.4875 0.6109375 0.4875
0 0.22187500000000004 0.25625 3.138157422815093e-17 0.25625 5.1856137901395736e-17 0.590625 0.2218750000000001 0.590625
0 0.2984375 0.10312500000000002 0.18125 0.103125 0.18125000000000002 0.3828125 0.2984375000000001 0.3828125
0 0.21875 0.0765625 0.04375000000000001 0.0765625 0.043750000000000025 0.2734375 0.21875 0.2734375
0 0.05156250000000003 0.1578125 1.932645729904417e-17 0.1578125 2.6406446606614805e-17 0.2734375 0.051562500000000046 0.2734375
0 0.2140625 1.4447005208691432e-17 0.021875 2.678914873134835e-18 0.02187500000000001 0.13125000000000003 0.2140625 0.13125000000000003
0 0.403125 3.482589335075286e-17 0.165625 2.0283212610878037e-17 0.165625 0.11406250000000002 0.403125 0.11406250000000004
0 0.7890625 7.395718560475812e-17 0.41875 5.128208471429541e-17 0.41875 0.21875000000000008 0.7890625 0.21875000000000008
0 0.890625 1.0189444071030711e-16 0.7734375 9.47187758715531e-17 0.7734375 0.0921875000000001 0.890625 0.09218750000000012
1 0.04375000000000009 0.56875 6.965178670150572e-17 0.56875 8.974364825001696e-17 0.896875 0.04375000000000011 0.896875
1 0.2687500000000001 0.83125 1.0179876517912373e-16 0.83125 1.1184469595337938e-16 0.9953125 0.2687500000000001 0.9953125
1 0.5703125000000002 0.896875 0.2218750000000001 0.896875 0.2218750000000001 0.9953125 0.5703125000000002 0.9953125
1 0.90625 0.9078125 0.7125000000000001 0.9078125 0.7125000000000001 0.9953125 0.90625 0.9953125
1 0.996875 0.3062500000000001 0.9125 0.3062500000000001 0.9125 0.46406250000000016 0.996875 0.46406250000000016