0 0.609375 0.20312500000000008 0.39375 0.20312500000000008 0.39375000000000004 0.5453125 0.609375 0.5453125
0 0.9234375 0.1437500000000001 0.71875 0.1437500000000001 0.71875 0.4796875000000001 0.9234375 0.47968750000000016
0 0.8109375 0.4140625000000001 0.65625 0.4140625 0.65625 0.6000000000000001 0.8109375 0.6000000000000002
0 0.8546875 0.6109375000000001 0.659375 0.6109375 0.659375 0.9765625 0.8546875 0.9765625
0 0.6984375000000002 0.73125 0.5171875000000001 0.73125 0.5171875000000001 0.99375 0.6984375000000002 0.99375
0 0.5921875000000001 0.5453125 0.3843750000000001 0.5453125 0.3843750000000001 0.8625 0.5921875000000002 0.8625
0 0.6625 0.44375 0.546875 0.44375 0.546875 0.6953125 0.6625 0.6953125
0 0.715625 0.12031250000000009 0.55625 0.12031250000000009 0.55625 0.43125 0.715625 0.43125
0 0.6234375 6.075396230145071e-17 0.36875 4.5158850718558645e-17 0.36875 0.2093750000000001 0.6234375 0.2093750000000001
0 0.503125 0.17968750000000006 0.3875 0.17968750000000006 0.38750000000000007 0.3656250000000001 0.503125 0.3656250000000001
0 0.38750000000000007 0.17343750000000005 0.1953125 0.17343750000000005 0.19531250000000003 0.4609375 0.38750000000000007 0.4609375
0 0.4765625000000001 0.4203125 0.2984375000000001 0.4203125 0.2984375000000001 0.7375 0.47656250000000017 0.7375
0 0.3671875000000001 0.6234375 0.15625000000000008 0.6234375 0.1562500000000001 0.9765625 0.3671875000000001 0.9765625
0 0.5078125000000002 0.7546875 0.3453125000000001 0.7546875 0.3453125000000001 0.99375 0.5078125000000002 0.99375