0 0.953125 0.11406250000000011 0.884375 0.1140625000000001 0.884375 0.4906250000000002 0.953125 0.4906250000000002
0 0.8921875 0.10312500000000009 0.8296875 0.10312500000000009 0.8296875 0.4890625000000002 0.8921875 0.4890625000000002
0 0.8296875 0.0984375000000001 0.7609375 0.0984375000000001 0.7609375 0.5046875000000002 0.8296875 0.5046875000000002
0 0.765625 0.09375000000000008 0.684375 0.09375000000000008 0.684375 0.4078125000000001 0.765625 0.4078125000000002
0 0.7078125 0.09843750000000008 0.61875 0.09843750000000007 0.61875 0.4015625 0.7078125 0.4015625
0 0.590625 0.09218750000000006 0.525 0.09218750000000006 0.525 0.3453125000000001 0.590625 0.3453125000000001
0 0.6265625 0.11875000000000009 0.553125 0.11875000000000009 0.553125 0.40625 0.6265625 0.40625
0 0.5609375 0.09843750000000007 0.4796875 0.09843750000000007 0.4796875 0.4171875 0.5609375 0.4171875
0 0.525 0.07187500000000005 0.425 0.07187500000000005 0.425 0.3453125000000001 0.525 0.3453125000000001
0 0.459375 0.09218750000000006 0.3703125 0.09218750000000005 0.3703125 0.29375000000000007 0.459375 0.29375000000000007
0 0.4015625 0.12343750000000005 0.3046875 0.12343750000000005 0.3046875 0.3453125 0.4015625 0.3453125000000001
0 0.35937500000000006 0.13437500000000005 0.2390625 0.13437500000000005 0.23906250000000004 0.3765625 0.3593750000000001 0.3765625
0 0.31250000000000006 0.11875000000000002 0.165625 0.11875 0.16562500000000002 0.3703125 0.3125000000000001 0.3703125
0 0.259375 0.12812500000000002 0.1078125 0.128125 0.10781250000000002 0.4796875 0.2593750000000001 0.4796875
0 0.17812500000000003 0.1390625 0.057812500000000024 0.1390625 0.05781250000000003 0.35 0.17812500000000003 0.35
0 0.15937500000000007 0.334375 0.08593750000000004 0.334375 0.08593750000000006 0.603125 0.1593750000000001 0.603125
0 0.22812500000000005 0.35 0.15468750000000003 0.35 0.15468750000000006 0.65 0.22812500000000008 0.65
0 0.29375000000000007 0.3453125 0.2 0.3453125 0.20000000000000004 0.53125 0.29375000000000007 0.53125
0 0.34375000000000006 0.3359375 0.2625 0.3359375 0.26250000000000007 0.5359375 0.3437500000000001 0.5359375
0 0.409375 0.13906250000000003 0.3203125 0.13906250000000003 0.32031250000000006 0.5109375 0.409375 0.5109375
0 0.5015625 0.12968750000000004 0.3859375 0.12968750000000004 0.38593750000000004 0.44375 0.5015625 0.44375
0 0.490625 0.3453125000000001 0.39375 0.3453125000000001 0.39375000000000004 0.5109375 0.490625 0.5109375
0 0.5671875 0.3312500000000001 0.475 0.3312500000000001 0.475 0.59375 0.5671875 0.59375
0 0.6140625 0.3812500000000001 0.5515625 0.3812500000000001 0.5515625 0.59375 0.6140625 0.59375
0 0.675 0.34062500000000007 0.60625 0.34062500000000007 0.60625 0.5984375 0.675 0.5984375
0 0.7296875 0.3671875000000001 0.6609375 0.3671875000000001 0.6609375 0.5937500000000001 0.7296875 0.5937500000000002
0 0.80625 0.37187500000000007 0.7296875 0.37187500000000007 0.7296875 0.5625000000000002 0.80625 0.5625000000000002
0 0.8921875 0.3968750000000001 0.7984375 0.3968750000000001 0.7984375 0.6796875000000002 0.8921875 0.6796875000000002
0 0.9390625 0.4234375000000002 0.8734375 0.4234375000000002 0.8734375 0.6656250000000001 0.9390625 0.6656250000000001
0 0.1546875000000001 0.5671875 0.04687500000000007 0.5671875 0.046875000000000076 0.690625 0.1546875000000001 0.690625
0 0.1859375000000001 0.5984375 0.07812500000000007 0.5984375 0.07812500000000008 0.721875 0.1859375000000001 0.721875
0 0.22031250000000008 0.5875 0.09218750000000006 0.5875 0.09218750000000007 0.76875 0.22031250000000008 0.76875
0 0.30156250000000007 0.59375 0.2156250000000001 0.59375 0.2156250000000001 0.7640625 0.30156250000000007 0.7640625
0 0.3203125000000001 0.50625 0.22812500000000008 0.50625 0.22812500000000008 0.6296875 0.3203125000000001 0.6296875
0 0.3671875000000001 0.5875 0.29375000000000007 0.5875 0.29375000000000007 0.79375 0.3671875000000001 0.79375
0 0.3703125000000001 0.4796875 0.31718750000000007 0.4796875 0.31718750000000007 0.6390625 0.3703125000000001 0.6390625
0 0.421875 0.484375 0.37187500000000007 0.484375 0.37187500000000007 0.6703125 0.421875 0.6703125
0 0.4359375000000001 0.665625 0.3437500000000001 0.665625 0.3437500000000001 0.809375 0.4359375000000002 0.809375
0 0.4781250000000001 0.490625 0.409375 0.490625 0.4093750000000001 0.76875 0.4781250000000002 0.76875
0 0.5375000000000001 0.5265625 0.459375 0.5265625 0.4593750000000001 0.784375 0.5375000000000002 0.784375
0 0.6015625000000001 0.53125 0.540625 0.53125 0.5406250000000001 0.7375 0.6015625000000002 0.7375
0 0.6671875 0.5625 0.6140625 0.5625 0.6140625000000001 0.7421875 0.6671875000000002 0.7421875
0 0.7140625 0.5828125 0.671875 0.5828125 0.6718750000000001 0.7421875 0.7140625000000002 0.7421875
0 0.7921875 0.5359375000000001 0.71875 0.5359375 0.7187500000000001 0.7578125000000001 0.7921875000000002 0.7578125000000002
0 0.86875 0.5406250000000001 0.7984375 0.5406250000000001 0.7984375000000001 0.7375000000000002 0.86875 0.7375000000000002
0 0.9375 0.6343750000000001 0.86875 0.6343750000000001 0.86875 0.809375 0.9375 0.809375
0 0.9 0.7125000000000001 0.8296875 0.7125000000000001 0.8296875 0.8875 0.9 0.8875
0 0.8296875 0.7015625000000002 0.753125 0.7015625000000002 0.753125 0.9078125 0.8296875 0.9078125
0 0.7562500000000002 0.7265625000000001 0.6718750000000002 0.7265625 0.6718750000000002 0.9078125 0.7562500000000002 0.9078125
0 0.7109375000000002 0.7265625 0.6406250000000002 0.7265625 0.6406250000000002 0.88125 0.7109375000000002 0.88125
0 0.6484375000000002 0.7328125 0.5796875000000001 0.7328125 0.5796875000000001 0.88125 0.6484375000000002 0.88125
0 0.6031250000000001 0.7171875 0.525 0.7171875 0.5250000000000001 0.88125 0.6031250000000001 0.88125
0 0.5484375000000001 0.7375 0.4703125000000002 0.7375 0.4703125000000002 0.88125 0.5484375000000001 0.88125
0 0.4906250000000002 0.753125 0.3906250000000001 0.753125 0.3906250000000001 0.8875 0.4906250000000002 0.8875
0 0.40156250000000016 0.76875 0.30156250000000007 0.76875 0.30156250000000007 0.8921875 0.40156250000000016 0.8921875
0 0.33281250000000007 0.746875 0.2593750000000001 0.746875 0.2593750000000001 0.88125 0.33281250000000007 0.88125
0 0.27812500000000007 0.746875 0.2000000000000001 0.746875 0.2000000000000001 0.88125 0.27812500000000007 0.88125
0 0.24375000000000008 0.7265625 0.1468750000000001 0.7265625 0.1468750000000001 0.871875 0.24375000000000008 0.871875
0 0.17343750000000008 0.7265625 0.10781250000000009 0.7265625 0.10781250000000009 0.840625 0.17343750000000008 0.840625
0 0.9421875 0.13437500000000008 0.08906250000000002 0.134375 0.08906250000000007 0.8203125 0.9421875 0.8203125