0 0.5890625 0.4421875 0.3890625000000001 0.4421875 0.3890625000000001 0.628125 0.5890625 0.628125
0 0.803125 0.4484375000000001 0.55625 0.4484375 0.55625 0.6390625000000001 0.803125 0.6390625000000002
0 0.8140625 0.3390625000000001 0.6078125 0.3390625000000001 0.6078125 0.5468750000000001 0.8140625 0.5468750000000002
0 0.7015625 0.2562500000000001 0.3671875 0.2562500000000001 0.36718750000000006 0.4375 0.7015625 0.4375
0 0.73125 0.21875000000000008 0.603125 0.21875000000000008 0.603125 0.3437500000000001 0.73125 0.3437500000000001
0 0.61875 0.19062500000000007 0.4953125 0.19062500000000004 0.4953125 0.2734375000000001 0.61875 0.2734375000000001
0 0.5390625 0.10937500000000004 0.396875 0.10937500000000004 0.39687500000000003 0.37187500000000007 0.5390625 0.37187500000000007
0 0.4046875 0.18125000000000005 0.284375 0.18125000000000005 0.284375 0.32343750000000004 0.4046875 0.3234375000000001
0 0.403125 0.22343750000000004 0.221875 0.2234375 0.22187500000000004 0.415625 0.403125 0.415625
0 0.3890625000000001 0.38750000000000007 0.2734375000000001 0.3875 0.2734375000000001 0.590625 0.3890625000000001 0.590625
0 0.4984375000000001 0.56875 0.3203125000000001 0.56875 0.3203125000000001 0.83125 0.4984375000000002 0.83125
0 0.90625 0.20781250000000004 0.16406250000000006 0.2078125 0.16406250000000008 0.95 0.90625 0.95
0 0.18125000000000008 0.2453125 3.004211679158351e-17 0.2453125 6.113666442618428e-17 0.753125 0.18125000000000008 0.753125
0 0.26250000000000007 0.56875 0.11718750000000008 0.56875 0.11718750000000008 0.7875 0.26250000000000007 0.7875
0 0.25468750000000007 0.671875 8.22809568177128e-17 0.671875 9.270958971670199e-17 0.8421875 0.25468750000000007 0.8421875
0 0.30468750000000006 0.278125 3.406048910128576e-17 0.278125 7.654042494670959e-17 0.971875 0.3046875000000001 0.971875