0 0.915625 0.1500000000000001 0.6546875 0.15000000000000008 0.6546875 0.3375000000000001 0.915625 0.3375000000000001
0 0.9046875 0.3218750000000001 0.6546875 0.3218750000000001 0.6546875 0.5125000000000001 0.9046875 0.5125000000000002
0 0.8296875 0.5203125000000001 0.6 0.5203125 0.6 0.7109375000000001 0.8296875 0.7109375000000002
0 0.90625 0.7015625000000001 0.6359375 0.7015625 0.6359375 0.896875 0.90625 0.896875
0 0.5609375 0.15937500000000007 0.315625 0.15937500000000004 0.315625 0.34218750000000003 0.5609375 0.3421875000000001
0 0.65 0.3218750000000001 0.3953125 0.3218750000000001 0.39531250000000007 0.53125 0.65 0.53125
0 0.615625 0.525 0.4296875 0.525 0.4296875 0.6953125 0.615625 0.6953125
0 0.5953125000000001 0.6671875 0.4046875 0.6671875 0.4046875000000001 0.7421875 0.5953125000000001 0.7421875
0 0.6406250000000001 0.7109375 0.37968750000000007 0.7109375 0.37968750000000007 0.9046875 0.6406250000000002 0.9046875
0 0.3453125 0.20625 0.09531250000000002 0.20625 0.09531250000000004 0.384375 0.3453125000000001 0.384375
0 0.3906250000000001 0.37343750000000003 0.14531250000000004 0.3734375 0.14531250000000007 0.546875 0.3906250000000001 0.546875
0 0.35625000000000007 0.5390625 0.13593750000000004 0.5390625 0.13593750000000007 0.6984375 0.35625000000000007 0.6984375
0 0.28593750000000007 0.690625 0.05625000000000009 0.690625 0.0562500000000001 0.88125 0.28593750000000007 0.88125