0 0.865625 0.4796875000000001 0.690625 0.4796875 0.690625 0.853125 0.865625 0.853125
0 0.984375 0.6109375000000001 0.8453125 0.6109375000000001 0.8453125 0.7656250000000002 0.984375 0.7656250000000002
0 0.9953125 0.6953125000000002 0.7828125 0.6953125000000002 0.7828125000000001 0.8875 0.9953125 0.8875
0 0.7734375000000002 0.8375 0.6859375000000002 0.8375 0.6859375000000002 0.9 0.7734375000000002 0.9
0 0.721875 0.7140625 0.5765625 0.7140625 0.5765625000000001 0.9109375 0.7218750000000002 0.9109375
0 0.6953125000000001 0.60625 0.44375 0.60625 0.4437500000000001 0.834375 0.6953125000000002 0.834375
0 0.7265625 0.4781250000000001 0.5625 0.478125 0.5625 0.6375000000000001 0.7265625 0.6375000000000002
0 0.61875 0.44375 0.4171875 0.44375 0.4171875 0.6953125 0.61875 0.6953125
0 0.5359375000000001 0.61875 0.3500000000000001 0.61875 0.3500000000000001 0.83125 0.5359375000000002 0.83125
0 0.45312500000000017 0.815625 0.2375000000000001 0.815625 0.2375000000000001 0.896875 0.45312500000000017 0.896875
0 0.5828125000000002 0.8265625 0.45312500000000017 0.8265625 0.45312500000000017 0.9 0.5828125000000002 0.9
0 0.2578125000000001 0.7328125 8.974364825001696e-17 0.7328125 9.902417477480551e-17 0.884375 0.2578125000000001 0.884375
0 0.3921875000000001 0.6484375 0.046875000000000076 0.6484375 0.04687500000000008 0.7640625 0.3921875000000001 0.7640625
0 0.3671875000000001 0.625 0.3000000000000001 0.625 0.3000000000000001 0.6875 0.3671875000000001 0.6875
0 0.30937500000000007 0.5375 6.582476545417023e-17 0.5375 7.33831324176578e-17 0.6609375 0.30937500000000007 0.6609375
0 0.1453125000000001 0.609375 0.006250000000000075 0.609375 0.006250000000000079 0.6875 0.1453125000000001 0.6875
0 0.22656250000000008 0.44375 0.11875000000000005 0.44375 0.11875000000000006 0.5484375 0.22656250000000008 0.5484375
0 0.4125 0.45625 0.2218750000000001 0.45625 0.2218750000000001 0.625 0.4125 0.625
0 0.4390625 0.459375 0.35625000000000007 0.459375 0.35625000000000007 0.5171875 0.4390625 0.5171875
0 0.3343750000000001 0.3671875 0.19062500000000004 0.3671875 0.19062500000000004 0.49375 0.3343750000000001 0.49375
0 0.4078125 0.37500000000000006 0.32500000000000007 0.375 0.32500000000000007 0.4828125 0.4078125 0.4828125
0 0.675 0.36250000000000004 0.3609375 0.3625 0.3609375 0.4828125 0.675 0.4828125
0 0.9171875 0.29375000000000007 0.675 0.29375000000000007 0.675 0.5062500000000001 0.9171875 0.5062500000000002
0 0.9703125 0.4281250000000002 0.8359375 0.4281250000000002 0.8359375 0.4984375000000002 0.9703125 0.4984375000000002
0 0.9375 0.30156250000000007 0.6703125 0.30156250000000007 0.6703125 0.3984375000000001 0.9375 0.3984375000000001
0 0.9171875 0.3906250000000001 0.8609375 0.3906250000000001 0.8609375 0.43281250000000016 0.9171875 0.43281250000000016
0 0.88125 0.2250000000000001 0.753125 0.2250000000000001 0.753125 0.3062500000000001 0.88125 0.3062500000000001
0 0.778125 0.17343750000000008 0.675 0.17343750000000008 0.675 0.2468750000000001 0.778125 0.2468750000000001
0 0.7578125 0.22031250000000008 0.6078125 0.22031250000000008 0.6078125 0.3125000000000001 0.7578125 0.3125000000000001
0 0.634375 0.2000000000000001 0.484375 0.2000000000000001 0.484375 0.27031250000000007 0.634375 0.27031250000000007
0 0.7109375 0.2515625000000001 0.396875 0.2515625000000001 0.39687500000000003 0.3703125000000001 0.7109375 0.3703125000000001
0 0.603125 0.27031250000000007 0.4125 0.27031250000000007 0.4125 0.3671875000000001 0.603125 0.3671875000000001
0 0.44375 0.259375 0.3203125 0.259375 0.32031250000000006 0.37500000000000006 0.44375 0.3750000000000001
0 0.4953125 0.16718750000000004 0.29375 0.16718750000000004 0.29375 0.2671875 0.4953125 0.2671875000000001
0 0.2984375 0.2015625 0.19062500000000004 0.2015625 0.19062500000000004 0.2625 0.2984375 0.2625
0 0.3140625 0.2390625 0.11875000000000005 0.2390625 0.11875000000000005 0.4359375 0.3140625000000001 0.4359375
0 0.21093750000000008 0.4015625 0.13906250000000003 0.4015625 0.13906250000000003 0.459375 0.21093750000000008 0.459375
0 0.020312500000000035 0.2703125 3.3103733789451887e-17 0.2703125 3.5208595475486407e-17 0.3046875 0.02031250000000004 0.3046875
0 0.06250000000000004 0.3046875 3.731345716152092e-17 0.3046875 4.372371775080784e-17 0.409375 0.06250000000000004 0.409375
0 0.010937500000000051 0.4171875 5.109073365192864e-17 0.4171875 5.223884002612929e-17 0.4359375 0.010937500000000053 0.4359375