0 0.9421875 0.0312500000000001 0.7046875 0.03125000000000009 0.7046875 0.1031250000000001 0.9421875 0.10312500000000013
0 0.9640625 0.03125000000000011 0.8078125 0.0312500000000001 0.8078125 0.0625000000000001 0.9640625 0.06250000000000011
0 0.9640625 0.07656250000000012 0.928125 0.07656250000000012 0.928125 0.2062500000000001 0.9640625 0.2062500000000001
0 0.959375 0.2328125000000001 0.884375 0.2328125000000001 0.884375 0.2812500000000001 0.959375 0.2812500000000001
0 0.9609375 0.2718750000000001 0.8671875 0.2718750000000001 0.8671875 0.3578125000000001 0.9609375 0.3578125000000001
0 0.959375 0.3531250000000001 0.8578125 0.3531250000000001 0.8578125 0.5312500000000002 0.959375 0.5312500000000002
0 0.9546875 0.5218750000000001 0.696875 0.521875 0.6968750000000001 0.7453125 0.9546875 0.7453125000000002
0 0.959375 0.4593750000000002 0.8890625 0.4593750000000002 0.8890625 0.5984375000000002 0.959375 0.5984375000000002
0 0.803125 0.8171875 0.6968750000000001 0.8171875 0.6968750000000001 0.90625 0.803125 0.90625
0 0.95625 0.6515625000000002 0.8078125 0.6515625000000002 0.8078125 0.9734375 0.95625 0.9734375
0 0.8171875 0.6562500000000001 0.6921875 0.65625 0.6921875000000001 0.8171875 0.8171875 0.8171875
0 0.6968750000000001 0.696875 0.625 0.696875 0.6250000000000001 0.8296875 0.6968750000000001 0.8296875
0 0.7281250000000001 0.8796875 0.6343750000000001 0.8796875 0.6343750000000001 0.9234375 0.7281250000000001 0.9234375
0 0.7234375000000002 0.915625 0.6515625000000002 0.915625 0.6515625000000002 0.9640625 0.7234375000000002 0.9640625
0 0.6390625000000002 0.896875 0.6031250000000001 0.896875 0.6031250000000001 0.9640625 0.6390625000000002 0.9640625
0 0.6781250000000002 0.8296875 0.6031250000000001 0.8296875 0.6031250000000001 0.884375 0.6781250000000002 0.884375
0 0.6921875000000002 0.8484375 0.6515625000000002 0.8484375 0.6515625000000002 0.8703125 0.6921875000000002 0.8703125
0 0.6031250000000001 0.875 0.5171875000000001 0.875 0.5171875000000001 0.9640625 0.6031250000000001 0.9640625
0 0.5984375000000002 0.834375 0.5046875000000002 0.834375 0.5046875000000002 0.9203125 0.5984375000000002 0.9203125
0 0.5093750000000001 0.8484375 0.4156250000000002 0.8484375 0.4156250000000002 0.9375 0.5093750000000001 0.9375
0 0.46093750000000017 0.875 0.3671875000000001 0.875 0.3671875000000001 0.9640625 0.46093750000000017 0.9640625
0 0.5187500000000002 0.9421875 0.4515625000000002 0.9421875 0.4515625000000002 0.9734375 0.5187500000000002 0.9734375
0 0.40156250000000016 0.8359375 0.2718750000000001 0.8359375 0.2718750000000001 0.9609375 0.40156250000000016 0.9609375
0 0.3000000000000001 0.925 0.2453125000000001 0.925 0.2453125000000001 0.9640625 0.3000000000000001 0.9640625
0 0.19218750000000012 0.8703125 0.1062500000000001 0.8703125 0.10625000000000011 0.9328125 0.19218750000000012 0.9328125
0 0.21875000000000008 0.6484375 0.06250000000000008 0.6484375 0.06250000000000008 0.7734375 0.21875000000000008 0.7734375
0 0.26250000000000007 0.709375 0.1921875000000001 0.709375 0.1921875000000001 0.759375 0.26250000000000007 0.759375
0 0.3218750000000001 0.70625 0.2593750000000001 0.70625 0.2593750000000001 0.7640625 0.3218750000000001 0.7640625
0 0.41093750000000007 0.6921875 0.3390625000000001 0.6921875 0.3390625000000001 0.7671875 0.4109375000000002 0.7671875
0 0.4203125 0.5890625 0.3000000000000001 0.5890625 0.3000000000000001 0.6828125 0.4203125 0.6828125
0 0.5890625000000002 0.75 0.3265625000000001 0.75 0.3265625000000001 0.84375 0.5890625000000002 0.84375
0 0.6125 0.6609375 0.51875 0.6609375 0.51875 0.75 0.6125000000000002 0.75
0 0.5125000000000001 0.6875 0.4421875 0.6875 0.44218750000000007 0.7984375 0.5125000000000002 0.7984375
0 0.4640625000000001 0.6796875 0.3703125000000001 0.6796875 0.3703125000000001 0.8046875 0.46406250000000016 0.8046875
0 0.5671875 0.584375 0.415625 0.584375 0.415625 0.696875 0.5671875 0.696875
0 0.5578125 0.5234375 0.459375 0.5234375 0.459375 0.6125 0.5578125 0.6125
0 0.6921875000000001 0.58125 0.54375 0.58125 0.5437500000000001 0.7328125 0.6921875000000002 0.7328125
0 0.2375000000000001 0.8125 0.05468750000000009 0.8125 0.0546875000000001 0.884375 0.2375000000000001 0.884375
0 0.28593750000000007 0.5671875 0.1062500000000001 0.5671875 0.1062500000000001 0.696875 0.28593750000000007 0.696875
0 0.3671875000000001 0.540625 0.2687500000000001 0.540625 0.2687500000000001 0.6203125 0.3671875000000001 0.6203125
0 0.3625000000000001 0.3890625 0.18281250000000004 0.3890625 0.18281250000000007 0.5765625 0.3625000000000001 0.5765625
0 0.5359375 0.384375 0.3609375000000001 0.384375 0.3609375000000001 0.5625 0.5359375 0.5625
0 0.45625 0.5625 0.3890625000000001 0.5625 0.3890625000000001 0.6109375 0.45625 0.6109375
0 0.70625 0.415625 0.5265625 0.415625 0.5265625 0.571875 0.70625 0.571875
0 0.8578125 0.4015625000000001 0.7015625 0.4015625 0.7015625 0.5312500000000001 0.8578125 0.5312500000000002
0 0.8359375 0.0765625000000001 0.7109375 0.07656250000000009 0.7109375 0.1828125000000001 0.8359375 0.1828125000000001
0 0.9421875 0.11718750000000011 0.7765625 0.11718750000000008 0.7765625 0.2734375000000001 0.9421875 0.2734375000000001
0 0.875 0.25468750000000007 0.8390625 0.25468750000000007 0.8390625 0.2906250000000001 0.875 0.2906250000000001
0 0.8671875 0.2640625000000001 0.8 0.2640625000000001 0.8 0.3312500000000001 0.8671875 0.3312500000000001
0 0.8125 0.2234375000000001 0.740625 0.2234375000000001 0.740625 0.2765625000000001 0.8125 0.2765625000000001
0 0.76875 0.18750000000000008 0.7015625 0.18750000000000008 0.7015625 0.2453125000000001 0.76875 0.2453125000000001
0 0.7140625 0.2234375000000001 0.65625 0.2234375000000001 0.65625 0.2765625000000001 0.7140625 0.2765625000000001
0 0.696875 0.1828125000000001 0.65625 0.1828125000000001 0.65625 0.2375000000000001 0.696875 0.2375000000000001
0 0.6828125 0.16562500000000008 0.6125 0.16562500000000008 0.6125 0.1921875000000001 0.6828125 0.1921875000000001
0 0.6609375 0.09843750000000008 0.603125 0.09843750000000007 0.603125 0.1687500000000001 0.6609375 0.1687500000000001
0 0.6921875 0.12031250000000009 0.6515625 0.12031250000000009 0.6515625 0.1703125000000001 0.6921875 0.1703125000000001
0 0.6515625 0.04062500000000007 0.58125 0.040625000000000064 0.58125 0.10312500000000009 0.6515625 0.10312500000000009
0 0.7140625 0.03593750000000008 0.6296875 0.03593750000000008 0.6296875 0.08906250000000007 0.7140625 0.08906250000000009
0 0.7015625 0.08906250000000009 0.65625 0.08906250000000009 0.65625 0.12500000000000008 0.7015625 0.12500000000000008
0 0.6125 0.03125000000000007 0.5140625 0.03125000000000007 0.5140625 0.09843750000000007 0.6125 0.09843750000000007
0 0.8578125 0.2765625000000001 0.7140625 0.2765625000000001 0.7140625 0.4062500000000001 0.8578125 0.40625000000000017
0 0.7640625 0.2640625000000001 0.7140625 0.2640625000000001 0.7140625 0.3031250000000001 0.7640625 0.3031250000000001
0 0.6109375 0.4015625 0.540625 0.4015625 0.540625 0.45625 0.6109375 0.45625
0 0.55 0.3218750000000001 0.4640625 0.3218750000000001 0.4640625 0.4109375 0.55 0.4109375
0 0.4609375 0.3296875000000001 0.3671875 0.3296875000000001 0.36718750000000006 0.40625 0.4609375 0.40625
0 0.521875 0.2718750000000001 0.4015625 0.2718750000000001 0.4015625 0.3531250000000001 0.521875 0.3531250000000001
0 0.571875 0.2328125000000001 0.5140625 0.2328125000000001 0.5140625 0.2953125000000001 0.571875 0.2953125000000001
0 0.71875 0.2375000000000001 0.5484375 0.2375000000000001 0.5484375 0.3984375000000001 0.71875 0.3984375000000001
0 0.884375 0.3656250000000001 0.834375 0.3656250000000001 0.834375 0.4156250000000002 0.884375 0.4156250000000002
0 0.603125 0.2406250000000001 0.5484375 0.2406250000000001 0.5484375 0.2906250000000001 0.603125 0.2906250000000001
0 0.65625 0.1781250000000001 0.5765625 0.1781250000000001 0.5765625 0.2453125000000001 0.65625 0.2453125000000001
0 0.5765625 0.15156250000000007 0.51875 0.15156250000000004 0.51875 0.21875000000000008 0.5765625 0.21875000000000008
0 0.5984375 0.13437500000000008 0.553125 0.13437500000000008 0.553125 0.1828125000000001 0.5984375 0.1828125000000001
0 0.6078125 0.09843750000000007 0.571875 0.09843750000000007 0.571875 0.1609375000000001 0.6078125 0.1609375000000001
0 0.5765625 0.08906250000000007 0.5265625 0.08906250000000007 0.5265625 0.14375000000000007 0.5765625 0.1437500000000001
0 0.553125 0.09375000000000007 0.4640625 0.09375000000000007 0.4640625 0.16093750000000007 0.553125 0.1609375000000001
0 0.51875 0.07656250000000006 0.4609375 0.07656250000000006 0.4609375 0.12031250000000004 0.51875 0.12031250000000004
0 0.5171875 0.03125000000000006 0.4375 0.031250000000000056 0.4375 0.09375000000000006 0.5171875 0.09375000000000007
0 0.45625 0.08125000000000006 0.4203125 0.08125000000000004 0.4203125 0.12031250000000004 0.45625 0.12031250000000004
0 0.4421875 0.09375000000000004 0.384375 0.09375000000000004 0.384375 0.13437500000000005 0.4421875 0.13437500000000005
0 0.3921875 0.10781250000000005 0.321875 0.10781250000000005 0.321875 0.17812500000000003 0.3921875 0.17812500000000003
0 0.384375 0.057812500000000044 0.3078125 0.057812500000000044 0.3078125 0.11562500000000005 0.384375 0.11562500000000005
0 0.5265625 0.13437500000000005 0.3625 0.13437500000000005 0.3625 0.2671875 0.5265625 0.2671875000000001
0 0.3796875 0.25000000000000006 0.321875 0.25 0.321875 0.2984375 0.3796875 0.2984375000000001
0 0.33125 0.2765625 0.3 0.2765625 0.3 0.3171875 0.33125 0.3171875
0 0.36250000000000004 0.3125 0.3 0.3125 0.30000000000000004 0.3703125 0.3625000000000001 0.3703125
0 0.3625000000000001 0.365625 0.3000000000000001 0.365625 0.3000000000000001 0.4203125 0.3625000000000001 0.4203125
0 0.30312500000000003 0.321875 0.259375 0.321875 0.259375 0.3796875 0.3031250000000001 0.3796875
0 0.19687500000000005 0.4203125 0.14687500000000003 0.4203125 0.14687500000000003 0.5 0.19687500000000005 0.5
0 0.18750000000000006 0.5140625 0.14218750000000005 0.5140625 0.14218750000000008 0.5578125 0.18750000000000008 0.5578125
0 0.14375000000000004 0.14375 0.026562500000000024 0.14375 0.02656250000000005 0.6484375 0.1437500000000001 0.6484375
0 0.3125 0.2015625 0.240625 0.2015625 0.240625 0.2453125 0.3125 0.2453125
0 0.3078125 0.15156250000000004 0.2453125 0.15156250000000004 0.2453125 0.18750000000000006 0.3078125 0.18750000000000006
0 0.3125 0.07968750000000004 0.1421875 0.07968750000000002 0.1421875 0.16562500000000002 0.3125 0.16562500000000005
0 0.1609375 0.08437500000000002 0.1203125 0.08437500000000002 0.1203125 0.134375 0.1609375 0.134375
0 0.0796875 0.03125000000000001 0.03125 0.03125 0.03125000000000001 0.084375 0.0796875 0.084375
0 0.29531250000000003 0.15156250000000002 0.14375 0.1515625 0.14375000000000002 0.45625 0.2953125000000001 0.45625
0 0.3796875 0.026562500000000027 0.0890625 0.02656250000000001 0.0890625 0.08437500000000002 0.3796875 0.08437500000000005
0 0.4328125 0.02656250000000005 0.3625 0.026562500000000044 0.3625 0.07656250000000005 0.4328125 0.07656250000000005
0 0.959375 0.02187500000000006 0.0265625 0.021875000000000006 0.026562500000000062 0.9734375 0.959375 0.9734375