0 0.7265625 0.2765625000000001 0.559375 0.2765625000000001 0.559375 0.5234375000000001 0.7265625 0.5234375000000002
0 0.76875 0.2812500000000001 0.6640625 0.2812500000000001 0.6640625 0.5078125000000001 0.76875 0.5078125000000002
0 0.7796875 0.4468750000000002 0.7375 0.4468750000000002 0.7375 0.6109375000000001 0.7796875 0.6109375000000001
0 0.8109375 0.3125000000000001 0.7328125 0.3125000000000001 0.7328125 0.4515625000000002 0.8109375 0.4515625000000002
0 0.7484375 0.4875000000000001 0.703125 0.4875 0.703125 0.6453125000000001 0.7484375 0.6453125000000002
0 0.7140625 0.3546875000000001 0.571875 0.3546875000000001 0.571875 0.65625 0.7140625 0.65625
0 0.7578125 0.6312500000000001 0.6921875 0.63125 0.6921875 0.6875000000000001 0.7578125 0.6875000000000002
0 0.690625 0.615625 0.6140625 0.615625 0.6140625 0.671875 0.690625 0.671875
0 0.625 0.528125 0.5140625 0.528125 0.5140625 0.65625 0.625 0.65625
0 0.5609375 0.575 0.503125 0.575 0.503125 0.640625 0.5609375 0.640625
0 0.5375 0.615625 0.4953125 0.615625 0.4953125 0.6359375 0.5375 0.6359375
0 0.540625 0.3890625000000001 0.45625 0.3890625000000001 0.45625 0.4875 0.540625 0.4875
0 0.621875 0.4203125 0.528125 0.4203125 0.528125 0.5328125 0.621875 0.5328125
0 0.540625 0.4921875 0.4671875 0.4921875 0.4671875 0.584375 0.540625 0.584375
0 0.4796875 0.4625 0.40625 0.4625 0.40625 0.534375 0.4796875 0.534375
0 0.490625 0.528125 0.3937500000000001 0.528125 0.3937500000000001 0.63125 0.490625 0.63125
0 0.4015625 0.4875 0.3203125000000001 0.4875 0.3203125000000001 0.615625 0.4015625 0.615625
0 0.31718750000000007 0.4875 0.22812500000000008 0.4875 0.22812500000000008 0.6109375 0.31718750000000007 0.6109375
0 0.4015625 0.384375 0.2968750000000001 0.384375 0.2968750000000001 0.471875 0.4015625 0.471875
0 0.2578125000000001 0.4046875 0.22031250000000008 0.4046875 0.22031250000000008 0.5125 0.2578125000000001 0.5125
0 0.2390625000000001 0.384375 0.17812500000000003 0.384375 0.17812500000000003 0.4265625 0.2390625000000001 0.4265625
0 0.4625 0.2515625 0.2859375 0.2515625 0.2859375 0.33906250000000004 0.4625 0.3390625000000001
0 0.5015625 0.29218750000000004 0.309375 0.2921875 0.30937500000000007 0.37500000000000006 0.5015625 0.3750000000000001
0 0.5359375 0.33281250000000007 0.359375 0.3328125 0.35937500000000006 0.415625 0.5359375 0.415625
0 0.459375 0.39531250000000007 0.3625000000000001 0.3953125 0.3625000000000001 0.45625 0.459375 0.45625
0 0.37031250000000004 0.34375000000000006 0.29375 0.34375 0.29375000000000007 0.4046875 0.3703125000000001 0.4046875
0 0.31718750000000007 0.31875 0.2546875 0.31875 0.25468750000000007 0.3953125 0.31718750000000007 0.3953125