0 0.7968750000000001 0.5125000000000001 0.59375 0.5125 0.5937500000000001 0.7609375 0.7968750000000002 0.7609375000000002
0 0.8328125 0.4828125000000002 0.7578125 0.4828125000000002 0.7578125 0.6046875000000002 0.8328125 0.6046875000000002
0 0.8828125 0.47187500000000016 0.8171875 0.47187500000000016 0.8171875 0.5375000000000002 0.8828125 0.5375000000000002
0 0.9296875 0.4578125000000002 0.8359375 0.4578125000000002 0.8359375 0.6859375000000002 0.9296875 0.6859375000000002
0 0.91875 0.5171875000000001 0.809375 0.5171875000000001 0.809375 0.7562500000000002 0.91875 0.7562500000000002
0 0.828125 0.42187500000000017 0.7375 0.42187500000000017 0.7375 0.48750000000000016 0.828125 0.48750000000000016
0 0.746875 0.3156250000000001 0.5828125 0.3156250000000001 0.5828125 0.5390625000000001 0.746875 0.5390625000000002
0 0.609375 0.2796875000000001 0.4375 0.2796875000000001 0.4375 0.496875 0.609375 0.496875
0 0.5828125 0.4828125 0.4578125 0.4828125 0.4578125 0.609375 0.5828125 0.609375
0 0.6718750000000001 0.5796875 0.4765625 0.5796875 0.4765625000000001 0.803125 0.6718750000000002 0.803125
0 0.48125000000000007 0.6046875 0.3125000000000001 0.6046875 0.3125000000000001 0.821875 0.4812500000000002 0.821875
0 0.4609375 0.37031250000000004 0.2656250000000001 0.3703125 0.2656250000000001 0.609375 0.4609375 0.609375
0 0.5234375 0.19218750000000004 0.3796875 0.19218750000000004 0.37968750000000007 0.3859375000000001 0.5234375 0.3859375000000001
0 0.6875 0.14687500000000006 0.503125 0.14687500000000003 0.503125 0.3296875000000001 0.6875 0.3296875000000001
0 0.8171875 0.1984375000000001 0.6609375 0.1984375000000001 0.6609375 0.3656250000000001 0.8171875 0.3656250000000001
0 0.71875 0.07187500000000008 0.596875 0.07187500000000006 0.596875 0.1984375000000001 0.71875 0.1984375000000001
0 0.6140625 0.02031250000000007 0.5203125 0.02031250000000006 0.5203125 0.14218750000000008 0.6140625 0.14218750000000008
0 0.5515625 0.015625000000000056 0.3796875 0.015625000000000045 0.3796875 0.19218750000000007 0.5515625 0.1921875000000001
0 0.3828125 0.07187500000000005 0.2890625 0.07187500000000005 0.2890625 0.17343750000000005 0.3828125 0.17343750000000005
0 0.4109375 0.15781250000000005 0.3359375 0.15781250000000005 0.3359375 0.21875000000000006 0.4109375 0.21875000000000008
0 0.38750000000000007 0.14218750000000002 0.153125 0.1421875 0.153125 0.4359375 0.38750000000000007 0.4359375
0 0.2687500000000001 0.43125 0.20312500000000008 0.43125 0.20312500000000008 0.5640625 0.2687500000000001 0.5640625
0 0.19531250000000006 0.3609375 0.09843750000000004 0.3609375 0.09843750000000005 0.4625 0.19531250000000006 0.4625
0 0.22656250000000008 0.4515625 0.07031250000000004 0.4515625 0.07031250000000006 0.61875 0.22656250000000008 0.61875
0 0.30937500000000007 0.56875 0.14062500000000008 0.56875 0.14062500000000008 0.796875 0.30937500000000007 0.796875