0 0.7734375 0.5203125000000001 0.65 0.5203125 0.65 0.6859375000000001 0.7734375 0.6859375000000002
0 0.8578125 0.5312500000000002 0.7734375 0.5312500000000002 0.7734375 0.6343750000000001 0.8578125 0.6343750000000001
0 0.9078125 0.5359375000000002 0.853125 0.5359375000000002 0.853125 0.6078125000000002 0.9078125 0.6078125000000002
0 0.8609375 0.6078125000000002 0.7734375 0.6078125000000002 0.7734375 0.6656250000000001 0.8609375 0.6656250000000001
0 0.846875 0.6859375000000001 0.65 0.6859375 0.6500000000000001 0.7421875000000001 0.846875 0.7421875000000002
0 0.9421875 0.5562500000000001 0.8234375 0.5562500000000001 0.8234375 0.7890625000000002 0.9421875 0.7890625000000002
0 0.9578125 0.7375000000000002 0.7687500000000002 0.7375000000000002 0.7687500000000002 0.8296875 0.9578125 0.8296875
0 0.7812500000000001 0.70625 0.61875 0.70625 0.6187500000000001 0.76875 0.7812500000000002 0.7687500000000002
0 0.7687500000000002 0.7484375000000001 0.5843750000000002 0.7484375 0.5843750000000002 0.8 0.7687500000000002 0.8
0 0.5390625000000001 0.603125 0.3656250000000001 0.603125 0.3656250000000001 0.834375 0.5390625000000002 0.834375
0 0.6031250000000001 0.546875 0.4578125 0.546875 0.45781250000000007 0.784375 0.6031250000000001 0.784375
0 0.6625 0.546875 0.546875 0.546875 0.546875 0.7171875 0.6625 0.7171875
0 0.734375 0.4015625000000001 0.63125 0.4015625 0.63125 0.5625000000000001 0.734375 0.5625000000000002
0 0.83125 0.30937500000000007 0.6421875 0.30937500000000007 0.6421875 0.4593750000000001 0.83125 0.4593750000000002
0 0.9234375 0.2984375000000001 0.6578125 0.2984375000000001 0.6578125 0.5515625000000001 0.9234375 0.5515625000000002
0 0.7125 0.1750000000000001 0.5890625 0.1750000000000001 0.5890625 0.4234375 0.7125 0.4234375
0 0.634375 0.3968750000000001 0.515625 0.3968750000000001 0.515625 0.546875 0.634375 0.546875
0 0.5234375 0.3046875000000001 0.36875 0.3046875000000001 0.36875 0.5625 0.5234375 0.5625
0 0.43437500000000007 0.546875 0.2687500000000001 0.546875 0.2687500000000001 0.7984375 0.4343750000000002 0.7984375
0 0.37343750000000003 0.3140625 0.16875000000000004 0.3140625 0.16875000000000007 0.571875 0.3734375000000001 0.571875
0 0.2890625000000001 0.5109375 0.042187500000000065 0.5109375 0.042187500000000086 0.825 0.2890625000000001 0.825