0 0.996875 0.4781250000000002 0.784375 0.4781250000000002 0.784375 0.8703125 0.996875 0.8703125
0 0.996875 0.86875 0.865625 0.86875 0.865625 0.99375 0.996875 0.99375
0 0.9546875 0.3468750000000001 0.884375 0.3468750000000001 0.884375 0.4515625000000002 0.9546875 0.4515625000000002
0 0.996875 0.3734375000000001 0.9484375 0.3734375000000001 0.9484375 0.4781250000000002 0.996875 0.4781250000000002
0 0.996875 0.2093750000000001 0.90625 0.2093750000000001 0.90625 0.3468750000000001 0.996875 0.3468750000000001
0 0.996875 0.3000000000000001 0.903125 0.3000000000000001 0.903125 0.3921875000000001 0.996875 0.3921875000000001
0 0.9125 0.30156250000000007 0.875 0.30156250000000007 0.875 0.3734375000000001 0.9125 0.3734375000000001
0 0.884375 0.3078125000000001 0.8296875 0.3078125000000001 0.8296875 0.4703125000000002 0.884375 0.4703125000000002
0 0.909375 0.23593750000000008 0.8609375 0.23593750000000008 0.8609375 0.3078125000000001 0.909375 0.3078125000000001
0 0.8578125 0.2218750000000001 0.796875 0.2218750000000001 0.796875 0.3265625000000001 0.8578125 0.3265625000000001
0 0.81875 0.2812500000000001 0.7578125 0.2812500000000001 0.7578125 0.4046875000000002 0.81875 0.4046875000000002
0 0.8484375 0.3734375000000001 0.78125 0.3734375000000001 0.78125 0.4781250000000002 0.8484375 0.4781250000000002
0 0.778125 0.3921875000000001 0.7484375 0.3921875000000001 0.7484375 0.4578125000000002 0.778125 0.4578125000000002
0 0.7109375 0.2812500000000001 0.68125 0.2812500000000001 0.68125 0.4046875 0.7109375 0.4046875
0 0.771875 0.2484375000000001 0.7015625 0.2484375000000001 0.7015625 0.3265625000000001 0.771875 0.3265625000000001
0 0.7515625 0.3140625000000001 0.709375 0.3140625000000001 0.709375 0.45781250000000007 0.7515625 0.4578125000000002
0 0.9125 0.5156250000000001 0.6140625 0.515625 0.6140625000000001 0.99375 0.9125 0.99375
0 0.4828125 0.5359375 0.45625 0.5359375 0.45625 0.5953125 0.4828125 0.5953125
0 0.440625 0.58125 0.4046875 0.58125 0.4046875 0.628125 0.440625 0.628125
0 0.5500000000000002 0.8171875 0.47968750000000016 0.8171875 0.47968750000000016 0.9734375 0.5500000000000002 0.9734375
0 0.42968750000000017 0.784375 0.37187500000000007 0.784375 0.37187500000000007 0.928125 0.42968750000000017 0.928125
0 0.6015625000000001 0.634375 0.5109375 0.634375 0.5109375 0.796875 0.6015625000000002 0.796875
0 0.640625 0.5625 0.571875 0.5625 0.571875 0.70625 0.640625 0.70625
0 0.5875 0.4765625 0.5421875 0.4765625 0.5421875 0.5359375 0.5875 0.5359375
0 0.65 0.25468750000000007 0.6171875 0.25468750000000007 0.6171875 0.3593750000000001 0.65 0.3593750000000001
0 0.6296875 0.2875000000000001 0.5921875 0.2875000000000001 0.5921875 0.37187500000000007 0.6296875 0.37187500000000007
0 0.678125 0.3140625000000001 0.65 0.3140625000000001 0.65 0.3859375000000001 0.678125 0.3859375000000001
0 0.66875 0.3531250000000001 0.6328125 0.3531250000000001 0.6328125 0.44375 0.66875 0.44375
0 0.6390625 0.3593750000000001 0.5984375 0.3593750000000001 0.5984375 0.4515625 0.6390625 0.4515625
0 0.5984375 0.3656250000000001 0.5625 0.3656250000000001 0.5625 0.4515625 0.5984375 0.4515625
0 0.5953125 0.2812500000000001 0.546875 0.2812500000000001 0.546875 0.3859375000000001 0.5953125 0.3859375000000001
0 0.559375 0.3671875000000001 0.528125 0.3671875000000001 0.528125 0.4390625 0.559375 0.4390625
0 0.66875 0.02656250000000008 0.6375 0.02656250000000008 0.6375 0.11718750000000008 0.66875 0.11718750000000008
0 0.690625 0.03906250000000008 0.66875 0.039062500000000076 0.66875 0.10468750000000009 0.690625 0.10468750000000009
0 0.64375 0.02656250000000008 0.6203125 0.02656250000000008 0.6203125 0.09843750000000008 0.64375 0.0984375000000001
0 0.7609375 8.687338231451537e-17 0.6578125 8.055879725641184e-17 0.6578125 0.020312500000000087 0.7609375 0.020312500000000094
0 0.6359375 0.09843750000000008 0.5953125 0.09843750000000007 0.5953125 0.1828125000000001 0.6359375 0.1828125000000001
0 0.678125 0.11093750000000009 0.6328125 0.11093750000000009 0.6328125 0.18906250000000008 0.678125 0.18906250000000008
0 0.7109375 0.10468750000000009 0.675 0.10468750000000009 0.675 0.16406250000000008 0.7109375 0.16406250000000008
0 0.7578125 0.012500000000000091 0.7125 0.01250000000000009 0.7125 0.11093750000000009 0.7578125 0.11093750000000009
0 0.4140625 0.04531250000000005 0.3859375 0.04531250000000005 0.3859375 0.16406250000000006 0.4140625 0.16406250000000006
0 0.453125 0.006250000000000052 0.4125 0.00625000000000005 0.4125 0.13125000000000003 0.453125 0.13125000000000003
0 0.48125 0.006250000000000056 0.4359375 0.006250000000000052 0.4359375 0.11718750000000004 0.48125 0.11718750000000004
0 0.425 0.07812500000000004 0.4078125 0.07812500000000004 0.4078125 0.17656250000000004 0.425 0.17656250000000004
0 0.44375 0.10468750000000004 0.4171875 0.10468750000000004 0.4171875 0.20312500000000008 0.44375 0.20312500000000008
0 0.4796875 0.026562500000000055 0.446875 0.026562500000000055 0.446875 0.18281250000000004 0.4796875 0.18281250000000004
0 0.4953125 0.15000000000000005 0.46875 0.15000000000000005 0.46875 0.20312500000000008 0.4953125 0.20312500000000008
0 0.4921875 0.07968750000000006 0.465625 0.07968750000000006 0.465625 0.15781250000000005 0.4921875 0.15781250000000005
0 0.5109375 0.006250000000000061 0.4765625 0.0062500000000000585 0.4765625 0.07812500000000007 0.5109375 0.07812500000000007
0 0.5375 0.07187500000000006 0.4953125 0.07187500000000006 0.4953125 0.16406250000000006 0.5375 0.16406250000000006
0 0.440625 0.2609375000000001 0.4015625 0.2609375000000001 0.4015625 0.3531250000000001 0.440625 0.3531250000000001
0 0.4828125 0.2750000000000001 0.440625 0.2750000000000001 0.440625 0.3531250000000001 0.4828125 0.3531250000000001
0 0.4953125 0.3468750000000001 0.45625 0.3468750000000001 0.45625 0.4125 0.4953125 0.4125
0 0.5203125 0.3140625000000001 0.4953125 0.3140625000000001 0.4953125 0.37187500000000007 0.5203125 0.37187500000000007
0 0.459375 0.3531250000000001 0.4140625 0.3531250000000001 0.4140625 0.4109375 0.459375 0.4109375
0 0.4234375 0.3531250000000001 0.38125 0.3531250000000001 0.38125000000000003 0.4046875 0.4234375 0.4046875
0 0.12187500000000011 0.8359375 1.0237281836622405e-16 0.8359375 1.1203604701574614e-16 0.99375 0.12187500000000014 0.99375
0 0.25468750000000007 0.928125 0.12187500000000014 0.928125 0.12187500000000014 0.99375 0.25468750000000007 0.99375
0 0.3734375000000001 0.628125 0.27031250000000007 0.628125 0.27031250000000007 0.9484375 0.3734375000000001 0.9484375
0 0.475 0.43125 0.3312500000000001 0.43125 0.3312500000000001 0.509375 0.475 0.509375
0 0.3734375000000001 0.5234375 0.32500000000000007 0.5234375 0.32500000000000007 0.646875 0.3734375000000001 0.646875
0 0.2984375 0.2546875 0.2640625 0.2546875 0.2640625 0.3140625 0.2984375 0.3140625
0 0.265625 0.07812500000000003 0.153125 0.07812500000000003 0.153125 0.17031250000000003 0.265625 0.17031250000000003
0 0.31875 0.2671875 0.2984375 0.2671875 0.2984375 0.3140625 0.31875 0.3140625
0 0.34375 0.26875 0.31875 0.26875 0.31875 0.3265625 0.34375 0.3265625
0 0.353125 0.2875 0.34375 0.2875 0.34375 0.3203125 0.353125 0.3203125
0 0.2828125 0.3078125 0.2484375 0.3078125 0.24843750000000003 0.3734375 0.2828125000000001 0.3734375
0 0.30625 0.3140625 0.2796875 0.3140625 0.27968750000000003 0.3859375 0.3062500000000001 0.3859375
0 0.33125000000000004 0.3203125 0.3125 0.3203125 0.31250000000000006 0.3796875 0.3312500000000001 0.3796875
0 0.34062500000000007 0.334375 0.33125 0.334375 0.33125000000000004 0.3671875 0.34062500000000007 0.3671875
0 0.27031250000000007 0.340625 0.240625 0.340625 0.24062500000000003 0.40625 0.27031250000000007 0.40625
0 0.28593750000000007 0.365625 0.2609375000000001 0.365625 0.2609375000000001 0.425 0.28593750000000007 0.425
0 0.30937500000000007 0.365625 0.28593750000000007 0.365625 0.28593750000000007 0.41875 0.30937500000000007 0.41875
0 0.3343750000000001 0.371875 0.3125000000000001 0.371875 0.3125000000000001 0.425 0.3343750000000001 0.425
0 0.2500000000000001 0.3984375 0.2218750000000001 0.3984375 0.2218750000000001 0.4640625 0.2500000000000001 0.4640625
0 0.2890625000000001 0.4125 0.25468750000000007 0.4125 0.25468750000000007 0.490625 0.2890625000000001 0.490625
0 0.30937500000000007 0.4109375 0.2921875000000001 0.4109375 0.2921875000000001 0.4578125 0.30937500000000007 0.4578125
0 0.15781250000000005 0.3140625 0.13437500000000005 0.3140625 0.13437500000000005 0.3390625 0.15781250000000005 0.3390625
0 0.19531250000000006 0.3140625 0.16093750000000004 0.3140625 0.16093750000000004 0.353125 0.19531250000000006 0.353125
0 0.15156250000000004 0.346875 0.13125000000000003 0.346875 0.13125000000000003 0.365625 0.15156250000000004 0.365625
0 0.17968750000000006 0.3734375 0.15781250000000005 0.3734375 0.15781250000000005 0.4125 0.17968750000000006 0.4125
0 0.975 0.006250000000000118 0.9453125 0.006250000000000117 0.9453125 0.19687500000000013 0.975 0.19687500000000013
0 0.990625 0.01406250000000012 0.9734375 0.014062500000000117 0.9734375 0.19062500000000013 0.990625 0.19062500000000013
0 0.996875 0.02656250000000012 0.984375 0.02656250000000012 0.984375 0.18906250000000013 0.996875 0.18906250000000013
0 0.9515625 0.006250000000000115 0.9328125 0.006250000000000114 0.9328125 0.20312500000000008 0.9515625 0.20312500000000008
0 0.9359375 0.04687500000000011 0.91875 0.04687500000000011 0.91875 0.2234375000000001 0.9359375 0.2234375000000001
0 0.9203125 1.0935713214261131e-16 0.865625 1.0600848855119278e-16 0.865625 0.08437500000000012 0.9203125 0.08437500000000012
0 0.925 0.05156250000000011 0.8734375 0.05156250000000011 0.8734375 0.2093750000000001 0.925 0.2093750000000001
0 0.8671875 1.0342524920924131e-16 0.821875 1.0065065880492308e-16 0.821875 0.11093750000000009 0.8671875 0.11093750000000009
0 0.8359375 0.0593750000000001 0.790625 0.05937500000000009 0.790625 0.16406250000000008 0.8359375 0.16406250000000008
0 0.890625 0.09843750000000011 0.8328125 0.09843750000000011 0.8328125 0.1828125000000001 0.890625 0.1828125000000001