0 0.9265625 0.30937500000000007 0.715625 0.30937500000000007 0.715625 0.48906250000000007 0.9265625 0.4890625000000002
0 0.9484375 0.5250000000000001 0.5 0.525 0.5 0.6265625000000001 0.9484375 0.6265625000000001
0 0.93125 0.6546875000000001 0.70625 0.6546875 0.70625 0.9171875 0.93125 0.9171875
0 0.6718750000000002 0.7609375 0.5218750000000002 0.7609375 0.5218750000000002 0.9125 0.6718750000000002 0.9125
0 0.4609375000000001 0.484375 0.2593750000000001 0.484375 0.2593750000000001 0.775 0.46093750000000017 0.775
0 0.22031250000000008 0.515625 0.04687500000000007 0.515625 0.046875000000000076 0.7375 0.22031250000000008 0.7375
0 0.5046875000000002 0.765625 0.05156250000000009 0.765625 0.0515625000000001 0.9453125 0.5046875000000002 0.9453125
0 0.6515625 0.19375000000000006 0.25 0.19375000000000003 0.25000000000000006 0.45625 0.6515625 0.45625
0 0.9265625 0.04218750000000009 0.6515625 0.04218750000000008 0.6515625 0.26250000000000007 0.9265625 0.26250000000000007
0 0.5859375 0.05000000000000006 0.35 0.050000000000000044 0.35 0.28125000000000006 0.5859375 0.2812500000000001
0 0.2453125 0.06562500000000002 0.0609375 0.065625 0.06093750000000001 0.2265625 0.2453125 0.2265625
0 0.22500000000000003 0.2859375 0.051562500000000046 0.2859375 0.05156250000000005 0.475 0.2250000000000001 0.475