0 0.4828125000000002 0.7875 0.2984375000000001 0.7875 0.2984375000000001 0.9953125 0.4828125000000002 0.9953125
0 0.7484375000000002 0.86875 0.5312500000000002 0.86875 0.5312500000000002 0.9953125 0.7484375000000002 0.9953125
0 0.996875 0.8203125 0.803125 0.8203125 0.803125 0.9953125 0.996875 0.9953125
0 0.996875 0.7546875000000002 0.9015625 0.7546875000000002 0.9015625 0.8640625 0.996875 0.8640625
0 0.996875 0.5140625000000002 0.8296875 0.5140625000000002 0.8296875 0.7546875000000002 0.996875 0.7546875000000002
0 0.996875 0.49218750000000017 0.93125 0.49218750000000017 0.93125 0.6453125000000002 0.996875 0.6453125000000002
0 0.9609375 0.40937500000000016 0.81875 0.40937500000000016 0.81875 0.5359375000000002 0.9609375 0.5359375000000002
0 0.8703125 0.44843750000000016 0.728125 0.44843750000000016 0.728125 0.6500000000000001 0.8703125 0.6500000000000001
0 0.1671875000000001 0.8578125 0.0359375000000001 0.8578125 0.03593750000000011 0.9953125 0.16718750000000013 0.9953125
0 0.534375 0.5953125 0.4328125 0.5953125 0.4328125 0.6671875 0.534375 0.6671875
0 0.5640625 0.5578125 0.4625 0.5578125 0.4625 0.65 0.5640625 0.65
0 0.5671875 0.5359375 0.4625 0.5359375 0.4625 0.60625 0.5671875 0.60625
0 0.596875 0.51875 0.5171875 0.51875 0.5171875 0.5734375 0.596875 0.5734375
0 0.646875 0.4640625 0.5859375 0.4640625 0.5859375 0.6015625 0.646875 0.6015625
0 0.753125 0.4640625000000001 0.640625 0.4640625 0.640625 0.5843750000000001 0.753125 0.5843750000000002
3 0.6078125 0.2953125000000001 0.484375 0.2953125000000001 0.484375 0.5078125 0.6078125 0.5078125
3 0.665625 0.546875 0.64375 0.546875 0.64375 0.584375 0.665625 0.584375