0 0.934375 0.5578125 0.6109375 0.5578125 0.6109375000000001 0.7437500000000001 0.934375 0.7437500000000001
0 0.7828125 0.6171875000000001 0.59375 0.6171875 0.59375 0.7156250000000001 0.7828125 0.7156250000000002
0 0.6406250000000001 0.6390625 0.5671875 0.6390625 0.5671875000000001 0.7703125 0.6406250000000002 0.7703125
0 0.6687500000000002 0.7765625 0.6546875000000002 0.7765625 0.6546875000000002 0.7984375 0.6687500000000002 0.7984375
0 0.6625 0.7046875 0.646875 0.7046875 0.646875 0.721875 0.6625 0.721875
0 0.6906250000000002 0.7375 0.6656250000000001 0.7375 0.6656250000000001 0.759375 0.6906250000000002 0.759375
0 0.8734375 0.9078125 0.846875 0.9078125 0.846875 0.934375 0.8734375 0.934375
0 0.5671875000000001 0.678125 0.4984375 0.678125 0.4984375000000001 0.74375 0.5671875000000002 0.74375
0 0.5343750000000002 0.7375 0.5234375000000002 0.7375 0.5234375000000002 0.7484375 0.5343750000000002 0.7484375
0 0.6046875000000002 0.765625 0.5718750000000001 0.765625 0.5718750000000001 0.7984375 0.6046875000000002 0.7984375
0 0.59375 0.3062500000000001 0.50625 0.3062500000000001 0.50625 0.4203125 0.59375 0.4203125
0 0.64375 0.31718750000000007 0.5859375 0.31718750000000007 0.5859375 0.43125 0.64375 0.43125
0 0.6078125 0.44375 0.5859375 0.44375 0.5859375 0.4984375 0.6078125 0.4984375
0 0.6359375 0.48125 0.5890625 0.48125 0.5890625 0.525 0.6359375 0.525
0 0.640625 0.525 0.5890625 0.525 0.5890625 0.5515625 0.640625 0.5515625
0 0.5671875 0.4203125 0.46875 0.4203125 0.46875 0.4484375 0.5671875 0.4484375
0 0.5828125 0.475 0.4625 0.475 0.4625 0.6828125 0.5828125 0.6828125
0 0.3390625000000001 0.65 0.2078125000000001 0.65 0.2078125000000001 0.846875 0.3390625000000001 0.846875
0 0.4078125000000001 0.496875 0.3312500000000001 0.496875 0.3312500000000001 0.853125 0.4078125000000002 0.853125
0 0.41875 0.48125 0.3859375000000001 0.48125 0.3859375000000001 0.540625 0.41875 0.540625
0 0.3781250000000001 0.4328125 0.3062500000000001 0.4328125 0.3062500000000001 0.5421875 0.3781250000000001 0.5421875
0 0.3453125000000001 0.4046875 0.2078125000000001 0.4046875 0.2078125000000001 0.540625 0.3453125000000001 0.540625
0 0.2250000000000001 0.5140625 0.18906250000000005 0.5140625 0.18906250000000008 0.8203125 0.2250000000000001 0.8203125
0 0.3500000000000001 0.590625 0.2156250000000001 0.590625 0.2156250000000001 0.6828125 0.3500000000000001 0.6828125
0 0.3500000000000001 0.5578125 0.2156250000000001 0.5578125 0.2156250000000001 0.628125 0.3500000000000001 0.628125
0 0.09531250000000005 0.453125 0.018750000000000055 0.453125 0.018750000000000065 0.6125 0.09531250000000006 0.6125
0 0.14218750000000008 0.3609375 0.11250000000000004 0.3609375 0.11250000000000007 0.628125 0.14218750000000008 0.628125
0 0.19687500000000008 0.3609375 0.14218750000000005 0.3609375 0.14218750000000008 0.628125 0.19687500000000008 0.628125
0 0.21875 0.2515625 0.13125000000000003 0.2515625 0.13125000000000003 0.30625 0.21875 0.30625
0 0.2328125 0.153125 0.178125 0.153125 0.17812500000000003 0.2625 0.2328125 0.2625
0 0.3234375 0.240625 0.225 0.240625 0.225 0.284375 0.3234375 0.284375
0 0.26250000000000007 0.3671875 0.21875000000000008 0.3671875 0.21875000000000008 0.4875 0.26250000000000007 0.4875
0 0.32031250000000006 0.3390625 0.2578125 0.3390625 0.25781250000000006 0.48125 0.3203125000000001 0.48125
0 0.4296875 0.10312500000000005 0.2953125 0.10312500000000005 0.2953125 0.21875000000000006 0.4296875 0.21875000000000008
0 0.33437500000000003 0.2359375 0.2734375 0.2359375 0.27343750000000006 0.3890625 0.3343750000000001 0.3890625
0 0.38281250000000006 0.22343750000000004 0.328125 0.2234375 0.32812500000000006 0.4375 0.3828125000000001 0.4375
0 0.440625 0.21875000000000008 0.3828125 0.21875000000000008 0.38281250000000006 0.496875 0.440625 0.496875
2 0.6546875 0.2234375000000001 0.4546875 0.2234375000000001 0.4546875 0.5796875 0.6546875 0.5796875
2 0.596875 0.4203125 0.446875 0.4203125 0.446875 0.715625 0.596875 0.715625
2 0.45 0.19687500000000005 0.265625 0.19687500000000005 0.26562500000000006 0.5078125 0.45 0.5078125
2 0.32656250000000003 0.2578125 0.10937500000000004 0.2578125 0.10937500000000007 0.6625 0.3265625000000001 0.6625
2 0.4375000000000001 0.4921875 0.17187500000000006 0.4921875 0.17187500000000006 0.846875 0.43750000000000017 0.846875
2 0.12343750000000009 0.6171875 7.558366963487571e-17 0.6171875 9.299661631025214e-17 0.9015625 0.12343750000000009 0.9015625
2 0.09843750000000005 0.3984375 4.8794520903527353e-17 0.3984375 6.257179739393508e-17 0.6234375 0.09843750000000007 0.6234375
2 0.09843750000000004 0.3453125 4.228858478305704e-17 0.3453125 4.6306957092759285e-17 0.4109375 0.09843750000000004 0.4109375