0 0.9125 0.2906250000000001 0.6765625 0.2906250000000001 0.6765625 0.6187500000000001 0.9125 0.6187500000000001
0 0.86875 0.0765625000000001 0.646875 0.07656250000000009 0.646875 0.3546875000000001 0.86875 0.3546875000000001
0 0.646875 6.831232926493829e-17 0.46875 5.740531871003217e-17 0.46875 0.2406250000000001 0.646875 0.2406250000000001
0 0.6734375 0.18125000000000008 0.4796875 0.18125000000000005 0.4796875 0.4546875 0.6734375 0.4546875
0 0.465625 0.03281250000000004 0.2390625 0.032812500000000036 0.2390625 0.27812500000000007 0.465625 0.27812500000000007
0 0.31562500000000004 0.12500000000000003 0.03281250000000001 0.125 0.03281250000000003 0.371875 0.3156250000000001 0.371875
0 0.4796875 0.24062500000000003 0.240625 0.240625 0.24062500000000003 0.5296875 0.4796875 0.5296875
0 0.31562500000000004 0.3390625 0.03281250000000004 0.3390625 0.032812500000000064 0.65 0.3156250000000001 0.65
0 0.3062500000000001 0.5734375 0.2078125000000001 0.5734375 0.2078125000000001 0.7484375 0.3062500000000001 0.7484375
0 0.2296875000000001 0.628125 0.1312500000000001 0.628125 0.1312500000000001 0.78125 0.2296875000000001 0.78125
0 0.36406250000000007 0.69375 0.2296875000000001 0.69375 0.2296875000000001 0.853125 0.36406250000000007 0.853125
0 0.3343750000000001 0.6125 0.2984375000000001 0.6125 0.2984375000000001 0.7109375 0.3343750000000001 0.7109375
0 0.4156250000000002 0.765625 0.2734375000000001 0.765625 0.2734375000000001 0.9515625 0.4156250000000002 0.9515625
0 0.5375000000000002 0.7875 0.4109375000000002 0.7875 0.4109375000000002 0.9671875 0.5375000000000002 0.9671875
0 0.6375000000000002 0.8359375 0.5390625000000002 0.8359375 0.5390625000000002 0.978125 0.6375000000000002 0.978125
0 0.7203125000000001 0.7546875 0.6187500000000001 0.7546875 0.6187500000000001 0.940625 0.7203125000000001 0.940625
0 0.8265625 0.6718750000000001 0.70625 0.671875 0.70625 0.86875 0.8265625 0.86875
0 0.8625 0.5953125000000001 0.778125 0.5953125000000001 0.7781250000000001 0.7484375000000002 0.8625 0.7484375000000002
0 0.7609375 0.5687500000000001 0.6515625 0.56875 0.6515625 0.6828125 0.7609375 0.6828125000000002
0 0.7171875000000001 0.6015625 0.596875 0.6015625 0.596875 0.759375 0.7171875000000002 0.759375
0 0.615625 0.5953125 0.5390625 0.5953125 0.5390625 0.7 0.615625 0.7
0 0.6328125000000001 0.7 0.490625 0.7 0.4906250000000001 0.8359375 0.6328125000000002 0.8359375
0 0.4906250000000001 0.678125 0.35625000000000007 0.678125 0.35625000000000007 0.809375 0.4906250000000002 0.809375
0 0.4546875 0.6234375 0.3234375000000001 0.6234375 0.3234375000000001 0.721875 0.4546875 0.721875
0 0.5390625000000001 0.634375 0.459375 0.634375 0.4593750000000001 0.7375 0.5390625000000002 0.7375
0 0.5640625 0.5140625 0.4765625 0.5140625 0.4765625 0.6453125 0.5640625 0.6453125
0 0.690625 0.4484375 0.5453125 0.4484375 0.5453125 0.60625 0.690625 0.60625
0 0.5453125 0.453125 0.465625 0.453125 0.465625 0.525 0.5453125 0.525
0 0.4796875 0.5140625 0.3859375000000001 0.5140625 0.3859375000000001 0.628125 0.4796875 0.628125
0 0.3890625000000001 0.525 0.30156250000000007 0.525 0.30156250000000007 0.628125 0.3890625000000001 0.628125