0 0.6078125000000002 0.9296875 0.43281250000000016 0.9296875 0.43281250000000016 0.9953125 0.6078125000000002 0.9953125
0 0.6593750000000002 0.8140625 0.43750000000000017 0.8140625 0.43750000000000017 0.9953125 0.6593750000000002 0.9953125
0 0.6296875000000002 0.825 0.42500000000000016 0.825 0.42500000000000016 0.9125 0.6296875000000002 0.9125
0 0.7031250000000002 0.7484375 0.5718750000000001 0.7484375 0.5718750000000001 0.9734375 0.7031250000000002 0.9734375
0 0.7781250000000002 0.8578125 0.6656250000000001 0.8578125 0.6656250000000001 0.9953125 0.7781250000000002 0.9953125
0 0.8578125 0.8640625 0.7781250000000002 0.8640625 0.7781250000000002 0.9953125 0.8578125 0.9953125
0 0.978125 0.809375 0.8546875 0.809375 0.8546875 0.9953125 0.978125 0.9953125
0 0.928125 0.825 0.859375 0.825 0.859375 0.9125 0.928125 0.9125
0 0.8953125 0.7546875000000002 0.7828125000000001 0.7546875000000002 0.7828125000000001 0.91875 0.8953125 0.91875
0 0.934375 0.7000000000000002 0.7859375 0.7000000000000002 0.7859375000000001 0.809375 0.934375 0.809375
0 0.9828125 0.7046875000000001 0.903125 0.7046875000000001 0.903125 0.8140625 0.9828125 0.8140625
0 0.9890625 0.6125000000000002 0.90625 0.6125000000000002 0.90625 0.7593750000000001 0.9890625 0.7593750000000001
0 0.996875 0.4968750000000002 0.93125 0.4968750000000002 0.93125 0.6234375000000002 0.996875 0.6234375000000002
0 0.93125 0.3984375000000001 0.7234375 0.3984375000000001 0.7234375 0.7046875000000001 0.93125 0.7046875000000001
0 0.7859375000000001 0.6781250000000001 0.6953125 0.678125 0.6953125000000001 0.7875000000000001 0.7859375000000002 0.7875000000000002
0 0.7171875000000001 0.4375 0.528125 0.4375 0.5281250000000001 0.875 0.7171875000000002 0.875
0 0.6109375000000001 0.7109375 0.4578125 0.7109375 0.45781250000000007 0.8640625 0.6109375000000001 0.8640625
0 0.5234375 0.65 0.4875 0.65 0.4875 0.715625 0.5234375 0.715625
0 0.6109375000000001 0.5296875 0.465625 0.5296875 0.46562500000000007 0.759375 0.6109375000000001 0.759375
0 0.465625 0.6125 0.4109375 0.6125 0.4109375 0.715625 0.465625 0.715625
0 0.440625 0.5296875 0.4 0.5296875 0.4 0.590625 0.440625 0.590625
0 0.5203125 0.4921875 0.4875 0.4921875 0.4875 0.5578125 0.5203125 0.5578125
0 0.690625 0.19687500000000008 0.5390625 0.19687500000000005 0.5390625 0.4703125 0.690625 0.4703125
0 0.7609375 0.33281250000000007 0.59375 0.33281250000000007 0.59375 0.5796875000000001 0.7609375 0.5796875000000001
0 0.7421875 0.5468750000000001 0.66875 0.546875 0.66875 0.6828125 0.7421875 0.6828125000000002
0 0.996875 0.13750000000000012 0.86875 0.1375000000000001 0.86875 0.4984375000000002 0.996875 0.4984375000000002
0 0.928125 1.0811335023722728e-16 0.8375 1.0256416942859082e-16 0.8375 0.1640625000000001 0.928125 0.16406250000000014
0 0.85 9.921552583717228e-17 0.7703125 9.433607374681956e-17 0.7703125 0.04843750000000009 0.85 0.0484375000000001
0 0.78125 7.969771747576135e-17 0.5203125 6.371990376813572e-17 0.5203125 0.10937500000000007 0.78125 0.10937500000000008
0 0.603125 0.043750000000000074 0.5421875 0.04375000000000007 0.5421875 0.13125000000000006 0.603125 0.1312500000000001
0 0.553125 0.021875000000000065 0.4953125 0.02187500000000006 0.4953125 0.16406250000000006 0.553125 0.16406250000000008
0 0.4515625 0.16406250000000006 0.3859375 0.16406250000000006 0.3859375 0.2406250000000001 0.4515625 0.2406250000000001
0 0.421875 0.31718750000000007 0.35625 0.3171875 0.35625000000000007 0.4265625 0.421875 0.4265625
0 0.4984375 0.3781250000000001 0.4109375 0.3781250000000001 0.4109375 0.4984375 0.4984375 0.4984375
0 0.5859375 0.2890625000000001 0.4296875 0.2890625000000001 0.4296875 0.3828125000000001 0.5859375 0.3828125000000001
0 0.66875 0.08750000000000006 0.4515625 0.08750000000000005 0.4515625 0.2953125000000001 0.66875 0.2953125000000001
0 0.7015625 0.1312500000000001 0.665625 0.1312500000000001 0.665625 0.19687500000000008 0.7015625 0.19687500000000008
0 0.734375 0.10937500000000008 0.7015625 0.10937500000000008 0.7015625 0.15781250000000008 0.734375 0.15781250000000008
0 0.7453125 0.09218750000000009 0.7234375 0.09218750000000009 0.7234375 0.12031250000000009 0.7453125 0.12031250000000009
0 0.8625 0.09843750000000011 0.81875 0.09843750000000011 0.81875 0.16406250000000008 0.8625 0.16406250000000008
0 0.890625 0.1312500000000001 0.8515625 0.1312500000000001 0.8515625 0.2015625000000001 0.890625 0.2015625000000001
0 0.90625 0.19687500000000008 0.86875 0.19687500000000008 0.86875 0.2515625000000001 0.90625 0.2515625000000001
0 0.89375 0.2671875000000001 0.8546875 0.2671875000000001 0.8546875 0.31718750000000007 0.89375 0.31718750000000007
0 0.9046875 0.31718750000000007 0.865625 0.31718750000000007 0.865625 0.37187500000000007 0.9046875 0.37187500000000007
0 0.865625 0.2953125000000001 0.8328125 0.2953125000000001 0.8328125 0.3609375000000001 0.865625 0.3609375000000001
0 0.8765625 0.21250000000000008 0.8359375 0.21250000000000008 0.8359375 0.2734375000000001 0.8765625 0.2734375000000001
0 0.859375 0.1750000000000001 0.815625 0.1750000000000001 0.815625 0.23437500000000008 0.859375 0.23437500000000008
0 0.815625 0.10312500000000009 0.7828125 0.10312500000000009 0.7828125 0.1750000000000001 0.815625 0.1750000000000001
0 0.79375 0.12031250000000009 0.75 0.12031250000000009 0.75 0.1859375000000001 0.79375 0.1859375000000001
0 0.815625 0.1750000000000001 0.771875 0.1750000000000001 0.771875 0.2406250000000001 0.815625 0.2406250000000001
0 0.7453125 0.1859375000000001 0.709375 0.1859375000000001 0.709375 0.2406250000000001 0.7453125 0.2406250000000001
0 0.709375 0.21875000000000008 0.690625 0.21875000000000008 0.690625 0.27812500000000007 0.709375 0.27812500000000007
0 0.778125 0.21875000000000008 0.734375 0.21875000000000008 0.734375 0.2843750000000001 0.778125 0.2843750000000001
0 0.8 0.2453125000000001 0.75625 0.2453125000000001 0.75625 0.3062500000000001 0.8 0.3062500000000001
0 0.84375 0.2562500000000001 0.8 0.2562500000000001 0.8 0.31718750000000007 0.84375 0.31718750000000007
0 0.8359375 0.3234375000000001 0.8078125 0.3234375000000001 0.8078125 0.3671875000000001 0.8359375 0.3671875000000001
0 0.8078125 0.30156250000000007 0.7671875 0.30156250000000007 0.7671875 0.35625000000000007 0.8078125 0.35625000000000007