0 0.0953125000000001 0.7765625 9.510147799628666e-17 0.7765625 1.0543443536409245e-16 0.9453125 0.0953125000000001 0.9453125
0 0.19218750000000012 0.91875 0.06562500000000011 0.91875 0.06562500000000011 0.9953125 0.19218750000000012 0.9953125
0 0.2765625000000001 0.8359375 0.1671875000000001 0.8359375 0.1671875000000001 0.9890625 0.2765625000000001 0.9890625
0 0.3421875000000001 0.8578125 0.2687500000000001 0.8578125 0.2687500000000001 0.9890625 0.3421875000000001 0.9890625
0 0.4437500000000002 0.825 0.3421875000000001 0.825 0.3421875000000001 0.9953125 0.4437500000000002 0.9953125
0 0.5203125000000002 0.9015625 0.43281250000000016 0.9015625 0.43281250000000016 0.9953125 0.5203125000000002 0.9953125
0 0.5750000000000002 0.7875 0.4625000000000002 0.7875 0.4625000000000002 0.95625 0.5750000000000002 0.95625
0 0.6296875000000002 0.940625 0.5093750000000001 0.940625 0.5093750000000001 0.9953125 0.6296875000000002 0.9953125
0 0.7171875000000002 0.9078125 0.6265625000000001 0.9078125 0.6265625000000001 0.9953125 0.7171875000000002 0.9953125
0 0.8359375 0.83125 0.7234375000000002 0.83125 0.7234375000000002 0.9953125 0.8359375 0.9953125
0 0.9421875 0.8203125 0.8359375 0.8203125 0.8359375 0.9953125 0.9421875 0.9953125
0 0.70625 0.69375 0.5859375 0.69375 0.5859375000000001 0.8578125 0.7062500000000002 0.8578125
0 0.6656250000000001 0.8203125 0.5593750000000002 0.8203125 0.5593750000000002 0.9515625 0.6656250000000001 0.9515625
0 0.7828125000000001 0.7765625 0.6843750000000002 0.7765625 0.6843750000000002 0.9125 0.7828125000000001 0.9125
0 0.8875 0.7046875000000001 0.7671875 0.7046875000000001 0.7671875000000001 0.853125 0.8875 0.853125
0 0.996875 0.6500000000000001 0.8875 0.6500000000000001 0.8875 0.86875 0.996875 0.86875
0 0.7781250000000001 0.6453125000000001 0.6734375 0.6453125 0.6734375000000001 0.7593750000000001 0.7781250000000002 0.7593750000000001
0 0.9671875 0.5250000000000001 0.8796875 0.5250000000000001 0.8796875 0.6781250000000002 0.9671875 0.6781250000000002
0 0.996875 0.5140625000000002 0.9703125 0.5140625000000002 0.9703125 0.6828125000000002 0.996875 0.6828125000000002
0 0.4953125000000001 0.715625 0.3968750000000001 0.715625 0.3968750000000001 0.853125 0.49531250000000016 0.853125
0 0.6109375000000001 0.65625 0.5046875 0.65625 0.5046875000000001 0.803125 0.6109375000000001 0.803125
0 0.6796875 0.5625 0.6 0.5625 0.6 0.715625 0.6796875 0.715625
0 0.7671875 0.5578125 0.6796875 0.5578125 0.6796875 0.6890625000000001 0.7671875 0.6890625000000001
0 0.88125 0.5078125000000002 0.771875 0.5078125000000002 0.771875 0.7046875000000001 0.88125 0.7046875000000001
0 0.9203125 0.4312500000000002 0.8140625 0.4312500000000002 0.8140625 0.5843750000000002 0.9203125 0.5843750000000002
0 0.9859375 0.3937500000000001 0.9015625 0.3937500000000001 0.9015625 0.5406250000000001 0.9859375 0.5406250000000001
0 0.996875 0.31718750000000007 0.953125 0.31718750000000007 0.953125 0.49218750000000017 0.996875 0.49218750000000017
0 0.79375 0.2953125000000001 0.6734375 0.2953125000000001 0.6734375 0.4640625000000001 0.79375 0.46406250000000016
0 0.86875 0.3390625000000001 0.75625 0.3390625000000001 0.75625 0.5140625000000002 0.86875 0.5140625000000002
0 0.9421875 0.2890625000000001 0.825 0.2890625000000001 0.825 0.4265625000000002 0.9421875 0.4265625000000002
0 0.996875 0.14687500000000014 0.9234375 0.14687500000000014 0.9234375 0.3062500000000001 0.996875 0.3062500000000001
0 0.8953125 0.1312500000000001 0.815625 0.1312500000000001 0.815625 0.2953125000000001 0.8953125 0.2953125000000001
0 0.9640625 0.09843750000000011 0.8765625 0.09843750000000011 0.8765625 0.2562500000000001 0.9640625 0.2562500000000001
0 0.959375 1.114619938286458e-16 0.8609375 1.0543443536409245e-16 0.8609375 0.11406250000000011 0.959375 0.11406250000000014
0 0.996875 1.195944139792337e-16 0.95625 1.1710685016846565e-16 0.95625 0.07656250000000012 0.996875 0.07656250000000012
0 0.875 9.873714818125535e-17 0.7375 9.031770143711729e-17 0.7375 0.12500000000000008 0.875 0.12500000000000008
0 0.821875 0.0765625000000001 0.7125 0.07656250000000009 0.7125 0.2671875000000001 0.821875 0.2671875000000001
0 0.7484375 0.1531250000000001 0.6546875 0.1531250000000001 0.6546875 0.2953125000000001 0.7484375 0.2953125000000001
0 0.7484375 8.859554187581634e-17 0.6984375 8.553392487794795e-17 0.6984375 0.12031250000000009 0.7484375 0.12031250000000009
0 0.7015625 0.010937500000000083 0.6296875 0.010937500000000077 0.6296875 0.14218750000000008 0.7015625 0.14218750000000008
0 0.6546875 7.395718560475812e-17 0.553125 6.773827607783798e-17 0.553125 0.10937500000000008 0.6546875 0.10937500000000008
0 0.6 0.043750000000000074 0.534375 0.04375000000000007 0.534375 0.11406250000000007 0.6 0.1140625000000001
0 0.64375 0.1375000000000001 0.5484375 0.1375000000000001 0.5484375 0.23593750000000008 0.64375 0.23593750000000008
0 0.690625 0.2515625000000001 0.578125 0.2515625000000001 0.578125 0.3656250000000001 0.690625 0.3656250000000001
0 0.7453125 0.4156250000000001 0.646875 0.415625 0.646875 0.5406250000000001 0.7453125 0.5406250000000001
0 0.646875 0.3609375000000001 0.534375 0.3609375000000001 0.534375 0.503125 0.646875 0.503125
0 0.6296875 0.48125 0.5203125 0.48125 0.5203125 0.5953125 0.6296875 0.5953125
0 0.5609375 0.56875 0.459375 0.56875 0.459375 0.69375 0.5609375 0.69375
0 0.4468750000000001 0.5796875 0.35625000000000007 0.5796875 0.35625000000000007 0.7328125 0.4468750000000002 0.7328125
0 0.509375 0.4421875 0.4109375 0.4421875 0.4109375 0.584375 0.509375 0.584375
0 0.5609375 0.2734375000000001 0.4703125 0.2734375000000001 0.4703125 0.4484375 0.5609375 0.4484375
0 0.5640625 0.18593750000000006 0.5203125 0.18593750000000003 0.5203125 0.33281250000000007 0.5640625 0.33281250000000007
0 0.553125 0.12031250000000007 0.484375 0.12031250000000004 0.484375 0.2453125000000001 0.553125 0.2453125000000001
0 0.515625 0.02812500000000006 0.421875 0.028125000000000056 0.421875 0.19218750000000004 0.515625 0.19218750000000004
0 0.4484375 0.16406250000000006 0.3609375 0.16406250000000006 0.3609375 0.32812500000000006 0.4484375 0.3281250000000001
0 0.4984375 0.2406250000000001 0.41875 0.2406250000000001 0.41875 0.3656250000000001 0.4984375 0.3656250000000001
0 0.446875 0.3500000000000001 0.378125 0.3500000000000001 0.37812500000000004 0.459375 0.446875 0.459375
0 0.3812500000000001 0.38281250000000006 0.25468750000000007 0.3828125 0.25468750000000007 0.525 0.3812500000000001 0.525
0 0.3203125000000001 0.546875 0.2218750000000001 0.546875 0.2218750000000001 0.7046875 0.3203125000000001 0.7046875
0 0.3937500000000001 0.56875 0.3281250000000001 0.56875 0.3281250000000001 0.7109375 0.3937500000000001 0.7109375
0 0.2468750000000001 0.65 0.12343750000000009 0.65 0.12343750000000009 0.803125 0.2468750000000001 0.803125
0 0.2906250000000001 0.7484375 0.2000000000000001 0.7484375 0.2000000000000001 0.86875 0.2906250000000001 0.86875
0 0.3968750000000001 0.7109375 0.2765625000000001 0.7109375 0.2765625000000001 0.86875 0.3968750000000001 0.86875
0 0.18593750000000012 0.715625 0.05156250000000009 0.715625 0.0515625000000001 0.91875 0.18593750000000014 0.91875
0 0.12031250000000009 0.546875 0.018750000000000065 0.546875 0.01875000000000008 0.715625 0.12031250000000009 0.715625
0 0.06250000000000008 0.634375 7.768853132091022e-17 0.634375 8.773446209516585e-17 0.7984375 0.06250000000000008 0.7984375
0 0.2156250000000001 0.4484375 0.08437500000000005 0.4484375 0.08437500000000006 0.628125 0.2156250000000001 0.628125
0 0.2687500000000001 0.4328125 0.21093750000000008 0.4328125 0.21093750000000008 0.5421875 0.2687500000000001 0.5421875
0 0.259375 0.3125 0.16093750000000004 0.3125 0.16093750000000004 0.44375 0.2593750000000001 0.44375
0 0.38593750000000004 0.22500000000000003 0.2546875 0.225 0.25468750000000007 0.4 0.3859375000000001 0.4
0 0.3390625 0.11406250000000004 0.2515625 0.11406250000000004 0.2515625 0.240625 0.3390625 0.240625
0 0.421875 0.04375000000000005 0.3203125 0.043750000000000046 0.3203125 0.19687500000000005 0.421875 0.19687500000000005
0 0.48125 5.089938258956187e-17 0.35 4.286263797015736e-17 0.35 0.054687500000000056 0.48125 0.05468750000000007
0 0.55625 6.295449951866863e-17 0.471875 5.778802083476573e-17 0.471875 0.048437500000000064 0.55625 0.048437500000000064
0 0.3671875 3.807886141098801e-17 0.2546875 3.119022316578415e-17 0.2546875 0.08750000000000004 0.3671875 0.08750000000000005
0 0.2953125 0.02187500000000003 0.178125 0.021875000000000023 0.178125 0.153125 0.2953125 0.15312500000000004
0 0.1921875 1.4447005208691432e-17 0.04375 5.35782974626967e-18 0.04375000000000001 0.16406250000000003 0.1921875 0.16406250000000006
0 0.03281250000000002 0.0609375 7.462691432304185e-18 0.0609375 1.8178350924843523e-17 0.2359375 0.032812500000000036 0.2359375
0 0.07968750000000004 0.1265625 0.010937500000000017 0.1265625 0.010937500000000025 0.2796875 0.07968750000000005 0.2796875
0 0.14218750000000002 0.175 0.043750000000000025 0.175 0.043750000000000025 0.2953125 0.14218750000000005 0.2953125
0 0.029687500000000006 1.8178350924843526e-18 0 0 3.3486435914185442e-18 0.0546875 0.029687500000000012 0.0546875
0 0.16406250000000006 0.246875 0.01093750000000003 0.246875 0.010937500000000044 0.4765625 0.16406250000000006 0.4765625
0 0.08437500000000006 0.4640625 5.683126552293186e-17 0.4640625 6.620746757890379e-17 0.6171875 0.08437500000000006 0.6171875