0 0.996875 0.17656250000000012 0.7984375 0.1765625000000001 0.7984375 0.5937500000000002 0.996875 0.5937500000000002
0 0.8890625 0.5125000000000002 0.8015625 0.5125000000000002 0.8015625 0.6703125000000002 0.8890625 0.6703125000000002
0 0.8546875 0.6296875000000002 0.7609375 0.6296875000000002 0.7609375 0.80625 0.8546875 0.80625
0 0.875 0.6640625000000002 0.8046875 0.6640625000000002 0.8046875 0.8234375 0.875 0.8234375
0 0.7984375 0.4937500000000001 0.7140625 0.49375 0.7140625 0.6531250000000001 0.7984375 0.6531250000000002
0 0.7812500000000001 0.6703125000000001 0.7109375 0.6703125 0.7109375000000001 0.8125 0.7812500000000002 0.8125
0 0.7921875 0.2531250000000001 0.7046875 0.2531250000000001 0.7046875 0.3937500000000001 0.7921875 0.3937500000000001
0 0.7984375 0.13437500000000008 0.7640625 0.13437500000000008 0.7640625 0.2531250000000001 0.7984375 0.2531250000000001
0 0.76875 0.1062500000000001 0.684375 0.1062500000000001 0.684375 0.27031250000000007 0.76875 0.27031250000000007
0 0.696875 0.2171875000000001 0.65 0.2171875000000001 0.65 0.2828125000000001 0.696875 0.2828125000000001
0 0.690625 0.11250000000000009 0.6328125 0.11250000000000009 0.6328125 0.2234375000000001 0.690625 0.2234375000000001
0 0.7046875 0.2765625000000001 0.6375 0.2765625000000001 0.6375 0.40625 0.7046875 0.40625
0 0.8390625 0.8234375 0.7406250000000002 0.8234375 0.7406250000000002 0.99375 0.8390625 0.99375
0 0.7875000000000002 0.9234375 0.6968750000000001 0.9234375 0.6968750000000001 0.99375 0.7875000000000002 0.99375
0 0.7375000000000002 0.8234375 0.6468750000000002 0.8234375 0.6468750000000002 0.99375 0.7375000000000002 0.99375
0 0.6500000000000001 0.859375 0.5453125000000002 0.859375 0.5453125000000002 0.99375 0.6500000000000001 0.99375
0 0.5421875000000002 0.8703125 0.4546875000000002 0.8703125 0.4546875000000002 0.99375 0.5421875000000002 0.99375
0 0.996875 1.1481063742006435e-16 0.878125 1.0753929705012696e-16 0.878125 0.3296875000000001 0.996875 0.3296875000000001
0 0.8859375 9.653661096403746e-17 0.690625 8.457716956611408e-17 0.690625 0.1765625000000001 0.8859375 0.1765625000000001
0 0.61875 0.2234375000000001 0.5421875 0.2234375000000001 0.5421875 0.3531250000000001 0.61875 0.3531250000000001
0 0.5890625 0.3062500000000001 0.5125 0.3062500000000001 0.5125 0.453125 0.5890625 0.453125
0 0.6203125 0.3703125000000001 0.5296875 0.3703125000000001 0.5296875 0.5125 0.6203125 0.5125
0 0.528125 0.3703125000000001 0.4484375 0.3703125000000001 0.4484375 0.50625 0.528125 0.50625
0 0.5421875 0.18281250000000004 0.440625 0.18281250000000004 0.440625 0.36406250000000007 0.5421875 0.36406250000000007
0 0.3906250000000001 0.4703125 0.16875000000000004 0.4703125 0.16875000000000007 0.8890625 0.3906250000000001 0.8890625
0 0.44062500000000016 0.8765625 0.3671875000000001 0.8765625 0.3671875000000001 0.99375 0.44062500000000016 0.99375
0 0.3906250000000001 0.9359375 0.3125000000000001 0.9359375 0.3125000000000001 0.99375 0.3906250000000001 0.99375
0 0.3578125000000001 0.8875 0.31718750000000007 0.8875 0.31718750000000007 0.953125 0.3578125000000001 0.953125
0 0.3296875000000001 0.859375 0.24218750000000008 0.859375 0.24218750000000008 0.99375 0.3296875000000001 0.99375
0 0.2531250000000001 0.8828125 0.1625000000000001 0.8828125 0.16250000000000012 0.99375 0.2531250000000001 0.99375
0 0.1718750000000001 0.859375 0.07343750000000011 0.859375 0.07343750000000011 0.99375 0.17187500000000014 0.99375
0 0.050000000000000114 0.8875 1.086874034243276e-16 0.8875 1.1481063742006435e-16 0.9875 0.050000000000000114 0.9875
0 0.5359375000000001 0.559375 0.3968750000000001 0.559375 0.3968750000000001 0.865625 0.5359375000000002 0.865625
0 0.5718750000000001 0.61875 0.5015625 0.61875 0.5015625000000001 0.81875 0.5718750000000001 0.81875
0 0.5734375000000002 0.7890625 0.5328125000000001 0.7890625 0.5328125000000001 0.8234375 0.5734375000000002 0.8234375
0 0.5359375000000001 0.6109375 0.43125 0.6109375 0.4312500000000001 0.7765625 0.5359375000000002 0.7765625
0 0.56875 0.5765625 0.475 0.5765625 0.475 0.7171875 0.56875 0.7171875
0 0.5359375 0.565625 0.46875 0.565625 0.46875 0.6890625 0.5359375 0.6890625
0 0.478125 0.5109375 0.3843750000000001 0.5109375 0.3843750000000001 0.653125 0.478125 0.653125
0 0.5156250000000001 0.5234375 0.3765625000000001 0.5234375 0.3765625000000001 0.7359375 0.5156250000000002 0.7359375
0 0.653125 0.4765625 0.5828125 0.4765625 0.5828125 0.7 0.653125 0.7
0 0.6640625 0.50625 0.6125 0.50625 0.6125 0.559375 0.6640625 0.559375
0 0.6328125 0.4640625 0.596875 0.4640625 0.596875 0.5234375 0.6328125 0.5234375
0 0.7046875 0.49375 0.6578125 0.49375 0.6578125 0.5765625 0.7046875 0.5765625
0 0.6734375000000001 0.5828125 0.64375 0.5828125 0.64375 0.7359375 0.6734375000000001 0.7359375
0 0.696875 0.565625 0.6125 0.565625 0.6125 0.671875 0.696875 0.671875
0 0.6390625000000001 0.665625 0.5859375 0.665625 0.5859375000000001 0.8953125 0.6390625000000002 0.8953125
0 0.6734375000000001 0.7171875 0.5953125 0.7171875 0.5953125000000001 0.7765625 0.6734375000000001 0.7765625
0 0.6937500000000002 0.7359375 0.6625000000000002 0.7359375 0.6625000000000002 0.7828125 0.6937500000000002 0.7828125
0 0.596875 0.7234375 0.525 0.7234375 0.5250000000000001 0.7640625 0.5968750000000002 0.7640625
0 0.4015625 0.39531250000000007 0.3500000000000001 0.3953125 0.3500000000000001 0.4890625 0.4015625 0.4890625
0 0.3703125000000001 0.4296875 0.31718750000000007 0.4296875 0.31718750000000007 0.5109375 0.3703125000000001 0.5109375
0 0.3906250000000001 0.4703125 0.36406250000000007 0.4703125 0.36406250000000007 0.5296875 0.3906250000000001 0.5296875
0 0.3468750000000001 0.3875 0.2921875000000001 0.3875 0.2921875000000001 0.4765625 0.3468750000000001 0.4765625
0 0.32656250000000003 0.353125 0.2734375 0.353125 0.27343750000000006 0.446875 0.3265625000000001 0.446875
0 0.37812500000000004 0.2828125 0.3171875 0.2828125 0.31718750000000007 0.4 0.3781250000000001 0.4
0 0.39687500000000003 0.3296875 0.346875 0.3296875 0.34687500000000004 0.4 0.3968750000000001 0.4
0 0.15781250000000008 0.7125 0.10156250000000008 0.7125 0.10156250000000008 0.7890625 0.15781250000000008 0.7890625
0 0.1859375000000001 0.665625 0.1312500000000001 0.665625 0.1312500000000001 0.759375 0.1859375000000001 0.759375
0 0.1546875000000001 0.646875 0.0906250000000001 0.646875 0.0906250000000001 0.7171875 0.1546875000000001 0.7171875
0 0.11093750000000009 0.6875 0.0671875000000001 0.6875 0.0671875000000001 0.8 0.11093750000000009 0.8
0 0.1390625000000001 0.7765625 0.09218750000000009 0.7765625 0.0921875000000001 0.846875 0.1390625000000001 0.846875
0 0.17187500000000008 0.7765625 0.13437500000000008 0.7765625 0.13437500000000008 0.840625 0.17187500000000008 0.840625
0 0.0578125000000001 0.759375 0.010937500000000095 0.759375 0.010937500000000098 0.8359375 0.057812500000000114 0.8359375
0 0.05468750000000009 0.7 0.023437500000000083 0.7 0.02343750000000009 0.753125 0.05468750000000009 0.753125
0 0.05468750000000009 0.6359375 0.023437500000000076 0.6359375 0.02343750000000008 0.69375 0.05468750000000009 0.69375
0 0.029687500000000082 0.6515625 7.979339300694473e-17 0.6515625 8.706473337688214e-17 0.7703125 0.02968750000000009 0.7703125
0 0.0203125000000001 0.765625 9.376202055971923e-17 0.765625 9.988525455545601e-17 0.865625 0.020312500000000105 0.865625
0 0.4453125 0.17031250000000003 0.384375 0.17031250000000003 0.384375 0.2468750000000001 0.4453125 0.2468750000000001
0 0.4453125 0.09375000000000004 0.4046875 0.09375000000000004 0.4046875 0.18281250000000004 0.4453125 0.18281250000000004
0 0.3984375 0.10625000000000004 0.3578125 0.10625000000000004 0.3578125 0.16406250000000006 0.3984375 0.16406250000000006
0 0.375 0.11250000000000004 0.334375 0.11250000000000004 0.334375 0.24687500000000004 0.375 0.2468750000000001
0 0.396875 0.15312500000000004 0.3734375 0.15312500000000004 0.3734375 0.2171875000000001 0.396875 0.2171875000000001
0 0.4 0.22343750000000004 0.346875 0.2234375 0.346875 0.30000000000000004 0.4 0.3000000000000001
0 0.43125 0.2531250000000001 0.4 0.2531250000000001 0.4 0.29375000000000007 0.43125 0.29375000000000007
0 0.2328125000000001 0.4 0.18906250000000005 0.4 0.18906250000000005 0.4640625 0.2328125000000001 0.4640625
0 0.2156250000000001 0.4828125 0.18125000000000005 0.4828125 0.18125000000000005 0.540625 0.2156250000000001 0.540625
0 0.23593750000000008 0.4828125 0.13437500000000005 0.4828125 0.13437500000000008 0.5765625 0.23593750000000008 0.5765625
0 0.2328125000000001 0.553125 0.11718750000000008 0.553125 0.11718750000000008 0.646875 0.2328125000000001 0.646875
0 0.2296875000000001 0.4 0.08750000000000005 0.4 0.08750000000000005 0.5765625 0.2296875000000001 0.5765625
0 0.259375 0.346875 0.050000000000000044 0.346875 0.05000000000000006 0.59375 0.2593750000000001 0.59375
0 0.2828125 0.2234375 0.21875 0.2234375 0.21875 0.29375 0.2828125 0.29375
0 0.2796875 0.14687500000000003 0.21875 0.14687500000000003 0.21875 0.2296875 0.2796875 0.2296875
0 0.3125 0.16562500000000005 0.2796875 0.16562500000000005 0.2796875 0.2359375 0.3125 0.2359375
0 0.315625 0.2171875 0.2796875 0.2171875 0.2796875 0.2828125 0.315625 0.2828125
0 0.3203125 0.08281250000000004 0.2734375 0.08281250000000004 0.2734375 0.15937500000000004 0.3203125 0.15937500000000004
0 0.265625 0.10625000000000004 0.2296875 0.10625000000000004 0.2296875 0.14062500000000006 0.265625 0.14062500000000006
0 0.2328125 0.10000000000000005 0.1953125 0.10000000000000005 0.19531250000000003 0.19375000000000003 0.2328125 0.19375000000000003
0 0.2296875 0.2 0.203125 0.2 0.203125 0.2640625 0.2296875 0.2640625
0 0.4515625 5.013397834009477e-17 0.3671875 4.4967499656191874e-17 0.3671875 0.06406250000000005 0.4515625 0.06406250000000005
0 0.5796875 0.04687500000000006 0.4453125 0.046875000000000056 0.4453125 0.11718750000000007 0.5796875 0.11718750000000008
0 0.5828125 0.017187500000000064 0.440625 0.017187500000000057 0.440625 0.17656250000000007 0.5828125 0.1765625000000001
0 0.559375 0.13593750000000007 0.4875 0.13593750000000004 0.4875 0.17031250000000006 0.559375 0.1703125000000001
0 0.6734375 7.252205263700732e-17 0.5109375 6.257179739393508e-17 0.5109375 0.14062500000000006 0.6734375 0.14062500000000008
0 0.646875 0.053125000000000075 0.5484375 0.05312500000000007 0.5484375 0.13437500000000008 0.646875 0.13437500000000008
0 0.6265625 0.08281250000000007 0.5515625 0.08281250000000007 0.5515625 0.1765625000000001 0.6265625 0.1765625000000001
0 0.6125 7.089556860688975e-17 0.5453125 6.678152076600411e-17 0.5453125 0.04062500000000007 0.6125 0.04062500000000008
0 0.2890625 3.2338329539984796e-17 0.2390625 2.9276712542116413e-17 0.2390625 0.046875000000000035 0.2890625 0.046875000000000035
0 0.3203125 3.7313457161520915e-17 0.2890625 3.539994653785318e-17 0.2890625 0.02968750000000004 0.3203125 0.029687500000000044
0 0.3390625 4.008804756583914e-17 0.315625 3.865291459808834e-17 0.315625 0.01718750000000004 0.3390625 0.01718750000000004
0 0.05312500000000001 3.252968060235158e-18 0 0 6.123233995736766e-18 0.1 0.05312500000000002 0.1
0 0.08125 7.271340369937409e-18 0.0375 4.592425496802574e-18 0.037500000000000006 0.053125 0.08125 0.053125
0 0.07812500000000001 0.04687500000000001 0.03750000000000001 0.046875 0.03750000000000001 0.09375 0.07812500000000003 0.09375
0 0.05312500000000003 0.128125 1.5690787114075464e-17 0.128125 2.8319957230282545e-17 0.334375 0.05312500000000005 0.334375
0 0.017187500000000053 0.3828125 4.6881010279859617e-17 0.3828125 5.338694640032993e-17 0.4890625 0.01718750000000006 0.4890625
0 0.05156250000000005 0.4125 0.00781250000000005 0.4125 0.007812500000000059 0.565625 0.05156250000000007 0.565625
0 0.026562500000000062 0.4890625 5.989288252080025e-17 0.4890625 6.419828142405267e-17 0.559375 0.026562500000000065 0.559375
0 0.07031250000000007 0.5640625 6.907773351440539e-17 0.5640625 7.300043029292426e-17 0.628125 0.07031250000000007 0.628125
0 0.1078125 1.1576739273189824e-17 0.08125 9.950255243072244e-18 0.08125000000000002 0.1234375 0.1078125 0.1234375
0 0.146875 1.5977813707625624e-17 0.1140625 1.3968627552774498e-17 0.1140625 0.1640625 0.146875 0.1640625
0 0.1921875 0.029687500000000016 0.1203125 0.029687500000000012 0.1203125 0.08281250000000002 0.1921875 0.08281250000000002
0 0.1921875 2.0378888142061426e-17 0.140625 1.7221595613009655e-17 0.140625 0.059375000000000025 0.1921875 0.059375000000000025
0 0.2453125 2.5545366825964325e-17 0.171875 2.1048616860345134e-17 0.171875 0.05312500000000002 0.2453125 0.05312500000000002
0 0.2015625 0.05312500000000002 0.1515625 0.05312500000000002 0.1515625 0.153125 0.2015625 0.15312500000000004
0 0.17187500000000003 0.1296875 0.1140625 0.1296875 0.11406250000000002 0.29375 0.17187500000000006 0.29375
0 0.1421875 0.134375 0.05468750000000002 0.134375 0.05468750000000002 0.153125 0.1421875 0.153125
0 0.12187500000000002 0.153125 0.03750000000000002 0.153125 0.03750000000000002 0.20625 0.12187500000000004 0.20625
0 0.17500000000000002 0.153125 0.026562500000000024 0.153125 0.026562500000000027 0.2640625 0.17500000000000004 0.2640625
0 0.19218750000000004 0.2234375 0.04062500000000002 0.2234375 0.040625000000000036 0.3359375 0.19218750000000004 0.3359375
0 0.21875000000000006 0.2296875 0.15468750000000003 0.2296875 0.15468750000000003 0.3703125 0.21875000000000008 0.3703125
0 0.15781250000000005 0.259375 0.08437500000000002 0.259375 0.08437500000000003 0.3765625 0.15781250000000005 0.3765625