0 0.88125 0.7109375000000001 0.54375 0.7109375 0.5437500000000001 0.99375 0.88125 0.99375
0 0.925 0.5531250000000001 0.60625 0.553125 0.6062500000000001 0.9375 0.925 0.9375
0 0.89375 0.3140625000000001 0.6203125 0.3140625000000001 0.6203125 0.6546875000000001 0.89375 0.6546875000000002
0 0.959375 0.1828125000000001 0.6984375 0.1828125000000001 0.6984375 0.4531250000000001 0.959375 0.45312500000000017
0 0.909375 0.10156250000000011 0.6703125 0.10156250000000008 0.6703125 0.2828125000000001 0.909375 0.2828125000000001
0 0.8328125 0.006250000000000094 0.6921875 0.006250000000000086 0.6921875 0.13281250000000008 0.8328125 0.13281250000000008
0 0.915625 9.998093008663938e-17 0.7171875 8.783013762634924e-17 0.7171875 0.0937500000000001 0.915625 0.09375000000000011
0 0.6859375 7.319178135529103e-17 0.509375 6.23804463315683e-17 0.509375 0.05625000000000008 0.6859375 0.05625000000000009
0 0.6703125 0.01250000000000007 0.459375 0.012500000000000056 0.459375 0.2015625000000001 0.6703125 0.2015625000000001
0 0.6765625 0.10156250000000007 0.4 0.10156250000000004 0.4 0.3593750000000001 0.6765625 0.3593750000000001
0 0.6140625 0.2640625000000001 0.365625 0.2640625000000001 0.36562500000000003 0.6796875 0.6140625 0.6796875
0 0.4593750000000001 0.515625 0.15781250000000005 0.515625 0.15781250000000008 0.96875 0.4593750000000002 0.96875
0 0.3500000000000001 0.8296875 0.05468750000000011 0.8296875 0.05468750000000011 0.99375 0.3500000000000001 0.99375
0 0.09687500000000007 0.4078125 4.9942627277728e-17 0.4078125 7.577502069724247e-17 0.8296875 0.09687500000000011 0.8296875
0 0.30156250000000007 0.2203125 2.6980499793715128e-17 0.2203125 5.195181343257913e-17 0.628125 0.30156250000000007 0.628125
0 0.39687500000000003 0.10156250000000003 0.1140625 0.1015625 0.11406250000000002 0.39062500000000006 0.3968750000000001 0.3906250000000001
0 0.396875 0.025000000000000033 0.1859375 0.025000000000000022 0.18593750000000003 0.22656250000000006 0.396875 0.22656250000000008
0 0.45625 4.372371775080784e-17 0.2578125 3.15729252905177e-17 0.2578125 0.11875000000000005 0.45625 0.11875000000000005