0 0.996875 0.9171875 0.965625 0.9171875 0.965625 0.9953125 0.996875 0.9953125
0 0.9953125 0.8234375 0.89375 0.8234375 0.89375 0.921875 0.9953125 0.921875
0 0.915625 0.7812500000000002 0.80625 0.7812500000000002 0.80625 0.9375 0.915625 0.9375
0 0.9578125 0.921875 0.8671875 0.921875 0.8671875 0.9953125 0.9578125 0.9953125
0 0.875 0.9015625 0.7750000000000001 0.9015625 0.7750000000000001 0.984375 0.875 0.984375
0 0.809375 0.7812500000000002 0.7343750000000002 0.7812500000000002 0.7343750000000002 0.921875 0.809375 0.921875
0 0.7406250000000002 0.8484375 0.6656250000000001 0.8484375 0.6656250000000001 0.9484375 0.7406250000000002 0.9484375
0 0.7875000000000002 0.9375 0.6953125000000002 0.9375 0.6953125000000002 0.9953125 0.7875000000000002 0.9953125
0 0.7109375000000002 0.953125 0.6546875000000002 0.953125 0.6546875000000002 0.9953125 0.7109375000000002 0.9953125
0 0.6546875000000002 0.9328125 0.5671875000000002 0.9328125 0.5671875000000002 0.9953125 0.6546875000000002 0.9953125
0 0.996875 0.6828125000000002 0.9578125 0.6828125000000002 0.9578125 0.7656250000000002 0.996875 0.7656250000000002
0 0.996875 0.5937500000000002 0.9734375 0.5937500000000002 0.9734375 0.6828125000000002 0.996875 0.6828125000000002
0 0.996875 0.5109375000000002 0.978125 0.5109375000000002 0.978125 0.5781250000000002 0.996875 0.5781250000000002
0 0.909375 0.40625000000000017 0.809375 0.40625000000000017 0.809375 0.5265625000000002 0.909375 0.5265625000000002
0 0.996875 0.3343750000000001 0.8640625 0.3343750000000001 0.8640625 0.4593750000000002 0.996875 0.4593750000000002
0 0.996875 0.20312500000000008 0.93125 0.20312500000000008 0.93125 0.3546875000000001 0.996875 0.3546875000000001
0 0.928125 0.1828125000000001 0.7796875 0.1828125000000001 0.7796875 0.3546875000000001 0.928125 0.3546875000000001
0 0.9921875 0.07812500000000011 0.840625 0.07812500000000011 0.840625 0.2500000000000001 0.9921875 0.2500000000000001
0 0.84375 0.2921875000000001 0.7 0.2921875000000001 0.7 0.45781250000000007 0.84375 0.4578125000000002
0 0.7296875 0.2296875000000001 0.6203125 0.2296875000000001 0.6203125 0.3750000000000001 0.7296875 0.3750000000000001
0 0.7265625 0.1359375000000001 0.6203125 0.1359375000000001 0.6203125 0.2453125000000001 0.7265625 0.2453125000000001
0 0.840625 0.10937500000000008 0.71875 0.10937500000000008 0.71875 0.2812500000000001 0.840625 0.2812500000000001
0 0.9015625 0.004687500000000101 0.753125 0.004687500000000092 0.753125 0.10937500000000008 0.9015625 0.10937500000000008
0 0.76875 0.5671875000000001 0.63125 0.5671875 0.63125 0.7140625 0.76875 0.7140625000000002
0 0.7421875 0.4531250000000001 0.6359375 0.453125 0.6359375 0.5781250000000001 0.7421875 0.5781250000000002
0 0.6546875 0.4328125 0.575 0.4328125 0.575 0.53125 0.6546875 0.53125
0 0.596875 0.3750000000000001 0.50625 0.3750000000000001 0.50625 0.484375 0.596875 0.484375
0 0.528125 0.34843750000000007 0.4484375 0.34843750000000007 0.4484375 0.4375 0.528125 0.4375
0 0.509375 0.4015625 0.4109375 0.4015625 0.4109375 0.5265625 0.509375 0.5265625
0 0.54375 0.46875 0.50625 0.46875 0.50625 0.4890625 0.54375 0.4890625
0 0.575 0.484375 0.4953125 0.484375 0.4953125 0.59375 0.575 0.59375
0 0.63125 0.4890625 0.5703125 0.4890625 0.5703125 0.5734375 0.63125 0.5734375
0 0.6625 0.5515625 0.590625 0.5515625 0.590625 0.6515625 0.6625 0.6515625
0 0.6234375 0.578125 0.50625 0.578125 0.50625 0.7234375 0.6234375 0.7234375
0 0.6625000000000001 0.6765625 0.5828125 0.6765625 0.5828125000000001 0.78125 0.6625000000000002 0.78125
0 0.6156250000000001 0.7078125 0.490625 0.7078125 0.4906250000000001 0.8546875 0.6156250000000002 0.8546875
0 0.5359375000000001 0.6984375 0.45625 0.6984375 0.4562500000000001 0.828125 0.5359375000000002 0.828125
0 0.5218750000000002 0.84375 0.4156250000000002 0.84375 0.4156250000000002 0.953125 0.5218750000000002 0.953125
0 0.5359375000000002 0.8125 0.3843750000000001 0.8125 0.3843750000000001 0.9265625 0.5359375000000002 0.9265625
0 0.4562500000000001 0.6984375 0.3312500000000001 0.6984375 0.3312500000000001 0.8484375 0.45625000000000016 0.8484375
0 0.50625 0.5671875 0.4109375 0.5671875 0.4109375 0.6875 0.50625 0.6875
0 0.54375 0.5265625 0.4375 0.5265625 0.4375 0.5984375 0.54375 0.5984375
0 0.4328125 0.4953125 0.3312500000000001 0.4953125 0.3312500000000001 0.6296875 0.4328125 0.6296875
0 0.4140625 0.421875 0.3390625000000001 0.421875 0.3390625000000001 0.5109375 0.4140625 0.5109375
0 0.3343750000000001 0.5 0.2328125000000001 0.5 0.2328125000000001 0.625 0.3343750000000001 0.625
0 0.3187500000000001 0.6296875 0.23593750000000008 0.6296875 0.23593750000000008 0.7453125 0.3187500000000001 0.7453125
0 0.41875000000000007 0.6296875 0.3187500000000001 0.6296875 0.3187500000000001 0.75 0.4187500000000002 0.75
0 0.3609375000000001 0.734375 0.3000000000000001 0.734375 0.3000000000000001 0.796875 0.3609375000000001 0.796875
0 0.2812500000000001 0.609375 0.22031250000000008 0.609375 0.22031250000000008 0.6828125 0.2812500000000001 0.6828125
0 0.3609375000000001 0.859375 0.22812500000000008 0.859375 0.22812500000000008 0.9953125 0.3609375000000001 0.9953125
0 0.2656250000000001 0.734375 0.14062500000000008 0.734375 0.1406250000000001 0.921875 0.2656250000000001 0.921875
0 0.1750000000000001 0.7140625 0.07656250000000009 0.7140625 0.0765625000000001 0.859375 0.1750000000000001 0.859375
0 0.18593750000000012 0.85 0.050000000000000114 0.85 0.050000000000000114 0.959375 0.18593750000000014 0.959375
0 0.2312500000000001 0.9265625 0.06093750000000011 0.9265625 0.06093750000000011 0.9953125 0.2312500000000001 0.9953125
0 0.0609375000000001 0.8015625 9.816309499415503e-17 0.8015625 1.1002686086089502e-16 0.9953125 0.06093750000000011 0.9953125
0 0.11406250000000007 0.5375 0.03750000000000007 0.5375 0.037500000000000075 0.63125 0.1140625000000001 0.63125
0 0.1140625000000001 0.6140625 0.07187500000000006 0.6140625 0.07187500000000008 0.65625 0.1140625000000001 0.65625
0 0.07187500000000008 0.5828125 7.137394626280668e-17 0.5828125 7.845393557037732e-17 0.6984375 0.07187500000000009 0.6984375
0 0.018750000000000086 0.671875 8.22809568177128e-17 0.671875 8.543824934676456e-17 0.7234375 0.01875000000000009 0.7234375
0 0.06406250000000006 0.49375 6.046693570790056e-17 0.49375 6.620746757890379e-17 0.5875 0.06406250000000006 0.5875
0 0.2515625000000001 0.4375 0.15156250000000004 0.4375 0.15156250000000007 0.5671875 0.2515625000000001 0.5671875
0 0.3203125000000001 0.38125 0.2328125000000001 0.38125 0.2328125000000001 0.475 0.3203125000000001 0.475
0 0.403125 0.31250000000000006 0.2921875 0.3125 0.29218750000000004 0.4109375 0.403125 0.4109375
0 0.471875 0.23906250000000004 0.33125 0.2390625 0.33125 0.32812500000000006 0.471875 0.3281250000000001
0 0.41875 0.16093750000000004 0.296875 0.16093750000000004 0.296875 0.30781250000000004 0.41875 0.3078125000000001
0 0.36875 0.12968750000000004 0.31875 0.12968750000000004 0.31875 0.17187500000000006 0.36875 0.17187500000000006
0 0.3265625 0.09843750000000004 0.209375 0.09843750000000002 0.209375 0.19843750000000004 0.3265625 0.19843750000000004
0 0.3125 0.19843750000000004 0.2203125 0.19843750000000004 0.2203125 0.2859375 0.3125 0.2859375
0 0.32812500000000006 0.28125 0.240625 0.28125 0.24062500000000003 0.375 0.3281250000000001 0.375
0 0.24375000000000005 0.2765625 0.14062500000000006 0.2765625 0.14062500000000006 0.4375 0.24375000000000008 0.4375
0 0.16718750000000004 0.1921875 0.050000000000000024 0.1921875 0.05000000000000003 0.3390625 0.16718750000000004 0.3390625
0 0.2093750000000001 0.396875 0.09062500000000004 0.396875 0.09062500000000005 0.521875 0.2093750000000001 0.521875
0 0.14843750000000006 0.3390625 0.042187500000000044 0.3390625 0.04218750000000005 0.4640625 0.14843750000000006 0.4640625
0 0.06875000000000005 0.3125 0.015625000000000038 0.3125 0.015625000000000045 0.40625 0.06875000000000005 0.40625
0 0.6046875 0.14531250000000007 0.5125 0.14531250000000004 0.5125 0.21875000000000008 0.6046875 0.21875000000000008
0 0.7 0.015625000000000076 0.596875 0.015625000000000073 0.596875 0.12500000000000008 0.7 0.12500000000000008
0 0.7828125 9.079607909303425e-17 0.7 8.572527594031472e-17 0.7 0.0468750000000001 0.7828125 0.0468750000000001
0 0.7109375 8.170690363061247e-17 0.6234375 7.634907388434281e-17 0.6234375 0.03125000000000008 0.7109375 0.03125000000000009
0 0.63125 7.424421219830829e-17 0.58125 7.11825952004399e-17 0.58125 0.07812500000000007 0.63125 0.07812500000000007
0 0.6015625 0.05156250000000007 0.509375 0.05156250000000007 0.509375 0.14062500000000006 0.6015625 0.14062500000000008
0 0.590625 6.812097820257152e-17 0.521875 6.39112548305025e-17 0.521875 0.057812500000000065 0.590625 0.057812500000000065
0 0.5203125 5.912747827133314e-17 0.4453125 5.4535052774530576e-17 0.4453125 0.04687500000000006 0.5203125 0.04687500000000007
0 0.5125 0.053125000000000054 0.4296875 0.05312500000000005 0.4296875 0.14687500000000003 0.5125 0.14687500000000003
0 0.528125 0.11562500000000005 0.471875 0.11562500000000005 0.471875 0.17812500000000003 0.528125 0.17812500000000003
0 0.4328125 0.051562500000000046 0.384375 0.051562500000000046 0.384375 0.10937500000000004 0.4328125 0.10937500000000004
0 0.45625 5.195181343257913e-17 0.3921875 4.802911665406026e-17 0.3921875 0.05781250000000006 0.45625 0.057812500000000065
0 0.3921875 4.448912200027494e-17 0.334375 4.0949127346489623e-17 0.334375 0.06250000000000004 0.3921875 0.06250000000000004
0 0.2171875 0.010937500000000022 0.140625 0.010937500000000017 0.140625 0.06718750000000002 0.2171875 0.06718750000000002
0 0.1484375 1.2055116929106758e-17 0.0484375 5.931882933369992e-18 0.04843750000000001 0.06718750000000001 0.1484375 0.06718750000000002
0 0.1828125 0.046875000000000014 0.0875 0.046875000000000014 0.08750000000000001 0.12500000000000003 0.1828125 0.12500000000000006
0 0.09531250000000002 0.1203125 0.029687500000000012 0.1203125 0.029687500000000016 0.1609375 0.09531250000000002 0.1609375
0 0.07968750000000001 0.03125000000000001 0.018750000000000006 0.03125 0.01875000000000001 0.1203125 0.07968750000000002 0.1203125
0 0.05 3.061616997868383e-18 0 0 2.5832393419514486e-18 0.0421875 0.05 0.04218750000000001
0 0.03437500000000002 0.046875 5.7405318710032185e-18 0.046875 1.1768090335556599e-17 0.1453125 0.034375000000000024 0.1453125
0 0.050000000000000024 0.1515625 1.8561053049577072e-17 0.1515625 2.2388074296912548e-17 0.2140625 0.050000000000000024 0.2140625