0 0.4734375 0.4484375 0.3968750000000001 0.4484375 0.3968750000000001 0.5140625 0.4734375 0.5140625
0 0.3890625000000001 0.6125 0.3265625000000001 0.6125 0.3265625000000001 0.634375 0.3890625000000001 0.634375
0 0.41875 0.5953125 0.3859375000000001 0.5953125 0.3859375000000001 0.628125 0.41875 0.628125
0 0.4359375 0.6015625 0.4109375 0.6015625 0.4109375 0.6390625 0.4359375 0.6390625
0 0.4515625 0.584375 0.421875 0.584375 0.421875 0.6171875 0.4515625 0.6171875
0 0.4828125 0.5578125 0.44375 0.5578125 0.44375 0.60625 0.4828125 0.60625
0 0.50625 0.6125 0.4625 0.6125 0.4625 0.634375 0.50625 0.634375
0 0.5234375 0.6015625 0.490625 0.6015625 0.490625 0.634375 0.5234375 0.634375
0 0.5203125 0.584375 0.490625 0.584375 0.490625 0.6125 0.5203125 0.6125
0 0.46875 0.6125 0.440625 0.6125 0.440625 0.6390625 0.46875 0.6390625
0 0.553125 0.6015625 0.5265625 0.6015625 0.5265625 0.628125 0.553125 0.628125
0 0.5703125 0.5953125 0.5421875 0.5953125 0.5421875 0.6234375 0.5703125 0.6234375
0 0.6078125 0.5953125 0.575 0.5953125 0.575 0.6171875 0.6078125 0.6171875
3 0.4828125 0.4265625 0.24375000000000008 0.4265625 0.24375000000000008 0.546875 0.4828125 0.546875