0 0.4468750000000001 0.5109375 6.257179739393508e-17 0.5109375 8.438581850374731e-17 0.8671875 0.4468750000000002 0.8671875
0 0.8609375 0.6937500000000001 0.2609375000000001 0.69375 0.2609375000000001 0.878125 0.8609375 0.878125
0 0.8578125 0.5390625000000001 0.3000000000000001 0.5390625 0.3000000000000001 0.8109375 0.8578125 0.8109375
0 0.796875 0.4218750000000001 0.2750000000000001 0.421875 0.2750000000000001 0.6609375000000001 0.796875 0.6609375000000002
0 0.33281250000000007 0.55625 0.15000000000000008 0.55625 0.15000000000000008 0.734375 0.33281250000000007 0.734375
0 0.2828125000000001 0.378125 4.63069570927593e-17 0.378125 5.788369636594911e-17 0.5671875 0.2828125000000001 0.5671875
0 0.4421875 0.18906250000000002 0.06093750000000002 0.1890625 0.06093750000000003 0.4328125 0.4421875 0.4328125
0 0.2078125 2.152699451626207e-17 0.14375 1.7604297737743203e-17 0.14375000000000002 0.2109375 0.2078125 0.2109375
0 0.5109375 4.353236668844107e-17 0.2 2.4492935982947065e-17 0.2 0.21093750000000006 0.5109375 0.21093750000000008
0 0.6609375 0.017187500000000057 0.278125 0.017187500000000033 0.278125 0.24531250000000004 0.6609375 0.2453125000000001
0 0.8109375 0.08437500000000006 0.33125 0.08437500000000005 0.33125000000000004 0.37343750000000003 0.8109375 0.3734375000000001
0 0.8890625 0.2218750000000001 0.41875 0.2218750000000001 0.41875 0.6109375000000001 0.8890625 0.6109375000000001