0 0.959375 0.3390625000000001 0.69375 0.3390625000000001 0.6937500000000001 0.7328125000000001 0.959375 0.7328125000000002
0 0.996875 0.3812500000000001 0.909375 0.3812500000000001 0.909375 0.8921875 0.996875 0.8921875
0 0.996875 0.8390625 0.903125 0.8390625 0.903125 0.9640625 0.996875 0.9640625
0 0.9265625 0.7203125000000001 0.746875 0.7203125000000001 0.7468750000000001 0.99375 0.9265625 0.99375
0 0.7640625000000001 0.5890625 0.5109375 0.5890625 0.5109375 0.9828125 0.7640625000000002 0.9828125
0 0.7796875 0.2562500000000001 0.6265625 0.2562500000000001 0.6265625 0.5890625 0.7796875 0.5890625000000002
0 0.8171875 0.2921875000000001 0.740625 0.2921875000000001 0.740625 0.3750000000000001 0.8171875 0.3750000000000001
0 0.996875 0.1484375000000001 0.759375 0.14843750000000008 0.759375 0.41718750000000016 0.996875 0.41718750000000016
0 0.36406250000000007 0.09531250000000004 0.153125 0.09531250000000002 0.153125 0.50625 0.36406250000000007 0.50625
0 0.19687500000000008 0.3046875 3.731345716152092e-17 0.3046875 6.39112548305025e-17 0.7390625 0.19687500000000008 0.7390625
0 0.2640625000000001 0.625 0.10000000000000009 0.625 0.10000000000000012 0.940625 0.2640625000000001 0.940625
0 0.5468750000000001 0.553125 0.2171875000000001 0.553125 0.2171875000000001 0.99375 0.5468750000000002 0.99375
0 0.709375 0.36406250000000007 0.17031250000000003 0.3640625 0.17031250000000006 0.6203125 0.709375 0.6203125
0 0.6359375 0.4640625 0.5 0.4640625 0.5 0.6375 0.6359375 0.6375
0 0.2531250000000001 0.8515625 0.0031250000000001043 0.8515625 0.003125000000000113 0.99375 0.2531250000000001 0.99375
0 0.2140625 1.6838893488276106e-17 0.0609375 7.462691432304185e-18 0.06093750000000002 0.3515625 0.2140625 0.3515625
0 0.790625 6.104098889500089e-17 0.20625 2.525834023241416e-17 0.20625 0.08906250000000006 0.790625 0.08906250000000009
0 0.790625 0.08906250000000007 0.2828125 0.08906250000000004 0.2828125 0.22656250000000006 0.790625 0.22656250000000008
0 0.790625 0.18437500000000007 0.3234375 0.18437500000000004 0.3234375 0.35781250000000003 0.790625 0.3578125000000001