0 0.675 0.5515625 0.540625 0.5515625 0.540625 0.6546875 0.675 0.6546875
0 0.6640625 0.4734375 0.559375 0.4734375 0.559375 0.5828125 0.6640625 0.5828125
0 0.6796875000000001 0.7109375 0.559375 0.7109375 0.5593750000000001 0.871875 0.6796875000000002 0.871875
0 0.753125 0.6859375000000001 0.6671875 0.6859375 0.6671875 0.8046875 0.7531250000000002 0.8046875
0 0.83125 0.6656250000000001 0.75 0.6656250000000001 0.7500000000000001 0.7625000000000002 0.83125 0.7625000000000002
0 0.81875 0.7578125000000002 0.7562500000000002 0.7578125000000002 0.7562500000000002 0.8140625 0.81875 0.8140625
0 0.771875 0.6234375000000001 0.6796875 0.6234375 0.6796875 0.690625 0.771875 0.6906250000000002
0 0.83125 0.5625000000000002 0.7578125 0.5625000000000002 0.7578125 0.6546875000000002 0.83125 0.6546875000000002
0 0.7640625 0.5421875 0.671875 0.5421875 0.671875 0.6296875000000001 0.7640625 0.6296875000000002
0 0.8265625 0.4906250000000002 0.753125 0.4906250000000002 0.753125 0.5937500000000002 0.8265625 0.5937500000000002
0 0.7484375 0.4484375000000001 0.671875 0.4484375 0.671875 0.5359375000000001 0.7484375 0.5359375000000002
0 0.8421875 0.4078125000000002 0.753125 0.4078125000000002 0.753125 0.5000000000000002 0.8421875 0.5000000000000002
0 0.8140625 0.2828125000000001 0.7453125 0.2828125000000001 0.7453125 0.3968750000000001 0.8140625 0.3968750000000001
0 0.8375 0.10781250000000009 0.6640625 0.10781250000000009 0.6640625 0.34062500000000007 0.8375 0.34062500000000007
0 0.6875 0.10781250000000009 0.6015625 0.10781250000000009 0.6015625 0.2531250000000001 0.6875 0.2531250000000001
0 0.6765625 0.2531250000000001 0.5875 0.2531250000000001 0.5875 0.3453125000000001 0.6765625 0.3453125000000001
0 0.5984375 0.26250000000000007 0.5140625 0.26250000000000007 0.5140625 0.35625000000000007 0.5984375 0.35625000000000007
0 0.6109375 0.11875000000000006 0.5140625 0.11875000000000005 0.5140625 0.26250000000000007 0.6109375 0.26250000000000007
0 0.721875 0.34062500000000007 0.375 0.34062500000000007 0.37500000000000006 0.4125 0.721875 0.4125
0 0.7421875 0.3609375000000001 0.56875 0.3609375000000001 0.56875 0.4796875000000001 0.7421875 0.47968750000000016
0 0.56875 0.4171875 0.34062500000000007 0.4171875 0.34062500000000007 0.4953125 0.56875 0.4953125
0 0.425 0.4484375 0.28593750000000007 0.4484375 0.28593750000000007 0.5265625 0.425 0.5265625
0 0.5484375 0.4953125 0.425 0.4953125 0.425 0.5515625 0.5484375 0.5515625
0 0.509375 0.5046875 0.2968750000000001 0.5046875 0.2968750000000001 0.6140625 0.509375 0.6140625
0 0.525 0.578125 0.3671875000000001 0.578125 0.3671875000000001 0.6390625 0.525 0.6390625
0 0.5671875000000001 0.55625 0.3828125000000001 0.55625 0.3828125000000001 0.8453125 0.5671875000000002 0.8453125
0 0.3781250000000001 0.5625 0.19687500000000008 0.5625 0.19687500000000008 0.8140625 0.3781250000000001 0.8140625
0 0.38281250000000006 0.33593750000000006 0.328125 0.3359375 0.32812500000000006 0.41875 0.3828125000000001 0.41875
0 0.4828125 0.2578125000000001 0.3828125 0.2578125000000001 0.38281250000000006 0.3921875000000001 0.4828125 0.3921875000000001
0 0.490625 0.13906250000000003 0.409375 0.13906250000000003 0.409375 0.27812500000000007 0.490625 0.27812500000000007
0 0.421875 0.13437500000000005 0.3328125 0.13437500000000005 0.3328125 0.24218750000000006 0.421875 0.24218750000000008
0 0.3859375 0.17968750000000006 0.309375 0.17968750000000006 0.309375 0.28906250000000006 0.3859375 0.2890625000000001
0 0.396875 0.24687500000000004 0.3359375 0.246875 0.3359375 0.3453125 0.396875 0.3453125000000001
0 0.29375000000000007 0.3453125 0.2546875 0.3453125 0.25468750000000007 0.4125 0.29375000000000007 0.4125
0 0.3046875 0.2421875 0.2546875 0.2421875 0.2546875 0.3453125 0.3046875 0.3453125
0 0.3015625 0.13437500000000005 0.2359375 0.13437500000000005 0.2359375 0.23125 0.3015625 0.23125
0 0.3546875 0.13437500000000005 0.29375 0.13437500000000005 0.29375 0.221875 0.3546875 0.221875
0 0.22031250000000005 0.11406250000000002 0.146875 0.1140625 0.14687500000000003 0.871875 0.22031250000000008 0.871875
0 0.26562500000000006 0.17031250000000003 0.2125 0.17031250000000003 0.21250000000000005 0.659375 0.2656250000000001 0.659375
0 0.34062500000000007 0.2640625 0.259375 0.2640625 0.259375 0.59375 0.34062500000000007 0.59375
0 0.3750000000000001 0.5828125 0.27031250000000007 0.5828125 0.27031250000000007 0.7625 0.3750000000000001 0.7625
5 0.5140625 0.11406250000000004 0.2203125 0.11406250000000004 0.22031250000000005 0.4484375 0.5140625 0.4484375
5 0.8421875 0.3968750000000001 0.671875 0.3968750000000001 0.6718750000000001 0.8453125 0.8421875 0.8453125