0 0.640625 0.3281250000000001 0.45 0.3281250000000001 0.45 0.5875 0.640625 0.5875
0 0.7562500000000001 0.5234375000000001 0.584375 0.5234375 0.5843750000000001 0.7625000000000001 0.7562500000000002 0.7625000000000002
0 0.996875 0.3062500000000001 0.846875 0.3062500000000001 0.846875 0.5187500000000002 0.996875 0.5187500000000002
0 0.996875 0.4968750000000002 0.7265625 0.4968750000000002 0.7265625 0.6984375000000002 0.996875 0.6984375000000002
0 0.2578125000000001 0.4859375 5.95101803960667e-17 0.4859375 8.027177066286167e-17 0.825 0.2578125000000001 0.825
0 0.1953125000000001 0.7140625 0.02187500000000009 0.7140625 0.0218750000000001 0.9265625 0.19531250000000014 0.9265625
0 0.3140625000000001 0.628125 7.692312707144312e-17 0.628125 9.739769074468794e-17 0.9625 0.3140625000000001 0.9625
0 0.996875 0.6343750000000001 0.675 0.634375 0.675 0.96875 0.996875 0.96875
0 0.5328125000000001 0.69375 0.4390625 0.69375 0.4390625000000001 0.846875 0.5328125000000001 0.846875
0 0.5234375000000002 0.83125 0.46093750000000017 0.83125 0.46093750000000017 0.953125 0.5234375000000002 0.953125
0 0.45625000000000016 0.9046875 0.3859375000000001 0.9046875 0.3859375000000001 0.9625 0.45625000000000016 0.9625
0 0.47656250000000017 0.7875 0.3906250000000001 0.7875 0.3906250000000001 0.915625 0.47656250000000017 0.915625
0 0.8390625 0.3437500000000001 0.6484375 0.3437500000000001 0.6484375 0.5296875000000001 0.8390625 0.5296875000000002
0 0.36718750000000006 0.06406250000000002 0.0031250000000000084 0.0640625 0.0031250000000000353 0.5140625 0.3671875000000001 0.5140625
0 0.2812500000000001 0.434375 0.19531250000000006 0.434375 0.19531250000000006 0.571875 0.2812500000000001 0.571875
0 0.2140625000000001 0.4859375 0.14218750000000005 0.4859375 0.14218750000000008 0.5875 0.2140625000000001 0.5875
0 0.2515625000000001 0.5453125 0.16562500000000008 0.5453125 0.16562500000000008 0.640625 0.2515625000000001 0.640625
0 0.3000000000000001 0.5984375 0.2328125000000001 0.5984375 0.2328125000000001 0.6875 0.3000000000000001 0.6875
0 0.3968750000000001 0.6140625 0.2812500000000001 0.6140625 0.2812500000000001 0.778125 0.3968750000000001 0.778125
0 0.2953125000000001 0.69375 0.25468750000000007 0.69375 0.25468750000000007 0.7671875 0.2953125000000001 0.7671875
0 0.2171875 0.01562500000000002 0.075 0.01562500000000001 0.07500000000000001 0.259375 0.2171875 0.259375
0 0.10156250000000003 0.1640625 0.018750000000000024 0.1640625 0.018750000000000034 0.34375 0.10156250000000004 0.34375
0 0.8046875 8.390744084783037e-17 0.565625 6.926908457677216e-17 0.565625 0.22812500000000008 0.8046875 0.22812500000000008
0 0.9671875 0.0531250000000001 0.7765625 0.05312500000000009 0.7765625 0.34843750000000007 0.9671875 0.34843750000000007
0 0.775 0.2218750000000001 0.5921875 0.2218750000000001 0.5921875 0.4234375000000001 0.775 0.4234375000000002
0 0.5515625 0.16406250000000006 0.334375 0.16406250000000006 0.33437500000000003 0.3921875 0.5515625 0.3921875000000001
0 0.453125 0.29687500000000006 0.2171875 0.296875 0.21718750000000003 0.5296875 0.453125 0.5296875
0 0.3671875000000001 0.8953125 0.2921875000000001 0.8953125 0.2921875000000001 0.9640625 0.3671875000000001 0.9640625
0 0.3859375000000001 0.778125 0.3109375000000001 0.778125 0.3109375000000001 0.909375 0.3859375000000001 0.909375
0 0.3156250000000001 0.771875 0.2484375000000001 0.771875 0.2484375000000001 0.8734375 0.3156250000000001 0.8734375
0 0.2890625000000001 0.8625 0.2171875000000001 0.8625 0.2171875000000001 0.9265625 0.2890625000000001 0.9265625
0 0.6031250000000001 0.9359375 0.5468750000000002 0.9359375 0.5468750000000002 0.9734375 0.6031250000000001 0.9734375
0 0.45000000000000007 0.6453125 0.3828125000000001 0.6453125 0.3828125000000001 0.7296875 0.4500000000000002 0.7296875
0 0.4093750000000001 0.6984375 0.3531250000000001 0.6984375 0.3531250000000001 0.778125 0.40937500000000016 0.778125
0 0.5171875 0.5671875 0.41875 0.5671875 0.41875 0.6625 0.5171875 0.6625
0 0.584375 0.5234375 0.509375 0.5234375 0.509375 0.640625 0.584375 0.640625
0 0.5578125 0.4546875 0.490625 0.4546875 0.490625 0.5609375 0.5578125 0.5609375
0 0.490625 0.465625 0.434375 0.465625 0.434375 0.571875 0.490625 0.571875
0 0.41875 0.44375 0.34843750000000007 0.44375 0.34843750000000007 0.534375 0.41875 0.534375
0 0.434375 0.5296875 0.3671875000000001 0.5296875 0.3671875000000001 0.6453125 0.434375 0.6453125
0 0.3531250000000001 0.4609375 0.2593750000000001 0.4609375 0.2593750000000001 0.6140625 0.3531250000000001 0.6140625
0 0.7828125 0.6343750000000001 0.75625 0.6343750000000001 0.75625 0.6828125000000002 0.7828125 0.6828125000000002
0 0.8171875 0.6296875000000002 0.7875 0.6296875000000002 0.7875 0.6500000000000001 0.8171875 0.6500000000000001
0 0.8203125 0.6562500000000002 0.7984375 0.6562500000000002 0.7984375 0.6828125000000002 0.8203125 0.6828125000000002
0 0.8578125 0.6406250000000002 0.8203125 0.6406250000000002 0.8203125 0.6937500000000002 0.8578125 0.6937500000000002
0 0.925 0.6718750000000002 0.8921875 0.6718750000000002 0.8921875 0.7250000000000002 0.925 0.7250000000000002
0 0.9546875 0.6875000000000002 0.925 0.6875000000000002 0.925 0.7406250000000002 0.9546875 0.7406250000000002
0 0.996875 1.0237281836622407e-16 0.675 8.266365894244634e-17 0.675 0.3234375000000001 0.996875 0.3234375000000001
0 0.321875 1.9709159423777717e-17 0 0 2.985076572921674e-17 0.4875 0.3218750000000001 0.4875
0 0.56875 0.6609375 0.5359375 0.6609375 0.5359375 0.7140625 0.56875 0.7140625
0 0.56875 0.61875 0.5359375 0.61875 0.5359375 0.65625 0.56875 0.65625
0 0.5921875 0.640625 0.5578125 0.640625 0.5578125 0.6765625 0.5921875 0.6765625
0 0.61875 0.6140625 0.5890625 0.6140625 0.5890625 0.65 0.61875 0.65
0 0.640625 0.65 0.6140625 0.65 0.6140625 0.6984375 0.640625 0.6984375
0 0.60625 0.65625 0.5765625 0.65625 0.5765625 0.6875 0.60625 0.6875
0 0.6296875000000001 0.6875 0.584375 0.6875 0.5843750000000001 0.740625 0.6296875000000002 0.740625
0 0.5843750000000002 0.7625 0.5421875000000002 0.7625 0.5421875000000002 0.8203125 0.5843750000000002 0.8203125
0 0.6250000000000002 0.740625 0.5843750000000002 0.740625 0.5843750000000002 0.7890625 0.6250000000000002 0.7890625
0 0.5328125 0.6765625 0.503125 0.6765625 0.503125 0.725 0.5328125 0.725
0 0.509375 0.6609375 0.4796875 0.6609375 0.4796875 0.7140625 0.509375 0.7140625
0 0.4875 0.640625 0.4453125 0.640625 0.4453125 0.6984375 0.4875 0.6984375
0 0.4640625000000001 0.6984375 0.43125 0.6984375 0.4312500000000001 0.7296875 0.46406250000000016 0.7296875
0 0.55 0.725 0.528125 0.725 0.5281250000000001 0.778125 0.5500000000000002 0.778125
0 0.5593750000000002 0.8203125 0.5328125000000001 0.8203125 0.5328125000000001 0.8625 0.5593750000000002 0.8625
0 0.5843750000000002 0.846875 0.5578125000000002 0.846875 0.5578125000000002 0.9 0.5843750000000002 0.9
0 0.5656250000000002 0.86875 0.5281250000000002 0.86875 0.5281250000000002 0.9265625 0.5656250000000002 0.9265625
0 0.5500000000000002 0.9203125 0.5281250000000002 0.9203125 0.5281250000000002 0.953125 0.5500000000000002 0.953125
0 0.5359375000000002 0.93125 0.5015625000000001 0.93125 0.5015625000000001 0.96875 0.5359375000000002 0.96875
0 0.4937500000000002 0.9421875 0.46093750000000017 0.9421875 0.46093750000000017 0.9625 0.4937500000000002 0.9625
0 0.6890625000000001 0.8890625 0.6437500000000002 0.8890625 0.6437500000000002 0.9515625 0.6890625000000001 0.9515625
0 0.6406250000000002 0.9046875 0.6062500000000002 0.9046875 0.6062500000000002 0.953125 0.6406250000000002 0.953125
0 0.6109375000000001 0.878125 0.5765625000000002 0.878125 0.5765625000000002 0.93125 0.6109375000000001 0.93125
0 0.6250000000000002 0.83125 0.5921875000000002 0.83125 0.5921875000000002 0.878125 0.6250000000000002 0.878125
0 0.6546875000000002 0.846875 0.6218750000000002 0.846875 0.6218750000000002 0.9046875 0.6546875000000002 0.9046875
0 0.6375000000000002 0.8 0.6000000000000002 0.8 0.6000000000000002 0.8421875 0.6375000000000002 0.8421875
0 0.6671875000000002 0.7890625 0.6375000000000002 0.7890625 0.6375000000000002 0.8421875 0.6671875000000002 0.8421875
0 0.6562500000000002 0.740625 0.6296875000000002 0.740625 0.6296875000000002 0.7984375 0.6562500000000002 0.7984375
0 0.6812500000000001 0.7453125 0.6593750000000002 0.7453125 0.6593750000000002 0.79375 0.6812500000000001 0.79375
0 0.7234375000000002 0.7671875 0.6937500000000002 0.7671875 0.6937500000000002 0.8203125 0.7234375000000002 0.8203125
0 0.7312500000000001 0.7046875000000001 0.6859375 0.7046875 0.6859375000000001 0.7578125000000001 0.7312500000000002 0.7578125000000002
0 0.753125 0.7250000000000002 0.7265625 0.7250000000000002 0.7265625000000001 0.7828125000000001 0.7531250000000002 0.7828125000000001
0 0.7718750000000002 0.7515625000000001 0.7531250000000002 0.7515625000000001 0.7531250000000002 0.7828125000000001 0.7718750000000002 0.7828125000000001
0 0.7203125000000001 0.8046875 0.6750000000000002 0.8046875 0.6750000000000002 0.8625 0.7203125000000001 0.8625
0 0.7421875000000002 0.83125 0.7046875000000001 0.83125 0.7046875000000001 0.89375 0.7421875000000002 0.89375
0 0.7796875000000002 0.815625 0.7421875000000002 0.815625 0.7421875000000002 0.8734375 0.7796875000000002 0.8734375
0 0.7640625000000002 0.7781250000000002 0.7265625000000002 0.7781250000000002 0.7265625000000002 0.83125 0.7640625000000002 0.83125
0 0.809375 0.7671875000000001 0.7671875000000001 0.7671875000000001 0.7671875000000001 0.825 0.809375 0.825
0 0.825 0.7140625000000002 0.7765625 0.7140625000000002 0.7765625 0.7671875000000001 0.825 0.7671875000000001
0 0.7796875000000001 0.7046875000000001 0.75 0.7046875000000001 0.7500000000000001 0.7578125000000002 0.7796875000000002 0.7578125000000002
0 0.865625 0.6781250000000002 0.8234375 0.6781250000000002 0.8234375 0.7312500000000002 0.865625 0.7312500000000002
0 0.903125 0.7093750000000002 0.865625 0.7093750000000002 0.865625 0.7625000000000002 0.903125 0.7625000000000002
0 0.9359375 0.7406250000000002 0.903125 0.7406250000000002 0.903125 0.7937500000000002 0.9359375 0.7937500000000002
0 0.884375 0.6671875000000002 0.8578125 0.6671875000000002 0.8578125 0.7031250000000002 0.884375 0.7031250000000002
0 0.865625 0.7296875000000002 0.8359375 0.7296875000000002 0.8359375 0.7781250000000002 0.865625 0.7781250000000002
0 0.8984375 0.7406250000000002 0.865625 0.7406250000000002 0.865625 0.7984375000000001 0.8984375 0.7984375000000001
0 0.9171875 0.7890625000000002 0.8875 0.7890625000000002 0.8875 0.8421875 0.9171875 0.8421875
0 0.8984375 0.7890625000000002 0.8578125 0.7890625000000002 0.8578125 0.8421875 0.8984375 0.8421875
0 0.86875 0.7718750000000002 0.8359375 0.7718750000000002 0.8359375 0.8046875 0.86875 0.8046875
0 0.8390625 0.7562500000000002 0.809375 0.7562500000000002 0.809375 0.809375 0.8390625 0.809375
0 0.7828125000000001 0.8734375 0.7421875000000002 0.8734375 0.7421875000000002 0.9265625 0.7828125000000001 0.9265625
0 0.809375 0.853125 0.7828125000000001 0.853125 0.7828125000000001 0.9109375 0.809375 0.9109375
0 0.83125 0.8359375 0.8015625 0.8359375 0.8015625 0.8734375 0.83125 0.8734375
0 0.8578125 0.8625 0.815625 0.8625 0.815625 0.909375 0.8578125 0.909375
0 0.7296875000000002 0.8890625 0.6968750000000001 0.8890625 0.6968750000000001 0.9203125 0.7296875000000002 0.9203125
0 0.7046875000000001 0.8578125 0.6781250000000002 0.8578125 0.6781250000000002 0.9 0.7046875000000001 0.9
0 0.7453125000000002 0.8359375 0.7046875000000001 0.8359375 0.7046875000000001 0.884375 0.7453125000000002 0.884375