0 0.9078125 0.85625 0.7687500000000002 0.85625 0.7687500000000002 0.99375 0.9078125 0.99375
0 0.996875 0.85 0.9140625 0.85 0.9140625 0.99375 0.996875 0.99375
0 0.996875 0.6687500000000002 0.8671875 0.6687500000000002 0.8671875 0.84375 0.996875 0.84375
0 0.7890625000000001 0.6453125000000001 0.6828125 0.6453125 0.6828125 0.934375 0.7890625000000002 0.934375
0 0.8453125 0.6937500000000002 0.7890625 0.6937500000000002 0.7890625000000001 0.85 0.8453125 0.85
0 0.9234375 0.4515625000000002 0.765625 0.4515625000000002 0.765625 0.6812500000000001 0.9234375 0.6812500000000001
0 0.996875 0.2953125000000001 0.884375 0.2953125000000001 0.884375 0.4703125000000002 0.996875 0.4703125000000002
0 0.996875 0.23437500000000008 0.9203125 0.23437500000000008 0.9203125 0.3437500000000001 0.996875 0.3437500000000001
0 0.534375 0.10781250000000005 0.3171875 0.10781250000000005 0.31718750000000007 0.38593750000000004 0.534375 0.3859375000000001
0 0.6375 0.27812500000000007 0.525 0.27812500000000007 0.525 0.5734375 0.6375 0.5734375
0 0.6968750000000001 0.571875 0.51875 0.571875 0.51875 0.99375 0.6968750000000001 0.99375
0 0.7750000000000001 0.8984375 0.6437500000000002 0.8984375 0.6437500000000002 0.99375 0.7750000000000001 0.99375
0 0.5046875000000002 0.8921875 0.4125000000000002 0.8921875 0.4125000000000002 0.99375 0.5046875000000002 0.99375
0 0.5375000000000002 0.83125 0.46875000000000017 0.83125 0.46875000000000017 0.9578125 0.5375000000000002 0.9578125
0 0.40625000000000017 0.8859375 0.3234375000000001 0.8859375 0.3234375000000001 0.99375 0.40625000000000017 0.99375
0 0.29375000000000007 0.903125 0.1984375000000001 0.903125 0.1984375000000001 0.99375 0.29375000000000007 0.99375
0 0.3234375000000001 0.921875 0.2734375000000001 0.921875 0.2734375000000001 0.99375 0.3234375000000001 0.99375
0 0.4515625000000001 0.6984375 0.2875000000000001 0.6984375 0.2875000000000001 0.9703125 0.4515625000000002 0.9703125
0 0.51875 0.6625 0.421875 0.6625 0.4218750000000001 0.8921875 0.5187500000000002 0.8921875
0 0.5421875 0.5125 0.4453125 0.5125 0.4453125 0.68125 0.5421875 0.68125
0 0.525 0.30156250000000007 0.36875 0.30156250000000007 0.36875 0.5234375 0.525 0.5234375
0 0.690625 0.3921875000000001 0.53125 0.3921875000000001 0.53125 0.5421875 0.690625 0.5421875
0 0.8578125 0.3375000000000001 0.59375 0.3375000000000001 0.59375 0.6140625000000001 0.8578125 0.6140625000000002
0 0.8453125 0.2171875000000001 0.7453125 0.2171875000000001 0.7453125 0.4156250000000002 0.8453125 0.4156250000000002
0 0.8875 0.13281250000000008 0.7921875 0.13281250000000008 0.7921875 0.2890625000000001 0.8875 0.2890625000000001
0 0.8125 0.10312500000000009 0.696875 0.10312500000000009 0.696875 0.27812500000000007 0.8125 0.27812500000000007
0 0.7171875 0.11562500000000009 0.625 0.11562500000000009 0.625 0.3140625000000001 0.7171875 0.3140625000000001
0 0.696875 0.13281250000000006 0.534375 0.13281250000000006 0.534375 0.3609375000000001 0.696875 0.3609375000000001
0 0.3500000000000001 0.603125 0.07187500000000006 0.603125 0.07187500000000008 0.778125 0.3500000000000001 0.778125
0 0.20468750000000008 0.7828125 0.08906250000000009 0.7828125 0.0890625000000001 0.934375 0.20468750000000008 0.934375
0 0.29375000000000007 0.8015625 0.21093750000000008 0.8015625 0.21093750000000008 0.896875 0.29375000000000007 0.896875
0 0.1875000000000001 0.83125 1.0179876517912373e-16 0.83125 1.1174902042219599e-16 0.99375 0.18750000000000014 0.99375
0 0.23437500000000006 0.34375 0.13593750000000004 0.34375 0.13593750000000007 0.578125 0.23437500000000008 0.578125
0 0.37968750000000007 0.33125000000000004 0.24375 0.33125 0.24375000000000005 0.6140625 0.37968750000000007 0.6140625
0 0.14218750000000002 0.1625 0.02031250000000002 0.1625 0.02031250000000004 0.4515625 0.14218750000000005 0.4515625
0 0.3703125 0.10312500000000005 0.234375 0.10312500000000005 0.234375 0.30156250000000007 0.3703125 0.30156250000000007
0 0.546875 5.769234530358234e-17 0.3953125 4.8411818778793805e-17 0.3953125 0.3187500000000001 0.546875 0.3187500000000001
0 0.6828125 0.025000000000000078 0.51875 0.025000000000000067 0.51875 0.16250000000000006 0.6828125 0.1625000000000001
0 0.3296875 0.13906250000000003 0.08906250000000002 0.1390625 0.08906250000000003 0.325 0.3296875 0.325
0 0.12187500000000007 0.3625 4.4393446469091554e-17 0.3625 7.462691432304183e-17 0.85625 0.1218750000000001 0.85625
0 0.5906250000000002 0.9453125 0.5609375000000002 0.9453125 0.5609375000000002 0.99375 0.5906250000000002 0.99375
0 0.6203125000000002 0.915625 0.5906250000000002 0.915625 0.5906250000000002 0.9765625 0.6203125000000002 0.9765625
0 0.6375000000000002 0.8921875 0.6078125000000002 0.8921875 0.6078125000000002 0.9578125 0.6375000000000002 0.9578125
0 0.6578125000000001 0.81875 0.6312500000000002 0.81875 0.6312500000000002 0.8859375 0.6578125000000001 0.8859375
0 0.6203125000000002 0.825 0.6015625000000002 0.825 0.6015625000000002 0.8859375 0.6203125000000002 0.8859375
0 0.6046875000000002 0.8796875 0.5640625000000001 0.8796875 0.5640625000000001 0.975 0.6046875000000002 0.975
0 0.5640625000000001 0.8671875 0.5484375000000001 0.8671875 0.5484375000000001 0.934375 0.5640625000000001 0.934375
0 0.6015625000000002 0.81875 0.5718750000000001 0.81875 0.5718750000000001 0.8859375 0.6015625000000002 0.8859375
0 0.5546875000000002 0.765625 0.5343750000000002 0.765625 0.5343750000000002 0.8375 0.5546875000000002 0.8375
0 0.5843750000000002 0.8015625 0.5578125000000002 0.8015625 0.5578125000000002 0.8734375 0.5843750000000002 0.8734375
0 0.6078125000000002 0.759375 0.5812500000000002 0.759375 0.5812500000000002 0.8375 0.6078125000000002 0.8375
0 0.6203125 0.7109375 0.6046875 0.7109375 0.6046875 0.759375 0.6203125000000002 0.759375
0 0.6406250000000002 0.765625 0.6109375000000001 0.765625 0.6109375000000001 0.825 0.6406250000000002 0.825
0 0.6703125000000001 0.7 0.6375 0.7 0.6375000000000001 0.778125 0.6703125000000002 0.778125
0 0.6968750000000001 0.7109375 0.6703125 0.7109375 0.6703125000000001 0.7765625 0.6968750000000001 0.7765625
0 0.5937500000000001 0.7046875 0.5640625 0.7046875 0.5640625000000001 0.759375 0.5937500000000002 0.759375
0 0.5609375000000001 0.69375 0.528125 0.69375 0.5281250000000001 0.7421875 0.5609375000000002 0.7421875
0 0.6 0.6203125 0.5578125 0.6203125 0.5578125 0.7109375 0.6 0.7109375
0 0.634375 0.6328125 0.6015625 0.6328125 0.6015625 0.7046875 0.634375 0.7046875
0 0.6578125 0.6015625 0.628125 0.6015625 0.628125 0.675 0.6578125 0.675
0 0.6796875 0.65 0.65625 0.65 0.65625 0.7046875 0.6796875 0.7046875
0 0.996875 0.14531250000000007 1.7795648800109975e-17 0.1453125 6.97474622326891e-17 0.99375 0.996875 0.99375