0 0.7281250000000001 0.4140625000000001 0.53125 0.4140625 0.5312500000000001 0.7328125000000001 0.7281250000000001 0.7328125000000002
0 0.7953125 0.5453125000000001 0.7015625 0.5453125 0.7015625 0.6765625000000001 0.7953125 0.6765625000000002
0 0.7625000000000002 0.8546875 0.6828125000000002 0.8546875 0.6828125000000002 0.9171875 0.7625000000000002 0.9171875
0 0.6031250000000001 0.6546875 0.440625 0.6546875 0.4406250000000001 0.8484375 0.6031250000000001 0.8484375
0 0.5453125 0.4875 0.446875 0.4875 0.446875 0.665625 0.5453125 0.665625
0 0.5796875 0.4078125 0.4625 0.4078125 0.4625 0.5078125 0.5796875 0.5078125
0 0.6484375 0.20468750000000008 0.496875 0.20468750000000008 0.496875 0.41875 0.6484375 0.41875
0 0.515625 0.2406250000000001 0.371875 0.2406250000000001 0.37187500000000007 0.471875 0.515625 0.471875
0 0.55625 0.01562500000000006 0.390625 0.01562500000000005 0.390625 0.2468750000000001 0.55625 0.2468750000000001
0 0.4328125 0.12656250000000005 0.3265625 0.12656250000000005 0.3265625 0.26250000000000007 0.4328125 0.26250000000000007
0 0.38281250000000006 0.25625000000000003 0.2609375 0.25625 0.26093750000000004 0.45 0.3828125000000001 0.45
0 0.35625000000000007 0.3140625 0.16250000000000003 0.3140625 0.16250000000000003 0.4875 0.35625000000000007 0.4875
0 0.4703125 0.45 0.3531250000000001 0.45 0.3531250000000001 0.6546875 0.4703125 0.6546875
0 0.4390625000000001 0.5609375 0.2500000000000001 0.5609375 0.2500000000000001 0.9109375 0.4390625000000002 0.9109375
0 0.4359375000000001 0.68125 0.18125000000000008 0.68125 0.1812500000000001 0.9171875 0.4359375000000002 0.9171875
0 0.22656250000000008 0.596875 7.309610582410764e-17 0.596875 9.04133769683007e-17 0.8796875 0.22656250000000008 0.8796875
0 0.22031250000000008 0.8640625 0.05312500000000011 0.8640625 0.05312500000000011 0.915625 0.22031250000000008 0.915625
0 0.0640625000000001 0.821875 1.0065065880492308e-16 0.821875 1.0610416408237614e-16 0.9109375 0.0640625000000001 0.9109375
0 0.21250000000000008 0.4984375 0.037500000000000054 0.4984375 0.03750000000000007 0.65 0.21250000000000008 0.65
0 0.2390625000000001 0.6078125 0.20468750000000008 0.6078125 0.20468750000000008 0.6859375 0.2390625000000001 0.6859375
0 0.18125000000000005 0.3984375 0.05312500000000005 0.3984375 0.053125000000000054 0.5296875 0.18125000000000005 0.5296875
0 0.26562500000000006 0.2203125 0.13593750000000004 0.2203125 0.13593750000000004 0.4296875 0.2656250000000001 0.4296875
0 0.14843750000000006 0.225 2.7554552980815448e-17 0.225 3.846156353572156e-17 0.403125 0.14843750000000006 0.403125
0 0.07500000000000005 0.3859375 4.7263712404593165e-17 0.3859375 5.2143164494945905e-17 0.465625 0.07500000000000007 0.465625
0 0.053125000000000054 0.434375 5.319559533796316e-17 0.434375 6.247612186275169e-17 0.5859375 0.05312500000000007 0.5859375
0 0.9578125 0.5656250000000002 0.89375 0.5656250000000002 0.89375 0.6328125000000002 0.9578125 0.6328125000000002
0 0.9953125 0.6187500000000001 0.9546875 0.6187500000000001 0.9546875 0.7078125000000002 0.9953125 0.7078125000000002
0 0.996875 0.5234375000000002 0.9625 0.5234375000000002 0.9625 0.6281250000000002 0.996875 0.6281250000000002
0 0.9625 0.49218750000000017 0.9015625 0.49218750000000017 0.9015625 0.5656250000000002 0.9625 0.5656250000000002
0 0.996875 0.44062500000000016 0.9328125 0.44062500000000016 0.9328125 0.5234375000000002 0.996875 0.5234375000000002
0 0.996875 0.37187500000000007 0.928125 0.37187500000000007 0.928125 0.4500000000000002 0.996875 0.4500000000000002
0 0.9953125 0.32500000000000007 0.9546875 0.32500000000000007 0.9546875 0.37187500000000007 0.9953125 0.37187500000000007
0 0.9359375 0.41406250000000017 0.878125 0.41406250000000017 0.878125 0.4968750000000002 0.9359375 0.4968750000000002
0 0.909375 0.4187500000000002 0.8515625 0.4187500000000002 0.8515625 0.5234375000000002 0.909375 0.5234375000000002
0 0.996875 0.08906250000000011 0.9359375 0.08906250000000011 0.9359375 0.2093750000000001 0.996875 0.2093750000000001
0 0.9578125 0.035937500000000115 0.8828125 0.03593750000000011 0.8828125 0.14687500000000012 0.9578125 0.14687500000000014
0 0.996875 1.1787225441793274e-16 0.928125 1.1366253104586372e-16 0.928125 0.10000000000000013 0.996875 0.10000000000000013
0 0.8984375 0.15625000000000008 0.7953125 0.15625000000000008 0.7953125 0.23593750000000008 0.8984375 0.23593750000000008
0 0.9515625 0.16250000000000012 0.89375 0.1625000000000001 0.89375 0.2296875000000001 0.9515625 0.2296875000000001
0 0.8828125 0.0671875000000001 0.7875 0.0671875000000001 0.7875 0.1625000000000001 0.8828125 0.1625000000000001
0 0.890625 1.0352092474042471e-16 0.8 9.797174393178826e-17 0.8 0.0843750000000001 0.890625 0.08437500000000012
0 0.8265625 9.730201521350454e-17 0.7625 9.337931843498569e-17 0.7625 0.0531250000000001 0.8265625 0.05312500000000011
0 0.8 0.0312500000000001 0.7015625 0.03125000000000009 0.7015625 0.15781250000000008 0.8 0.15781250000000008
0 0.8109375 0.14062500000000008 0.73125 0.14062500000000008 0.73125 0.22031250000000008 0.8109375 0.22031250000000008
0 0.715625 8.323771212954667e-17 0.64375 7.883663769511086e-17 0.64375 0.11562500000000009 0.715625 0.11562500000000009
0 0.76875 8.974364825001696e-17 0.696875 8.534257381558118e-17 0.696875 0.042187500000000086 0.76875 0.042187500000000086
0 0.215625 1.8465377518393686e-17 0.0859375 1.0524308430172567e-17 0.08593750000000001 0.14062500000000003 0.215625 0.14062500000000006
0 0.2953125 3.099887210341737e-17 0.2109375 2.583239341951448e-17 0.2109375 0.09375000000000003 0.2953125 0.09375000000000004
0 0.1171875 7.845393557037732e-18 0.0109375 1.3394574365674175e-18 0.010937500000000006 0.08906250000000002 0.1171875 0.08906250000000002
0 0.08281250000000001 0.078125 9.567553118338697e-18 0.078125 1.7891324331293363e-17 0.2140625 0.08281250000000002 0.2140625
0 0.023437500000000007 1.435132967750805e-18 0 0 6.123233995736766e-18 0.1 0.02343750000000001 0.1