0 0.996875 0.7703125000000002 0.8859375 0.7703125000000002 0.8859375 0.99375 0.996875 0.99375
0 0.903125 0.8234375 0.7609375000000002 0.8234375 0.7609375000000002 0.99375 0.903125 0.99375
0 0.9703125 0.6593750000000002 0.8421875 0.6593750000000002 0.8421875 0.840625 0.9703125 0.840625
0 0.996875 0.7062500000000002 0.965625 0.7062500000000002 0.965625 0.7875000000000002 0.996875 0.7875000000000002
0 0.996875 0.5062500000000002 0.925 0.5062500000000002 0.925 0.7062500000000002 0.996875 0.7062500000000002
0 0.9703125 0.3359375000000001 0.86875 0.3359375000000001 0.86875 0.5593750000000002 0.9703125 0.5593750000000002
0 0.996875 0.3531250000000001 0.953125 0.3531250000000001 0.953125 0.5171875000000001 0.996875 0.5171875000000001
0 0.996875 0.18906250000000013 0.909375 0.18906250000000013 0.909375 0.3703125000000001 0.996875 0.3703125000000001
0 0.91875 0.12343750000000012 0.8046875 0.12343750000000009 0.8046875 0.3125000000000001 0.91875 0.3125000000000001
0 0.9390625 0.006250000000000108 0.83125 0.006250000000000103 0.83125 0.1828125000000001 0.9390625 0.18281250000000013
0 0.996875 0.04687500000000012 0.9390625 0.04687500000000011 0.9390625 0.19375000000000014 0.996875 0.19375000000000014
0 0.821875 0.012500000000000091 0.6765625 0.012500000000000084 0.6765625 0.2593750000000001 0.821875 0.2593750000000001
0 0.8109375 0.2593750000000001 0.69375 0.2593750000000001 0.69375 0.4937500000000001 0.8109375 0.4937500000000002
0 0.7234375 0.4 0.646875 0.4 0.646875 0.546875 0.7234375 0.546875
0 0.7875 0.48906250000000007 0.6671875 0.4890625 0.6671875 0.6953125000000001 0.7875 0.6953125000000002
0 0.8421875 0.6421875000000001 0.7203125 0.6421875 0.7203125000000001 0.81875 0.8421875 0.81875
0 0.7906250000000001 0.7468750000000001 0.6671875000000002 0.746875 0.6671875000000002 0.959375 0.7906250000000001 0.959375
0 0.7468750000000002 0.8890625 0.6296875000000002 0.8890625 0.6296875000000002 0.9953125 0.7468750000000002 0.9953125
0 0.70625 0.6 0.5625 0.6 0.5625000000000001 0.840625 0.7062500000000002 0.840625
0 0.6671875 0.4125 0.5515625 0.4125 0.5515625 0.6234375 0.6671875 0.6234375
0 0.69375 0.3296875000000001 0.571875 0.3296875000000001 0.571875 0.4171875 0.69375 0.4171875
0 0.6828125 0.1765625000000001 0.559375 0.1765625000000001 0.559375 0.38750000000000007 0.6828125 0.38750000000000007
0 0.6796875 0.035937500000000074 0.5828125 0.03593750000000007 0.5828125 0.21250000000000008 0.6796875 0.21250000000000008
0 0.7171875 8.065447278759521e-17 0.6 7.347880794884119e-17 0.6 0.053125000000000075 0.7171875 0.05312500000000009
0 0.6125 0.006250000000000071 0.5421875 0.006250000000000066 0.5421875 0.18750000000000006 0.6125 0.18750000000000008
0 0.5953125 6.678152076600411e-17 0.4953125 6.065828677026735e-17 0.4953125 0.05937500000000007 0.5953125 0.05937500000000007
0 0.5765625 0.10000000000000006 0.5046875 0.10000000000000005 0.5046875 0.2171875000000001 0.5765625 0.2171875000000001
0 0.5734375 0.18906250000000008 0.465625 0.18906250000000005 0.465625 0.3359375000000001 0.5734375 0.3359375000000001
0 0.56875 0.3359375000000001 0.4609375 0.3359375000000001 0.4609375 0.50625 0.56875 0.50625
0 0.515625 0.453125 0.3812500000000001 0.453125 0.3812500000000001 0.6828125 0.515625 0.6828125
0 0.5796875000000001 0.553125 0.4984375 0.553125 0.4984375000000001 0.734375 0.5796875000000001 0.734375
0 0.5515625 0.5 0.4984375 0.5 0.4984375 0.5875 0.5515625 0.5875
0 0.5687500000000001 0.6765625 0.471875 0.6765625 0.4718750000000001 0.846875 0.5687500000000002 0.846875
0 0.6328125000000002 0.80625 0.5046875000000002 0.80625 0.5046875000000002 0.99375 0.6328125000000002 0.99375
0 0.5921875000000002 0.9421875 0.47187500000000016 0.9421875 0.47187500000000016 0.9953125 0.5921875000000002 0.9953125
0 0.6640625000000002 0.8359375 0.6125000000000002 0.8359375 0.6125000000000002 0.8890625 0.6640625000000002 0.8890625
0 0.5187500000000002 0.79375 0.3843750000000001 0.79375 0.3843750000000001 0.99375 0.5187500000000002 0.99375
0 0.48125000000000007 0.640625 0.3609375000000001 0.640625 0.3609375000000001 0.8234375 0.4812500000000002 0.8234375
0 0.3937500000000001 0.4765625 0.3265625000000001 0.4765625 0.3265625000000001 0.659375 0.3937500000000001 0.659375
0 0.465625 0.2828125 0.3546875 0.2828125 0.35468750000000004 0.4828125 0.465625 0.4828125
0 0.5046875 0.09375000000000006 0.38125 0.09375000000000004 0.38125 0.3062500000000001 0.5046875 0.3062500000000001
0 0.515625 5.673558999174847e-17 0.4109375 5.032532940246154e-17 0.4109375 0.11718750000000004 0.515625 0.11718750000000004
0 0.43125 4.6019930499209134e-17 0.3203125 3.922696778518866e-17 0.3203125 0.09375000000000004 0.43125 0.09375000000000004
0 0.3875 3.8557239066904946e-17 0.2421875 2.9659414666849956e-17 0.2421875 0.20000000000000004 0.3875 0.2000000000000001
0 0.3578125 0.13593750000000004 0.2703125 0.13593750000000004 0.2703125 0.246875 0.3578125 0.246875
0 0.4078125 0.13593750000000004 0.34375 0.13593750000000004 0.34375 0.28906250000000006 0.4078125 0.2890625000000001
0 0.35625000000000007 0.240625 0.2359375 0.240625 0.23593750000000005 0.446875 0.35625000000000007 0.446875
0 0.27968750000000003 0.340625 0.15468750000000003 0.340625 0.15468750000000006 0.553125 0.2796875000000001 0.553125
0 0.34062500000000007 0.546875 0.21250000000000008 0.546875 0.21250000000000008 0.765625 0.34062500000000007 0.765625
0 0.36406250000000007 0.453125 0.2796875000000001 0.453125 0.2796875000000001 0.546875 0.36406250000000007 0.546875
0 0.3937500000000001 0.7125 0.29375000000000007 0.7125 0.29375000000000007 0.9421875 0.3937500000000001 0.9421875
0 0.4203125000000002 0.946875 0.34062500000000007 0.946875 0.34062500000000007 0.99375 0.4203125000000002 0.99375
0 0.3359375000000001 0.7828125 0.2156250000000001 0.7828125 0.2156250000000001 0.99375 0.3359375000000001 0.99375
0 0.2390625000000001 0.8703125 0.09687500000000011 0.8703125 0.09687500000000011 0.99375 0.2390625000000001 0.99375
0 0.2218750000000001 0.8234375 0.1453125000000001 0.8234375 0.14531250000000012 0.9125 0.2218750000000001 0.9125
0 0.2796875000000001 0.6875 0.14062500000000008 0.6875 0.14062500000000008 0.853125 0.2796875000000001 0.853125
0 0.13906250000000012 0.80625 0.05156250000000009 0.80625 0.0515625000000001 0.9703125 0.13906250000000014 0.9703125
0 0.1843750000000001 0.7828125 0.10468750000000009 0.7828125 0.10468750000000009 0.8828125 0.1843750000000001 0.8828125
0 0.1687500000000001 0.6125 0.04375000000000008 0.6125 0.04375000000000009 0.8 0.1687500000000001 0.8
0 0.2390625000000001 0.559375 0.15781250000000008 0.559375 0.15781250000000008 0.69375 0.2390625000000001 0.69375
0 0.19531250000000006 0.3640625 0.09062500000000004 0.3640625 0.09062500000000005 0.6 0.19531250000000008 0.6
0 0.16250000000000006 0.5234375 0.06718750000000007 0.5234375 0.06718750000000008 0.653125 0.1625000000000001 0.653125
0 0.10156250000000007 0.4125 0.037500000000000054 0.4125 0.03750000000000006 0.5703125 0.10156250000000008 0.5703125
0 0.11875000000000005 0.353125 0.034375000000000044 0.353125 0.03437500000000005 0.4640625 0.11875000000000005 0.4640625
0 0.22343750000000004 0.2125 0.11875000000000005 0.2125 0.11875000000000005 0.3703125 0.2234375000000001 0.3703125
0 0.259375 0.253125 0.215625 0.253125 0.215625 0.353125 0.259375 0.353125
0 0.25 2.2388074296912548e-17 0.115625 1.4159978615141272e-17 0.11562500000000002 0.2234375 0.25 0.2234375
0 0.15156250000000002 0.165625 0.1140625 0.165625 0.11406250000000002 0.2421875 0.15156250000000004 0.2421875
0 0.12187500000000004 0.246875 0.046875000000000035 0.246875 0.04687500000000004 0.353125 0.12187500000000004 0.353125
0 0.12500000000000003 0.09531250000000001 0.02343750000000001 0.0953125 0.02343750000000002 0.265625 0.12500000000000006 0.265625
0 0.1078125 0.06562500000000002 0.02656250000000001 0.065625 0.02656250000000001 0.1359375 0.1078125 0.1359375
0 0.1171875 8.323771212954666e-18 0.01875 2.296212748401287e-18 0.018750000000000003 0.06406250000000001 0.1171875 0.06406250000000002
0 0.029687500000000023 0.0765625 9.376202055971923e-18 0.0765625 2.1622670047445457e-17 0.2765625 0.029687500000000033 0.2765625
0 0.05312500000000005 0.275 3.367778697655221e-17 0.275 4.0949127346489623e-17 0.39375 0.05312500000000005 0.39375
0 0.037500000000000054 0.365625 4.4776148593825096e-17 0.365625 5.558748361754783e-17 0.5421875 0.03750000000000007 0.5421875
0 0.07343750000000007 0.5296875 6.486801014233636e-17 0.5296875 7.099124413807313e-17 0.6296875 0.07343750000000007 0.6296875
0 0.060937500000000075 0.60625 7.424421219830829e-17 0.60625 8.467284509729747e-17 0.7765625 0.06093750000000009 0.7765625
0 0.0875000000000001 0.746875 9.146580781131795e-17 0.746875 1.0227714283504067e-16 0.9234375 0.0875000000000001 0.9234375
0 0.06093750000000011 0.9234375 1.130884778587634e-16 0.9234375 1.1739387676201583e-16 0.99375 0.06093750000000011 0.99375
0 0.996875 6.104098889500089e-17 0 0 6.084963783263412e-17 0.99375 0.996875 0.99375