0 0.953125 0.021875000000000106 0.753125 0.021875000000000096 0.753125 0.3281250000000001 0.953125 0.3281250000000001
0 0.9953125 1.1806360548029952e-16 0.9328125 1.1423658423296405e-16 0.9328125 0.3078125000000001 0.9953125 0.3078125000000001
0 0.9765625 0.3078125000000001 0.7953125 0.3078125000000001 0.7953125 0.5281250000000002 0.9765625 0.5281250000000002
0 0.8234375 0.37187500000000007 0.6578125 0.37187500000000007 0.6578125 0.6578125000000001 0.8234375 0.6578125000000001
0 0.7671875 0.1359375000000001 0.58125 0.1359375000000001 0.58125 0.4640625000000001 0.7671875 0.46406250000000016
0 0.803125 8.792581315753262e-17 0.6328125 7.749718025854345e-17 0.6328125 0.14218750000000008 0.803125 0.14218750000000008
0 0.953125 1.0792199917486051e-16 0.809375 9.91198503059889e-17 0.809375 0.0640625000000001 0.953125 0.0640625000000001
0 0.671875 6.888638245203862e-17 0.453125 5.5491808086364444e-17 0.453125 0.2718750000000001 0.671875 0.2718750000000001
0 0.6234375 0.2640625000000001 0.409375 0.2640625000000001 0.409375 0.571875 0.6234375 0.571875
0 0.6484375000000001 0.5078125 0.509375 0.5078125 0.5093750000000001 0.771875 0.6484375000000002 0.771875
0 0.51875 0.5078125 0.3187500000000001 0.5078125 0.3187500000000001 0.8078125 0.5187500000000002 0.8078125
0 0.4140625 0.29375000000000007 0.18125000000000005 0.29375 0.18125000000000008 0.6140625 0.4140625 0.6140625
0 0.4578125 4.2958313501340745e-17 0.24375 2.985076572921674e-17 0.24375 0.321875 0.4578125 0.3218750000000001
0 0.4625000000000001 0.628125 0.2718750000000001 0.628125 0.2718750000000001 0.9 0.4625000000000002 0.9
0 0.3046875000000001 0.45 0.10000000000000005 0.45 0.10000000000000006 0.7359375 0.3046875000000001 0.7359375
0 0.28593750000000007 0.10781250000000002 0.128125 0.1078125 0.12812500000000002 0.39375 0.28593750000000007 0.39375
0 0.253125 1.7604297737743203e-17 0.034375 4.2097233720690266e-18 0.03437500000000002 0.25 0.253125 0.25