0 0.0578125000000001 0.8078125 9.892849924362213e-17 0.8078125 1.0533875983290905e-16 0.9125 0.057812500000000114 0.9125
0 0.025000000000000116 0.91875 1.1251442467166307e-16 0.91875 1.1720252569964904e-16 0.9953125 0.025000000000000123 0.9953125
0 0.06093750000000011 0.9453125 0.010937500000000117 0.9453125 0.010937500000000119 0.99375 0.06093750000000011 0.99375
0 0.11562500000000012 0.8453125 0.0359375000000001 0.8453125 0.03593750000000011 0.95625 0.11562500000000013 0.95625
0 0.15937500000000013 0.9296875 0.0796875000000001 0.9296875 0.0796875000000001 0.9953125 0.15937500000000013 0.9953125
0 0.2390625000000001 0.940625 0.16718750000000013 0.940625 0.16718750000000013 0.9953125 0.2390625000000001 0.9953125
0 0.2140625000000001 0.840625 0.13437500000000008 0.840625 0.1343750000000001 0.9609375 0.2140625000000001 0.9609375
0 0.1921875000000001 0.7578125 0.08750000000000009 0.7578125 0.0875000000000001 0.890625 0.1921875000000001 0.890625
0 0.14218750000000008 0.753125 0.05156250000000009 0.753125 0.0515625000000001 0.8515625 0.14218750000000008 0.8515625
0 0.2687500000000001 0.725 0.19531250000000008 0.725 0.19531250000000008 0.840625 0.2687500000000001 0.840625
0 0.2468750000000001 0.81875 0.19531250000000008 0.81875 0.19531250000000008 0.8953125 0.2468750000000001 0.8953125
0 0.2828125000000001 0.8734375 0.2093750000000001 0.8734375 0.2093750000000001 0.9890625 0.2828125000000001 0.9890625
0 0.3375000000000001 0.840625 0.2531250000000001 0.840625 0.2531250000000001 0.95625 0.3375000000000001 0.95625
0 0.3765625000000001 0.9234375 0.2968750000000001 0.9234375 0.2968750000000001 0.99375 0.3765625000000001 0.99375
0 0.4203125000000002 0.90625 0.3656250000000001 0.90625 0.3656250000000001 0.978125 0.4203125000000002 0.978125
0 0.4593750000000002 0.8734375 0.39531250000000007 0.8734375 0.39531250000000007 0.95625 0.4593750000000002 0.95625
0 0.4750000000000002 0.8359375 0.4312500000000002 0.8359375 0.4312500000000002 0.90625 0.4750000000000002 0.90625
0 0.4890625000000002 0.7640625 0.4421875000000002 0.7640625 0.4421875000000002 0.840625 0.4890625000000002 0.840625
0 0.5187500000000002 0.7421875 0.46406250000000016 0.7421875 0.46406250000000016 0.796875 0.5187500000000002 0.796875
0 0.5359375000000002 0.7796875 0.47187500000000016 0.7796875 0.47187500000000016 0.86875 0.5359375000000002 0.86875
0 0.4468750000000001 0.709375 0.403125 0.709375 0.40312500000000007 0.803125 0.4468750000000002 0.803125
0 0.4093750000000001 0.7140625 0.3625000000000001 0.7140625 0.3625000000000001 0.803125 0.40937500000000016 0.803125
0 0.4390625000000002 0.790625 0.39531250000000007 0.790625 0.39531250000000007 0.8734375 0.4390625000000002 0.8734375
0 0.3984375000000001 0.7859375 0.3546875000000001 0.7859375 0.3546875000000001 0.8734375 0.3984375000000001 0.8734375
0 0.38750000000000007 0.825 0.3296875000000001 0.825 0.3296875000000001 0.90625 0.38750000000000007 0.90625
0 0.3375000000000001 0.746875 0.2640625000000001 0.746875 0.2640625000000001 0.840625 0.3375000000000001 0.840625
0 0.3625000000000001 0.703125 0.3109375000000001 0.703125 0.3109375000000001 0.790625 0.3625000000000001 0.790625
0 0.34062500000000007 0.64375 0.2828125000000001 0.64375 0.2828125000000001 0.709375 0.34062500000000007 0.709375
0 0.3593750000000001 0.6875 0.2468750000000001 0.6875 0.2468750000000001 0.753125 0.3593750000000001 0.753125
0 0.2578125000000001 0.6703125 0.1921875000000001 0.6703125 0.1921875000000001 0.725 0.2578125000000001 0.725
0 0.3984375000000001 0.6375 0.3375000000000001 0.6375 0.3375000000000001 0.725 0.3984375000000001 0.725
0 0.3812500000000001 0.615625 0.3375000000000001 0.615625 0.3375000000000001 0.6484375 0.3812500000000001 0.6484375
0 0.4453125 0.59375 0.3843750000000001 0.59375 0.3843750000000001 0.6921875 0.4453125 0.6921875
0 0.49687500000000007 0.64375 0.428125 0.64375 0.4281250000000001 0.759375 0.4968750000000002 0.759375
0 0.5265625 0.6265625 0.4828125 0.6265625 0.4828125 0.703125 0.5265625 0.703125
0 0.5 0.5609375 0.459375 0.5609375 0.459375 0.6421875 0.5 0.6421875
0 0.4671875 0.5828125 0.43125 0.5828125 0.43125 0.6484375 0.4671875 0.6484375
0 0.5250000000000001 0.703125 0.5 0.703125 0.5000000000000001 0.7421875 0.5250000000000001 0.7421875
0 0.5328125000000001 0.7484375 0.5171875000000001 0.7484375 0.5171875000000001 0.78125 0.5328125000000001 0.78125
0 0.5625000000000002 0.76875 0.5296875000000002 0.76875 0.5296875000000002 0.81875 0.5625000000000002 0.81875
0 0.08281250000000008 0.58125 7.11825952004399e-17 0.58125 7.759285578972683e-17 0.6859375 0.0828125000000001 0.6859375
0 0.07968750000000006 0.4734375 0.010937500000000058 0.4734375 0.010937500000000065 0.578125 0.07968750000000006 0.578125
0 0.05000000000000006 0.3734375 4.573290390565898e-17 0.3734375 5.2143164494945905e-17 0.478125 0.050000000000000065 0.478125
0 0.13125000000000003 0.3515625 0.029687500000000044 0.3515625 0.02968750000000005 0.4671875 0.13125000000000003 0.4671875
0 0.14531250000000007 0.45625 0.07968750000000006 0.45625 0.07968750000000006 0.571875 0.1453125000000001 0.571875
0 0.1453125000000001 0.5609375 0.08281250000000007 0.5609375 0.08281250000000008 0.659375 0.1453125000000001 0.659375
0 0.17031250000000003 0.3734375 0.12968750000000004 0.3734375 0.12968750000000004 0.4734375 0.17031250000000003 0.4734375
0 0.20312500000000008 0.45 0.14843750000000006 0.45 0.14843750000000006 0.55 0.20312500000000008 0.55
0 0.19531250000000008 0.55 0.14843750000000008 0.55 0.14843750000000008 0.6484375 0.19531250000000008 0.6484375
0 0.2500000000000001 0.521875 0.19531250000000006 0.521875 0.19531250000000006 0.6203125 0.2500000000000001 0.6203125
0 0.2500000000000001 0.4390625 0.20312500000000008 0.4390625 0.20312500000000008 0.528125 0.2500000000000001 0.528125
0 0.2171875000000001 0.36875 0.17343750000000005 0.36875 0.17343750000000005 0.4671875 0.2171875000000001 0.4671875
0 0.24687500000000004 0.3625 0.20625 0.3625 0.20625000000000004 0.45 0.2468750000000001 0.45
0 0.2828125 0.3515625 0.2390625 0.3515625 0.23906250000000004 0.428125 0.2828125000000001 0.428125
0 0.3296875 0.3578125 0.2828125 0.3578125 0.2828125 0.428125 0.3296875000000001 0.428125
0 0.37031250000000004 0.35156250000000006 0.3296875 0.3515625 0.3296875 0.428125 0.3703125000000001 0.428125
0 0.4140625 0.3359375000000001 0.3671875 0.3359375000000001 0.36718750000000006 0.40625 0.4140625 0.40625
0 0.4390625 0.3359375000000001 0.403125 0.3359375000000001 0.403125 0.4015625 0.4390625 0.4015625
0 0.45625 0.32500000000000007 0.4171875 0.32500000000000007 0.4171875 0.3906250000000001 0.45625 0.3906250000000001
0 0.48125 0.32500000000000007 0.453125 0.32500000000000007 0.453125 0.39531250000000007 0.48125 0.39531250000000007
0 0.521875 0.32500000000000007 0.48125 0.32500000000000007 0.48125 0.37968750000000007 0.521875 0.37968750000000007
0 0.2906250000000001 0.428125 0.24375000000000008 0.428125 0.24375000000000008 0.5109375 0.2906250000000001 0.5109375
0 0.3375000000000001 0.4296875 0.28593750000000007 0.4296875 0.28593750000000007 0.50625 0.3375000000000001 0.50625
0 0.3765625000000001 0.4234375 0.3296875000000001 0.4234375 0.3296875000000001 0.5046875 0.3765625000000001 0.5046875
0 0.409375 0.4015625 0.3656250000000001 0.4015625 0.3656250000000001 0.4828125 0.409375 0.4828125
0 0.428125 0.3968750000000001 0.403125 0.3968750000000001 0.403125 0.440625 0.428125 0.440625
0 0.45625 0.4015625 0.40625 0.4015625 0.40625 0.4828125 0.45625 0.4828125
0 0.4890625 0.39531250000000007 0.4453125 0.39531250000000007 0.4453125 0.45625 0.4890625 0.45625
0 0.515625 0.37968750000000007 0.4828125 0.37968750000000007 0.4828125 0.4390625 0.515625 0.4390625
0 0.54375 0.37968750000000007 0.5109375 0.37968750000000007 0.5109375 0.428125 0.54375 0.428125
0 0.2906250000000001 0.5109375 0.2500000000000001 0.5109375 0.2500000000000001 0.6046875 0.2906250000000001 0.6046875
0 0.3234375000000001 0.50625 0.2875000000000001 0.50625 0.2875000000000001 0.5828125 0.3234375000000001 0.5828125
0 0.35625000000000007 0.5 0.3234375000000001 0.5 0.3234375000000001 0.565625 0.35625000000000007 0.565625
0 0.3921875000000001 0.484375 0.35625000000000007 0.484375 0.35625000000000007 0.5609375 0.3921875000000001 0.5609375
0 0.4203125 0.484375 0.38750000000000007 0.484375 0.38750000000000007 0.5390625 0.4203125 0.5390625
0 0.4453125 0.4734375 0.4203125 0.4734375 0.4203125 0.528125 0.4453125 0.528125
0 0.478125 0.4625 0.4390625 0.4625 0.4390625 0.5171875 0.478125 0.5171875
0 0.5140625 0.4453125 0.478125 0.4453125 0.478125 0.5046875 0.5140625 0.5046875
0 0.5359375 0.4296875 0.5109375 0.4296875 0.5109375 0.4734375 0.5359375 0.4734375
0 0.5578125 0.6265625 0.525 0.6265625 0.525 0.6640625 0.5578125 0.6640625
0 0.54375 0.659375 0.525 0.659375 0.525 0.6921875 0.54375 0.6921875
0 0.5875000000000001 0.64375 0.5296875 0.64375 0.5296875000000001 0.7484375 0.5875000000000001 0.7484375
0 0.6015625000000001 0.665625 0.5390625 0.665625 0.5390625000000001 0.7703125 0.6015625000000002 0.7703125
0 0.6265625000000001 0.6640625 0.565625 0.6640625 0.565625 0.753125 0.6265625000000001 0.753125
0 0.6343750000000001 0.6921875 0.5828125 0.6921875 0.5828125000000001 0.7640625 0.6343750000000001 0.7640625
0 0.6859375 0.4734375 0.63125 0.4734375 0.63125 0.5390625 0.6859375 0.5390625
0 0.728125 0.45000000000000007 0.6734375 0.45 0.6734375 0.5000000000000001 0.728125 0.5000000000000002
0 0.728125 0.4953125000000001 0.684375 0.4953125 0.684375 0.5437500000000001 0.728125 0.5437500000000002
0 0.753125 0.4734375000000002 0.7359375 0.4734375000000002 0.7359375 0.49531250000000016 0.753125 0.49531250000000016
0 0.79375 0.3968750000000001 0.7421875 0.3968750000000001 0.7421875 0.4734375000000002 0.79375 0.4734375000000002
0 0.8078125 0.4343750000000002 0.7828125 0.4343750000000002 0.7828125 0.4781250000000002 0.8078125 0.4781250000000002
0 0.8375 0.3296875000000001 0.76875 0.3296875000000001 0.76875 0.4125000000000002 0.8375 0.4125000000000002
0 0.7609375 0.5062500000000001 0.725 0.50625 0.725 0.5328125000000001 0.7609375 0.5328125000000001
0 0.8015625 0.4734375000000002 0.74375 0.4734375000000002 0.74375 0.5390625000000002 0.8015625 0.5390625000000002
0 0.771875 0.5390625000000001 0.7203125 0.5390625 0.7203125 0.5765625000000001 0.771875 0.5765625000000002
0 0.653125 0.521875 0.5953125 0.521875 0.5953125 0.571875 0.653125 0.571875
0 0.7390625 0.5375000000000001 0.6515625 0.5375 0.6515625 0.6265625000000001 0.7390625 0.6265625000000001
0 0.6953125 0.578125 0.56875 0.578125 0.56875 0.6546875 0.6953125 0.6546875
0 0.68125 0.6375 0.6265625 0.6375 0.6265625 0.6984375 0.68125 0.6984375
0 0.5953125 0.5328125 0.515625 0.5328125 0.515625 0.59375 0.5953125 0.59375
0 0.5734375 0.6 0.51875 0.6 0.51875 0.6328125 0.5734375 0.6328125
0 0.65625 0.5828125 0.571875 0.5828125 0.571875 0.6421875 0.65625 0.6421875
0 0.7640625 0.2531250000000001 0.6890625 0.2531250000000001 0.6890625 0.4171875000000001 0.7640625 0.41718750000000016
0 0.70625 0.050000000000000086 0.6421875 0.050000000000000086 0.6421875 0.18750000000000008 0.70625 0.18750000000000008
0 0.75 0.06093750000000009 0.70625 0.06093750000000009 0.70625 0.1984375000000001 0.75 0.1984375000000001
0 0.834375 0.12031250000000009 0.765625 0.12031250000000009 0.765625 0.20312500000000008 0.834375 0.20312500000000008
0 0.6484375 0.05000000000000008 0.6046875 0.050000000000000065 0.6046875 0.1312500000000001 0.6484375 0.1312500000000001
0 0.6125 0.07656250000000006 0.5765625 0.07656250000000006 0.5765625 0.12656250000000008 0.6125 0.12656250000000008
0 0.5875 0.021875000000000068 0.54375 0.021875000000000068 0.54375 0.08281250000000007 0.5875 0.08281250000000007
0 0.496875 5.750099424121557e-17 0.4421875 5.415235064979703e-17 0.4421875 0.07656250000000006 0.496875 0.07656250000000006
0 0.4390625 5.042100493364494e-17 0.384375 4.7072361342226394e-17 0.384375 0.06093750000000005 0.4390625 0.06093750000000005
0 0.3796875 4.3436691157257686e-17 0.3296875 4.0375074159389303e-17 0.3296875 0.03281250000000004 0.3796875 0.03281250000000004
0 0.5796875 0.4296875 0.540625 0.4296875 0.540625 0.484375 0.5796875 0.484375
0 0.6234375 0.4015625 0.5390625 0.4015625 0.5390625 0.45625 0.6234375 0.45625
0 0.571875 0.34062500000000007 0.54375 0.34062500000000007 0.54375 0.3625000000000001 0.571875 0.3625000000000001
0 0.525 0.2468750000000001 0.45625 0.2468750000000001 0.45625 0.2750000000000001 0.525 0.2750000000000001
0 0.51875 0.17656250000000004 0.3875 0.17656250000000004 0.3875 0.2140625000000001 0.51875 0.2140625000000001
0 0.525 0.19843750000000004 0.3875 0.19843750000000004 0.3875 0.24218750000000008 0.525 0.24218750000000008
0 0.503125 0.13281250000000006 0.475 0.13281250000000006 0.475 0.19843750000000004 0.503125 0.19843750000000004
0 0.45 0.12656250000000005 0.4140625 0.12656250000000005 0.4140625 0.17031250000000003 0.45 0.17031250000000003
0 0.04687500000000003 0.1984375 2.430158492058029e-17 0.1984375 2.86069838238327e-17 0.26875 0.046875000000000035 0.26875
0 0.09375000000000003 0.1875 0.04687500000000002 0.1875 0.04687500000000003 0.2640625 0.09375000000000003 0.2640625
0 0.12656250000000005 0.203125 0.09375000000000003 0.203125 0.09375000000000003 0.253125 0.12656250000000005 0.253125
0 0.16718750000000004 0.1984375 0.13437500000000005 0.1984375 0.13437500000000005 0.2578125 0.16718750000000004 0.2578125
0 0.19531250000000006 0.203125 0.16718750000000004 0.203125 0.16718750000000004 0.2640625 0.19531250000000006 0.2640625
0 0.2328125 0.2203125 0.2 0.2203125 0.2 0.26875 0.2328125 0.26875
0 0.26875 0.2140625 0.2328125 0.2140625 0.2328125 0.26875 0.26875 0.26875
0 0.051562500000000025 0.1375 0.004687500000000016 0.1375 0.004687500000000021 0.1984375 0.051562500000000025 0.1984375
0 0.10937500000000003 0.14375 0.07343750000000002 0.14375 0.07343750000000002 0.1984375 0.10937500000000004 0.1984375
0 0.14218750000000002 0.1546875 0.109375 0.1546875 0.10937500000000003 0.1984375 0.14218750000000005 0.1984375
0 0.18906250000000002 0.1375 0.15625 0.1375 0.15625000000000003 0.1921875 0.18906250000000005 0.19218750000000004
0 0.221875 0.15937500000000004 0.1890625 0.15937500000000004 0.18906250000000002 0.209375 0.221875 0.209375
0 0.271875 0.15937500000000004 0.225 0.15937500000000004 0.225 0.2140625 0.271875 0.2140625
0 0.296875 0.16562500000000005 0.271875 0.16562500000000005 0.271875 0.2140625 0.296875 0.2140625
0 0.0765625 0.0765625 0.025000000000000012 0.0765625 0.025000000000000015 0.1484375 0.07656250000000002 0.1484375
0 0.1265625 0.09375000000000001 0.09062500000000002 0.09375 0.09062500000000002 0.1421875 0.1265625 0.1421875
0 0.159375 0.08281250000000002 0.1265625 0.08281250000000002 0.1265625 0.1375 0.159375 0.1375
0 0.20625 0.10468750000000002 0.1734375 0.1046875 0.1734375 0.153125 0.20625 0.15312500000000004
0 0.2328125 0.10468750000000004 0.2078125 0.10468750000000004 0.2078125 0.15312500000000004 0.2328125 0.15312500000000004
0 0.25 0.10468750000000004 0.23125 0.10468750000000004 0.23125 0.12656250000000005 0.25 0.12656250000000005
0 0.275 0.12187500000000004 0.2390625 0.12187500000000004 0.2390625 0.16562500000000005 0.275 0.16562500000000005
0 0.3046875 0.11093750000000005 0.275 0.11093750000000005 0.275 0.15468750000000003 0.3046875 0.15468750000000003
0 0.275 0.07812500000000003 0.2359375 0.07812500000000003 0.2359375 0.11093750000000005 0.275 0.11093750000000005
0 0.010937500000000013 0.071875 8.802148868871602e-18 0.071875 1.3107547772124015e-17 0.1421875 0.010937500000000017 0.1421875
0 0.05 0.010937500000000003 1.3394574365674175e-18 0.0109375 5.644856339819831e-18 0.08125 0.05 0.08125
0 0.071875 4.401074434435801e-18 0 0 2.2962127484012876e-18 0.037500000000000006 0.071875 0.03750000000000001
0 0.1015625 1.042863289898918e-17 0.06875 8.419446744138053e-18 0.06875 0.039062500000000014 0.1015625 0.039062500000000014
0 0.1265625 1.4159978615141272e-17 0.1046875 1.2820521178573852e-17 0.1046875 0.03281250000000001 0.1265625 0.03281250000000001
0 0.1015625 0.05000000000000001 0.0546875 0.05 0.054687500000000014 0.109375 0.1015625 0.109375
0 0.1375 0.039062500000000014 0.0984375 0.039062500000000014 0.09843750000000001 0.09843750000000002 0.1375 0.09843750000000002
0 0.15625 0.006250000000000018 0.1265625 0.006250000000000017 0.1265625 0.05468750000000002 0.15625 0.05468750000000002
0 0.18125 0.006250000000000021 0.15625 0.006250000000000019 0.15625 0.043750000000000025 0.18125 0.043750000000000025
0 0.2109375 0.017187500000000026 0.1859375 0.017187500000000022 0.1859375 0.06093750000000002 0.2109375 0.06093750000000002
0 0.203125 0.043750000000000025 0.140625 0.043750000000000025 0.140625 0.09843750000000002 0.203125 0.09843750000000002
0 0.2390625 0.05468750000000002 0.2 0.05468750000000002 0.2 0.09375000000000003 0.2390625 0.09375000000000003
0 0.3328125 0.03906250000000004 0.271875 0.039062500000000035 0.271875 0.11562500000000005 0.3328125 0.11562500000000005
0 0.365625 0.06093750000000005 0.3046875 0.06093750000000005 0.3046875 0.15468750000000003 0.365625 0.15468750000000003
0 0.3703125 0.13125000000000003 0.3265625 0.13125000000000003 0.3265625 0.18125000000000005 0.3703125 0.18125000000000005
0 0.38125 0.10468750000000004 0.359375 0.10468750000000004 0.359375 0.19218750000000004 0.38125 0.19218750000000004
0 0.4171875 0.12656250000000005 0.3765625 0.12656250000000005 0.3765625 0.17031250000000003 0.4171875 0.17031250000000003
0 0.3328125 0.17656250000000004 0.296875 0.17656250000000004 0.296875 0.23125 0.3328125 0.23125
0 0.359375 0.18750000000000006 0.3296875 0.18750000000000006 0.3296875 0.23125 0.359375 0.23125
0 0.3765625 0.19218750000000004 0.359375 0.19218750000000004 0.359375 0.23593750000000005 0.3765625 0.23593750000000008
0 0.3296875 0.2203125 0.271875 0.2203125 0.271875 0.275 0.3296875 0.275
0 0.3484375 0.2265625 0.3265625 0.2265625 0.3265625 0.28125 0.3484375 0.28125
0 0.365625 0.23593750000000005 0.3484375 0.2359375 0.3484375 0.275 0.365625 0.2750000000000001
0 0.384375 0.23593750000000008 0.365625 0.23593750000000008 0.365625 0.2750000000000001 0.384375 0.2750000000000001