0 0.996875 0.6671875000000002 0.946875 0.6671875000000002 0.946875 0.8640625 0.996875 0.8640625
0 0.996875 0.8234375 0.8359375 0.8234375 0.8359375 0.9015625 0.996875 0.9015625
0 0.965625 0.7765625000000002 0.7671875000000001 0.7765625000000002 0.7671875000000001 0.8953125 0.965625 0.8953125
0 0.9203125 0.7093750000000002 0.7359375 0.7093750000000002 0.7359375000000001 0.865625 0.9203125 0.865625
0 0.7718750000000002 0.803125 0.6500000000000001 0.803125 0.6500000000000001 0.896875 0.7718750000000002 0.896875
0 0.6531250000000002 0.796875 0.5609375000000002 0.796875 0.5609375000000002 0.9015625 0.6531250000000002 0.9015625
0 0.5718750000000001 0.8015625 0.5156250000000002 0.8015625 0.5156250000000002 0.9015625 0.5718750000000001 0.9015625
0 0.5890625 0.578125 0.34062500000000007 0.578125 0.34062500000000007 0.8953125 0.5890625000000002 0.8953125
0 0.3968750000000001 0.6046875 0.19531250000000008 0.6046875 0.19531250000000008 0.8953125 0.3968750000000001 0.8953125
0 0.2984375000000001 0.8390625 0.10000000000000009 0.8390625 0.10000000000000009 0.8953125 0.2984375000000001 0.8953125
0 0.2140625000000001 0.515625 0.07187500000000006 0.515625 0.07187500000000009 0.8640625 0.2140625000000001 0.8640625
0 0.10312500000000006 0.5 6.123233995736766e-17 0.5 8.582095147149811e-17 0.9015625 0.10312500000000009 0.9015625
0 0.24375000000000008 0.4484375 0.10312500000000005 0.4484375 0.10312500000000006 0.6828125 0.24375000000000008 0.6828125
0 0.465625 0.4640625 0.2484375000000001 0.4640625 0.2484375000000001 0.71875 0.465625 0.71875
0 0.8515625 0.5781250000000001 0.56875 0.578125 0.5687500000000001 0.8078125 0.8515625 0.8078125
0 0.996875 0.3343750000000001 0.6953125 0.3343750000000001 0.6953125 0.7093750000000001 0.996875 0.7093750000000002
0 0.996875 0.1515625000000001 0.7796875 0.1515625000000001 0.7796875 0.43281250000000016 0.996875 0.43281250000000016
0 0.996875 0.16093750000000012 0.8890625 0.1609375000000001 0.8890625 0.3125000000000001 0.996875 0.3125000000000001
0 0.996875 1.15958743794265e-16 0.896875 1.0983550979852825e-16 0.896875 0.1671875000000001 0.996875 0.16718750000000013
0 0.9578125 9.931120136835567e-17 0.6640625 8.132420150587893e-17 0.6640625 0.0734375000000001 0.9578125 0.07343750000000011
0 0.8546875 0.0890625000000001 0.6796875 0.08906250000000009 0.6796875 0.2609375000000001 0.8546875 0.2609375000000001
0 0.9046875 0.0781250000000001 0.775 0.07812500000000008 0.775 0.1609375000000001 0.9046875 0.1609375000000001
0 0.753125 0.08281250000000008 0.5125 0.08281250000000007 0.5125 0.3546875000000001 0.753125 0.3546875000000001
0 0.7984375 0.23437500000000008 0.534375 0.23437500000000008 0.534375 0.5046875000000001 0.7984375 0.5046875000000002
0 0.6875 0.50625 0.5453125 0.50625 0.5453125 0.63125 0.6875 0.63125
0 0.5375 0.3281250000000001 0.396875 0.3281250000000001 0.39687500000000003 0.65625 0.5375 0.65625
0 0.428125 0.37031250000000004 0.28593750000000007 0.3703125 0.28593750000000007 0.5828125 0.428125 0.5828125
0 0.28593750000000007 0.3546875 0.15312500000000004 0.3546875 0.15312500000000007 0.546875 0.28593750000000007 0.546875
0 0.36718750000000006 0.06718750000000004 0.2171875 0.06718750000000002 0.21718750000000003 0.4375 0.3671875000000001 0.4375
0 0.621875 5.979720698961685e-17 0.3546875 4.343669115725768e-17 0.35468750000000004 0.36406250000000007 0.621875 0.36406250000000007
0 0.70625 8.065447278759521e-17 0.6109375 7.481826538540861e-17 0.6109375 0.10468750000000009 0.70625 0.10468750000000009
0 0.5953125 6.61117920477204e-17 0.484375 5.931882933369991e-17 0.484375 0.06718750000000007 0.5953125 0.06718750000000007
0 0.503125 0.004687500000000051 0.34375 0.0046875000000000415 0.34375 0.24531250000000004 0.503125 0.2453125000000001
0 0.4515625 4.429777093790817e-17 0.271875 3.329508485181867e-17 0.271875 0.20312500000000006 0.4515625 0.20312500000000008
0 0.325 2.898968594856625e-17 0.1484375 1.8178350924843523e-17 0.1484375 0.10468750000000002 0.325 0.10468750000000004
0 0.22187500000000004 1.9422132830227558e-17 0.0953125 1.1672414804373211e-17 0.09531250000000002 0.4484375 0.2218750000000001 0.4484375
0 0.16406250000000006 0.3484375 0.057812500000000044 0.3484375 0.05781250000000006 0.4640625 0.16406250000000006 0.4640625
0 0.10312500000000006 0.4265625 5.223884002612928e-17 0.4265625 6.6016116516537e-17 0.6515625 0.10312500000000009 0.6515625
0 0.03125000000000005 0.3234375 3.9609669909922206e-17 0.3234375 4.755073899814333e-17 0.453125 0.031250000000000056 0.453125
0 0.08750000000000004 0.225 2.7554552980815448e-17 0.225 3.329508485181867e-17 0.31875 0.08750000000000005 0.31875
0 0.12187500000000002 7.462691432304185e-18 0 0 1.5308084989341915e-17 0.25 0.12187500000000004 0.25
0 0.1265625 1.2916196709757243e-17 0.084375 1.0332957367805793e-17 0.084375 0.09375000000000001 0.1265625 0.09375000000000003
0 0.03437500000000002 0.03125 3.827021247335479e-18 0.03125 1.8465377518393683e-17 0.2703125 0.03437500000000003 0.2703125
0 0.996875 6.104098889500089e-17 0 0 5.520478149281428e-17 0.9015625 0.996875 0.9015625