0 0.9453125 0.6609375000000001 0.7171875 0.6609375 0.7171875000000001 0.9953125 0.9453125 0.9953125
0 0.996875 0.3937500000000001 0.646875 0.3937500000000001 0.6468750000000001 0.928125 0.996875 0.928125
0 0.996875 0.15312500000000012 0.8625 0.1531250000000001 0.8625 0.8625 0.996875 0.8625
0 0.8796875 0.0437500000000001 0.6953125 0.04375000000000009 0.6953125 0.3281250000000001 0.8796875 0.3281250000000001
0 0.996875 0.004687500000000113 0.840625 0.004687500000000103 0.840625 0.18593750000000012 0.996875 0.18593750000000014
0 0.896875 1.0208579177267389e-16 0.7703125 9.433607374681956e-17 0.7703125 0.0703125000000001 0.896875 0.07031250000000011
0 0.9453125 0.3281250000000001 0.778125 0.3281250000000001 0.778125 0.6390625000000002 0.9453125 0.6390625000000002
0 0.9828125 0.6281250000000002 0.8734375 0.6281250000000002 0.8734375 0.7921875000000002 0.9828125 0.7921875000000002
0 0.7265625 0.2734375000000001 0.53125 0.2734375000000001 0.53125 0.5140625000000001 0.7265625 0.5140625000000002
0 0.6875 0.14687500000000006 0.46875 0.14687500000000003 0.46875 0.3937500000000001 0.6875 0.3937500000000001
0 0.64375 6.946043563913895e-17 0.490625 6.008423358316702e-17 0.490625 0.14218750000000008 0.64375 0.14218750000000008
0 0.6828125 7.721015366499328e-17 0.578125 7.079989307570636e-17 0.578125 0.15781250000000008 0.6828125 0.15781250000000008
0 0.775 9.070040356185083e-17 0.70625 8.649068018978182e-17 0.70625 0.05468750000000009 0.775 0.05468750000000009
0 0.7421875000000001 0.48125000000000007 0.490625 0.48125 0.4906250000000001 0.8578125 0.7421875000000002 0.8578125
0 0.7453125 0.6890625000000001 0.4140625 0.6890625 0.4140625000000001 0.9953125 0.7453125000000002 0.9953125
0 0.6796875000000002 0.9453125 0.4984375000000002 0.9453125 0.4984375000000002 0.9953125 0.6796875000000002 0.9953125
0 0.42187500000000017 0.7875 0.30156250000000007 0.7875 0.30156250000000007 0.95625 0.42187500000000017 0.95625
0 0.42656250000000007 0.5796875 0.2593750000000001 0.5796875 0.2593750000000001 0.8578125 0.4265625000000002 0.8578125
0 0.5234375 0.540625 0.41875 0.540625 0.41875 0.6609375 0.5234375 0.6609375
0 0.50625 0.20312500000000006 0.2484375 0.203125 0.24843750000000003 0.5859375 0.50625 0.5859375
0 0.5390625 0.017187500000000057 0.35 0.017187500000000043 0.35 0.26875000000000004 0.5390625 0.2687500000000001
0 0.490625 4.3628042219624463e-17 0.221875 2.71718508560819e-17 0.221875 0.08750000000000005 0.490625 0.08750000000000006
0 0.2171875 1.8561053049577072e-17 0.0859375 1.0524308430172567e-17 0.08593750000000001 0.0921875 0.2171875 0.09218750000000002
0 0.15625000000000003 0.06093750000000002 0.0984375 0.06093750000000002 0.09843750000000001 0.26875 0.15625000000000006 0.26875
0 0.3203125 0.02812500000000003 0.134375 0.02812500000000001 0.13437500000000002 0.2578125 0.3203125 0.2578125
0 0.35625000000000007 0.06093750000000002 0.0578125 0.0609375 0.057812500000000044 0.65625 0.35625000000000007 0.65625
0 0.13125000000000003 0.2234375 2.7363201918448673e-17 0.2234375 4.5158850718558645e-17 0.5140625 0.13125000000000003 0.5140625
0 0.15625000000000003 0.09218750000000002 0.09843750000000002 0.09218750000000002 0.09843750000000002 0.2515625 0.15625000000000006 0.2515625
0 0.18906250000000008 0.3828125 4.6881010279859617e-17 0.3828125 6.725989842192105e-17 0.715625 0.18906250000000008 0.715625
0 0.2765625000000001 0.590625 0.09375000000000007 0.590625 0.09375000000000008 0.86875 0.2765625000000001 0.86875
0 0.5046875000000002 0.846875 1.0371227580279147e-16 0.846875 1.1270577573402985e-16 0.99375 0.5046875000000002 0.99375
0 0.10156250000000007 0.4859375 5.95101803960667e-17 0.4859375 8.295068553599651e-17 0.86875 0.10156250000000008 0.86875
0 0.10156250000000003 6.218909526920154e-18 0 0 1.3011872240940627e-17 0.2125 0.10156250000000004 0.2125
0 0.054687500000000035 0.1796875 2.2005372172179003e-17 0.1796875 3.1094547634600764e-17 0.328125 0.05468750000000004 0.328125
0 0.996875 6.104098889500089e-17 0 0 6.09453133638175e-17 0.9953125 0.996875 0.9953125