0 0.6203125000000002 0.840625 0.5781250000000002 0.840625 0.5781250000000002 0.928125 0.6203125000000002 0.928125
0 0.6500000000000001 0.78125 0.6062500000000002 0.78125 0.6062500000000002 0.846875 0.6500000000000001 0.846875
0 0.5703125000000002 0.7796875 0.5015625000000001 0.7796875 0.5015625000000001 0.890625 0.5703125000000002 0.890625
0 0.534375 0.7140625 0.4734375 0.7140625 0.47343750000000007 0.803125 0.5343750000000002 0.803125
0 0.5375 0.615625 0.484375 0.615625 0.484375 0.6859375 0.5375 0.6859375
0 0.4734375 0.6046875 0.4109375 0.6046875 0.4109375 0.7140625 0.4734375 0.7140625
0 0.6796875 0.565625 0.6109375 0.565625 0.6109375 0.68125 0.6796875 0.68125
0 0.696875 0.4953125 0.6359375 0.4953125 0.6359375 0.5765625 0.696875 0.5765625
0 0.6109375 0.478125 0.559375 0.478125 0.559375 0.5765625 0.6109375 0.5765625
0 0.6640625 0.4171875 0.5953125 0.4171875 0.5953125 0.5 0.6640625 0.5
0 0.60625 0.2687500000000001 0.55625 0.2687500000000001 0.55625 0.3906250000000001 0.60625 0.3906250000000001
0 0.515625 0.4625 0.4625 0.4625 0.4625 0.55625 0.515625 0.55625
0 0.459375 0.45625 0.4015625 0.45625 0.4015625 0.5375 0.459375 0.5375
0 0.4875 0.4078125 0.4296875 0.4078125 0.4296875 0.484375 0.4875 0.484375
0 0.4625 0.14843750000000006 0.39375 0.14843750000000006 0.39375 0.23593750000000008 0.4625 0.23593750000000008
0 0.628125 7.309610582410764e-17 0.565625 6.926908457677216e-17 0.565625 0.10937500000000008 0.628125 0.10937500000000008
0 0.5484375 6.257179739393508e-17 0.4734375 5.79793718971325e-17 0.4734375 0.08281250000000007 0.5484375 0.08281250000000007
0 0.5921875 0.06093750000000007 0.5265625 0.06093750000000007 0.5265625 0.17031250000000006 0.5921875 0.1703125000000001
0 0.625 0.1375000000000001 0.5734375 0.1375000000000001 0.5734375 0.2578125000000001 0.625 0.2578125000000001
0 0.740625 0.18750000000000008 0.646875 0.18750000000000008 0.646875 0.3031250000000001 0.740625 0.3031250000000001
0 0.740625 0.24218750000000008 0.65 0.24218750000000008 0.65 0.3625000000000001 0.740625 0.3625000000000001
0 0.76875 0.1921875000000001 0.7265625 0.1921875000000001 0.7265625 0.2968750000000001 0.76875 0.2968750000000001
0 0.6609375 0.2796875000000001 0.60625 0.2796875000000001 0.60625 0.3906250000000001 0.6609375 0.3906250000000001
0 0.7140625 0.3843750000000001 0.6859375 0.3843750000000001 0.6859375 0.4734375 0.7140625 0.4734375
0 0.6890625 0.3734375000000001 0.6171875 0.3734375000000001 0.6171875 0.4734375 0.6890625 0.4734375
0 0.740625 0.5390625000000001 0.696875 0.5390625 0.696875 0.64375 0.740625 0.6437500000000002
0 0.703125 0.5828125 0.65 0.5828125 0.65 0.68125 0.703125 0.68125
0 0.7187500000000001 0.709375 0.6359375 0.709375 0.6359375 0.8296875 0.7187500000000002 0.8296875
0 0.6718750000000002 0.7859375 0.6140625000000002 0.7859375 0.6140625000000002 0.884375 0.6718750000000002 0.884375
0 0.7000000000000002 0.840625 0.6250000000000002 0.840625 0.6250000000000002 0.9390625 0.7000000000000002 0.9390625
0 0.6390625000000001 0.68125 0.58125 0.68125 0.58125 0.796875 0.6390625000000002 0.796875
0 0.6 0.6 0.553125 0.6 0.553125 0.6765625 0.6 0.6765625
0 0.6312500000000001 0.5875 0.5453125 0.5875 0.5453125000000001 0.7421875 0.6312500000000002 0.7421875
0 0.4937500000000001 0.6921875 0.4296875 0.6921875 0.4296875000000001 0.790625 0.4937500000000002 0.790625
0 0.4375000000000001 0.709375 0.3546875000000001 0.709375 0.3546875000000001 0.8515625 0.43750000000000017 0.8515625
0 0.49218750000000017 0.790625 0.4125000000000002 0.790625 0.4125000000000002 0.9125 0.49218750000000017 0.9125
0 0.5500000000000002 0.884375 0.4703125000000002 0.884375 0.4703125000000002 0.9953125 0.5500000000000002 0.9953125
0 0.5593750000000002 0.978125 0.5312500000000002 0.978125 0.5312500000000002 0.99375 0.5593750000000002 0.99375
0 0.4703125000000002 0.8578125 0.37968750000000007 0.8578125 0.37968750000000007 0.978125 0.4703125000000002 0.978125
0 0.48437500000000017 0.9453125 0.4125000000000002 0.9453125 0.4125000000000002 0.99375 0.48437500000000017 0.99375
0 0.415625 0.609375 0.3687500000000001 0.609375 0.3687500000000001 0.7203125 0.415625 0.7203125
0 0.465625 0.54375 0.3968750000000001 0.54375 0.3968750000000001 0.6203125 0.465625 0.6203125
0 0.41875 0.440625 0.3281250000000001 0.440625 0.3281250000000001 0.5671875 0.41875 0.5671875
0 0.3968750000000001 0.49375 0.31718750000000007 0.49375 0.31718750000000007 0.6046875 0.3968750000000001 0.6046875
0 0.5234375 0.3468750000000001 0.4546875 0.3468750000000001 0.4546875 0.4515625 0.5234375 0.4515625
0 0.53125 0.2968750000000001 0.4953125 0.2968750000000001 0.4953125 0.3734375000000001 0.53125 0.3734375000000001
0 0.578125 0.15937500000000007 0.490625 0.15937500000000004 0.490625 0.30156250000000007 0.578125 0.30156250000000007
0 0.4953125 0.18125000000000005 0.4546875 0.18125000000000005 0.4546875 0.23593750000000008 0.4953125 0.23593750000000008
0 0.50625 0.23593750000000008 0.4484375 0.23593750000000008 0.4484375 0.3578125000000001 0.50625 0.3578125000000001
0 0.4765625 0.28593750000000007 0.415625 0.28593750000000007 0.415625 0.4015625 0.4765625 0.4015625
0 0.4515625 0.3078125000000001 0.3640625 0.3078125000000001 0.36406250000000007 0.4234375 0.4515625 0.4234375
0 0.4125 0.39531250000000007 0.34062500000000007 0.3953125 0.34062500000000007 0.4453125 0.4125 0.4453125