0 0.925 0.7125000000000001 0.8328125 0.7125000000000001 0.8328125 0.840625 0.925 0.840625
0 0.8734375 0.878125 0.7796875000000002 0.878125 0.7796875000000002 0.9953125 0.8734375 0.9953125
0 0.88125 0.825 0.821875 0.825 0.821875 0.909375 0.88125 0.909375
0 0.828125 0.7546875000000002 0.7468750000000002 0.7546875000000002 0.7468750000000002 0.89375 0.828125 0.89375
0 0.821875 0.6281250000000002 0.765625 0.6281250000000002 0.7656250000000001 0.7546875000000002 0.821875 0.7546875000000002
0 0.8921875 0.6328125000000002 0.8171875 0.6328125000000002 0.8171875 0.7500000000000002 0.8921875 0.7500000000000002
0 0.9109375 0.5531250000000002 0.8328125 0.5531250000000002 0.8328125 0.6546875000000002 0.9109375 0.6546875000000002
0 0.9375 0.5312500000000002 0.88125 0.5312500000000002 0.88125 0.6015625000000002 0.9375 0.6015625000000002
0 0.88125 0.5046875000000002 0.803125 0.5046875000000002 0.803125 0.6062500000000002 0.88125 0.6062500000000002
0 0.903125 0.4203125000000002 0.8390625 0.4203125000000002 0.8390625 0.5265625000000002 0.903125 0.5265625000000002
0 0.8359375 0.4359375000000002 0.7796875 0.4359375000000002 0.7796875 0.5375000000000002 0.8359375 0.5375000000000002
0 0.8328125 0.3187500000000001 0.7609375 0.3187500000000001 0.7609375 0.4359375000000002 0.8328125 0.4359375000000002
0 0.9 0.2875000000000001 0.8171875 0.2875000000000001 0.8171875 0.4046875000000002 0.9 0.4046875000000002
0 0.8140625 0.21250000000000008 0.7359375 0.21250000000000008 0.7359375 0.3140625000000001 0.8140625 0.3140625000000001
0 0.7609375 0.2921875000000001 0.7171875 0.2921875000000001 0.7171875 0.3625000000000001 0.7609375 0.3625000000000001
0 0.7578125000000002 0.93125 0.7015625000000002 0.93125 0.7015625000000002 0.9953125 0.7578125000000002 0.9953125
0 0.80625 0.9625 0.7640625000000002 0.9625 0.7640625000000002 0.9953125 0.80625 0.9953125
0 0.7765625000000002 0.8828125 0.7125000000000001 0.8828125 0.7125000000000001 0.9578125 0.7765625000000002 0.9578125
0 0.7468750000000002 0.809375 0.6906250000000002 0.809375 0.6906250000000002 0.9 0.7468750000000002 0.9
0 0.7609375 0.7187500000000001 0.7203125 0.71875 0.7203125000000001 0.81875 0.7609375000000002 0.81875
0 0.7656250000000001 0.64375 0.69375 0.64375 0.6937500000000001 0.7500000000000001 0.7656250000000002 0.7500000000000002
0 0.7250000000000001 0.7125 0.6578125 0.7125 0.6578125000000001 0.8515625 0.7250000000000002 0.8515625
0 0.728125 0.5484375000000001 0.6453125 0.5484375 0.6453125 0.6656250000000001 0.728125 0.6656250000000001
0 0.790625 0.5109375000000002 0.728125 0.5109375000000002 0.728125 0.6281250000000002 0.790625 0.6281250000000002
0 0.8203125 0.5421875000000002 0.7875 0.5421875000000002 0.7875 0.6328125000000002 0.8203125 0.6328125000000002
0 0.7421875 0.4515625000000001 0.671875 0.4515625 0.671875 0.5484375000000001 0.7421875 0.5484375000000001
0 0.7921875 0.4046875000000001 0.725 0.4046875 0.725 0.5265625 0.7921875 0.5265625000000002
0 0.7578125 0.3296875000000001 0.7015625 0.3296875000000001 0.7015625 0.4515625000000001 0.7578125 0.4515625000000002
0 0.7203125 0.2500000000000001 0.6484375 0.2500000000000001 0.6484375 0.35625000000000007 0.7203125 0.35625000000000007
0 0.728125 0.2015625000000001 0.66875 0.2015625000000001 0.66875 0.2875000000000001 0.728125 0.2875000000000001
0 0.76875 0.1593750000000001 0.69375 0.1593750000000001 0.69375 0.2390625000000001 0.76875 0.2390625000000001
0 0.7234375 0.0906250000000001 0.671875 0.0906250000000001 0.671875 0.1593750000000001 0.7234375 0.1593750000000001
0 0.6796875 0.05937500000000008 0.6125 0.05937500000000007 0.6125 0.13281250000000008 0.6796875 0.13281250000000008
0 0.6203125 0.06406250000000006 0.571875 0.06406250000000006 0.571875 0.13281250000000008 0.6203125 0.13281250000000008
0 0.6859375 0.1281250000000001 0.6046875 0.1281250000000001 0.6046875 0.2078125000000001 0.6859375 0.2078125000000001
0 0.7125 0.18125000000000008 0.690625 0.18125000000000008 0.690625 0.2234375000000001 0.7125 0.2234375000000001
0 0.6796875 0.1546875000000001 0.559375 0.1546875000000001 0.559375 0.2656250000000001 0.6796875 0.2656250000000001
0 0.653125 0.2453125000000001 0.5671875 0.2453125000000001 0.5671875 0.3984375000000001 0.653125 0.3984375000000001
0 0.709375 0.3609375000000001 0.6265625 0.3609375000000001 0.6265625 0.4734375 0.709375 0.4734375
0 0.65625 0.4046875 0.575 0.4046875 0.575 0.521875 0.65625 0.521875
0 0.671875 0.484375 0.634375 0.484375 0.634375 0.5484375 0.671875 0.5484375
0 0.6453125 0.4953125 0.540625 0.4953125 0.540625 0.64375 0.6453125 0.64375
0 0.6859375 0.60625 0.615625 0.60625 0.615625 0.7234375 0.6859375 0.7234375
0 0.73125 0.5484375000000001 0.65 0.5484375 0.65 0.6484375000000001 0.73125 0.6484375000000002
0 0.6640625000000001 0.64375 0.540625 0.64375 0.5406250000000001 0.8515625 0.6640625000000002 0.8515625
0 0.6765625000000002 0.803125 0.5906250000000002 0.803125 0.5906250000000002 0.9578125 0.6765625000000002 0.9578125
0 0.7125000000000001 0.89375 0.6500000000000001 0.89375 0.6500000000000001 0.9953125 0.7125000000000001 0.9953125
0 0.6531250000000002 0.9359375 0.5515625000000002 0.9359375 0.5515625000000002 0.9953125 0.6531250000000002 0.9953125
0 0.5937500000000002 0.8453125 0.5109375000000002 0.8453125 0.5109375000000002 0.9625 0.5937500000000002 0.9625
0 0.5375000000000002 0.7609375 0.4109375000000002 0.7609375 0.4109375000000002 0.925 0.5375000000000002 0.925
0 0.5484375000000001 0.9421875 0.49218750000000017 0.9421875 0.49218750000000017 0.9953125 0.5484375000000001 0.9953125
0 0.5531250000000001 0.6859375 0.5046875 0.6859375 0.5046875000000001 0.803125 0.5531250000000002 0.803125
0 0.5671875 0.56875 0.503125 0.56875 0.503125 0.6921875 0.5671875 0.6921875
0 0.59375 0.3828125000000001 0.484375 0.3828125000000001 0.484375 0.5328125 0.59375 0.5328125
0 0.5859375 0.3187500000000001 0.5 0.3187500000000001 0.5 0.409375 0.5859375 0.409375
0 0.575 0.2765625000000001 0.51875 0.2765625000000001 0.51875 0.3296875000000001 0.575 0.3296875000000001
0 0.571875 0.2296875000000001 0.5234375 0.2296875000000001 0.5234375 0.2828125000000001 0.571875 0.2828125000000001
0 0.6078125 0.13281250000000006 0.5296875 0.13281250000000006 0.5296875 0.23437500000000008 0.6078125 0.23437500000000008
0 0.5671875 0.08437500000000006 0.5296875 0.08437500000000006 0.5296875 0.14375000000000007 0.5671875 0.1437500000000001
0 0.5375 0.07500000000000007 0.4953125 0.07500000000000007 0.4953125 0.12187500000000004 0.5375 0.12187500000000004
0 0.496875 0.037500000000000054 0.44375 0.037500000000000054 0.44375 0.09062500000000005 0.496875 0.09062500000000007
0 0.440625 0.02187500000000005 0.3765625 0.021875000000000044 0.3765625 0.10625000000000004 0.440625 0.10625000000000004
0 0.3890625 0.03750000000000005 0.3328125 0.03750000000000005 0.3328125 0.12187500000000004 0.3890625 0.12187500000000004
0 0.3515625 0.07968750000000005 0.303125 0.07968750000000005 0.303125 0.11718750000000004 0.3515625 0.11718750000000004
0 0.30625 0.07500000000000004 0.2390625 0.07500000000000002 0.2390625 0.16562500000000005 0.30625 0.16562500000000005
0 0.3546875 0.11718750000000004 0.2796875 0.11718750000000004 0.2796875 0.19687500000000005 0.3546875 0.19687500000000005
0 0.3171875 0.18125000000000005 0.25 0.18125000000000005 0.25 0.2546875 0.3171875 0.2546875
0 0.26875 0.15000000000000005 0.19375 0.15000000000000005 0.19375000000000003 0.2296875 0.26875 0.2296875
0 0.2015625 0.2078125 0.15312500000000004 0.2078125 0.15312500000000004 0.2390625 0.2015625 0.2390625
0 0.17187500000000006 0.2453125 0.11250000000000004 0.2453125 0.11250000000000004 0.2921875 0.17187500000000006 0.2921875
0 0.26875 0.234375 0.15625000000000006 0.234375 0.15625000000000006 0.303125 0.26875 0.303125
0 0.19843750000000004 0.2828125 0.13125000000000003 0.2828125 0.13125000000000003 0.409375 0.19843750000000004 0.409375
0 0.23906250000000004 0.3140625 0.19687500000000005 0.3140625 0.19687500000000005 0.409375 0.2390625000000001 0.409375
0 0.13437500000000005 0.3140625 0.10000000000000005 0.3140625 0.10000000000000005 0.3828125 0.13437500000000005 0.3828125
0 0.10156250000000004 0.378125 0.029687500000000044 0.378125 0.02968750000000005 0.484375 0.10156250000000004 0.484375
0 0.17187500000000006 0.39375 0.07500000000000004 0.39375 0.07500000000000005 0.521875 0.17187500000000006 0.521875
0 0.24218750000000008 0.4046875 0.16406250000000006 0.4046875 0.16406250000000006 0.515625 0.24218750000000008 0.515625
0 0.07812500000000007 0.478125 5.855342508423283e-17 0.478125 6.544206332943669e-17 0.590625 0.07812500000000007 0.590625
0 0.14687500000000006 0.515625 0.07187500000000006 0.515625 0.07187500000000006 0.590625 0.1468750000000001 0.590625
0 0.19843750000000007 0.50625 0.15000000000000005 0.50625 0.15000000000000008 0.5703125 0.1984375000000001 0.5703125
0 0.2765625000000001 0.4890625 0.18593750000000003 0.4890625 0.18593750000000006 0.6171875 0.2765625000000001 0.6171875
0 0.1906250000000001 0.553125 0.09375000000000007 0.553125 0.09375000000000008 0.7078125 0.1906250000000001 0.7078125
0 0.11250000000000009 0.575 0.056250000000000064 0.575 0.05625000000000008 0.68125 0.11250000000000009 0.68125
0 0.05937500000000008 0.5796875 7.099124413807313e-17 0.5796875 7.787988238327699e-17 0.6921875 0.05937500000000009 0.6921875
0 0.06406250000000009 0.6859375 8.400311637901375e-17 0.6859375 9.022202590593392e-17 0.7875 0.06406250000000009 0.7875
0 0.1375000000000001 0.68125 0.03750000000000009 0.68125 0.037500000000000096 0.7984375 0.1375000000000001 0.7984375
0 0.2093750000000001 0.659375 0.1312500000000001 0.659375 0.1312500000000001 0.7828125 0.2093750000000001 0.7828125
0 0.2765625000000001 0.6328125 0.1750000000000001 0.6328125 0.1750000000000001 0.765625 0.2765625000000001 0.765625
0 0.3109375000000001 0.5640625 0.2062500000000001 0.5640625 0.2062500000000001 0.68125 0.3109375000000001 0.68125
0 0.3468750000000001 0.5265625 0.2906250000000001 0.5265625 0.2906250000000001 0.6015625 0.3468750000000001 0.6015625
0 0.3703125000000001 0.6390625 0.3031250000000001 0.6390625 0.3031250000000001 0.7390625 0.3703125000000001 0.7390625
0 0.3625000000000001 0.7125 0.2578125000000001 0.7125 0.2578125000000001 0.8515625 0.3625000000000001 0.8515625
0 0.3765625000000001 0.825 0.2765625000000001 0.825 0.2765625000000001 0.93125 0.3765625000000001 0.93125
0 0.3515625000000001 0.915625 0.2953125000000001 0.915625 0.2953125000000001 0.9953125 0.3515625000000001 0.9953125
0 0.43750000000000017 0.871875 0.3515625000000001 0.871875 0.3515625000000001 0.984375 0.43750000000000017 0.984375
0 0.5046875000000002 0.9046875 0.4000000000000002 0.9046875 0.4000000000000002 0.9953125 0.5046875000000002 0.9953125
0 0.4546875000000001 0.7125 0.3656250000000001 0.7125 0.3656250000000001 0.871875 0.4546875000000002 0.871875
0 0.5109375 0.628125 0.4 0.628125 0.4000000000000001 0.765625 0.5109375000000002 0.765625
0 0.2953125000000001 0.9203125 0.2093750000000001 0.9203125 0.2093750000000001 0.9953125 0.2953125000000001 0.9953125
0 0.2875000000000001 0.8515625 0.2234375000000001 0.8515625 0.2234375000000001 0.9421875 0.2875000000000001 0.9421875
0 0.2687500000000001 0.7671875 0.2093750000000001 0.7671875 0.2093750000000001 0.8734375 0.2687500000000001 0.8734375
0 0.2312500000000001 0.7765625 0.1312500000000001 0.7765625 0.13125000000000012 0.9203125 0.2312500000000001 0.9203125
0 0.1906250000000001 0.8890625 0.11875000000000009 0.8890625 0.1187500000000001 0.9953125 0.19062500000000013 0.9953125
0 0.21250000000000008 0.8890625 0.10156250000000008 0.8890625 0.10156250000000011 0.9890625 0.21250000000000008 0.9890625
0 0.1421875000000001 0.771875 0.05625000000000009 0.771875 0.0562500000000001 0.909375 0.14218750000000013 0.909375
0 0.10468750000000011 0.871875 0.021875000000000106 0.871875 0.021875000000000113 0.9953125 0.10468750000000013 0.9953125
0 0.0640625000000001 0.803125 0.0187500000000001 0.803125 0.018750000000000107 0.8890625 0.0640625000000001 0.8890625
0 0.4484375 0.5578125 0.3437500000000001 0.5578125 0.3437500000000001 0.7078125 0.4484375 0.7078125
0 0.5265625 0.46875 0.4296875 0.46875 0.4296875 0.621875 0.5265625 0.621875
0 0.496875 0.3140625000000001 0.38125 0.3140625000000001 0.38125000000000003 0.478125 0.496875 0.478125
0 0.4375 0.425 0.3218750000000001 0.425 0.3218750000000001 0.575 0.4375 0.575
0 0.3656250000000001 0.37812500000000004 0.2500000000000001 0.378125 0.2500000000000001 0.553125 0.3656250000000001 0.553125
0 0.30937500000000007 0.2875 0.209375 0.2875 0.20937500000000003 0.440625 0.30937500000000007 0.440625
0 0.41875 0.23437500000000006 0.303125 0.234375 0.30312500000000003 0.39375000000000004 0.41875 0.3937500000000001
0 0.3578125 0.17500000000000004 0.3328125 0.17500000000000004 0.3328125 0.2453125 0.3578125 0.2453125
0 0.45625 0.14375000000000004 0.3515625 0.14375000000000004 0.3515625 0.27187500000000003 0.45625 0.2718750000000001
0 0.534375 0.19218750000000004 0.4375 0.19218750000000004 0.4375 0.32500000000000007 0.534375 0.32500000000000007
0 0.478125 0.09531250000000005 0.4359375 0.09531250000000005 0.4359375 0.15937500000000004 0.478125 0.15937500000000004
0 0.540625 0.11718750000000004 0.4515625 0.11718750000000004 0.4515625 0.21250000000000008 0.540625 0.21250000000000008
0 0.4328125 0.09531250000000005 0.3734375 0.09531250000000005 0.3734375 0.15468750000000003 0.4328125 0.15468750000000003