0 0.6546875000000001 0.39843750000000006 0.34843750000000007 0.3984375 0.34843750000000007 0.9125 0.6546875000000002 0.9125
0 0.8875 0.2078125000000001 0.6546875 0.2078125000000001 0.6546875 0.5906250000000001 0.8875 0.5906250000000002
0 0.646875 0.09218750000000006 0.378125 0.09218750000000005 0.37812500000000004 0.459375 0.646875 0.459375
0 0.4140625000000001 0.26875000000000004 0.11250000000000004 0.26875 0.11250000000000007 0.728125 0.41406250000000017 0.728125
0 0.8359375 0.3828125000000001 0.6875 0.3828125000000001 0.6875 0.5625000000000001 0.8359375 0.5625000000000002
0 0.73125 0.48125000000000007 0.6359375 0.48125 0.6359375 0.7109375000000001 0.73125 0.7109375000000002
0 0.7312500000000002 0.7484375000000001 0.6031250000000001 0.7484375 0.6031250000000001 0.8578125 0.7312500000000002 0.8578125
0 0.7750000000000001 0.8203125 0.6765625000000002 0.8203125 0.6765625000000002 0.9953125 0.7750000000000001 0.9953125
0 0.8515625 0.825 0.7828125000000001 0.825 0.7828125000000001 0.91875 0.8515625 0.91875
0 0.88125 0.6234375000000002 0.7390625 0.6234375000000002 0.7390625000000001 0.803125 0.88125 0.803125
4 0.934375 0.12031250000000007 1.4734031802241592e-17 0.1203125 6.821665373375491e-17 0.99375 0.934375 0.99375