0 0.9640625 0.2093750000000001 0.85625 0.2093750000000001 0.85625 0.3125000000000001 0.9640625 0.3125000000000001
0 0.975 0.1734375000000001 0.8140625 0.17343750000000008 0.8140625 0.2312500000000001 0.975 0.2312500000000001
0 0.809375 0.15781250000000008 0.6546875 0.15781250000000008 0.6546875 0.22031250000000008 0.809375 0.22031250000000008
0 0.85625 0.1921875000000001 0.7109375 0.1921875000000001 0.7109375 0.27812500000000007 0.85625 0.27812500000000007
0 0.70625 0.21250000000000008 0.5671875 0.21250000000000008 0.5671875 0.30156250000000007 0.70625 0.30156250000000007
0 0.79375 0.2593750000000001 0.6859375 0.2593750000000001 0.6859375 0.32500000000000007 0.79375 0.32500000000000007
0 0.8875 0.2750000000000001 0.753125 0.2750000000000001 0.753125 0.3984375000000001 0.8875 0.3984375000000001
0 0.959375 0.31718750000000007 0.8765625 0.31718750000000007 0.8765625 0.34843750000000007 0.959375 0.34843750000000007
0 0.9953125 0.34843750000000007 0.85625 0.34843750000000007 0.85625 0.44843750000000016 0.9953125 0.44843750000000016
0 0.984375 0.42500000000000016 0.8765625 0.42500000000000016 0.8765625 0.5281250000000002 0.984375 0.5281250000000002
0 0.953125 0.5140625000000002 0.8921875 0.5140625000000002 0.8921875 0.5593750000000002 0.953125 0.5593750000000002
0 0.8921875 0.4906250000000002 0.809375 0.4906250000000002 0.809375 0.5593750000000002 0.8921875 0.5593750000000002
0 0.8765625 0.40156250000000016 0.7625 0.40156250000000016 0.7625 0.5093750000000001 0.8765625 0.5093750000000001
0 0.7734375 0.3890625000000001 0.659375 0.3890625000000001 0.659375 0.4828125000000001 0.7734375 0.4828125000000002
0 0.753125 0.4484375000000001 0.6296875 0.4484375 0.6296875 0.4984375000000001 0.753125 0.4984375000000002
0 0.65 0.30156250000000007 0.571875 0.30156250000000007 0.571875 0.3703125000000001 0.65 0.3703125000000001
0 0.7484375 0.3203125000000001 0.6453125 0.3203125000000001 0.6453125 0.3828125000000001 0.7484375 0.3828125000000001
0 0.70625 0.34062500000000007 0.6140625 0.34062500000000007 0.6140625 0.440625 0.70625 0.440625
0 0.6703125 0.3671875000000001 0.571875 0.3671875000000001 0.571875 0.4359375 0.6703125 0.4359375
0 0.6546875 0.421875 0.571875 0.421875 0.571875 0.471875 0.6546875 0.471875
0 0.6703125 0.475 0.5765625 0.475 0.5765625 0.55625 0.6703125 0.55625
0 0.7890625 0.4875000000000001 0.665625 0.4875 0.665625 0.5609375000000001 0.7890625 0.5609375000000002
0 0.521875 0.22812500000000008 0.4546875 0.22812500000000008 0.4546875 0.31718750000000007 0.521875 0.31718750000000007
0 0.515625 0.16562500000000005 0.4125 0.16562500000000005 0.4125 0.2390625000000001 0.515625 0.2390625000000001
0 0.521875 0.14375000000000004 0.4390625 0.14375000000000004 0.4390625 0.18593750000000003 0.521875 0.18593750000000003
0 0.484375 0.12031250000000004 0.396875 0.12031250000000004 0.396875 0.16250000000000003 0.484375 0.16250000000000003
0 0.4390625 0.12343750000000005 0.3359375 0.12343750000000005 0.3359375 0.18125000000000005 0.4390625 0.18125000000000005
0 0.3921875 0.11562500000000005 0.325 0.11562500000000005 0.325 0.14687500000000003 0.3921875 0.14687500000000003
0 0.3140625 0.11250000000000004 0.2265625 0.11250000000000004 0.2265625 0.15468750000000003 0.3140625 0.15468750000000003
0 0.340625 0.14687500000000003 0.2625 0.14687500000000003 0.2625 0.2125 0.340625 0.2125
0 0.4484375 0.17812500000000003 0.35 0.17812500000000003 0.35 0.28125000000000006 0.4484375 0.2812500000000001
0 0.4484375 0.26250000000000007 0.3765625 0.26250000000000007 0.3765625 0.30937500000000007 0.4484375 0.30937500000000007
0 0.4484375 0.27031250000000007 0.2734375 0.2703125 0.2734375 0.32031250000000006 0.4484375 0.3203125000000001
0 0.38125 0.21250000000000005 0.3046875 0.2125 0.3046875 0.27812500000000007 0.38125 0.27812500000000007
0 0.3359375 0.2234375 0.2640625 0.2234375 0.2640625 0.278125 0.3359375 0.278125
0 0.2828125 0.19687500000000005 0.2375 0.19687500000000005 0.2375 0.2359375 0.2828125 0.2359375
0 0.2578125 0.13906250000000003 0.165625 0.1390625 0.16562500000000002 0.19687500000000002 0.2578125 0.19687500000000005
0 0.2375 0.08437500000000002 0.14375 0.08437500000000002 0.14375 0.15468750000000003 0.2375 0.15468750000000003
0 0.17500000000000002 0.1203125 0.09843750000000002 0.1203125 0.09843750000000002 0.1859375 0.17500000000000004 0.1859375
0 0.228125 0.17343750000000002 0.09375000000000003 0.1734375 0.09375000000000003 0.2359375 0.228125 0.2359375
0 0.20625 0.2234375 0.09218750000000002 0.2234375 0.09218750000000003 0.3203125 0.20625 0.3203125
0 0.29375 0.296875 0.18125000000000005 0.296875 0.18125000000000005 0.328125 0.29375 0.328125
0 0.12968750000000004 0.246875 0.006250000000000031 0.246875 0.006250000000000035 0.328125 0.12968750000000004 0.328125
0 0.12812500000000002 0.165625 2.0283212610878037e-17 0.165625 2.6406446606614805e-17 0.265625 0.12812500000000004 0.265625
0 0.1234375 0.1203125 0.015625000000000017 0.1203125 0.01562500000000002 0.1703125 0.1234375 0.1703125
0 0.515625 0.3437500000000001 0.453125 0.3437500000000001 0.453125 0.4015625 0.515625 0.4015625
0 0.4375 0.34062500000000007 0.3765625 0.34062500000000007 0.3765625 0.40625 0.4375 0.40625
0 0.5109375 0.4015625 0.3921875000000001 0.4015625 0.3921875000000001 0.459375 0.5109375 0.459375
0 0.46875 0.34843750000000007 0.44375 0.34843750000000007 0.44375 0.40625 0.46875 0.40625
0 0.3921875 0.35625000000000007 0.35 0.35625 0.35000000000000003 0.40625 0.3921875000000001 0.40625
0 0.35000000000000003 0.33125 0.2421875 0.33125 0.24218750000000006 0.425 0.3500000000000001 0.425
0 0.3187500000000001 0.39375 0.2578125000000001 0.39375 0.2578125000000001 0.4359375 0.3187500000000001 0.4359375
0 0.4171875 0.39843750000000006 0.3203125000000001 0.3984375 0.3203125000000001 0.459375 0.4171875 0.459375
0 0.44375 0.4484375 0.3765625000000001 0.4484375 0.3765625000000001 0.490625 0.44375 0.490625
0 0.515625 0.4484375 0.459375 0.4484375 0.459375 0.5453125 0.515625 0.5453125
0 0.515625 0.540625 0.4078125 0.540625 0.4078125 0.60625 0.515625 0.60625
0 0.46875 0.4671875 0.3812500000000001 0.4671875 0.3812500000000001 0.5640625 0.46875 0.5640625
0 0.4234375 0.525 0.34062500000000007 0.525 0.34062500000000007 0.60625 0.4234375 0.60625
0 0.3609375000000001 0.5296875 0.3046875000000001 0.5296875 0.3046875000000001 0.590625 0.3609375000000001 0.590625
0 0.32500000000000007 0.4984375 0.2468750000000001 0.4984375 0.2468750000000001 0.5671875 0.32500000000000007 0.5671875
0 0.3609375000000001 0.4640625 0.2734375000000001 0.4640625 0.2734375000000001 0.525 0.3609375000000001 0.525
0 0.3343750000000001 0.425 0.24218750000000008 0.425 0.24218750000000008 0.50625 0.3343750000000001 0.50625
0 0.38750000000000007 0.4640625 0.3296875000000001 0.4640625 0.3296875000000001 0.5296875 0.38750000000000007 0.5296875
0 0.23281250000000003 0.33125 0.14531250000000004 0.33125 0.14531250000000004 0.409375 0.2328125000000001 0.409375
0 0.2218750000000001 0.378125 0.06718750000000004 0.378125 0.06718750000000005 0.4640625 0.2218750000000001 0.4640625
0 0.2171875000000001 0.4328125 0.08750000000000005 0.4328125 0.08750000000000005 0.5140625 0.2171875000000001 0.5140625
0 0.2171875000000001 0.49375 0.10781250000000005 0.49375 0.10781250000000006 0.55625 0.2171875000000001 0.55625
0 0.21093750000000008 0.54375 0.10312500000000005 0.54375 0.10312500000000006 0.60625 0.21093750000000008 0.60625
0 0.10781250000000006 0.525 0.03593750000000007 0.525 0.035937500000000074 0.60625 0.10781250000000009 0.60625
0 0.08281250000000007 0.478125 0.010937500000000058 0.478125 0.010937500000000062 0.5484375 0.08281250000000007 0.5484375
0 0.04687500000000007 0.509375 6.23804463315683e-17 0.509375 6.764260054665459e-17 0.5953125 0.046875000000000076 0.5953125
0 0.06250000000000006 0.4484375 5.4917754899264124e-17 0.4484375 5.72139676476654e-17 0.4859375 0.06250000000000007 0.4859375
0 0.05625000000000004 0.3890625 4.7646414529326714e-17 0.3890625 5.07080315271951e-17 0.4390625 0.05625000000000004 0.4390625
0 0.09218750000000006 0.4015625 0.03125000000000004 0.4015625 0.03125000000000005 0.459375 0.09218750000000006 0.459375
0 0.16093750000000004 0.34375 0.042187500000000044 0.34375 0.04218750000000005 0.4125 0.16093750000000004 0.4125
0 0.14531250000000004 0.340625 0.07343750000000004 0.340625 0.07343750000000004 0.3640625 0.14531250000000004 0.3640625
0 0.051562500000000046 0.34375 4.209723372069027e-17 0.34375 4.487182412500848e-17 0.3890625 0.051562500000000046 0.3890625
0 0.7828125000000001 0.903125 0.7375000000000002 0.903125 0.7375000000000002 0.934375 0.7828125000000001 0.934375
0 0.7937500000000002 0.8796875 0.7468750000000002 0.8796875 0.7468750000000002 0.9078125 0.7937500000000002 0.9078125
0 0.7468750000000002 0.8765625 0.7218750000000002 0.8765625 0.7218750000000002 0.8953125 0.7468750000000002 0.8953125
0 0.7578125000000002 0.85 0.7218750000000002 0.85 0.7218750000000002 0.86875 0.7578125000000002 0.86875
0 0.7781250000000002 0.8609375 0.7578125000000002 0.8609375 0.7578125000000002 0.8796875 0.7781250000000002 0.8796875
0 0.7781250000000002 0.8265625 0.7531250000000002 0.8265625 0.7531250000000002 0.8453125 0.7781250000000002 0.8453125
0 0.7421875000000002 0.8265625 0.7218750000000002 0.8265625 0.7218750000000002 0.8453125 0.7421875000000002 0.8453125
0 0.7828125000000001 0.7921875000000002 0.7375000000000002 0.7921875000000002 0.7375000000000002 0.815625 0.7828125000000001 0.815625
0 0.7734375000000002 0.7687500000000002 0.7375000000000002 0.7687500000000002 0.7375000000000002 0.7875000000000002 0.7734375000000002 0.7875000000000002
0 0.7781250000000002 0.7265625000000002 0.7265625000000002 0.7265625000000002 0.7265625000000002 0.7640625000000002 0.7781250000000002 0.7640625000000002
0 0.7625000000000001 0.7031250000000001 0.721875 0.703125 0.721875 0.7296875 0.7625000000000002 0.7296875000000002
0 0.76875 0.6687500000000002 0.7328125 0.6687500000000002 0.7328125 0.7000000000000002 0.76875 0.7000000000000002
0 0.7421875 0.6453125000000001 0.7015625 0.6453125 0.7015625 0.6796875000000001 0.7421875 0.6796875000000002
0 0.7015625 0.6453125 0.665625 0.6453125 0.665625 0.6640625 0.7015625 0.6640625
0 0.7218750000000002 0.9046875 0.6640625000000002 0.9046875 0.6640625000000002 0.946875 0.7218750000000002 0.946875
0 0.7468750000000002 0.8734375 0.6859375000000002 0.8734375 0.6859375000000002 0.9234375 0.7468750000000002 0.9234375
0 0.7265625000000002 0.8265625 0.6703125000000002 0.8265625 0.6703125000000002 0.86875 0.7265625000000002 0.86875
0 0.7484375000000002 0.7953125000000001 0.6968750000000001 0.7953125 0.6968750000000001 0.8265625 0.7484375000000002 0.8265625
0 0.6906250000000002 0.7921875 0.6500000000000001 0.7921875 0.6500000000000001 0.8265625 0.6906250000000002 0.8265625
0 0.7468750000000002 0.7609375 0.6703125000000002 0.7609375 0.6703125000000002 0.7921875 0.7468750000000002 0.7921875000000002
0 0.721875 0.71875 0.6703125 0.71875 0.6703125000000001 0.7640625 0.7218750000000002 0.7640625
0 0.70625 0.690625 0.665625 0.690625 0.665625 0.721875 0.70625 0.721875
0 0.7328125 0.6796875000000001 0.696875 0.6796875 0.696875 0.7140625 0.7328125 0.7140625000000002
0 0.6953125 0.6640625 0.65 0.6640625 0.65 0.6875 0.6953125 0.6875
0 0.6656250000000001 0.9125 0.6234375000000002 0.9125 0.6234375000000002 0.946875 0.6656250000000001 0.946875
0 0.6250000000000002 0.921875 0.5937500000000002 0.921875 0.5937500000000002 0.95 0.6250000000000002 0.95
0 0.5875000000000001 0.915625 0.5562500000000001 0.915625 0.5562500000000001 0.953125 0.5875000000000001 0.953125
0 0.5671875000000002 0.9265625 0.5203125000000002 0.9265625 0.5203125000000002 0.9609375 0.5671875000000002 0.9609375
0 0.5359375000000002 0.9234375 0.5000000000000002 0.9234375 0.5000000000000002 0.9421875 0.5359375000000002 0.9421875
0 0.5109375000000002 0.9234375 0.4593750000000002 0.9234375 0.4593750000000002 0.9546875 0.5109375000000002 0.9546875
0 0.4593750000000002 0.91875 0.4125000000000002 0.91875 0.4125000000000002 0.9609375 0.4593750000000002 0.9609375
0 0.4125000000000002 0.9078125 0.3656250000000001 0.9078125 0.3656250000000001 0.9453125 0.4125000000000002 0.9453125
0 0.3765625000000001 0.9265625 0.3343750000000001 0.9265625 0.3343750000000001 0.953125 0.3765625000000001 0.953125
0 0.3296875000000001 0.9234375 0.29375000000000007 0.9234375 0.29375000000000007 0.9546875 0.3296875000000001 0.9546875
0 0.2890625000000001 0.915625 0.26250000000000007 0.915625 0.26250000000000007 0.9390625 0.2890625000000001 0.9390625
0 0.26250000000000007 0.91875 0.22656250000000008 0.91875 0.22656250000000008 0.953125 0.26250000000000007 0.953125
0 0.32500000000000007 0.8921875 0.2890625000000001 0.8921875 0.2890625000000001 0.9234375 0.32500000000000007 0.9234375
0 0.3656250000000001 0.903125 0.32500000000000007 0.903125 0.32500000000000007 0.9265625 0.3656250000000001 0.9265625
0 0.38750000000000007 0.88125 0.3515625000000001 0.88125 0.3515625000000001 0.9125 0.38750000000000007 0.9125
0 0.4187500000000002 0.86875 0.38750000000000007 0.86875 0.38750000000000007 0.8953125 0.4187500000000002 0.8953125
0 0.45312500000000017 0.8921875 0.3968750000000001 0.8921875 0.3968750000000001 0.91875 0.45312500000000017 0.91875
0 0.49531250000000016 0.8921875 0.4437500000000002 0.8921875 0.4437500000000002 0.91875 0.49531250000000016 0.91875
0 0.5265625000000002 0.8765625 0.4750000000000002 0.8765625 0.4750000000000002 0.915625 0.5265625000000002 0.915625
0 0.5781250000000002 0.8921875 0.5203125000000002 0.8921875 0.5203125000000002 0.91875 0.5781250000000002 0.91875
0 0.2375000000000001 0.8765625 0.1906250000000001 0.8765625 0.1906250000000001 0.9265625 0.2375000000000001 0.9265625
0 0.2734375000000001 0.8609375 0.2312500000000001 0.8609375 0.2312500000000001 0.9 0.2734375000000001 0.9
0 0.2828125000000001 0.8921875 0.2375000000000001 0.8921875 0.2375000000000001 0.915625 0.2828125000000001 0.915625
0 0.30937500000000007 0.853125 0.2671875000000001 0.853125 0.2671875000000001 0.8875 0.30937500000000007 0.8875
0 0.3453125000000001 0.86875 0.3046875000000001 0.86875 0.3046875000000001 0.8953125 0.3453125000000001 0.8953125
0 0.3609375000000001 0.834375 0.32500000000000007 0.834375 0.32500000000000007 0.86875 0.3609375000000001 0.86875
0 0.40156250000000016 0.8390625 0.35625000000000007 0.8390625 0.35625000000000007 0.8734375 0.40156250000000016 0.8734375
0 0.45312500000000017 0.853125 0.4125000000000002 0.853125 0.4125000000000002 0.8921875 0.45312500000000017 0.8921875
0 0.4906250000000002 0.8578125 0.4593750000000002 0.8578125 0.4593750000000002 0.8890625 0.4906250000000002 0.8890625
0 0.5156250000000002 0.8375 0.48437500000000017 0.8375 0.48437500000000017 0.86875 0.5156250000000002 0.86875
0 0.5468750000000002 0.8390625 0.5156250000000002 0.8390625 0.5156250000000002 0.8734375 0.5468750000000002 0.8734375
0 0.5781250000000002 0.8609375 0.5203125000000002 0.8609375 0.5203125000000002 0.9109375 0.5781250000000002 0.9109375
0 0.6453125000000002 0.8609375 0.5937500000000002 0.8609375 0.5937500000000002 0.903125 0.6453125000000002 0.903125
0 0.6703125000000002 0.8765625 0.6343750000000001 0.8765625 0.6343750000000001 0.903125 0.6703125000000002 0.903125
0 0.6656250000000001 0.8265625 0.6234375000000002 0.8265625 0.6234375000000002 0.8609375 0.6656250000000001 0.8609375
0 0.6296875000000002 0.8296875 0.5984375000000002 0.8296875 0.5984375000000002 0.8609375 0.6296875000000002 0.8609375
0 0.5937500000000002 0.8421875 0.5625000000000002 0.8421875 0.5625000000000002 0.86875 0.5937500000000002 0.86875
0 0.5765625000000002 0.821875 0.5312500000000002 0.821875 0.5312500000000002 0.8609375 0.5765625000000002 0.8609375
0 0.6125000000000002 0.8 0.5671875000000002 0.8 0.5671875000000002 0.8375 0.6125000000000002 0.8375
0 0.6546875000000002 0.7953125 0.6140625000000002 0.7953125 0.6140625000000002 0.8296875 0.6546875000000002 0.8296875
0 0.6437500000000002 0.765625 0.6031250000000001 0.765625 0.6031250000000001 0.8 0.6437500000000002 0.8
0 0.6703125000000002 0.75 0.6390625000000002 0.75 0.6390625000000002 0.784375 0.6703125000000002 0.784375
0 0.6609375000000002 0.734375 0.6093750000000002 0.734375 0.6093750000000002 0.765625 0.6609375000000002 0.765625
0 0.24218750000000008 0.8390625 0.1906250000000001 0.8390625 0.1906250000000001 0.8734375 0.24218750000000008 0.8734375
0 0.2828125000000001 0.834375 0.24218750000000008 0.834375 0.24218750000000008 0.853125 0.2828125000000001 0.853125
0 0.30937500000000007 0.81875 0.2578125000000001 0.81875 0.2578125000000001 0.8421875 0.30937500000000007 0.8421875
0 0.3609375000000001 0.803125 0.30937500000000007 0.803125 0.30937500000000007 0.834375 0.3609375000000001 0.834375
0 0.3968750000000001 0.815625 0.3500000000000001 0.815625 0.3500000000000001 0.846875 0.3968750000000001 0.846875
0 0.44843750000000016 0.81875 0.40156250000000016 0.81875 0.40156250000000016 0.8453125 0.44843750000000016 0.8453125
0 0.48437500000000017 0.8296875 0.45312500000000017 0.8296875 0.45312500000000017 0.85 0.48437500000000017 0.85
0 0.49531250000000016 0.8078125 0.46406250000000016 0.8078125 0.46406250000000016 0.8234375 0.49531250000000016 0.8234375
0 0.5468750000000002 0.80625 0.5000000000000002 0.80625 0.5000000000000002 0.834375 0.5468750000000002 0.834375
0 0.5671875000000002 0.7734375 0.5312500000000002 0.7734375 0.5312500000000002 0.815625 0.5671875000000002 0.815625
0 0.6031250000000001 0.7578125 0.5671875000000002 0.7578125 0.5671875000000002 0.8 0.6031250000000001 0.8
0 0.6031250000000001 0.721875 0.546875 0.721875 0.5468750000000001 0.7609375 0.6031250000000001 0.7609375
0 0.6140625000000001 0.703125 0.5828125 0.703125 0.5828125000000001 0.734375 0.6140625000000002 0.734375
0 0.6609375000000001 0.7109375 0.609375 0.7109375 0.6093750000000001 0.7296875 0.6609375000000002 0.7296875
0 0.65 0.6765625 0.603125 0.6765625 0.603125 0.7109375 0.65 0.7109375
0 0.665625 0.6484375 0.6140625 0.6484375 0.6140625 0.671875 0.665625 0.671875
0 0.2578125000000001 0.8109375 0.2062500000000001 0.8109375 0.2062500000000001 0.8375 0.2578125000000001 0.8375
0 0.2578125000000001 0.7796875 0.2015625000000001 0.7796875 0.2015625000000001 0.8078125 0.2578125000000001 0.8078125
0 0.2843750000000001 0.8 0.2484375000000001 0.8 0.2484375000000001 0.815625 0.2843750000000001 0.815625
0 0.32500000000000007 0.784375 0.2734375000000001 0.784375 0.2734375000000001 0.815625 0.32500000000000007 0.815625
0 0.3656250000000001 0.765625 0.3203125000000001 0.765625 0.3203125000000001 0.8 0.3656250000000001 0.8
0 0.4031250000000002 0.7609375 0.37187500000000007 0.7609375 0.37187500000000007 0.7875 0.4031250000000002 0.7875
0 0.3921875000000001 0.7875 0.35625000000000007 0.7875 0.35625000000000007 0.8140625 0.3921875000000001 0.8140625
0 0.4281250000000002 0.790625 0.3859375000000001 0.790625 0.3859375000000001 0.81875 0.4281250000000002 0.81875
0 0.46406250000000016 0.7796875 0.4281250000000002 0.7796875 0.4281250000000002 0.821875 0.46406250000000016 0.821875
0 0.43750000000000017 0.753125 0.3921875000000001 0.753125 0.3921875000000001 0.7875 0.43750000000000017 0.7875
0 0.5156250000000002 0.76875 0.44843750000000016 0.76875 0.44843750000000016 0.80625 0.5156250000000002 0.80625
0 0.5359375000000001 0.721875 0.5046875 0.721875 0.5046875000000001 0.75625 0.5359375000000002 0.75625
0 0.49531250000000016 0.734375 0.46406250000000016 0.734375 0.46406250000000016 0.76875 0.49531250000000016 0.76875
0 0.46875000000000017 0.734375 0.4234375000000002 0.734375 0.4234375000000002 0.7765625 0.46875000000000017 0.7765625
0 0.4687500000000001 0.70625 0.4125 0.70625 0.4125000000000001 0.734375 0.46875000000000017 0.734375
0 0.43281250000000016 0.7296875 0.3765625000000001 0.7296875 0.3765625000000001 0.7609375 0.43281250000000016 0.7609375
0 0.3656250000000001 0.7265625 0.34062500000000007 0.7265625 0.34062500000000007 0.7578125 0.3656250000000001 0.7578125
0 0.3453125000000001 0.725 0.29375000000000007 0.725 0.29375000000000007 0.753125 0.3453125000000001 0.753125
0 0.3140625000000001 0.7609375 0.27812500000000007 0.7609375 0.27812500000000007 0.784375 0.3140625000000001 0.784375
0 0.2687500000000001 0.7421875 0.2328125000000001 0.7421875 0.2328125000000001 0.7734375 0.2687500000000001 0.7734375
0 0.3046875000000001 0.7265625 0.26250000000000007 0.7265625 0.26250000000000007 0.7609375 0.3046875000000001 0.7609375
0 0.2328125000000001 0.753125 0.19687500000000008 0.753125 0.19687500000000008 0.7765625 0.2328125000000001 0.7765625
0 0.2531250000000001 0.721875 0.2062500000000001 0.721875 0.2062500000000001 0.7484375 0.2531250000000001 0.7484375
0 0.27812500000000007 0.70625 0.2375000000000001 0.70625 0.2375000000000001 0.7296875 0.27812500000000007 0.7296875
0 0.30937500000000007 0.703125 0.2671875000000001 0.703125 0.2671875000000001 0.7265625 0.30937500000000007 0.7265625
0 0.34062500000000007 0.703125 0.2984375000000001 0.703125 0.2984375000000001 0.71875 0.34062500000000007 0.71875
0 0.3812500000000001 0.684375 0.3296875000000001 0.684375 0.3296875000000001 0.71875 0.3812500000000001 0.71875
0 0.4078125000000001 0.70625 0.37187500000000007 0.70625 0.37187500000000007 0.7265625 0.4078125000000002 0.7265625
0 0.421875 0.66875 0.3765625000000001 0.66875 0.3765625000000001 0.7 0.421875 0.7
0 0.4484375 0.675 0.428125 0.675 0.428125 0.703125 0.4484375 0.703125
0 0.4953125 0.66875 0.453125 0.66875 0.453125 0.7 0.4953125 0.7
0 0.5000000000000001 0.6984375 0.46875 0.6984375 0.4687500000000001 0.7265625 0.5000000000000002 0.7265625
0 0.5625 0.6953125 0.5109375 0.6953125 0.5109375 0.71875 0.5625 0.71875
0 0.55625 0.6640625 0.5 0.6640625 0.5 0.690625 0.55625 0.690625
0 0.603125 0.690625 0.55625 0.690625 0.55625 0.71875 0.603125 0.71875
0 0.6078125 0.6609375 0.571875 0.6609375 0.571875 0.684375 0.6078125 0.684375
0 0.603125 0.6484375 0.571875 0.6484375 0.571875 0.6609375 0.603125 0.6609375
0 0.571875 0.6453125 0.515625 0.6453125 0.515625 0.671875 0.571875 0.671875
0 0.515625 0.6453125 0.484375 0.6453125 0.484375 0.66875 0.515625 0.66875
0 0.484375 0.6453125 0.4484375 0.6453125 0.4484375 0.6640625 0.484375 0.6640625
0 0.4484375 0.6453125 0.4078125 0.6453125 0.4078125 0.671875 0.4484375 0.671875
0 0.4125 0.6484375 0.3812500000000001 0.6484375 0.3812500000000001 0.6640625 0.4125 0.6640625
0 0.38750000000000007 0.65625 0.3515625000000001 0.65625 0.3515625000000001 0.6953125 0.38750000000000007 0.6953125
0 0.37187500000000007 0.6484375 0.3296875000000001 0.6484375 0.3296875000000001 0.6765625 0.37187500000000007 0.6765625
0 0.32500000000000007 0.6453125 0.29375000000000007 0.6453125 0.29375000000000007 0.66875 0.32500000000000007 0.66875
0 0.3296875000000001 0.671875 0.2734375000000001 0.671875 0.2734375000000001 0.70625 0.3296875000000001 0.70625
0 0.29375000000000007 0.65625 0.2687500000000001 0.65625 0.2687500000000001 0.671875 0.29375000000000007 0.671875
0 0.27812500000000007 0.671875 0.2468750000000001 0.671875 0.2468750000000001 0.6984375 0.27812500000000007 0.6984375
0 0.2687500000000001 0.6484375 0.2171875000000001 0.6484375 0.2171875000000001 0.6796875 0.2687500000000001 0.6796875
0 0.2578125000000001 0.6875 0.21093750000000008 0.6875 0.21093750000000008 0.7140625 0.2578125000000001 0.7140625
5 0.9953125 0.08437500000000009 0.540625 0.08437500000000006 0.540625 0.5828125000000001 0.9953125 0.5828125000000002
5 0.8359375 0.6218750000000001 0.15000000000000008 0.621875 0.1500000000000001 0.9921875 0.8359375 0.9921875
5 0.540625 0.06875000000000003 8.419446744138053e-18 0.06875 4.410641987554139e-17 0.6515625 0.540625 0.6515625