0 0.5171875 0.14687500000000003 0.375 0.14687500000000003 0.375 0.2062500000000001 0.5171875 0.2062500000000001
0 0.6078125 0.2796875000000001 0.4828125 0.2796875000000001 0.4828125 0.36406250000000007 0.6078125 0.36406250000000007
0 0.49375 0.27343750000000006 0.328125 0.2734375 0.32812500000000006 0.37343750000000003 0.49375 0.3734375000000001
0 0.2921875 0.2828125 0.18437500000000004 0.2828125 0.18437500000000004 0.34375 0.2921875 0.34375
0 0.3921875 0.25000000000000006 0.25 0.25 0.25 0.30625 0.3921875 0.3062500000000001
0 0.24375000000000005 0.346875 0.08906250000000004 0.346875 0.08906250000000004 0.40625 0.24375000000000008 0.40625
0 0.31562500000000004 0.3171875 0.2203125 0.3171875 0.22031250000000005 0.39375 0.3156250000000001 0.39375
0 0.14843750000000006 0.3765625 0.012500000000000044 0.3765625 0.01250000000000005 0.4671875 0.14843750000000006 0.4671875
0 0.2671875000000001 0.3875 0.12500000000000006 0.3875 0.12500000000000006 0.453125 0.2671875000000001 0.453125
0 0.459375 0.36406250000000007 0.2687500000000001 0.3640625 0.2687500000000001 0.453125 0.459375 0.453125
0 0.6484375 0.3703125000000001 0.4703125 0.3703125000000001 0.4703125 0.453125 0.6484375 0.453125
0 0.50625 0.4234375 0.3453125000000001 0.4234375 0.3453125000000001 0.5265625 0.50625 0.5265625
0 0.678125 0.44375 0.5125 0.44375 0.5125 0.55 0.678125 0.55
0 0.7625 0.4531250000000001 0.6375 0.453125 0.6375 0.55 0.7625 0.5500000000000002
0 0.3218750000000001 0.446875 0.14843750000000006 0.446875 0.14843750000000006 0.5390625 0.3218750000000001 0.5390625
0 0.09531250000000006 0.5359375 6.563341439180346e-17 0.5359375 7.099124413807313e-17 0.6234375 0.09531250000000006 0.6234375
0 0.48906250000000007 0.6265625 0.3046875000000001 0.6265625 0.3046875000000001 0.7296875 0.4890625000000002 0.7296875
0 0.6375 0.55625 0.446875 0.55625 0.446875 0.6734375 0.6375 0.6734375
0 0.6546875000000001 0.646875 0.4703125 0.646875 0.4703125000000001 0.74375 0.6546875000000002 0.74375
0 0.74375 0.5578125 0.625 0.5578125 0.625 0.6578125000000001 0.74375 0.6578125000000001
0 0.49375 0.534375 0.3812500000000001 0.534375 0.3812500000000001 0.6109375 0.49375 0.6109375
0 0.3578125000000001 0.596875 0.2500000000000001 0.596875 0.2500000000000001 0.646875 0.3578125000000001 0.646875
0 0.3453125000000001 0.54375 0.2078125000000001 0.54375 0.2078125000000001 0.596875 0.3453125000000001 0.596875
0 0.2562500000000001 0.5671875 0.11250000000000009 0.5671875 0.11250000000000009 0.653125 0.2562500000000001 0.653125
0 0.3750000000000001 0.64375 0.17187500000000008 0.64375 0.17187500000000008 0.753125 0.3750000000000001 0.753125
0 0.1843750000000001 0.653125 0.07187500000000009 0.653125 0.07187500000000009 0.7375 0.1843750000000001 0.7375
0 0.07812500000000008 0.603125 7.386151007357474e-17 0.603125 7.692312707144312e-17 0.653125 0.07812500000000008 0.653125
0 0.07187500000000009 0.65625 8.036744619404505e-17 0.65625 8.553392487794795e-17 0.740625 0.07187500000000009 0.740625
0 0.12500000000000008 0.7203125 0.02343750000000009 0.7203125 0.023437500000000094 0.8296875 0.12500000000000008 0.8296875
0 0.26250000000000007 0.75 0.11875000000000009 0.75 0.11875000000000009 0.84375 0.26250000000000007 0.84375
0 0.3515625000000001 0.746875 0.1906250000000001 0.746875 0.1906250000000001 0.8125 0.3515625000000001 0.8125
0 0.5359375000000002 0.7296875 0.35625000000000007 0.7296875 0.35625000000000007 0.79375 0.5359375000000002 0.79375
0 0.3937500000000001 0.796875 0.2687500000000001 0.796875 0.2687500000000001 0.859375 0.3937500000000001 0.859375