0 0.8734375 0.2953125000000001 0.7453125 0.2953125000000001 0.7453125 0.49218750000000017 0.8734375 0.49218750000000017
0 0.7390625000000001 0.5578125 0.640625 0.5578125 0.6406250000000001 0.7921875 0.7390625000000002 0.7921875000000002
0 0.6390625 0.4921875 0.4875 0.4921875 0.4875 0.6609375 0.6390625 0.6609375
0 0.6218750000000001 0.69375 0.4109375 0.69375 0.41093750000000007 0.9953125 0.6218750000000002 0.9953125
0 0.4828125 4.869884537234397e-17 0.3125 3.827021247335479e-17 0.3125 0.30000000000000004 0.4828125 0.3000000000000001
0 0.709375 0.14218750000000008 0.6 0.14218750000000008 0.6 0.3062500000000001 0.709375 0.3062500000000001
0 0.7234375 0.2296875000000001 0.6078125 0.2296875000000001 0.6078125 0.4046875 0.7234375 0.4046875
0 0.6265625 0.06562500000000007 0.528125 0.06562500000000007 0.528125 0.2515625000000001 0.6265625 0.2515625000000001
0 0.728125 0.006250000000000084 0.6375 0.0062500000000000775 0.6375 0.1921875000000001 0.728125 0.1921875000000001
0 0.8 0.07187500000000009 0.715625 0.07187500000000009 0.715625 0.2468750000000001 0.8 0.2468750000000001
0 0.8 9.079607909303425e-17 0.6828125 8.362041425428021e-17 0.6828125 0.09218750000000009 0.8 0.09218750000000009
0 0.46562500000000007 0.02812500000000003 3.444319122601931e-18 0.028125 5.597018574228137e-17 0.8859375 0.4656250000000002 0.8859375