0 0.34062500000000007 0.2421875 0.16718750000000004 0.2421875 0.16718750000000004 0.484375 0.34062500000000007 0.484375
0 0.7140625 0.25781250000000006 0.228125 0.2578125 0.22812500000000005 0.603125 0.7140625 0.603125
0 0.6796875 0.4078125 0.4015625 0.4078125 0.4015625 0.5875 0.6796875 0.5875
0 0.9765625 0.1953125000000001 0.66875 0.19531250000000008 0.66875 0.5515625000000001 0.9765625 0.5515625000000002
0 0.721875 0.2828125000000001 0.6640625 0.2828125000000001 0.6640625 0.4484375 0.721875 0.4484375
0 0.6953125 0.2984375000000001 0.625 0.2984375000000001 0.625 0.459375 0.6953125 0.459375
0 0.6765625 0.4015625 0.590625 0.4015625 0.590625 0.5 0.6765625 0.5
0 0.6375 0.34062500000000007 0.5953125 0.34062500000000007 0.5953125 0.4234375 0.6375 0.4234375
0 0.7375 0.4703125000000001 0.675 0.4703125 0.675 0.5421875 0.7375 0.5421875000000002
0 0.590625 0.4015625 0.5515625 0.4015625 0.5515625 0.459375 0.590625 0.459375
0 0.6140625 0.10312500000000006 0.3546875 0.10312500000000005 0.35468750000000004 0.4125 0.6140625 0.4125
0 0.6140625 0.06250000000000007 0.490625 0.06250000000000007 0.490625 0.2328125000000001 0.6140625 0.2328125000000001
0 0.35625000000000007 0.006250000000000026 0.078125 0.006250000000000008 0.07812500000000003 0.4234375 0.35625000000000007 0.4234375
0 0.6453125 6.123233995736765e-17 0.3546875 4.343669115725768e-17 0.3546875 0.22187500000000004 0.6453125 0.2218750000000001
0 0.6953125 0.1390625000000001 0.621875 0.1390625000000001 0.621875 0.2843750000000001 0.6953125 0.2843750000000001