0 0.84375 0.4703125000000001 0.5671875 0.4703125 0.5671875000000001 0.99375 0.84375 0.99375
0 0.9109375 0.940625 0.8578125 0.940625 0.8578125 0.99375 0.9109375 0.99375
0 0.990625 0.9046875 0.9328125 0.9046875 0.9328125 0.99375 0.990625 0.99375
0 0.840625 0.2687500000000001 0.49375 0.2687500000000001 0.49375 0.51875 0.840625 0.5187500000000002
0 0.95625 0.33281250000000007 0.753125 0.33281250000000007 0.753125 0.815625 0.95625 0.815625
0 0.9734375 0.3515625000000001 0.8734375 0.3515625000000001 0.8734375 0.5890625000000002 0.9734375 0.5890625000000002
0 0.95625 0.0953125000000001 0.7671875 0.09531250000000009 0.7671875 0.3453125000000001 0.95625 0.3453125000000001
0 0.7796875 0.1312500000000001 0.7203125 0.1312500000000001 0.7203125 0.2500000000000001 0.7796875 0.2500000000000001
0 0.7359375 0.16093750000000007 0.5203125 0.16093750000000004 0.5203125 0.3265625000000001 0.7359375 0.3265625000000001
0 0.64375 5.759666977239896e-17 0.296875 3.6356701849687046e-17 0.296875 0.07187500000000006 0.64375 0.07187500000000009
0 0.340625 2.085726579797836e-17 0 0 1.4255654146324658e-17 0.2328125 0.340625 0.2328125
0 0.6234375000000001 0.4828125 0.056250000000000064 0.4828125 0.05625000000000009 0.99375 0.6234375000000002 0.99375
0 0.5703125 0.26250000000000007 0.19062500000000004 0.2625 0.19062500000000007 0.5953125 0.5703125 0.5953125
0 0.259375 0.16562500000000002 2.0283212610878037e-17 0.165625 6.190206867565137e-17 0.8453125 0.2593750000000001 0.8453125
3 0.4203125000000002 0.8984375 0.3859375000000001 0.8984375 0.3859375000000001 0.99375 0.4203125000000002 0.99375