0 0.95 0.5671875000000002 0.7921875 0.5671875000000002 0.7921875 0.9234375 0.95 0.9234375
0 0.96875 0.865625 0.8421875 0.865625 0.8421875 0.99375 0.96875 0.99375
0 0.8953125 0.6937500000000001 0.696875 0.69375 0.6968750000000001 0.99375 0.8953125 0.99375
0 0.7390625000000001 0.6234375000000001 0.471875 0.6234375 0.4718750000000001 0.99375 0.7390625000000002 0.99375
0 0.596875 0.471875 0.465625 0.471875 0.46562500000000007 0.7265625 0.5968750000000002 0.7265625
0 0.5562500000000001 0.63125 0.3968750000000001 0.63125 0.3968750000000001 0.98125 0.5562500000000001 0.98125
0 0.45312500000000017 0.878125 0.31718750000000007 0.878125 0.31718750000000007 0.99375 0.45312500000000017 0.99375
0 0.4187500000000002 0.821875 0.34843750000000007 0.821875 0.34843750000000007 0.9296875 0.4187500000000002 0.9296875
0 0.3968750000000001 0.7828125 0.31718750000000007 0.7828125 0.31718750000000007 0.98125 0.3968750000000001 0.98125
0 0.3234375000000001 0.8921875 0.22656250000000008 0.8921875 0.22656250000000008 0.99375 0.3234375000000001 0.99375
0 0.22656250000000008 0.9421875 0.18906250000000013 0.9421875 0.18906250000000013 0.99375 0.22656250000000008 0.99375
0 0.2328125000000001 0.7515625 0.14062500000000008 0.7515625 0.1406250000000001 0.99375 0.2328125000000001 0.99375
0 0.31718750000000007 0.796875 0.2296875000000001 0.796875 0.2296875000000001 0.9359375 0.31718750000000007 0.9359375
0 0.31718750000000007 0.63125 0.2328125000000001 0.63125 0.2328125000000001 0.828125 0.31718750000000007 0.828125
0 0.3781250000000001 0.65 0.3140625000000001 0.65 0.3140625000000001 0.815625 0.3781250000000001 0.815625
0 0.43437500000000007 0.5671875 0.3546875000000001 0.5671875 0.3546875000000001 0.7265625 0.4343750000000002 0.7265625
0 0.428125 0.3765625 0.3390625000000001 0.3765625 0.3390625000000001 0.5421875 0.428125 0.5421875
0 0.503125 0.2484375000000001 0.440625 0.2484375000000001 0.440625 0.4453125 0.503125 0.4453125
0 0.3593750000000001 0.509375 0.28593750000000007 0.509375 0.28593750000000007 0.6625 0.3593750000000001 0.6625
0 0.2953125000000001 0.5921875 0.2484375000000001 0.5921875 0.2484375000000001 0.65625 0.2953125000000001 0.65625
0 0.30156250000000007 0.4140625 0.20468750000000008 0.4140625 0.20468750000000008 0.6046875 0.30156250000000007 0.6046875
0 0.2484375000000001 0.5609375 0.15781250000000008 0.5609375 0.15781250000000008 0.7390625 0.2484375000000001 0.7390625
0 0.18906250000000008 0.675 0.08750000000000009 0.675 0.0875000000000001 0.8921875 0.18906250000000008 0.8921875
0 0.13906250000000012 0.834375 0.0218750000000001 0.834375 0.02187500000000011 0.99375 0.13906250000000014 0.99375
0 0.11562500000000006 0.528125 0.006250000000000064 0.528125 0.006250000000000077 0.7265625 0.11562500000000009 0.7265625
0 0.0937500000000001 0.7203125 0.006250000000000089 0.7203125 0.006250000000000104 0.96875 0.09375000000000011 0.96875
0 0.03125000000000011 0.815625 9.9885254555456e-17 0.815625 1.1079226511036212e-16 0.99375 0.031250000000000125 0.99375
0 0.012500000000000091 0.675 8.266365894244634e-17 0.675 9.089175462421762e-17 0.809375 0.0125000000000001 0.809375
0 0.08437500000000006 0.35625 4.362804221962446e-17 0.35625 5.616153680464816e-17 0.5609375 0.08437500000000006 0.5609375
0 0.18906250000000005 0.3640625 0.09687500000000004 0.3640625 0.09687500000000006 0.5359375 0.18906250000000005 0.5359375
0 0.25781250000000006 0.2296875 0.17968750000000006 0.2296875 0.17968750000000006 0.4265625 0.2578125000000001 0.4265625
0 0.2890625 0.08281250000000004 0.1859375 0.08281250000000002 0.18593750000000003 0.2609375 0.2890625 0.2609375
0 0.18906250000000002 0.14687500000000003 0.1 0.146875 0.10000000000000002 0.325 0.18906250000000005 0.325
0 0.12031250000000004 0.2234375 0.034375000000000024 0.2234375 0.03437500000000003 0.4015625 0.12031250000000004 0.4015625
0 0.15000000000000005 0.33125 0.09687500000000004 0.33125 0.09687500000000004 0.4328125 0.15000000000000005 0.4328125
0 0.05000000000000003 0.2671875 3.2721031664718344e-17 0.2671875 3.81745369421714e-17 0.35625 0.050000000000000044 0.35625
0 0.06875000000000003 0.096875 1.1863765866739984e-17 0.096875 2.315347854637965e-17 0.28125 0.06875000000000005 0.28125
0 0.13906250000000003 0.012500000000000011 0.059375 0.012500000000000006 0.05937500000000001 0.2234375 0.13906250000000003 0.2234375
0 0.1859375 1.7508622206559815e-17 0.1 1.2246467991473533e-17 0.1 0.14062500000000003 0.1859375 0.14062500000000006
0 0.2671875 2.7554552980815448e-17 0.1828125 2.2388074296912548e-17 0.1828125 0.07656250000000002 0.2671875 0.07656250000000002
0 0.2109375 0.08281250000000002 0.1765625 0.08281250000000002 0.1765625 0.13437500000000002 0.2109375 0.13437500000000005
0 0.078125 4.783776559169349e-18 0 0 3.922696778518866e-18 0.0640625 0.078125 0.0640625
0 0.05937500000000001 0.0578125 7.079989307570636e-18 0.0578125 9.75890418070547e-18 0.1015625 0.059375000000000025 0.1015625
0 0.7546875000000001 0.3828125000000001 0.6203125 0.3828125000000001 0.6203125 0.8859375 0.7546875000000002 0.8859375