0 0.9296875 0.006250000000000096 0.6453125 0.0062500000000000775 0.6453125 0.2828125000000001 0.9296875 0.2828125000000001
0 0.675 0.053125000000000075 0.55625 0.05312500000000007 0.55625 0.1546875000000001 0.675 0.1546875000000001
0 0.5296875 0.2500000000000001 0.48125 0.2500000000000001 0.48125 0.3140625000000001 0.5296875 0.3140625000000001
0 0.4890625 0.4203125 0.4703125 0.4203125 0.4703125 0.440625 0.4890625 0.440625
0 0.5515625 0.5046875 0.5265625 0.5046875 0.5265625 0.5375 0.5515625 0.5375
0 0.59375 0.415625 0.540625 0.415625 0.540625 0.4953125 0.59375 0.4953125
0 0.63125 0.3203125000000001 0.5828125 0.3203125000000001 0.5828125 0.4 0.63125 0.4
0 0.671875 0.25468750000000007 0.6234375 0.25468750000000007 0.6234375 0.34062500000000007 0.671875 0.34062500000000007
0 0.690625 0.1859375000000001 0.6609375 0.1859375000000001 0.6609375 0.23437500000000008 0.690625 0.23437500000000008
0 0.75 0.1906250000000001 0.709375 0.1906250000000001 0.709375 0.2609375000000001 0.75 0.2609375000000001
0 0.7875 0.23437500000000008 0.7234375 0.23437500000000008 0.7234375 0.3609375000000001 0.7875 0.3609375000000001
0 0.728125 0.2453125000000001 0.6640625 0.2453125000000001 0.6640625 0.3890625000000001 0.728125 0.3890625000000001
0 0.6859375 0.3359375000000001 0.596875 0.3359375000000001 0.596875 0.453125 0.6859375 0.453125
0 0.790625 0.37187500000000007 0.671875 0.37187500000000007 0.671875 0.4359375000000001 0.790625 0.4359375000000002
0 0.8546875 0.32500000000000007 0.80625 0.32500000000000007 0.80625 0.4046875000000002 0.8546875 0.4046875000000002
0 0.825 0.3515625000000001 0.7875 0.3515625000000001 0.7875 0.4046875000000002 0.825 0.4046875000000002
0 0.8734375 0.37187500000000007 0.7953125 0.37187500000000007 0.7953125 0.4359375000000002 0.8734375 0.4359375000000002
0 0.9 0.4359375000000002 0.7546875 0.4359375000000002 0.7546875000000001 0.7921875000000002 0.9 0.7921875000000002
0 0.7640625 0.5531250000000001 0.7203125 0.553125 0.7203125 0.7078125000000001 0.7640625 0.7078125000000002
0 0.6203125 0.4890625 0.5640625 0.4890625 0.5640625 0.5484375 0.6203125 0.5484375
0 0.7390625 0.4625000000000001 0.615625 0.4625 0.615625 0.5796875000000001 0.7390625 0.5796875000000001
0 0.76875 0.4890625000000002 0.7390625 0.4890625000000002 0.7390625 0.5484375000000001 0.76875 0.5484375000000001
0 0.7234375 0.56875 0.6609375 0.56875 0.6609375 0.665625 0.7234375 0.665625
0 0.7015625 0.6125 0.6421875 0.6125 0.6421875 0.703125 0.7015625 0.703125
0 0.653125 0.584375 0.5890625 0.584375 0.5890625 0.6703125 0.653125 0.6703125
0 0.59375 0.5421875 0.5640625 0.5421875 0.5640625 0.6171875 0.59375 0.6171875
0 0.5718750000000001 0.628125 0.49375 0.628125 0.4937500000000001 0.728125 0.5718750000000001 0.728125
0 0.49687500000000007 0.6765625 0.421875 0.6765625 0.4218750000000001 0.7828125 0.4968750000000002 0.7828125
0 0.5484375000000001 0.7390625 0.5000000000000002 0.7390625 0.5000000000000002 0.7875 0.5484375000000001 0.7875
0 0.4703125000000002 0.7765625 0.4359375000000002 0.7765625 0.4359375000000002 0.825 0.4703125000000002 0.825
0 0.6500000000000001 0.7078125 0.590625 0.7078125 0.5906250000000001 0.8140625 0.6500000000000001 0.8140625
0 0.7421875000000002 0.7390625000000001 0.6531250000000002 0.7390625 0.6531250000000002 0.8890625 0.7421875000000002 0.8890625
3 0.6875 0.14375000000000007 0.4671875 0.14375000000000004 0.4671875 0.521875 0.6875 0.521875