0 0.996875 0.934375 0.9015625 0.934375 0.9015625 0.9953125 0.996875 0.9953125
0 0.953125 0.875 0.8578125 0.875 0.8578125 0.9953125 0.953125 0.9953125
0 0.996875 0.8140625 0.8875 0.8140625 0.8875 0.9296875 0.996875 0.9296875
0 0.996875 0.7437500000000001 0.934375 0.7437500000000001 0.934375 0.8359375 0.996875 0.8359375
0 0.9890625 0.6828125000000002 0.9015625 0.6828125000000002 0.9015625 0.803125 0.9890625 0.803125
0 0.9640625 0.5687500000000002 0.884375 0.5687500000000002 0.884375 0.6890625000000001 0.9640625 0.6890625000000001
0 0.996875 0.5515625000000002 0.9484375 0.5515625000000002 0.9484375 0.6937500000000002 0.996875 0.6937500000000002
0 0.996875 0.43750000000000017 0.93125 0.43750000000000017 0.93125 0.5843750000000002 0.996875 0.5843750000000002
0 0.934375 0.4703125000000002 0.846875 0.4703125000000002 0.846875 0.5796875000000001 0.934375 0.5796875000000001
0 0.890625 0.5625000000000002 0.825 0.5625000000000002 0.825 0.6828125000000002 0.890625 0.6828125000000002
0 0.846875 0.6281250000000002 0.7453125 0.6281250000000002 0.7453125 0.7593750000000001 0.846875 0.7593750000000001
0 0.8953125 0.7265625000000002 0.8078125 0.7265625000000002 0.8078125 0.8640625 0.8953125 0.8640625
0 0.86875 0.846875 0.8109375 0.846875 0.8109375 0.978125 0.86875 0.978125
0 0.840625 0.825 0.7500000000000002 0.825 0.7500000000000002 0.978125 0.840625 0.978125
0 0.8359375 0.9078125 0.7203125000000001 0.9078125 0.7203125000000001 0.9953125 0.8359375 0.9953125
0 0.7890625000000002 0.7984375000000001 0.7015625000000002 0.7984375 0.7015625000000002 0.9125 0.7890625000000002 0.9125
0 0.8140625 0.7656250000000002 0.7671875000000001 0.7656250000000002 0.7671875000000001 0.83125 0.8140625 0.83125
0 0.7890625000000001 0.7156250000000001 0.715625 0.715625 0.7156250000000001 0.809375 0.7890625000000002 0.809375
0 0.7234375000000001 0.7 0.6796875 0.7 0.6796875000000001 0.74375 0.7234375000000002 0.74375
0 0.7609375 0.6609375000000001 0.70625 0.6609375 0.70625 0.7156250000000001 0.7609375 0.7156250000000002
0 0.7453125 0.6062500000000001 0.6734375 0.60625 0.6734375 0.6890625000000001 0.7453125 0.6890625000000001
0 0.7015625000000001 0.65625 0.640625 0.65625 0.6406250000000001 0.7546875 0.7015625000000002 0.7546875
0 0.7640625 0.5578125 0.6765625 0.5578125 0.6765625 0.6343750000000001 0.7640625 0.6343750000000001
0 0.7421875 0.5078125000000001 0.690625 0.5078125 0.690625 0.5578125 0.7421875 0.5578125000000002
0 0.8046875 0.4421875000000002 0.728125 0.4421875000000002 0.728125 0.5734375000000002 0.8046875 0.5734375000000002
0 0.8328125 0.5250000000000001 0.7671875 0.5250000000000001 0.7671875 0.6281250000000002 0.8328125 0.6281250000000002
0 0.8796875 0.5078125000000002 0.8078125 0.5078125000000002 0.8078125 0.5906250000000002 0.8796875 0.5906250000000002
0 0.9234375 0.3765625000000001 0.7453125 0.3765625000000001 0.7453125 0.5031250000000002 0.9234375 0.5031250000000002
0 0.7921875 0.4046875000000001 0.7234375 0.4046875 0.7234375 0.48125000000000007 0.7921875 0.4812500000000002
0 0.996875 0.37187500000000007 0.9234375 0.37187500000000007 0.9234375 0.46406250000000016 0.996875 0.46406250000000016
0 0.996875 0.2906250000000001 0.9453125 0.2906250000000001 0.9453125 0.4109375000000002 0.996875 0.4109375000000002
0 0.95 0.2953125000000001 0.8953125 0.2953125000000001 0.8953125 0.3656250000000001 0.95 0.3656250000000001
0 0.996875 0.2234375000000001 0.93125 0.2234375000000001 0.93125 0.3062500000000001 0.996875 0.3062500000000001
0 0.95625 0.1968750000000001 0.8953125 0.19687500000000008 0.8953125 0.2671875000000001 0.95625 0.2671875000000001
0 0.996875 0.19687500000000013 0.95625 0.19687500000000013 0.95625 0.2453125000000001 0.996875 0.2453125000000001
0 0.9859375 0.11562500000000013 0.9125 0.11562500000000013 0.9125 0.19218750000000012 0.9859375 0.19218750000000012
0 0.996875 0.12656250000000013 0.978125 0.12656250000000013 0.978125 0.20312500000000008 0.996875 0.20312500000000008
0 0.95 0.1812500000000001 0.88125 0.18125000000000008 0.88125 0.2796875000000001 0.95 0.2796875000000001
0 0.9015625 0.19687500000000008 0.8625 0.19687500000000008 0.8625 0.2515625000000001 0.9015625 0.2515625000000001
0 0.8984375 0.2234375000000001 0.825 0.2234375000000001 0.825 0.31718750000000007 0.8984375 0.31718750000000007
0 0.865625 0.3062500000000001 0.821875 0.3062500000000001 0.821875 0.3765625000000001 0.865625 0.3765625000000001
0 0.934375 0.31718750000000007 0.8625 0.31718750000000007 0.8625 0.37187500000000007 0.934375 0.37187500000000007
0 0.821875 0.2578125000000001 0.7453125 0.2578125000000001 0.7453125 0.3781250000000001 0.821875 0.3781250000000001
0 0.8078125 0.2406250000000001 0.73125 0.2406250000000001 0.73125 0.3218750000000001 0.8078125 0.3218750000000001
0 0.825 0.1531250000000001 0.7671875 0.1531250000000001 0.7671875 0.27812500000000007 0.825 0.27812500000000007
0 0.8734375 0.14218750000000008 0.79375 0.14218750000000008 0.79375 0.2296875000000001 0.8734375 0.2296875000000001
0 0.8734375 0.0609375000000001 0.7859375 0.06093750000000009 0.7859375 0.18125000000000008 0.8734375 0.18125000000000008
0 0.9171875 0.06093750000000011 0.8625 0.06093750000000011 0.8625 0.1593750000000001 0.9171875 0.15937500000000013
0 0.7640625 8.888256846936651e-17 0.6875 8.419446744138054e-17 0.6875 0.1140625000000001 0.7640625 0.1140625000000001
0 0.7921875 0.10468750000000009 0.73125 0.10468750000000009 0.73125 0.14843750000000008 0.7921875 0.14843750000000008
0 0.78125 0.1312500000000001 0.73125 0.1312500000000001 0.73125 0.1859375000000001 0.78125 0.1859375000000001
0 0.7640625 0.1531250000000001 0.6796875 0.1531250000000001 0.6796875 0.2671875000000001 0.7640625 0.2671875000000001
0 0.728125 0.10468750000000009 0.659375 0.10468750000000009 0.659375 0.20312500000000008 0.728125 0.20312500000000008
0 0.7125 0.04375000000000008 0.621875 0.04375000000000008 0.621875 0.15781250000000008 0.7125 0.15781250000000008
0 0.734375 0.2671875000000001 0.6734375 0.2671875000000001 0.6734375 0.3390625000000001 0.734375 0.3390625000000001
0 0.7671875 0.3390625000000001 0.7203125 0.3390625000000001 0.7203125 0.4093750000000001 0.7671875 0.40937500000000016
0 0.7265625 0.3218750000000001 0.64375 0.3218750000000001 0.64375 0.42656250000000007 0.7265625 0.4265625000000002
0 0.7203125 0.409375 0.6578125 0.409375 0.6578125 0.525 0.7203125 0.525
0 0.6765625 0.48125 0.5890625 0.48125 0.5890625 0.6125 0.6765625 0.6125
0 0.66875 0.60625 0.6078125 0.60625 0.6078125 0.7 0.66875 0.7
0 0.6875000000000002 0.7546875 0.6437500000000002 0.7546875 0.6437500000000002 0.7984375 0.6875000000000002 0.7984375
0 0.7093750000000002 0.78125 0.6718750000000002 0.78125 0.6718750000000002 0.8640625 0.7093750000000002 0.8640625
0 0.6875000000000002 0.8578125 0.6140625000000002 0.8578125 0.6140625000000002 0.9515625 0.6875000000000002 0.9515625
0 0.7156250000000002 0.8859375 0.6328125000000002 0.8859375 0.6328125000000002 0.9953125 0.7156250000000002 0.9953125
0 0.6687500000000002 0.7984375 0.6328125000000002 0.7984375 0.6328125000000002 0.8578125 0.6687500000000002 0.8578125
0 0.6375000000000002 0.7765625 0.5390625000000002 0.7765625 0.5390625000000002 0.91875 0.6375000000000002 0.91875
0 0.6218750000000002 0.890625 0.5265625000000002 0.890625 0.5265625000000002 0.9953125 0.6218750000000002 0.9953125
0 0.5421875000000002 0.9453125 0.4734375000000002 0.9453125 0.4734375000000002 0.9953125 0.5421875000000002 0.9953125
0 0.64375 0.69375 0.5703125 0.69375 0.5703125000000001 0.7984375 0.6437500000000002 0.7984375
0 0.5859375000000001 0.634375 0.5171875 0.634375 0.5171875000000001 0.7375 0.5859375000000002 0.7375
0 0.6078125 0.6125 0.5671875 0.6125 0.5671875 0.69375 0.6078125 0.69375
0 0.5640625 0.5578125 0.4765625 0.5578125 0.4765625 0.6671875 0.5640625 0.6671875
0 0.603125 0.546875 0.5640625 0.546875 0.5640625 0.6171875 0.603125 0.6171875
0 0.596875 0.4203125 0.534375 0.4203125 0.534375 0.5359375 0.596875 0.5359375
0 0.659375 0.415625 0.59375 0.415625 0.59375 0.4921875 0.659375 0.4921875
0 0.61875 0.3234375000000001 0.5390625 0.3234375000000001 0.5390625 0.421875 0.61875 0.421875
0 0.6625 0.3281250000000001 0.6140625 0.3281250000000001 0.6140625 0.4046875 0.6625 0.4046875
0 0.6875 0.2843750000000001 0.6140625 0.2843750000000001 0.6140625 0.3281250000000001 0.6875 0.3281250000000001
0 0.64375 0.2687500000000001 0.6 0.2687500000000001 0.6 0.3234375000000001 0.64375 0.3234375000000001
0 0.6765625 0.1750000000000001 0.5921875 0.1750000000000001 0.5921875 0.2843750000000001 0.6765625 0.2843750000000001
0 0.6515625 0.1531250000000001 0.5671875 0.1531250000000001 0.5671875 0.2562500000000001 0.6515625 0.2562500000000001
0 0.621875 0.037500000000000075 0.5375 0.03750000000000007 0.5375 0.15312500000000007 0.621875 0.1531250000000001
0 0.640625 0.05937500000000008 0.6109375 0.05937500000000007 0.6109375 0.08750000000000008 0.640625 0.08750000000000009
0 0.684375 0.00625000000000008 0.6359375 0.0062500000000000775 0.6359375 0.050000000000000086 0.684375 0.050000000000000086
0 0.575 0.01562500000000007 0.534375 0.015625000000000066 0.534375 0.07656250000000006 0.575 0.07656250000000006
0 0.6109375 7.079989307570636e-17 0.5453125 6.678152076600411e-17 0.5453125 0.04843750000000007 0.6109375 0.04843750000000008
0 0.55 0.12031250000000007 0.484375 0.12031250000000004 0.484375 0.19062500000000007 0.55 0.1906250000000001
0 0.58125 0.16406250000000006 0.5234375 0.16406250000000006 0.5234375 0.2234375000000001 0.58125 0.2234375000000001
0 0.596875 0.2406250000000001 0.5421875 0.2406250000000001 0.5421875 0.3062500000000001 0.596875 0.3062500000000001
0 0.5453125 0.2250000000000001 0.484375 0.2250000000000001 0.484375 0.2906250000000001 0.5453125 0.2906250000000001
0 0.5203125 0.16406250000000006 0.4546875 0.16406250000000006 0.4546875 0.2453125000000001 0.5203125 0.2453125000000001
0 0.4796875 0.10312500000000005 0.4359375 0.10312500000000005 0.4359375 0.16406250000000006 0.4796875 0.16406250000000006
0 0.534375 0.05937500000000007 0.4734375 0.05937500000000007 0.4734375 0.12031250000000004 0.534375 0.12031250000000004
0 0.5125 5.702261658529863e-17 0.41875 5.128208471429541e-17 0.41875 0.054687500000000056 0.5125 0.05468750000000007
0 0.4359375 0.00625000000000005 0.375 0.006250000000000047 0.375 0.09375000000000004 0.4359375 0.09375000000000004
0 0.4578125 0.07656250000000006 0.4078125 0.07656250000000005 0.4078125 0.12031250000000004 0.4578125 0.12031250000000004
0 0.4515625 0.12031250000000004 0.375 0.12031250000000004 0.375 0.21875000000000008 0.4515625 0.21875000000000008
0 0.4875 0.21250000000000008 0.425 0.21250000000000008 0.425 0.2953125000000001 0.4875 0.2953125000000001
0 0.4625 0.2250000000000001 0.396875 0.2250000000000001 0.396875 0.35625000000000007 0.4625 0.35625000000000007
0 0.4875 0.2843750000000001 0.45 0.2843750000000001 0.45 0.3609375000000001 0.4875 0.3609375000000001
0 0.534375 0.2953125000000001 0.46875 0.2953125000000001 0.46875 0.415625 0.534375 0.415625
0 0.5421875 0.2890625000000001 0.5046875 0.2890625000000001 0.5046875 0.3609375000000001 0.5421875 0.3609375000000001
0 0.55 0.3828125000000001 0.5171875 0.3828125000000001 0.5171875 0.4484375 0.55 0.4484375
0 0.5390625 0.3937500000000001 0.4625 0.3937500000000001 0.4625 0.4921875 0.5390625 0.4921875
0 0.5390625 0.4703125 0.4625 0.4703125 0.4625 0.590625 0.5390625 0.590625
0 0.4765625 0.540625 0.428125 0.540625 0.428125 0.6171875 0.4765625 0.6171875
0 0.509375 0.6453125 0.44375 0.6453125 0.44375 0.7109375 0.509375 0.7109375
0 0.5531250000000001 0.7 0.46875 0.7 0.4687500000000001 0.825 0.5531250000000002 0.825
0 0.5453125000000002 0.8140625 0.4734375000000002 0.8140625 0.4734375000000002 0.9015625 0.5453125000000002 0.9015625
0 0.5234375000000002 0.896875 0.4546875000000002 0.896875 0.4546875000000002 0.9890625 0.5234375000000002 0.9890625
0 0.4734375000000002 0.86875 0.4187500000000002 0.86875 0.4187500000000002 0.9625 0.4734375000000002 0.9625
0 0.4515625000000002 0.9125 0.37187500000000007 0.9125 0.37187500000000007 0.9953125 0.4515625000000002 0.9953125
0 0.48437500000000017 0.809375 0.4265625000000002 0.809375 0.4265625000000002 0.8796875 0.48437500000000017 0.8796875
0 0.4703125000000001 0.6890625 0.3828125000000001 0.6890625 0.3828125000000001 0.8421875 0.4703125000000002 0.8421875
0 0.4546875 0.584375 0.3890625000000001 0.584375 0.3890625000000001 0.671875 0.4546875 0.671875
0 0.4296875 0.48125 0.36406250000000007 0.48125 0.36406250000000007 0.590625 0.4296875 0.590625
0 0.465625 0.4484375 0.4140625 0.4484375 0.4140625 0.5359375 0.465625 0.5359375
0 0.48125 0.35625000000000007 0.4046875 0.35625000000000007 0.4046875 0.44375 0.48125 0.44375
0 0.41875 0.4046875 0.3453125000000001 0.4046875 0.3453125000000001 0.4859375 0.41875 0.4859375
0 0.403125 0.38281250000000006 0.3531250000000001 0.3828125 0.3531250000000001 0.43125 0.403125 0.43125
0 0.35625000000000007 0.3828125 0.3125000000000001 0.3828125 0.3125000000000001 0.4375 0.35625000000000007 0.4375
0 0.4046875 0.31093750000000003 0.3390625 0.3109375 0.33906250000000004 0.38281250000000006 0.4046875 0.3828125000000001
0 0.39687500000000003 0.2515625 0.309375 0.2515625 0.30937500000000007 0.37187500000000007 0.3968750000000001 0.37187500000000007
0 0.4140625 0.19687500000000005 0.3453125 0.19687500000000005 0.3453125 0.28906250000000006 0.4140625 0.2890625000000001
0 0.375 0.12656250000000005 0.309375 0.12656250000000005 0.309375 0.21406250000000004 0.375 0.2140625000000001
0 0.3671875 0.050000000000000044 0.3203125 0.050000000000000044 0.3203125 0.13750000000000004 0.3671875 0.13750000000000004
0 0.371875 4.286263797015736e-17 0.328125 4.0183723097022526e-17 0.328125 0.05468750000000004 0.371875 0.05468750000000004
0 0.3265625 0.021875000000000033 0.24375 0.021875000000000026 0.24375 0.12500000000000006 0.3265625 0.12500000000000006
0 0.3203125 0.11562500000000005 0.2875 0.11562500000000005 0.2875 0.18125000000000005 0.3203125 0.18125000000000005
0 0.290625 0.14218750000000005 0.2296875 0.14218750000000005 0.2296875 0.2453125 0.290625 0.2453125
0 0.3453125 0.2078125 0.2796875 0.2078125 0.2796875 0.3 0.3453125 0.3
0 0.284375 0.2515625 0.2046875 0.2515625 0.2046875 0.34375 0.284375 0.34375
0 0.33125000000000004 0.3109375 0.246875 0.3109375 0.24687500000000004 0.415625 0.3312500000000001 0.415625
0 0.30937500000000007 0.415625 0.2515625000000001 0.415625 0.2515625000000001 0.4921875 0.30937500000000007 0.4921875
0 0.3531250000000001 0.4484375 0.2843750000000001 0.4484375 0.2843750000000001 0.503125 0.3531250000000001 0.503125
0 0.3593750000000001 0.48125 0.2875000000000001 0.48125 0.2875000000000001 0.590625 0.3593750000000001 0.590625
0 0.2687500000000001 0.48125 0.17812500000000003 0.48125 0.17812500000000006 0.6234375 0.2687500000000001 0.6234375
0 0.40312500000000007 0.6015625 0.3234375000000001 0.6015625 0.3234375000000001 0.7265625 0.4031250000000002 0.7265625
0 0.3312500000000001 0.5953125 0.2765625000000001 0.5953125 0.2765625000000001 0.7109375 0.3312500000000001 0.7109375
0 0.35625000000000007 0.7046875 0.26250000000000007 0.7046875 0.26250000000000007 0.8421875 0.35625000000000007 0.8421875
0 0.4187500000000002 0.809375 0.3343750000000001 0.809375 0.3343750000000001 0.934375 0.4187500000000002 0.934375
0 0.3343750000000001 0.8203125 0.24375000000000008 0.8203125 0.24375000000000008 0.9625 0.3343750000000001 0.9625
0 0.3890625000000001 0.9671875 0.3125000000000001 0.9671875 0.3125000000000001 0.9953125 0.3890625000000001 0.9953125
0 0.34843750000000007 0.9234375 0.2765625000000001 0.9234375 0.2765625000000001 0.9890625 0.34843750000000007 0.9890625
0 0.2656250000000001 0.7875 0.1781250000000001 0.7875 0.1781250000000001 0.896875 0.2656250000000001 0.896875
0 0.2328125000000001 0.875 0.1453125000000001 0.875 0.14531250000000012 0.9953125 0.2328125000000001 0.9953125
0 0.30156250000000007 0.95625 0.2250000000000001 0.95625 0.2250000000000001 0.9953125 0.30156250000000007 0.9953125
0 0.27031250000000007 0.6609375 0.1609375000000001 0.6609375 0.1609375000000001 0.809375 0.27031250000000007 0.809375
0 0.2765625000000001 0.628125 0.22812500000000008 0.628125 0.22812500000000008 0.7 0.2765625000000001 0.7
0 0.2218750000000001 0.6015625 0.1703125000000001 0.6015625 0.1703125000000001 0.678125 0.2218750000000001 0.678125
0 0.1828125000000001 0.5796875 0.08437500000000006 0.5796875 0.08437500000000007 0.7046875 0.1828125000000001 0.7046875
0 0.16406250000000008 0.7109375 0.07656250000000009 0.7109375 0.0765625000000001 0.83125 0.16406250000000008 0.83125
0 0.18125000000000008 0.809375 0.1312500000000001 0.809375 0.1312500000000001 0.8796875 0.18125000000000008 0.8796875
0 0.15312500000000012 0.8578125 0.06562500000000011 0.8578125 0.06562500000000011 0.9671875 0.15312500000000012 0.9671875
0 0.13750000000000012 0.9515625 0.06562500000000011 0.9515625 0.06562500000000011 0.9953125 0.13750000000000012 0.9953125
0 0.06875000000000012 0.9078125 1.1117496723509566e-16 0.9078125 1.1653279698136533e-16 0.9953125 0.06875000000000012 0.9953125
0 0.0765625000000001 0.759375 0.010937500000000095 0.759375 0.010937500000000102 0.890625 0.07656250000000012 0.890625
0 0.007812500000000106 0.809375 9.91198503059889e-17 0.809375 1.0447768005225858e-16 0.896875 0.007812500000000111 0.896875
0 0.029687500000000082 0.6453125 7.902798875747763e-17 0.6453125 8.668203125214859e-17 0.7703125 0.02968750000000009 0.7703125
0 0.0984375000000001 0.65 0.03593750000000008 0.65 0.03593750000000008 0.759375 0.0984375000000001 0.759375
0 0.08437500000000007 0.56875 0.004687500000000069 0.56875 0.004687500000000075 0.6671875 0.08437500000000009 0.6671875
0 0.04687500000000007 0.5234375 6.410260589286927e-17 0.5234375 6.946043563913895e-17 0.6109375 0.046875000000000076 0.6109375
0 0.15312500000000007 0.51875 0.06250000000000007 0.51875 0.06250000000000007 0.60625 0.1531250000000001 0.60625
0 0.18593750000000006 0.5140625 0.14843750000000006 0.5140625 0.14843750000000006 0.60625 0.1859375000000001 0.60625
0 0.15937500000000004 0.459375 0.08750000000000006 0.459375 0.08750000000000006 0.5359375 0.15937500000000004 0.5359375
0 0.18125000000000005 0.415625 0.09843750000000004 0.415625 0.09843750000000005 0.496875 0.18125000000000005 0.496875
0 0.2593750000000001 0.4046875 0.17187500000000006 0.4046875 0.17187500000000006 0.5078125 0.2593750000000001 0.5078125
0 0.10156250000000004 0.4375 0.03593750000000005 0.4375 0.03593750000000006 0.540625 0.10156250000000004 0.540625
0 0.07656250000000006 0.3875 4.7455063466959936e-17 0.3875 5.520478149281428e-17 0.5140625 0.07656250000000006 0.5140625
0 0.054687500000000056 0.44375 0.003125000000000054 0.44375 0.0031250000000000574 0.4984375 0.05468750000000007 0.4984375
0 0.13125000000000003 0.3546875 0.06562500000000004 0.3546875 0.06562500000000004 0.4375 0.13125000000000003 0.4375
0 0.18593750000000003 0.3125 0.12031250000000004 0.3125 0.12031250000000004 0.3890625 0.18593750000000003 0.3890625
0 0.2109375 0.3109375 0.17500000000000004 0.3109375 0.17500000000000004 0.3609375 0.2109375 0.3609375
0 0.2078125 0.2359375 0.13125000000000003 0.2359375 0.13125000000000003 0.334375 0.2078125 0.334375
0 0.2265625 0.13125000000000003 0.1390625 0.13125 0.13906250000000003 0.2515625 0.2265625 0.2515625
0 0.2578125 0.10312500000000005 0.2109375 0.10312500000000005 0.2109375 0.15312500000000004 0.2578125 0.15312500000000004
0 0.246875 0.010937500000000025 0.15625 0.01093750000000002 0.15625 0.12031250000000002 0.246875 0.12031250000000004
0 0.15625 0.039062500000000014 0.109375 0.039062500000000014 0.109375 0.08281250000000002 0.15625 0.08281250000000002
0 0.15625 0.08281250000000002 0.0984375 0.08281250000000002 0.09843750000000001 0.1265625 0.15625 0.1265625
0 0.16718750000000002 0.1140625 0.1015625 0.1140625 0.10156250000000003 0.2078125 0.16718750000000004 0.2078125
0 0.10156250000000003 0.1265625 0.03281250000000001 0.1265625 0.032812500000000015 0.2140625 0.10156250000000004 0.2140625
0 0.09843750000000002 0.0921875 0.050000000000000024 0.0921875 0.050000000000000024 0.13125 0.09843750000000002 0.13125
0 0.109375 0.015625000000000007 0.0359375 0.015625000000000007 0.035937500000000004 0.08750000000000001 0.109375 0.08750000000000002
0 0.03281250000000001 2.0091861548511265e-18 0 0 5.35782974626967e-18 0.0875 0.03281250000000001 0.0875
0 0.046875000000000014 0.0859375 1.0524308430172567e-17 0.0859375 1.6264840301175787e-17 0.1796875 0.04687500000000002 0.1796875
0 0.04062500000000003 0.1640625 2.0091861548511263e-17 0.1640625 2.611942001306464e-17 0.2625 0.040625000000000036 0.2625
0 0.08750000000000004 0.21875 0.003125000000000026 0.21875 0.003125000000000034 0.34375 0.08750000000000005 0.34375
0 0.13906250000000003 0.2125 0.08125000000000002 0.2125 0.08125000000000003 0.2953125 0.13906250000000003 0.2953125
0 0.12343750000000005 0.2953125 0.051562500000000046 0.2953125 0.051562500000000046 0.3546875 0.12343750000000005 0.3546875
0 0.06875000000000005 0.3453125 0.03281250000000004 0.3453125 0.03281250000000004 0.3890625 0.06875000000000005 0.3890625
0 0.032812500000000036 0.2671875 3.2721031664718344e-17 0.2671875 3.913129225400527e-17 0.371875 0.03281250000000004 0.371875
0 0.07343750000000006 0.35 4.286263797015736e-17 0.35 4.984695174654461e-17 0.4640625 0.07343750000000007 0.4640625