0 0.996875 0.825 0.8234375 0.825 0.8234375 0.99375 0.996875 0.99375
0 0.996875 0.4937500000000002 0.9265625 0.4937500000000002 0.9265625 0.8765625 0.996875 0.8765625
0 0.996875 0.22031250000000008 0.8953125 0.22031250000000008 0.8953125 0.6171875000000002 0.996875 0.6171875000000002
0 0.9328125 0.6359375000000002 0.8171875 0.6359375000000002 0.8171875 0.9609375 0.9328125 0.9609375
0 0.840625 0.565625 0.590625 0.565625 0.5906250000000001 0.9875 0.840625 0.9875
0 0.7406250000000002 0.9421875 0.5843750000000002 0.9421875 0.5843750000000002 0.99375 0.7406250000000002 0.99375
0 0.2390625000000001 0.6359375 7.787988238327699e-17 0.6359375 9.978957902427261e-17 0.99375 0.2390625000000001 0.99375
0 0.09531250000000004 5.8362074021866065e-18 0 0 3.501724441311963e-17 0.571875 0.09531250000000006 0.571875
0 0.17187500000000006 1.148106374200644e-17 0.015625 1.9135106236677394e-18 0.015625000000000038 0.6296875 0.17187500000000008 0.6296875
0 0.08593750000000008 0.578125 7.079989307570636e-17 0.578125 7.912366428866102e-17 0.7140625 0.08593750000000008 0.7140625
0 0.15312500000000007 0.475 0.10312500000000005 0.475 0.10312500000000006 0.64375 0.1531250000000001 0.64375
0 0.24218750000000008 0.4421875 0.15000000000000005 0.4421875 0.15000000000000008 0.7140625 0.24218750000000008 0.7140625
0 0.33281250000000007 0.65625 0.23593750000000008 0.65625 0.23593750000000008 0.9609375 0.33281250000000007 0.9609375
0 0.3734375000000001 0.8640625 0.2968750000000001 0.8640625 0.2968750000000001 0.99375 0.3734375000000001 0.99375
0 0.43750000000000017 0.921875 0.3671875000000001 0.921875 0.3671875000000001 0.99375 0.43750000000000017 0.99375
0 0.2906250000000001 0.909375 0.24218750000000008 0.909375 0.24218750000000008 0.99375 0.2906250000000001 0.99375
0 0.4531250000000001 0.7140625 0.3296875000000001 0.7140625 0.3296875000000001 0.896875 0.45312500000000017 0.896875
0 0.4468750000000002 0.8375 0.3859375000000001 0.8375 0.3859375000000001 0.915625 0.4468750000000002 0.915625
0 0.5343750000000002 0.8953125 0.44062500000000016 0.8953125 0.44062500000000016 0.99375 0.5343750000000002 0.99375
0 0.5843750000000002 0.8953125 0.5343750000000002 0.8953125 0.5343750000000002 0.99375 0.5843750000000002 0.99375
0 0.8921875 0.0843750000000001 0.6578125 0.08437500000000009 0.6578125 0.6296875000000001 0.8921875 0.6296875000000002
0 0.996875 1.0801767470604389e-16 0.7671875 9.3953371622086e-17 0.7671875 0.3109375000000001 0.996875 0.3109375000000001
0 0.5484375000000001 0.578125 0.4625 0.578125 0.4625000000000001 0.8703125 0.5484375000000001 0.8703125
0 0.596875 0.6421875 0.5046875 0.6421875 0.5046875000000001 0.915625 0.5968750000000002 0.915625
0 0.6781250000000001 0.5328125 0.578125 0.5328125 0.5781250000000001 0.7265625 0.6781250000000002 0.7265625
0 0.74375 0.44218750000000007 0.6484375 0.4421875 0.6484375 0.6359375 0.74375 0.6359375000000002
0 0.8265625 0.5265625000000002 0.759375 0.5265625000000002 0.759375 0.6437500000000002 0.8265625 0.6437500000000002
0 0.6296875 0.36406250000000007 0.5296875 0.36406250000000007 0.5296875 0.571875 0.6296875 0.571875
0 0.553125 0.2984375000000001 0.41875 0.2984375000000001 0.41875 0.4609375 0.553125 0.4609375
0 0.5140625 0.3765625000000001 0.3890625000000001 0.3765625000000001 0.3890625000000001 0.5515625 0.5140625 0.5515625
0 0.46875 0.475 0.3515625000000001 0.475 0.3515625000000001 0.6890625 0.46875 0.6890625
0 0.5203125 0.5515625 0.440625 0.5515625 0.440625 0.7140625 0.5203125 0.7140625
0 0.6078125 0.13750000000000007 0.5046875 0.13750000000000004 0.5046875 0.3453125000000001 0.6078125 0.3453125000000001
0 0.58125 0.007812500000000066 0.4890625 0.00781250000000006 0.4890625 0.18281250000000007 0.58125 0.1828125000000001
0 0.6546875 0.045312500000000075 0.6171875 0.045312500000000075 0.6171875 0.2531250000000001 0.6546875 0.2531250000000001
0 0.715625 0.04531250000000008 0.6421875 0.045312500000000075 0.6421875 0.2984375000000001 0.715625 0.2984375000000001
0 0.778125 8.955229718765019e-17 0.684375 8.381176531664698e-17 0.684375 0.18125000000000008 0.778125 0.18125000000000008
0 0.7703125 8.122852597469554e-17 0.55625 6.812097820257152e-17 0.55625 0.08437500000000007 0.7703125 0.08437500000000009
0 0.4796875 4.362804221962446e-17 0.2328125 2.8511308292649316e-17 0.2328125 0.24062500000000003 0.4796875 0.2406250000000001
0 0.428125 0.24062500000000003 0.3296875 0.240625 0.3296875 0.51875 0.428125 0.51875
0 0.36406250000000007 0.39687500000000003 0.2687500000000001 0.396875 0.2687500000000001 0.5453125 0.36406250000000007 0.5453125
0 0.40312500000000007 0.50625 0.30937500000000007 0.50625 0.30937500000000007 0.728125 0.4031250000000002 0.728125
0 0.30937500000000007 0.5515625 0.22656250000000008 0.5515625 0.22656250000000008 0.7015625 0.30937500000000007 0.7015625
0 0.26875000000000004 0.30625 0.16562500000000005 0.30625 0.16562500000000005 0.48125 0.2687500000000001 0.48125
0 0.2843750000000001 0.4359375 0.23593750000000008 0.4359375 0.23593750000000008 0.553125 0.2843750000000001 0.553125
0 0.278125 0.045312500000000026 0.184375 0.04531250000000002 0.184375 0.2984375 0.278125 0.2984375
0 0.3609375 0.16250000000000003 0.2875 0.16250000000000003 0.2875 0.3046875 0.3609375 0.3046875
0 0.33281250000000007 0.30625 0.290625 0.30625 0.290625 0.384375 0.33281250000000007 0.384375
0 0.3828125 0.13750000000000004 0.3359375 0.13750000000000004 0.3359375 0.22187500000000004 0.3828125 0.2218750000000001
0 0.996875 6.104098889500089e-17 0 0 6.084963783263412e-17 0.99375 0.996875 0.99375