0 0.996875 0.3937500000000001 0.9703125 0.3937500000000001 0.9703125 0.4593750000000002 0.996875 0.4593750000000002
0 0.996875 0.3656250000000001 0.9703125 0.3656250000000001 0.9703125 0.3937500000000001 0.996875 0.3937500000000001
0 0.9703125 0.3828125000000001 0.953125 0.3828125000000001 0.953125 0.4265625000000002 0.9703125 0.4265625000000002
0 0.9609375 0.3781250000000001 0.9171875 0.3781250000000001 0.9171875 0.42187500000000017 0.9609375 0.42187500000000017
0 0.95625 0.3390625000000001 0.9171875 0.3390625000000001 0.9171875 0.3765625000000001 0.95625 0.3765625000000001
0 0.9203125 0.3234375000000001 0.8359375 0.3234375000000001 0.8359375 0.4109375000000002 0.9203125 0.4109375000000002
0 0.8359375 0.30156250000000007 0.75625 0.30156250000000007 0.75625 0.3890625000000001 0.8359375 0.3890625000000001
0 0.771875 0.3500000000000001 0.7140625 0.3500000000000001 0.7140625 0.44218750000000007 0.771875 0.4421875000000002
0 0.8515625 0.3828125000000001 0.771875 0.3828125000000001 0.771875 0.4750000000000002 0.8515625 0.4750000000000002
0 0.9203125 0.4046875000000002 0.84375 0.4046875000000002 0.84375 0.5078125000000002 0.9203125 0.5078125000000002
0 0.953125 0.4156250000000002 0.915625 0.4156250000000002 0.915625 0.4812500000000002 0.953125 0.4812500000000002
0 0.99375 0.46406250000000016 0.9390625 0.46406250000000016 0.9390625 0.5250000000000001 0.99375 0.5250000000000001
0 0.9640625 0.4812500000000002 0.9015625 0.4812500000000002 0.9015625 0.5406250000000001 0.9640625 0.5406250000000001
0 0.934375 0.5031250000000002 0.8765625 0.5031250000000002 0.8765625 0.5796875000000001 0.934375 0.5796875000000001
0 0.8734375 0.4750000000000002 0.8078125 0.4750000000000002 0.8078125 0.5578125000000002 0.8734375 0.5578125000000002
0 0.846875 0.5031250000000002 0.8 0.5031250000000002 0.8 0.5906250000000002 0.846875 0.5906250000000002
0 0.8546875 0.5906250000000002 0.81875 0.5906250000000002 0.81875 0.6390625000000002 0.8546875 0.6390625000000002
0 0.8296875 0.6062500000000002 0.7890625 0.6062500000000002 0.7890625 0.6671875000000002 0.8296875 0.6671875000000002
0 0.8109375 0.5078125000000002 0.7484375 0.5078125000000002 0.7484375 0.6015625000000002 0.8109375 0.6015625000000002
0 0.78125 0.48125000000000007 0.7234375 0.48125 0.7234375 0.5687500000000001 0.78125 0.5687500000000002
0 0.73125 0.4703125000000001 0.6875 0.4703125 0.6875 0.5250000000000001 0.73125 0.5250000000000001
0 0.709375 0.496875 0.665625 0.496875 0.665625 0.540625 0.709375 0.540625
0 0.7203125 0.5296875 0.69375 0.5296875 0.69375 0.5796875 0.7203125 0.5796875
0 0.6796875 0.4375 0.6328125 0.4375 0.6328125 0.496875 0.6796875 0.496875
0 0.6625 0.4640625 0.6109375 0.4640625 0.6109375 0.525 0.6625 0.525
0 0.6109375 0.48125 0.5671875 0.48125 0.5671875 0.525 0.6109375 0.525
0 0.64375 0.5078125 0.578125 0.5078125 0.578125 0.6015625 0.64375 0.6015625
0 0.6984375 0.5359375 0.6296875 0.5359375 0.6296875 0.634375 0.6984375 0.634375
0 0.7609375 0.5578125 0.703125 0.5578125 0.703125 0.6562500000000001 0.7609375 0.6562500000000002
0 0.7921875 0.6453125000000002 0.734375 0.6453125000000002 0.734375 0.6937500000000002 0.7921875 0.6937500000000002
0 0.7609375 0.6718750000000001 0.7171875 0.671875 0.7171875 0.721875 0.7609375 0.7218750000000002
0 0.7281250000000001 0.7000000000000001 0.684375 0.7 0.6843750000000001 0.7546875000000001 0.7281250000000001 0.7546875000000002
0 0.728125 0.6171875000000001 0.684375 0.6171875 0.684375 0.7000000000000001 0.728125 0.7000000000000002
0 0.690625 0.628125 0.621875 0.628125 0.621875 0.69375 0.690625 0.69375
0 0.6265625 0.590625 0.571875 0.590625 0.571875 0.678125 0.6265625 0.678125
0 0.578125 0.5296875 0.50625 0.5296875 0.50625 0.65 0.578125 0.65
0 0.5671875 0.48125 0.5015625 0.48125 0.5015625 0.540625 0.5671875 0.540625
0 0.509375 0.5140625 0.440625 0.5140625 0.440625 0.628125 0.509375 0.628125
0 0.509375 0.628125 0.4515625 0.628125 0.4515625 0.7109375 0.509375 0.7109375
0 0.5671875000000001 0.6390625 0.4984375 0.6390625 0.4984375000000001 0.74375 0.5671875000000002 0.74375
0 0.6140625000000001 0.7109375 0.5453125 0.7109375 0.5453125000000001 0.803125 0.6140625000000002 0.803125
0 0.6359375 0.678125 0.578125 0.678125 0.5781250000000001 0.7765625 0.6359375000000002 0.7765625
0 0.6796875000000001 0.6609375 0.61875 0.6609375 0.6187500000000001 0.78125 0.6796875000000002 0.78125
0 0.6906250000000002 0.74375 0.6578125000000001 0.74375 0.6578125000000001 0.7875 0.6906250000000002 0.7875
0 0.6546875000000002 0.7765625 0.6187500000000001 0.7765625 0.6187500000000001 0.8140625 0.6546875000000002 0.8140625
0 0.4515625 0.584375 0.3781250000000001 0.584375 0.3781250000000001 0.65 0.4515625 0.65
0 0.4265625 0.546875 0.3609375000000001 0.546875 0.3609375000000001 0.628125 0.4265625 0.628125
0 0.5500000000000002 0.7375 0.4734375000000002 0.7375 0.4734375000000002 0.8640625 0.5500000000000002 0.8640625
0 0.4875000000000001 0.65625 0.4109375 0.65625 0.41093750000000007 0.78125 0.48750000000000016 0.78125
0 0.36406250000000007 0.503125 0.2796875000000001 0.503125 0.2796875000000001 0.6125 0.36406250000000007 0.6125
0 0.3156250000000001 0.540625 0.2218750000000001 0.540625 0.2218750000000001 0.678125 0.3156250000000001 0.678125
0 0.3781250000000001 0.60625 0.2906250000000001 0.60625 0.2906250000000001 0.7328125 0.3781250000000001 0.7328125
0 0.4265625 0.628125 0.37187500000000007 0.628125 0.37187500000000007 0.69375 0.4265625 0.69375
0 0.4375000000000001 0.69375 0.3609375000000001 0.69375 0.3609375000000001 0.825 0.43750000000000017 0.825
0 0.47968750000000016 0.7875 0.4078125000000002 0.7875 0.4078125000000002 0.9015625 0.47968750000000016 0.9015625
0 0.5375000000000002 0.8640625 0.47656250000000017 0.8640625 0.47656250000000017 0.9296875 0.5375000000000002 0.9296875
0 0.5859375000000002 0.8359375 0.5234375000000002 0.8359375 0.5234375000000002 0.890625 0.5859375000000002 0.890625
0 0.47968750000000016 0.9078125 0.4109375000000002 0.9078125 0.4109375000000002 0.978125 0.47968750000000016 0.978125
0 0.42500000000000016 0.825 0.3531250000000001 0.825 0.3531250000000001 0.9515625 0.42500000000000016 0.9515625
0 0.42968750000000017 0.9515625 0.3609375000000001 0.9515625 0.3609375000000001 0.9953125 0.42968750000000017 0.9953125
0 0.3671875000000001 0.853125 0.2796875000000001 0.853125 0.2796875000000001 0.978125 0.3671875000000001 0.978125
0 0.3750000000000001 0.7265625 0.2796875000000001 0.7265625 0.2796875000000001 0.8578125 0.3750000000000001 0.8578125
0 0.2953125000000001 0.803125 0.2156250000000001 0.803125 0.2156250000000001 0.9234375 0.2953125000000001 0.9234375
0 0.2984375000000001 0.6828125 0.21093750000000008 0.6828125 0.21093750000000008 0.809375 0.2984375000000001 0.809375
0 0.24375000000000008 0.6234375 0.16406250000000008 0.6234375 0.16406250000000008 0.7484375 0.24375000000000008 0.7484375
0 0.2406250000000001 0.503125 0.14218750000000005 0.503125 0.14218750000000008 0.6453125 0.2406250000000001 0.6453125
0 0.15625000000000008 0.5734375 0.07343750000000007 0.5734375 0.07343750000000007 0.7046875 0.15625000000000008 0.7046875
0 0.1703125000000001 0.6828125 0.13437500000000008 0.6828125 0.13437500000000008 0.759375 0.1703125000000001 0.759375
0 0.1390625000000001 0.7109375 0.07343750000000009 0.7109375 0.07343750000000009 0.7875 0.1390625000000001 0.7875
0 0.21093750000000008 0.7375 0.1312500000000001 0.7375 0.1312500000000001 0.83125 0.21093750000000008 0.83125
0 0.2328125000000001 0.8140625 0.11562500000000009 0.8140625 0.11562500000000012 0.9671875 0.2328125000000001 0.9671875
0 0.2796875000000001 0.91875 0.19687500000000013 0.91875 0.19687500000000013 0.9953125 0.2796875000000001 0.9953125
0 0.20468750000000008 0.9515625 0.11718750000000014 0.9515625 0.11718750000000014 0.9953125 0.20468750000000008 0.9953125
0 0.1281250000000001 0.8859375 0.007812500000000108 0.8859375 0.007812500000000114 0.9953125 0.12812500000000013 0.9953125
0 0.13437500000000008 0.765625 0.025000000000000088 0.765625 0.0250000000000001 0.896875 0.13437500000000008 0.896875
0 0.0578125000000001 0.721875 8.840419081344957e-17 0.721875 9.739769074468794e-17 0.86875 0.057812500000000114 0.86875
0 0.018750000000000114 0.8640625 1.0581713748882599e-16 0.8640625 1.1318415338994681e-16 0.984375 0.01875000000000012 0.984375
0 0.0906250000000001 0.6453125 0.010937500000000077 0.6453125 0.010937500000000084 0.7484375 0.0906250000000001 0.7484375
0 0.2 0.240625 0.10937500000000004 0.240625 0.10937500000000004 0.3546875 0.2 0.3546875
0 0.13125000000000003 0.328125 0.08750000000000005 0.328125 0.08750000000000005 0.3546875 0.13125000000000003 0.3546875
0 0.05156250000000005 0.371875 0.018750000000000044 0.371875 0.01875000000000005 0.4640625 0.05156250000000007 0.4640625
0 0.10937500000000004 0.240625 0.03593750000000003 0.240625 0.03593750000000004 0.35 0.10937500000000004 0.35
0 0.11250000000000002 0.1796875 0.04062500000000002 0.1796875 0.04062500000000003 0.2625 0.11250000000000004 0.2625
0 0.04687500000000003 0.196875 2.4110233858213517e-17 0.196875 2.7458877449632062e-17 0.2515625 0.046875000000000035 0.2515625
0 0.02968750000000004 0.2515625 3.080752104105061e-17 0.2515625 3.5112919944303015e-17 0.321875 0.029687500000000044 0.321875
0 0.040625000000000015 0.08125 9.950255243072244e-18 0.08125 1.6360515832359172e-17 0.1859375 0.04062500000000002 0.1859375
0 0.06875000000000002 0.0984375 0.03281250000000001 0.0984375 0.032812500000000015 0.1578125 0.06875000000000002 0.1578125
0 0.13125 0.1375 0.07343750000000002 0.1375 0.07343750000000002 0.18125 0.13125 0.18125
0 0.07968750000000002 0.153125 0.029687500000000023 0.153125 0.029687500000000023 0.196875 0.07968750000000002 0.196875
0 0.1390625 0.06562500000000002 0.08125 0.065625 0.08125000000000002 0.153125 0.1390625 0.153125
0 0.196875 0.09218750000000002 0.1390625 0.09218750000000002 0.1390625 0.153125 0.196875 0.15312500000000004
0 0.246875 0.09375000000000003 0.2 0.09375000000000003 0.2 0.14843750000000006 0.246875 0.14843750000000006
0 0.3046875 0.054687500000000035 0.2546875 0.05468750000000002 0.2546875 0.13593750000000004 0.3046875 0.13593750000000004
0 0.290625 0.12500000000000006 0.246875 0.12500000000000006 0.246875 0.17500000000000004 0.290625 0.17500000000000004
0 0.328125 0.12500000000000006 0.2953125 0.12500000000000006 0.2953125 0.16406250000000006 0.328125 0.16406250000000006
0 0.375 0.07656250000000005 0.3234375 0.07656250000000005 0.3234375 0.15312500000000004 0.375 0.15312500000000004
0 0.4109375 0.06562500000000004 0.3640625 0.06562500000000004 0.3640625 0.13125000000000003 0.4109375 0.13125000000000003
0 0.4625 0.021875000000000054 0.4046875 0.02187500000000005 0.4046875 0.09843750000000005 0.4625 0.09843750000000007
0 0.4765625 0.004687500000000055 0.428125 0.004687500000000053 0.428125 0.06562500000000006 0.4765625 0.06562500000000007
0 0.528125 0.02812500000000006 0.484375 0.028125000000000056 0.484375 0.09375000000000007 0.528125 0.09375000000000007
0 0.5203125 0.006250000000000061 0.4765625 0.0062500000000000585 0.4765625 0.03906250000000006 0.5203125 0.03906250000000007
0 0.55625 0.026562500000000065 0.528125 0.026562500000000065 0.528125 0.07656250000000006 0.55625 0.07656250000000006
0 0.5703125 6.812097820257152e-17 0.5421875 6.639881864127056e-17 0.5421875 0.04375000000000007 0.5703125 0.04375000000000007
0 0.603125 0.021875000000000068 0.55625 0.021875000000000068 0.55625 0.08125000000000007 0.603125 0.08125000000000007
0 0.671875 7.807123344564377e-17 0.603125 7.386151007357474e-17 0.603125 0.07031250000000008 0.671875 0.07031250000000008
0 0.78125 0.1531250000000001 0.75625 0.1531250000000001 0.75625 0.1906250000000001 0.78125 0.1906250000000001
0 0.75625 0.1531250000000001 0.7390625 0.1531250000000001 0.7390625 0.19687500000000008 0.75625 0.19687500000000008
0 0.753125 0.19687500000000008 0.7265625 0.19687500000000008 0.7265625 0.23437500000000008 0.753125 0.23437500000000008
0 0.7703125 0.21875000000000008 0.753125 0.21875000000000008 0.753125 0.2515625000000001 0.7703125 0.2515625000000001
0 0.7890625 0.2406250000000001 0.7703125 0.2406250000000001 0.7703125 0.2734375000000001 0.7890625 0.2734375000000001
0 0.8078125 0.1859375000000001 0.7640625 0.1859375000000001 0.7640625 0.21875000000000008 0.8078125 0.21875000000000008
0 0.8515625 0.2140625000000001 0.7828125 0.2140625000000001 0.7828125 0.2687500000000001 0.8515625 0.2687500000000001
0 0.37187500000000007 0.26875000000000004 0.2734375 0.26875 0.27343750000000006 0.5203125 0.37187500000000007 0.5203125
0 0.4265625 0.26250000000000007 0.3171875 0.2625 0.31718750000000007 0.51875 0.4265625 0.51875
0 0.4546875 0.27343750000000006 0.3375 0.2734375 0.3375 0.5078125 0.4546875 0.5078125
0 0.3921875 0.24531250000000004 0.353125 0.2453125 0.353125 0.3609375 0.3921875 0.3609375000000001
0 0.48125 0.2406250000000001 0.371875 0.2406250000000001 0.37187500000000007 0.48125 0.48125 0.48125
0 0.5390625 0.2078125000000001 0.4078125 0.2078125000000001 0.4078125 0.4640625 0.5390625 0.4640625
0 0.575 0.21250000000000008 0.4796875 0.21250000000000008 0.4796875 0.4703125 0.575 0.4703125
0 0.55625 0.12500000000000006 0.484375 0.12500000000000006 0.484375 0.2296875000000001 0.55625 0.2296875000000001
0 0.646875 0.15781250000000008 0.53125 0.15781250000000005 0.53125 0.3937500000000001 0.646875 0.3937500000000001
0 0.6140625 0.2234375000000001 0.5234375 0.2234375000000001 0.5234375 0.4484375 0.6140625 0.4484375
0 0.6875 0.1312500000000001 0.553125 0.1312500000000001 0.553125 0.3609375000000001 0.6875 0.3609375000000001
0 0.64375 0.14218750000000008 0.6078125 0.14218750000000008 0.6078125 0.21875000000000008 0.64375 0.21875000000000008
0 0.73125 0.14843750000000008 0.6109375 0.14843750000000008 0.6109375 0.35625000000000007 0.73125 0.35625000000000007
0 0.7859375 0.1359375000000001 0.6546875 0.1359375000000001 0.6546875 0.3062500000000001 0.7859375 0.3062500000000001
0 0.26250000000000007 0.2234375 0.17500000000000004 0.2234375 0.17500000000000004 0.3828125 0.26250000000000007 0.3828125
0 0.28750000000000003 0.34375 0.18125000000000005 0.34375 0.18125000000000005 0.48125 0.2875000000000001 0.48125
0 0.20312500000000008 0.4265625 0.16406250000000006 0.4265625 0.16406250000000006 0.51875 0.20312500000000008 0.51875
0 0.3015625 0.19687500000000005 0.2296875 0.19687500000000005 0.2296875 0.3109375 0.3015625 0.3109375
0 0.3828125 0.15781250000000005 0.3171875 0.15781250000000005 0.3171875 0.2515625 0.3828125 0.2515625000000001
0 0.4734375 0.13125000000000003 0.378125 0.13125000000000003 0.378125 0.23437500000000008 0.4734375 0.23437500000000008
0 0.996875 0.890625 0.9171875 0.890625 0.9171875 0.9890625 0.996875 0.9890625