0 0.6859375 0.3453125000000001 0.55 0.3453125000000001 0.55 0.434375 0.6859375 0.434375
0 0.6640625 0.3031250000000001 0.55 0.3031250000000001 0.55 0.3578125000000001 0.6640625 0.3578125000000001
0 0.5875 0.2687500000000001 0.5109375 0.2687500000000001 0.5109375 0.36406250000000007 0.5875 0.36406250000000007
0 0.559375 0.3578125000000001 0.49375 0.3578125000000001 0.49375 0.453125 0.559375 0.453125
0 0.49375 0.26250000000000007 0.4296875 0.26250000000000007 0.4296875 0.3515625000000001 0.49375 0.3515625000000001
0 0.440625 0.29218750000000004 0.3328125 0.2921875 0.33281250000000007 0.36875 0.440625 0.3687500000000001
0 0.4265625 0.35781250000000003 0.3171875 0.3578125 0.31718750000000007 0.4234375 0.4265625 0.4234375
0 0.4703125 0.3578125000000001 0.390625 0.3578125000000001 0.39062500000000006 0.434375 0.4703125 0.434375
0 0.3765625000000001 0.4109375 0.33281250000000007 0.4109375 0.33281250000000007 0.4640625 0.3765625000000001 0.4640625
0 0.4 0.440625 0.3437500000000001 0.440625 0.3437500000000001 0.5234375 0.4 0.5234375
0 0.45625 0.4578125 0.403125 0.4578125 0.403125 0.5359375 0.45625 0.5359375
0 0.5234375 0.459375 0.4734375 0.459375 0.4734375 0.5484375 0.5234375 0.5484375
0 0.31718750000000007 0.559375 0.2734375000000001 0.559375 0.2734375000000001 0.6484375 0.31718750000000007 0.6484375
0 0.3062500000000001 0.4109375 0.24375000000000008 0.4109375 0.24375000000000008 0.4875 0.3062500000000001 0.4875
0 0.32656250000000003 0.3390625 0.2765625 0.3390625 0.27656250000000004 0.3984375 0.3265625000000001 0.3984375
0 0.2468750000000001 0.50625 0.18593750000000003 0.50625 0.18593750000000006 0.559375 0.2468750000000001 0.559375
0 0.2234375000000001 0.571875 0.1703125000000001 0.571875 0.1703125000000001 0.61875 0.2234375000000001 0.61875
0 0.24375000000000008 0.5828125 0.1828125000000001 0.5828125 0.1828125000000001 0.6375 0.24375000000000008 0.6375
0 0.2828125000000001 0.63125 0.22031250000000008 0.63125 0.22031250000000008 0.690625 0.2828125000000001 0.690625
0 0.5640625 0.6484375 0.5296875 0.6484375 0.5296875 0.684375 0.5640625 0.684375
0 0.6734375 0.63125 0.6265625 0.63125 0.6265625 0.696875 0.6734375 0.696875
0 0.7031250000000001 0.678125 0.65625 0.678125 0.6562500000000001 0.7328125 0.7031250000000002 0.7328125
0 0.7734375 0.6546875000000001 0.709375 0.6546875 0.709375 0.7078125000000001 0.7734375 0.7078125000000002
0 0.8 0.5953125000000001 0.746875 0.5953125000000001 0.746875 0.6671875000000002 0.8 0.6671875000000002
0 0.796875 0.5421875000000002 0.753125 0.5421875000000002 0.753125 0.5953125000000001 0.796875 0.5953125000000001
0 0.7671875 0.4703125000000002 0.7375 0.4703125000000002 0.7375 0.5359375000000002 0.7671875 0.5359375000000002
0 0.6875 0.4578125 0.634375 0.4578125 0.634375 0.5421875 0.6875 0.5421875
0 0.6296875 0.4515625 0.590625 0.4515625 0.590625 0.5359375 0.6296875 0.5359375
0 0.709375 0.3750000000000001 0.6734375 0.3750000000000001 0.6734375 0.446875 0.709375 0.446875
0 0.5 0.3578125000000001 0.4734375 0.3578125000000001 0.4734375 0.4171875 0.5 0.4171875
0 0.5265625 0.2921875000000001 0.4828125 0.2921875000000001 0.4828125 0.3281250000000001 0.5265625 0.3281250000000001
0 0.8 0.26875000000000004 0.17656250000000004 0.26875 0.17656250000000007 0.7625000000000001 0.8 0.7625000000000002