0 0.98125 0.8046875 0.8140625 0.8046875 0.8140625 0.9953125 0.98125 0.9953125
0 0.996875 0.865625 0.96875 0.865625 0.96875 0.9953125 0.996875 0.9953125
0 0.996875 0.6750000000000002 0.8734375 0.6750000000000002 0.8734375 0.8609375 0.996875 0.8609375
0 0.9078125 0.5468750000000002 0.7453125 0.5468750000000002 0.7453125 0.7843750000000002 0.9078125 0.7843750000000002
0 0.9890625 0.5203125000000002 0.88125 0.5203125000000002 0.88125 0.6906250000000002 0.9890625 0.6906250000000002
0 0.996875 0.5781250000000002 0.984375 0.5781250000000002 0.984375 0.6968750000000001 0.996875 0.6968750000000001
0 0.9453125 0.3296875000000001 0.7953125 0.3296875000000001 0.7953125 0.5421875000000002 0.9453125 0.5421875000000002
0 0.996875 0.38750000000000007 0.934375 0.38750000000000007 0.934375 0.5421875000000002 0.996875 0.5421875000000002
0 0.9234375 0.1593750000000001 0.7640625 0.1593750000000001 0.7640625 0.3296875000000001 0.9234375 0.3296875000000001
0 0.996875 0.19531250000000014 0.9078125 0.19531250000000014 0.9078125 0.4125000000000002 0.996875 0.4125000000000002
0 0.996875 1.1375820657704711e-16 0.8609375 1.0543443536409245e-16 0.8609375 0.1906250000000001 0.996875 0.19062500000000013
0 0.8890625 0.1140625000000001 0.815625 0.1140625000000001 0.815625 0.1750000000000001 0.8890625 0.1750000000000001
0 0.8984375 1.0246849389740744e-16 0.775 9.491012693391987e-17 0.775 0.1593750000000001 0.8984375 0.1593750000000001
0 0.7609375 8.706473337688214e-17 0.6609375 8.094149938114538e-17 0.6609375 0.08750000000000009 0.7609375 0.08750000000000009
0 0.7796875 0.08750000000000008 0.625 0.08750000000000006 0.625 0.2687500000000001 0.7796875 0.2687500000000001
0 0.80625 0.2531250000000001 0.6875 0.2531250000000001 0.6875 0.3968750000000001 0.80625 0.3968750000000001
0 0.7796875 0.3515625000000001 0.60625 0.3515625000000001 0.60625 0.5265625 0.7796875 0.5265625000000002
0 0.7296875 0.4843750000000001 0.5515625 0.484375 0.5515625 0.7109375000000001 0.7296875 0.7109375000000002
0 0.8375 0.840625 0.6640625000000002 0.840625 0.6640625000000002 0.9953125 0.8375 0.9953125
0 0.6984375000000002 0.7484375 0.5984375000000002 0.7484375 0.5984375000000002 0.8671875 0.6984375000000002 0.8671875
0 0.5984375000000001 0.675 0.428125 0.675 0.4281250000000001 0.88125 0.5984375000000002 0.88125
0 0.5515625000000002 0.871875 0.44062500000000016 0.871875 0.44062500000000016 0.9953125 0.5515625000000002 0.9953125
0 0.7062500000000002 0.8203125 0.5375000000000002 0.8203125 0.5375000000000002 0.9953125 0.7062500000000002 0.9953125
0 0.4593750000000002 0.871875 0.34062500000000007 0.871875 0.34062500000000007 0.9953125 0.4593750000000002 0.9953125
0 0.3546875000000001 0.778125 0.18125000000000008 0.778125 0.1812500000000001 0.9953125 0.3546875000000001 0.9953125
0 0.18593750000000012 0.8296875 0.007812500000000102 0.8296875 0.007812500000000113 0.9953125 0.18593750000000014 0.9953125
0 0.2468750000000001 0.603125 0.06250000000000007 0.603125 0.06250000000000008 0.840625 0.2468750000000001 0.840625
0 0.3625000000000001 0.7015625 0.2468750000000001 0.7015625 0.2468750000000001 0.8359375 0.3625000000000001 0.8359375
0 0.4437500000000001 0.628125 0.33281250000000007 0.628125 0.33281250000000007 0.825 0.4437500000000002 0.825
0 0.55625 0.5421875 0.440625 0.5421875 0.440625 0.68125 0.55625 0.68125
0 0.603125 0.3812500000000001 0.45625 0.3812500000000001 0.45625 0.6140625 0.603125 0.6140625
0 0.4640625 0.4234375 0.33281250000000007 0.4234375 0.33281250000000007 0.6453125 0.4640625 0.6453125
0 0.3468750000000001 0.3765625 0.18906250000000005 0.3765625 0.18906250000000008 0.6078125 0.3468750000000001 0.6078125
0 0.29375000000000007 0.5671875 0.1781250000000001 0.5671875 0.1781250000000001 0.715625 0.29375000000000007 0.715625
0 0.19375000000000006 0.453125 0.05468750000000004 0.453125 0.054687500000000056 0.6140625 0.1937500000000001 0.6140625
0 0.042187500000000065 0.4796875 5.87447761465996e-17 0.4796875 6.725989842192105e-17 0.61875 0.04218750000000008 0.61875
0 0.057812500000000044 0.253125 3.099887210341738e-17 0.253125 4.487182412500848e-17 0.4796875 0.057812500000000065 0.4796875
0 0.20468750000000005 0.2578125 0.050000000000000024 0.2578125 0.050000000000000044 0.5046875 0.20468750000000008 0.5046875
0 0.35468750000000004 0.3203125 0.246875 0.3203125 0.24687500000000004 0.4328125 0.3546875000000001 0.4328125
0 0.4671875 0.17500000000000004 0.309375 0.17500000000000004 0.30937500000000007 0.4015625 0.4671875 0.4015625
0 0.3515625 0.14375000000000004 0.2234375 0.14375000000000004 0.2234375 0.325 0.3515625 0.325
0 0.4359375 0.01562500000000005 0.3015625 0.015625000000000038 0.3015625 0.17500000000000004 0.4359375 0.17500000000000004
0 0.296875 0.05156250000000003 0.1703125 0.051562500000000025 0.17031250000000003 0.2375 0.296875 0.2375
0 0.19375000000000003 0.06718750000000001 0.02656250000000001 0.0671875 0.026562500000000024 0.2671875 0.19375000000000003 0.2671875
0 0.034375000000000024 0.0671875 8.228095681771279e-18 0.0671875 1.961348389259433e-17 0.253125 0.03437500000000003 0.253125
0 0.034375 2.1048616860345137e-18 0 0 5.070803152719509e-18 0.0828125 0.03437500000000001 0.0828125
0 0.15 1.0619983961355953e-17 0.0234375 2.8702659355016093e-18 0.023437500000000003 0.03593750000000001 0.15 0.035937500000000025
0 0.2625 2.3153478546379642e-17 0.115625 1.4159978615141272e-17 0.115625 0.10312500000000002 0.2625 0.10312500000000005
0 0.440625 4.802911665406026e-17 0.34375 4.209723372069027e-17 0.34375 0.03593750000000005 0.440625 0.03593750000000005
0 0.5875 6.218909526920152e-17 0.428125 5.2430191088496056e-17 0.428125 0.08750000000000005 0.5875 0.08750000000000006
0 0.6484375 0.06250000000000008 0.5515625 0.06250000000000007 0.5515625 0.2171875000000001 0.6484375 0.2171875000000001
0 0.571875 0.08281250000000005 0.4046875 0.08281250000000004 0.4046875 0.2687500000000001 0.571875 0.2687500000000001
0 0.6828125 0.2171875000000001 0.5640625 0.2171875000000001 0.5640625 0.3812500000000001 0.6828125 0.3812500000000001
0 0.6109375 0.2484375000000001 0.4515625 0.2484375000000001 0.4515625 0.38750000000000007 0.6109375 0.38750000000000007