0 0.971875 0.7265625000000002 0.8703125 0.7265625000000002 0.8703125 0.8578125 0.971875 0.8578125
0 0.996875 0.8578125 0.971875 0.8578125 0.971875 0.9515625 0.996875 0.9515625
0 0.7875000000000001 0.6671875 0.6640625 0.6671875 0.6640625000000001 0.846875 0.7875000000000002 0.846875
0 0.8734375 0.5140625000000002 0.7609375 0.5140625000000002 0.7609375 0.6453125000000002 0.8734375 0.6453125000000002
0 0.98125 0.3500000000000001 0.8953125 0.3500000000000001 0.8953125 0.5359375000000002 0.98125 0.5359375000000002
0 0.996875 0.2406250000000001 0.796875 0.2406250000000001 0.796875 0.4265625000000002 0.996875 0.4265625000000002
0 0.946875 0.3500000000000001 0.8921875 0.3500000000000001 0.8921875 0.4203125000000002 0.946875 0.4203125000000002
0 0.9125 0.33281250000000007 0.8484375 0.33281250000000007 0.8484375 0.5468750000000002 0.9125 0.5468750000000002
0 0.8796875 0.3437500000000001 0.75 0.3437500000000001 0.75 0.5796875000000001 0.8796875 0.5796875000000001
0 0.93125 0.15312500000000012 0.7421875 0.1531250000000001 0.7421875 0.37187500000000007 0.93125 0.37187500000000007
0 0.996875 0.21250000000000008 0.884375 0.21250000000000008 0.884375 0.2843750000000001 0.996875 0.2843750000000001
0 0.996875 0.0875000000000001 0.775 0.08750000000000009 0.775 0.2515625000000001 0.996875 0.2515625000000001
0 0.8109375 0.03281250000000009 0.68125 0.03281250000000009 0.68125 0.2015625000000001 0.8109375 0.2015625000000001
0 0.7640625 0.16406250000000008 0.6703125 0.16406250000000008 0.6703125 0.3765625000000001 0.7640625 0.3765625000000001
0 0.775 0.3109375000000001 0.7140625 0.3109375000000001 0.7140625 0.4593750000000001 0.775 0.4593750000000002
0 0.753125 0.42656250000000007 0.65625 0.4265625 0.65625 0.6171875000000001 0.753125 0.6171875000000002
0 0.70625 0.5140625 0.6015625 0.5140625 0.6015625 0.6828125 0.70625 0.6828125
0 0.6375 0.453125 0.5296875 0.453125 0.5296875 0.6671875 0.6375 0.6671875
0 0.65625 0.3281250000000001 0.5578125 0.3281250000000001 0.5578125 0.5296875 0.65625 0.5296875
0 0.68125 0.2234375000000001 0.6125 0.2234375000000001 0.6125 0.4484375 0.68125 0.4484375
0 0.6671875 0.1531250000000001 0.5796875 0.1531250000000001 0.5796875 0.31718750000000007 0.6671875 0.31718750000000007
0 0.6734375 0.2578125000000001 0.5 0.2578125000000001 0.5 0.4 0.6734375 0.4
0 0.5546875 0.2453125000000001 0.5 0.2453125000000001 0.5 0.3062500000000001 0.5546875 0.3062500000000001
0 0.5140625 0.09843750000000005 0.384375 0.09843750000000004 0.384375 0.23437500000000008 0.5140625 0.23437500000000008
0 0.63125 0.16406250000000006 0.5078125 0.16406250000000006 0.5078125 0.27812500000000007 0.63125 0.27812500000000007
0 0.6625 0.10468750000000009 0.5796875 0.10468750000000009 0.5796875 0.18125000000000008 0.6625 0.18125000000000008
0 0.49375 0.14687500000000003 0.265625 0.14687500000000003 0.265625 0.29531250000000003 0.49375 0.2953125000000001
0 0.3703125 0.21250000000000005 0.24375 0.2125 0.24375 0.29531250000000003 0.3703125 0.2953125000000001
0 0.43125 0.2515625000000001 0.36875 0.2515625000000001 0.36875 0.3500000000000001 0.43125 0.3500000000000001
0 0.5515625 0.2562500000000001 0.3921875 0.2562500000000001 0.3921875 0.3937500000000001 0.5515625 0.3937500000000001
0 0.496875 0.3437500000000001 0.3875 0.3437500000000001 0.38750000000000007 0.5140625 0.496875 0.5140625
0 0.55 0.4046875 0.475 0.4046875 0.475 0.4859375 0.55 0.4859375
0 0.56875 0.48125 0.3843750000000001 0.48125 0.3843750000000001 0.590625 0.56875 0.590625
0 0.6375 0.4921875 0.540625 0.4921875 0.540625 0.6671875 0.6375 0.6671875
0 0.6312500000000001 0.628125 0.5296875 0.628125 0.5296875000000001 0.74375 0.6312500000000002 0.74375
0 0.5546875000000001 0.546875 0.459375 0.546875 0.4593750000000001 0.759375 0.5546875000000002 0.759375
0 0.4859375000000001 0.5515625 0.3546875000000001 0.5515625 0.3546875000000001 0.803125 0.4859375000000002 0.803125
0 0.3265625000000001 0.6828125 0.07656250000000009 0.6828125 0.0765625000000001 0.83125 0.3265625000000001 0.83125
0 0.45312500000000017 0.7546875 0.3265625000000001 0.7546875 0.3265625000000001 0.846875 0.45312500000000017 0.846875
0 0.5218750000000002 0.8140625 0.06562500000000009 0.8140625 0.0656250000000001 0.984375 0.5218750000000002 0.984375
0 0.4531250000000001 0.546875 0.04687500000000007 0.546875 0.046875000000000076 0.74375 0.45312500000000017 0.74375
0 0.08437500000000007 0.6015625 0.0046875000000000736 0.6015625 0.004687500000000082 0.74375 0.08437500000000009 0.74375
0 0.09843750000000008 0.5359375 6.563341439180346e-17 0.5359375 7.328745688647442e-17 0.6609375 0.0984375000000001 0.6609375
0 0.3375000000000001 0.4203125 0.029687500000000054 0.4203125 0.02968750000000006 0.5796875 0.3375000000000001 0.5796875
0 0.15156250000000004 0.3234375 0.057812500000000044 0.3234375 0.057812500000000044 0.4328125 0.15156250000000004 0.4328125
0 0.12656250000000005 0.4046875 0.00781250000000005 0.4046875 0.007812500000000057 0.5296875 0.12656250000000005 0.5296875
0 0.24687500000000004 0.3125 0.12031250000000004 0.3125 0.12031250000000004 0.5203125 0.2468750000000001 0.5203125
0 0.2796875000000001 0.3890625 0.22812500000000008 0.3890625 0.22812500000000008 0.4984375 0.2796875000000001 0.4984375
0 0.3921875 0.32343750000000004 0.2796875 0.3234375 0.27968750000000003 0.53125 0.3921875000000001 0.53125
0 0.321875 0.26875 0.246875 0.26875 0.24687500000000004 0.3890625 0.3218750000000001 0.3890625
0 0.38125 0.21875000000000006 0.31875 0.21875 0.31875 0.33281250000000007 0.38125 0.33281250000000007
0 0.5390625 0.2562500000000001 0.453125 0.2562500000000001 0.453125 0.3609375000000001 0.5390625 0.3609375000000001