0 0.2250000000000001 0.5703125 0.1390625000000001 0.5703125 0.1390625000000001 0.840625 0.2250000000000001 0.840625
0 0.321875 0.2640625 0.2359375 0.2640625 0.23593750000000005 0.5765625 0.3218750000000001 0.5765625
0 0.22656250000000008 0.36875 0.13281250000000006 0.36875 0.13281250000000006 0.478125 0.22656250000000008 0.478125
0 0.20625000000000004 0.35 0.09375000000000004 0.35 0.09375000000000006 0.5578125 0.2062500000000001 0.5578125
0 0.13593750000000007 0.4046875 0.051562500000000046 0.4046875 0.05156250000000005 0.6078125 0.1359375000000001 0.6078125
0 0.14218750000000008 0.6015625 0.04218750000000008 0.6015625 0.04218750000000009 0.865625 0.14218750000000008 0.865625
0 0.5296875000000001 0.6015625 0.4296875 0.6015625 0.4296875000000001 0.7296875 0.5296875000000002 0.7296875
0 0.896875 0.3000000000000001 0.8359375 0.3000000000000001 0.8359375 0.5031250000000002 0.896875 0.5031250000000002
0 0.9515625 0.46093750000000017 0.89375 0.46093750000000017 0.89375 0.6265625000000001 0.9515625 0.6265625000000001
0 0.9125 0.6328125000000002 0.790625 0.6328125000000002 0.7906250000000001 0.8046875 0.9125 0.8046875
0 0.8359375 0.4109375000000002 0.7328125 0.4109375000000002 0.7328125 0.6562500000000002 0.8359375 0.6562500000000002
0 0.7609375 0.5093750000000001 0.696875 0.509375 0.696875 0.6500000000000001 0.7609375 0.6500000000000001
0 0.7296875 0.5468750000000001 0.675 0.546875 0.675 0.6937500000000001 0.7296875 0.6937500000000002
0 0.7703125 0.3437500000000001 0.7 0.3437500000000001 0.7 0.49687500000000007 0.7703125 0.4968750000000002
0 0.709375 0.3125000000000001 0.603125 0.3125000000000001 0.603125 0.6140625 0.709375 0.6140625
0 0.6234375 0.2453125000000001 0.5328125 0.2453125000000001 0.5328125 0.6375 0.6234375 0.6375
0 0.5734375 0.07343750000000007 0.490625 0.07343750000000007 0.490625 0.2640625000000001 0.5734375 0.2640625000000001
0 0.16875 0.06875 0.02343750000000001 0.06875 0.023437500000000024 0.3015625 0.16875000000000004 0.3015625
0 0.996875 6.104098889500089e-17 0 0 6.084963783263412e-17 0.99375 0.996875 0.99375