0 0.8265625 0.27812500000000007 0.615625 0.27812500000000007 0.615625 0.6015625000000001 0.8265625 0.6015625000000002
0 0.928125 0.14687500000000012 0.6046875 0.1468750000000001 0.6046875 0.8796875 0.928125 0.8796875
0 0.6687500000000001 0.496875 0.465625 0.496875 0.46562500000000007 0.83125 0.6687500000000002 0.83125
0 0.5890625000000002 0.7703125 0.4031250000000002 0.7703125 0.4031250000000002 0.9953125 0.5890625000000002 0.9953125
0 0.46562500000000007 0.6171875 0.2875000000000001 0.6171875 0.2875000000000001 0.8578125 0.4656250000000002 0.8578125
0 0.4625 0.38750000000000007 0.2796875000000001 0.3875 0.2796875000000001 0.671875 0.4625 0.671875
0 0.61875 0.2453125000000001 0.4359375 0.2453125000000001 0.4359375 0.5578125 0.61875 0.5578125
0 0.7453125 8.036744619404506e-17 0.5671875 6.946043563913895e-17 0.5671875 0.3218750000000001 0.7453125 0.3218750000000001
0 0.3046875000000001 0.4375 0.13125000000000003 0.4375 0.13125000000000006 0.7046875 0.3046875000000001 0.7046875
0 0.30468750000000006 0.234375 0.2 0.234375 0.20000000000000004 0.4484375 0.3046875000000001 0.4484375
0 0.37187500000000007 0.2515625 0.2921875 0.2515625 0.29218750000000004 0.39843750000000006 0.37187500000000007 0.3984375000000001
0 0.39687500000000003 0.3453125000000001 0.375 0.3453125000000001 0.37500000000000006 0.3890625000000001 0.3968750000000001 0.3890625000000001
0 0.4984375 0.2515625000000001 0.403125 0.2515625000000001 0.403125 0.43125 0.4984375 0.43125
0 0.440625 0.19218750000000004 0.3390625 0.19218750000000004 0.3390625 0.3453125 0.440625 0.3453125000000001
0 0.578125 0.16406250000000006 0.46875 0.16406250000000006 0.46875 0.2562500000000001 0.578125 0.2562500000000001
0 0.6359375 0.021875000000000075 0.5671875 0.02187500000000007 0.5671875 0.1687500000000001 0.6359375 0.1687500000000001
0 0.5703125 0.015625000000000066 0.4875 0.015625000000000062 0.4875 0.16406250000000006 0.5703125 0.16406250000000008
0 0.5125 0.03906250000000006 0.425 0.039062500000000056 0.425 0.20312500000000008 0.5125 0.20312500000000008
0 0.534375 5.94145048648833e-17 0.4359375 5.338694640032993e-17 0.4359375 0.04375000000000006 0.534375 0.04375000000000007
0 0.6109375 7.013016435742265e-17 0.534375 6.544206332943669e-17 0.534375 0.03281250000000007 0.6109375 0.03281250000000008
0 0.4546875 0.14218750000000005 0.359375 0.14218750000000005 0.359375 0.24062500000000003 0.4546875 0.2406250000000001
0 0.4265625 0.015625000000000045 0.328125 0.015625000000000038 0.328125 0.16406250000000006 0.4265625 0.16406250000000006
0 0.4328125 4.6115606030392526e-17 0.3203125 3.922696778518866e-17 0.3203125 0.02656250000000005 0.4328125 0.026562500000000055
0 0.3234375 0.004687500000000034 0.21875 0.004687500000000027 0.21875 0.13125000000000003 0.3234375 0.13125000000000003
0 0.353125 0.13125000000000003 0.2515625 0.13125000000000003 0.2515625 0.2734375 0.353125 0.2734375
0 0.3015625 0.2296875 0.225 0.2296875 0.225 0.321875 0.3015625 0.321875
0 0.2703125 0.07656250000000002 0.1828125 0.07656250000000002 0.18281250000000002 0.234375 0.2703125 0.234375
0 0.2046875 0.2078125 0.12812500000000004 0.2078125 0.12812500000000004 0.3546875 0.2046875 0.3546875
0 0.15625000000000006 0.3390625 0.08437500000000005 0.3390625 0.08437500000000005 0.453125 0.15625000000000006 0.453125