0 0.734375 0.06562500000000007 0.434375 0.06562500000000004 0.434375 0.6312500000000001 0.734375 0.6312500000000002
0 0.5437500000000001 0.5296875 0.2562500000000001 0.5296875 0.2562500000000001 0.99375 0.5437500000000002 0.99375
0 0.8859375 0.5718750000000001 0.54375 0.571875 0.5437500000000001 0.99375 0.8859375 0.99375
0 0.996875 0.2328125000000001 0.753125 0.2328125000000001 0.753125 0.9046875 0.996875 0.9046875
0 0.1468750000000001 0.4640625 5.683126552293186e-17 0.4640625 8.926527059410005e-17 0.99375 0.14687500000000014 0.99375
0 0.5 4.91772230282609e-17 0.303125 3.7122106099154144e-17 0.30312500000000003 0.553125 0.5 0.553125
0 0.37031250000000004 0.1609375 0.153125 0.1609375 0.15312500000000004 0.625 0.3703125000000001 0.625
0 0.03281250000000004 0.309375 3.788751034862124e-17 0.309375 4.77420900605101e-17 0.4703125 0.03281250000000006 0.4703125
0 0.953125 0.029687500000000106 0.7375 0.02968750000000009 0.7375 0.3515625000000001 0.953125 0.3515625000000001
0 0.996875 0.01875000000000012 0.9359375 0.018750000000000117 0.9359375 0.26250000000000007 0.996875 0.26250000000000007
0 0.9859375 1.1117496723509566e-16 0.8296875 1.0160741411675695e-16 0.8296875 0.05312500000000011 0.9859375 0.05312500000000011
0 0.8296875 8.859554187581632e-17 0.6171875 7.558366963487571e-17 0.6171875 0.2734375000000001 0.8296875 0.2734375000000001
0 0.6640625 6.840800479612169e-17 0.453125 5.5491808086364444e-17 0.453125 0.10781250000000006 0.6640625 0.10781250000000009
0 0.4578125 4.2384260314240426e-17 0.234375 2.870265935501609e-17 0.234375 0.16718750000000004 0.4578125 0.16718750000000004