0 0.478125 3.7887510348621235e-17 0.140625 1.7221595613009655e-17 0.14062500000000003 0.4515625 0.478125 0.4515625
0 0.8765625 8.840419081344957e-17 0.5671875 6.946043563913895e-17 0.5671875 0.3281250000000001 0.8765625 0.3281250000000001
0 0.8875 0.19843750000000007 0.4859375 0.19843750000000004 0.4859375000000001 0.7750000000000001 0.8875 0.7750000000000001
0 0.6125 0.7015625 0.3593750000000001 0.7015625 0.3593750000000001 0.9953125 0.6125000000000002 0.9953125
0 0.7359375000000001 0.7187500000000001 0.5359375 0.71875 0.5359375000000001 0.9953125 0.7359375000000001 0.9953125
0 0.4796875000000001 0.39531250000000007 0.2156250000000001 0.3953125 0.2156250000000001 0.8078125 0.47968750000000016 0.8078125
0 0.4406250000000001 0.6609375 0.17187500000000008 0.6609375 0.1718750000000001 0.99375 0.44062500000000016 0.99375
0 0.19062500000000002 0.09531250000000001 1.1672414804373211e-17 0.0953125 3.386913803891899e-17 0.4578125 0.19062500000000004 0.4578125
0 0.2640625 1.9804834954961103e-17 0.059375 7.271340369937409e-18 0.05937500000000001 0.15781250000000002 0.2640625 0.15781250000000005
0 0.4890625 5.43437017121638e-17 0.3984375 4.8794520903527353e-17 0.3984375 0.05156250000000005 0.4890625 0.05156250000000007
0 0.9046875 0.8484375 0.7953125000000002 0.8484375 0.7953125000000002 0.984375 0.9046875 0.984375