0 0.996875 0.6781250000000002 0.928125 0.6781250000000002 0.928125 0.9515625 0.996875 0.9515625
0 0.9421875 0.8859375 0.884375 0.8859375 0.884375 0.9953125 0.9421875 0.9953125
0 0.890625 0.890625 0.821875 0.890625 0.821875 0.9890625 0.890625 0.9890625
0 0.9234375 0.7265625000000002 0.8140625 0.7265625000000002 0.8140625 0.9015625 0.9234375 0.9015625
0 0.996875 0.3109375000000001 0.9421875 0.3109375000000001 0.9421875 0.7375000000000002 0.996875 0.7375000000000002
0 0.971875 0.3062500000000001 0.88125 0.3062500000000001 0.88125 0.7703125000000002 0.971875 0.7703125000000002
0 0.95625 0.31718750000000007 0.81875 0.31718750000000007 0.81875 0.7765625000000002 0.95625 0.7765625000000002
0 0.975 0.18125000000000013 0.909375 0.18125000000000013 0.909375 0.3453125000000001 0.975 0.3453125000000001
0 0.9234375 0.1421875000000001 0.865625 0.14218750000000008 0.865625 0.3500000000000001 0.9234375 0.3500000000000001
0 0.903125 0.1468750000000001 0.79375 0.1468750000000001 0.79375 0.3500000000000001 0.903125 0.3500000000000001
0 0.890625 0.14218750000000008 0.7671875 0.14218750000000008 0.7671875 0.2734375000000001 0.890625 0.2734375000000001
0 0.78125 0.2296875000000001 0.621875 0.2296875000000001 0.621875 0.4203125000000001 0.78125 0.4203125000000002
0 0.8140625 0.2953125000000001 0.775 0.2953125000000001 0.775 0.38750000000000007 0.8140625 0.38750000000000007
0 0.84375 0.3453125000000001 0.8109375 0.3453125000000001 0.8109375 0.4000000000000002 0.84375 0.4000000000000002
0 0.884375 0.3390625000000001 0.846875 0.3390625000000001 0.846875 0.3984375000000001 0.884375 0.3984375000000001
0 0.8578125 0.4046875000000002 0.8 0.4046875000000002 0.8 0.4750000000000002 0.8578125 0.4750000000000002
0 0.8078125 0.3781250000000001 0.759375 0.3781250000000001 0.759375 0.4437500000000002 0.8078125 0.4437500000000002
0 0.7859375 0.4156250000000001 0.6953125 0.415625 0.6953125 0.5796875000000001 0.7859375 0.5796875000000001
0 0.8625 0.4812500000000002 0.7453125 0.4812500000000002 0.7453125 0.6781250000000002 0.8625 0.6781250000000002
0 0.7640625 0.5843750000000001 0.684375 0.584375 0.684375 0.7046875000000001 0.7640625 0.7046875000000001
0 0.825 0.6671875000000002 0.73125 0.6671875000000002 0.7312500000000001 0.7656250000000002 0.825 0.7656250000000002
0 0.8296875 0.7000000000000001 0.6140625 0.7 0.6140625000000001 0.9515625 0.8296875 0.9515625
0 0.6921875000000001 0.65 0.59375 0.65 0.5937500000000001 0.759375 0.6921875000000002 0.759375
0 0.7125 0.415625 0.6078125 0.415625 0.6078125 0.65625 0.7125 0.65625
0 0.6578125 0.43125 0.5671875 0.43125 0.5671875 0.584375 0.6578125 0.584375
0 0.6296875 0.5734375 0.5453125 0.5734375 0.5453125 0.7109375 0.6296875 0.7109375
0 0.6296875000000001 0.6234375 0.534375 0.6234375 0.534375 0.8859375 0.6296875000000002 0.8859375
0 0.6156250000000002 0.83125 0.5500000000000002 0.83125 0.5500000000000002 0.9078125 0.6156250000000002 0.9078125
0 0.6328125000000002 0.9015625 0.5640625000000001 0.9015625 0.5640625000000001 0.9890625 0.6328125000000002 0.9890625
0 0.5812500000000002 0.934375 0.5343750000000002 0.934375 0.5343750000000002 0.9953125 0.5812500000000002 0.9953125
0 0.640625 0.3062500000000001 0.5421875 0.3062500000000001 0.5421875 0.4640625 0.640625 0.4640625
0 0.7125 0.10937500000000008 0.553125 0.10937500000000008 0.553125 0.3109375000000001 0.7125 0.3109375000000001
0 0.6796875 7.48182653854086e-17 0.5421875 6.639881864127056e-17 0.5421875 0.12031250000000007 0.6796875 0.12031250000000009
0 0.5421875 0.2140625000000001 0.440625 0.2140625000000001 0.440625 0.44375 0.5421875 0.44375
0 0.58125 0.2296875000000001 0.421875 0.2296875000000001 0.421875 0.3656250000000001 0.58125 0.3656250000000001
0 0.4515625 0.20312500000000006 0.18281250000000004 0.203125 0.18281250000000007 0.5859375 0.4515625 0.5859375
0 0.425 0.15781250000000005 0.3203125 0.15781250000000005 0.3203125 0.28437500000000004 0.425 0.2843750000000001
0 0.4625 0.409375 0.41875 0.409375 0.41875 0.525 0.4625 0.525
0 0.4359375 0.4703125 0.3781250000000001 0.4703125 0.3781250000000001 0.5515625 0.4359375 0.5515625
0 0.4 0.5296875 0.3531250000000001 0.5296875 0.3531250000000001 0.6125 0.4 0.6125
0 0.4359375 0.5515625 0.3968750000000001 0.5515625 0.3968750000000001 0.6015625 0.4359375 0.6015625
0 0.3531250000000001 0.5078125 0.2765625000000001 0.5078125 0.2765625000000001 0.6015625 0.3531250000000001 0.6015625
0 0.3281250000000001 0.5953125 0.30156250000000007 0.5953125 0.30156250000000007 0.65 0.3281250000000001 0.65
0 0.36406250000000007 0.6015625 0.3265625000000001 0.6015625 0.3265625000000001 0.6390625 0.36406250000000007 0.6390625
0 0.4 0.60625 0.36406250000000007 0.60625 0.36406250000000007 0.65 0.4 0.65
0 0.41875 0.6015625 0.3968750000000001 0.6015625 0.3968750000000001 0.634375 0.41875 0.634375
0 0.4140625 0.6390625 0.3781250000000001 0.6390625 0.3781250000000001 0.7046875 0.4140625 0.7046875
0 0.3750000000000001 0.65 0.3421875000000001 0.65 0.3421875000000001 0.69375 0.3750000000000001 0.69375
0 0.3453125000000001 0.6453125 0.31718750000000007 0.6453125 0.31718750000000007 0.678125 0.3453125000000001 0.678125
0 0.534375 0.56875 0.41875 0.56875 0.41875000000000007 0.7375 0.5343750000000002 0.7375
0 0.5640625 0.4375 0.4578125 0.4375 0.4578125 0.5734375 0.5640625 0.5734375
0 0.5484375000000001 0.7109375 0.3859375000000001 0.7109375 0.3859375000000001 0.9734375 0.5484375000000001 0.9734375
0 0.3890625000000001 0.8140625 0.2984375000000001 0.8140625 0.2984375000000001 0.978125 0.3890625000000001 0.978125
0 0.4078125000000001 0.6890625 0.3125000000000001 0.6890625 0.3125000000000001 0.825 0.4078125000000002 0.825
0 0.3234375000000001 0.7328125 0.2578125000000001 0.7328125 0.2578125000000001 0.86875 0.3234375000000001 0.86875
0 0.20000000000000004 0.240625 0.10156250000000004 0.240625 0.10156250000000004 0.371875 0.2000000000000001 0.371875
0 0.2406250000000001 0.3765625 0.16406250000000006 0.3765625 0.16406250000000006 0.65 0.2406250000000001 0.65
0 0.3156250000000001 0.590625 0.18906250000000008 0.590625 0.18906250000000008 0.7921875 0.3156250000000001 0.7921875
0 0.2765625000000001 0.78125 0.1531250000000001 0.78125 0.15312500000000012 0.9625 0.2765625000000001 0.9625
0 0.1750000000000001 0.7375 0.04687500000000009 0.7375 0.0468750000000001 0.9296875 0.17500000000000013 0.9296875
0 0.0656250000000001 0.7484375 0.021875000000000096 0.7484375 0.021875000000000096 0.8203125 0.06562500000000011 0.8203125
0 0.0546875000000001 0.809375 0.0031250000000000986 0.809375 0.0031250000000001025 0.875 0.05468750000000011 0.875
0 0.057812500000000114 0.8796875 1.0773064811249373e-16 0.8796875 1.1213172254692953e-16 0.9515625 0.057812500000000114 0.9515625
0 0.21093750000000008 0.3765625 0.10468750000000004 0.3765625 0.10468750000000007 0.7921875 0.21093750000000008 0.7921875
0 0.13437500000000008 0.3609375 0.06250000000000004 0.3609375 0.06250000000000007 0.7546875 0.13437500000000008 0.7546875
0 0.15312500000000007 0.4046875 0.00781250000000005 0.4046875 0.007812500000000073 0.765625 0.1531250000000001 0.765625
0 0.06562500000000006 0.415625 0.00781250000000005 0.415625 0.007812500000000057 0.5140625 0.06562500000000007 0.5140625
0 0.10625000000000004 0.284375 0.0046875000000000345 0.284375 0.0046875000000000415 0.39375 0.10625000000000004 0.39375
0 0.06875000000000005 0.328125 4.0183723097022526e-17 0.328125 4.716803687340978e-17 0.4421875 0.06875000000000005 0.4421875
0 0.02968750000000006 0.3875 4.7455063466959936e-17 0.3875 5.989288252080024e-17 0.590625 0.02968750000000008 0.590625
0 0.03593750000000009 0.6 7.347880794884119e-17 0.6 8.792581315753262e-17 0.8359375 0.0359375000000001 0.8359375