0 0.9953125 0.17031250000000014 0.9125 0.17031250000000014 0.9125 0.2812500000000001 0.9953125 0.2812500000000001
0 0.9953125 0.27031250000000007 0.9328125 0.27031250000000007 0.9328125 0.3625000000000001 0.9953125 0.3625000000000001
0 0.9953125 0.3359375000000001 0.8859375 0.3359375000000001 0.8859375 0.4125000000000002 0.9953125 0.4125000000000002
0 0.9953125 0.41718750000000016 0.7828125 0.41718750000000016 0.7828125 0.5093750000000001 0.9953125 0.5093750000000001
0 0.9953125 0.1781250000000001 0.4484375 0.17812500000000003 0.4484375 0.34062500000000007 0.9953125 0.34062500000000007
0 0.53125 0.32500000000000007 0.2265625 0.325 0.22656250000000006 0.45625 0.53125 0.45625
0 0.59375 0.3515625000000001 0.3875 0.3515625000000001 0.38750000000000007 0.4328125 0.59375 0.4328125
0 0.6546875 0.3468750000000001 0.53125 0.3468750000000001 0.53125 0.440625 0.6546875 0.440625
0 0.9125 0.31718750000000007 0.603125 0.31718750000000007 0.603125 0.4562500000000001 0.9125 0.45625000000000016
0 0.61875 0.409375 0.3296875000000001 0.409375 0.3296875000000001 0.525 0.61875 0.525
0 0.5 0.4359375 0.15937500000000004 0.4359375 0.15937500000000007 0.6875 0.5 0.6875
0 0.7421875 0.5218750000000001 0.44375 0.521875 0.44375 0.6953125000000001 0.7421875 0.6953125000000002
0 0.809375 0.4984375000000001 0.6546875 0.4984375 0.6546875 0.5984375000000001 0.809375 0.5984375000000002
0 0.9953125 0.4437500000000002 0.76875 0.4437500000000002 0.76875 0.5140625000000002 0.9953125 0.5140625000000002
0 0.2109375 0.2203125 0.09843750000000002 0.2203125 0.09843750000000004 0.278125 0.2109375 0.278125
0 0.3140625 0.275 0.2421875 0.275 0.2421875 0.3125 0.3140625 0.3125
0 0.37187500000000007 0.30156250000000007 0.13906250000000003 0.3015625 0.13906250000000003 0.4328125 0.37187500000000007 0.4328125
0 0.03593750000000005 0.4046875 4.955992515299445e-17 0.4046875 5.128208471429542e-17 0.4328125 0.03593750000000005 0.4328125
0 0.459375 0.18281250000000004 0.4078125 0.18281250000000004 0.4078125 0.2171875000000001 0.459375 0.2171875000000001
0 0.4953125 0.24375000000000008 0.4796875 0.24375000000000008 0.4796875 0.26250000000000007 0.4953125 0.26250000000000007
0 0.4953125 0.2750000000000001 0.46875 0.2750000000000001 0.46875 0.2828125000000001 0.4953125 0.2828125000000001
0 0.5671875 0.24375000000000008 0.546875 0.24375000000000008 0.546875 0.2593750000000001 0.5671875 0.2593750000000001
0 0.5203125 0.19375000000000003 0.5 0.19375000000000003 0.5 0.20468750000000008 0.5203125 0.20468750000000008
0 0.809375 0.1703125000000001 0.7828125 0.1703125000000001 0.7828125 0.1937500000000001 0.809375 0.1937500000000001
0 0.2984375000000001 0.4328125 5.300424427559639e-17 0.4328125 6.410260589286928e-17 0.6140625 0.2984375000000001 0.6140625
0 0.2578125000000001 0.6015625 7.367015901120797e-17 0.6015625 8.390744084783037e-17 0.76875 0.2578125000000001 0.76875
0 0.5671875000000001 0.5953125 0.1437500000000001 0.5953125 0.1437500000000001 0.803125 0.5671875000000002 0.803125
0 0.5671875000000001 0.7140625 0.4796875 0.7140625 0.4796875000000001 0.9609375 0.5671875000000002 0.9609375
0 0.7734375000000001 0.5328125000000001 0.4640625 0.5328125 0.4640625000000001 0.7343750000000001 0.7734375000000002 0.7343750000000002