0 0.925 0.7859375000000002 0.821875 0.7859375000000002 0.821875 0.909375 0.925 0.909375
0 0.996875 0.85625 0.94375 0.85625 0.94375 0.909375 0.996875 0.909375
0 0.978125 0.8078125 0.921875 0.8078125 0.921875 0.8875 0.978125 0.8875
0 0.9859375 0.7265625000000002 0.915625 0.7265625000000002 0.915625 0.8078125 0.9859375 0.8078125
0 0.996875 0.6843750000000002 0.9625 0.6843750000000002 0.9625 0.8828125 0.996875 0.8828125
0 0.996875 0.6421875000000001 0.896875 0.6421875000000001 0.896875 0.7484375000000002 0.996875 0.7484375000000002
0 0.9359375 0.8984375 0.8328125 0.8984375 0.8328125 0.940625 0.9359375 0.940625
0 0.80625 0.871875 0.7468750000000002 0.871875 0.7468750000000002 0.940625 0.80625 0.940625
0 0.7406250000000002 0.8828125 0.6921875000000002 0.8828125 0.6921875000000002 0.940625 0.7406250000000002 0.940625
0 0.6875000000000002 0.871875 0.6140625000000002 0.871875 0.6140625000000002 0.940625 0.6875000000000002 0.940625
0 0.7500000000000002 0.7375 0.6656250000000001 0.7375 0.6656250000000001 0.8234375 0.7500000000000002 0.8234375
0 0.78125 0.6250000000000001 0.684375 0.625 0.684375 0.721875 0.78125 0.7218750000000002
0 0.8296875 0.7062500000000002 0.7703125 0.7062500000000002 0.7703125000000001 0.7812500000000002 0.8296875 0.7812500000000002
0 0.8328125 0.51875 0.6984375 0.51875 0.6984375 0.6312500000000001 0.8328125 0.6312500000000002
0 0.896875 0.5828125000000001 0.721875 0.5828125 0.721875 0.7640625000000001 0.896875 0.7640625000000002
0 0.8921875 0.47656250000000017 0.821875 0.47656250000000017 0.821875 0.6796875000000002 0.8921875 0.6796875000000002
0 0.996875 0.2406250000000001 0.865625 0.2406250000000001 0.865625 0.5140625000000002 0.996875 0.5140625000000002
0 0.978125 0.0531250000000001 0.8140625 0.05312500000000009 0.8140625 0.3750000000000001 0.978125 0.3750000000000001
0 0.921875 0.0796875000000001 0.7546875 0.07968750000000009 0.7546875 0.3000000000000001 0.921875 0.3000000000000001
0 0.9375 0.04843750000000011 0.8703125 0.04843750000000011 0.8703125 0.15468750000000012 0.9375 0.15468750000000014
0 0.8484375 0.006250000000000094 0.703125 0.006250000000000086 0.703125 0.13437500000000008 0.8484375 0.13437500000000008
0 0.76875 0.13437500000000008 0.6359375 0.13437500000000008 0.6359375 0.3750000000000001 0.76875 0.3750000000000001
0 0.7171875 0.07968750000000008 0.5578125 0.07968750000000006 0.5578125 0.40625 0.7171875 0.40625
0 0.2234375 0.021875000000000016 0.0453125 0.021875000000000006 0.04531250000000002 0.3203125 0.2234375 0.3203125
0 0.2484375 2.4110233858213517e-17 0.1453125 1.7795648800109975e-17 0.1453125 0.13906250000000003 0.2484375 0.13906250000000003
0 0.11093750000000005 0.1984375 0.03750000000000002 0.1984375 0.03750000000000004 0.44375 0.11093750000000005 0.44375
0 0.040625000000000036 0.1765625 2.1622670047445454e-17 0.1765625 3.406048910128576e-17 0.3796875 0.04062500000000004 0.3796875
0 0.15937500000000007 0.375 0.018750000000000044 0.375 0.01875000000000006 0.609375 0.1593750000000001 0.609375
0 0.19375000000000006 0.540625 0.09375000000000007 0.540625 0.09375000000000008 0.690625 0.1937500000000001 0.690625
0 0.10156250000000008 0.6421875 0.023437500000000076 0.6421875 0.023437500000000094 0.89375 0.10156250000000008 0.89375
0 0.38750000000000007 0.7171875 0.08906250000000009 0.7171875 0.0890625000000001 0.8671875 0.38750000000000007 0.8671875
0 0.3453125000000001 0.81875 0.2453125000000001 0.81875 0.2453125000000001 0.925 0.3453125000000001 0.925
0 0.2484375000000001 0.8453125 0.16406250000000008 0.8453125 0.1640625000000001 0.946875 0.2484375000000001 0.946875
0 0.1750000000000001 0.8671875 0.07812500000000011 0.8671875 0.07812500000000011 0.9421875 0.17500000000000013 0.9421875
0 0.4578125000000002 0.7703125 0.37968750000000007 0.7703125 0.37968750000000007 0.9359375 0.4578125000000002 0.9359375
0 0.4953125000000001 0.7 0.4171875 0.7 0.4171875000000001 0.796875 0.49531250000000016 0.796875
0 0.5875000000000001 0.6953125 0.5046875 0.6953125 0.5046875000000001 0.834375 0.5875000000000001 0.834375
0 0.6140625000000002 0.8125 0.5359375000000002 0.8125 0.5359375000000002 0.9359375 0.6140625000000002 0.9359375
0 0.7546875000000001 0.6843750000000001 0.6015625 0.684375 0.6015625000000001 0.7812500000000001 0.7546875000000002 0.7812500000000002
0 0.728125 0.4593750000000001 0.6359375 0.459375 0.6359375 0.5671875000000001 0.728125 0.5671875000000002
0 0.884375 0.37968750000000007 0.6765625 0.37968750000000007 0.6765625 0.4703125000000001 0.884375 0.4703125000000002
0 0.428125 4.25756113766072e-17 0.2671875 3.2721031664718344e-17 0.2671875 0.16093750000000004 0.428125 0.16093750000000004
0 0.525 5.884045167778298e-17 0.4359375 5.338694640032993e-17 0.4359375 0.05937500000000005 0.525 0.05937500000000007
0 0.4421875 0.03750000000000005 0.39375 0.03750000000000005 0.39375 0.13437500000000005 0.4421875 0.13437500000000005
0 0.5359375 0.04843750000000006 0.3984375 0.04843750000000004 0.39843750000000006 0.421875 0.5359375 0.421875
0 0.584375 0.16562500000000008 0.5171875 0.16562500000000005 0.5171875 0.2562500000000001 0.584375 0.2562500000000001
0 0.5984375 0.07031250000000007 0.5015625 0.07031250000000007 0.5015625 0.16562500000000008 0.5984375 0.16562500000000008
0 0.39375 0.13906250000000003 0.353125 0.13906250000000003 0.353125 0.21875000000000006 0.39375 0.21875000000000008
0 0.3875 0.16562500000000005 0.3171875 0.16562500000000005 0.3171875 0.3375 0.3875 0.3375000000000001
0 0.4171875 0.3000000000000001 0.3796875 0.3000000000000001 0.37968750000000007 0.459375 0.4171875 0.459375
0 0.3765625 0.34687500000000004 0.3171875 0.346875 0.31718750000000007 0.465625 0.3765625000000001 0.465625
0 0.35625000000000007 0.3203125 0.271875 0.3203125 0.27187500000000003 0.5828125 0.35625000000000007 0.5828125
0 0.32656250000000003 0.209375 0.15625000000000006 0.209375 0.15625000000000006 0.4875 0.3265625000000001 0.4875
0 0.2796875 0.2203125 0.2015625 0.2203125 0.2015625 0.321875 0.2796875 0.321875
0 0.2718750000000001 0.375 0.2234375000000001 0.375 0.2234375000000001 0.465625 0.2718750000000001 0.465625
0 0.2687500000000001 0.4765625 0.17187500000000006 0.4765625 0.17187500000000006 0.6734375 0.2687500000000001 0.6734375
0 0.3234375000000001 0.6203125 0.1859375000000001 0.6203125 0.1859375000000001 0.7171875 0.3234375000000001 0.7171875
0 0.3468750000000001 0.5296875 0.2500000000000001 0.5296875 0.2500000000000001 0.6578125 0.3468750000000001 0.6578125
0 0.4015625000000001 0.6359375 0.3125000000000001 0.6359375 0.3125000000000001 0.7921875 0.40156250000000016 0.7921875
0 0.4421875 0.496875 0.3421875000000001 0.496875 0.3421875000000001 0.6421875 0.4421875 0.6421875
0 0.471875 0.5828125 0.3984375000000001 0.5828125 0.3984375000000001 0.690625 0.471875 0.690625
0 0.490625 0.428125 0.409375 0.428125 0.409375 0.503125 0.490625 0.503125
0 0.590625 0.421875 0.50625 0.421875 0.50625 0.4921875 0.590625 0.4921875
0 0.60625 0.4703125 0.45 0.4703125 0.45 0.6953125 0.60625 0.6953125
0 0.7203125 0.4546875 0.5875 0.4546875 0.5875 0.6796875 0.7203125 0.6796875
0 0.709375 7.730582919617668e-17 0.553125 6.773827607783798e-17 0.553125 0.11718750000000008 0.709375 0.11718750000000008
0 0.010937500000000013 0.0703125 8.610797806504827e-18 0.0703125 1.4159978615141272e-17 0.1609375 0.01093750000000002 0.1609375