0 0.7375 0.5234375000000001 0.5484375 0.5234375 0.5484375000000001 0.9734375 0.7375000000000002 0.9734375
0 0.8109375 0.1546875000000001 0.6625 0.1546875000000001 0.6625 0.503125 0.8109375 0.5031250000000002
0 0.6578125 0.11406250000000007 0.4390625 0.11406250000000004 0.4390625 0.5578125 0.6578125 0.5578125
0 0.565625 0.5515625 0.4140625 0.5515625 0.4140625000000001 0.8734375 0.5656250000000002 0.8734375
0 0.453125 0.33593750000000006 0.26875 0.3359375 0.26875000000000004 0.7046875 0.453125 0.7046875
0 0.4203125000000001 0.690625 0.23593750000000008 0.690625 0.23593750000000008 0.99375 0.4203125000000002 0.99375
0 0.5859375000000002 0.8921875 0.4343750000000002 0.8921875 0.4343750000000002 0.99375 0.5859375000000002 0.99375
0 0.28437500000000004 0.2015625 0.13593750000000004 0.2015625 0.13593750000000007 0.5640625 0.2843750000000001 0.5640625
0 0.9328125 0.45625000000000016 0.7609375 0.45625000000000016 0.7609375 0.8125 0.9328125 0.8125
0 0.12187500000000002 7.462691432304185e-18 0 0 1.9709159423777714e-17 0.321875 0.12187500000000004 0.321875
0 0.1921875 1.827402645602691e-17 0.10625 1.3011872240940627e-17 0.10625 0.09375000000000003 0.1921875 0.09375000000000003