0 0.9953125 0.4593750000000002 0.8265625 0.4593750000000002 0.8265625 0.7375000000000002 0.9953125 0.7375000000000002
0 0.996875 0.2640625000000001 0.803125 0.2640625000000001 0.803125 0.4546875000000002 0.996875 0.4546875000000002
0 0.9765625 1.0591281302000938e-16 0.753125 9.223121206078505e-17 0.753125 0.26250000000000007 0.9765625 0.26250000000000007
0 0.7875 0.17968750000000008 0.6875 0.17968750000000008 0.6875 0.3921875000000001 0.7875 0.3921875000000001
0 0.803125 8.744743550161569e-17 0.625 7.654042494670958e-17 0.625 0.1546875000000001 0.803125 0.1546875000000001
0 0.6640625 0.09218750000000007 0.590625 0.09218750000000006 0.590625 0.3968750000000001 0.6640625 0.3968750000000001
0 0.690625 0.1281250000000001 0.6375 0.1281250000000001 0.6375 0.3968750000000001 0.690625 0.3968750000000001
0 0.7640625 0.37187500000000007 0.5828125 0.37187500000000007 0.5828125 0.4953125000000001 0.7640625 0.49531250000000016
0 0.8296875 0.37187500000000007 0.71875 0.37187500000000007 0.7187500000000001 0.7328125000000001 0.8296875 0.7328125000000002
0 0.996875 0.6953125000000002 0.7578125 0.6953125000000002 0.7578125000000001 0.8046875 0.996875 0.8046875
0 0.7875000000000002 0.7671875000000001 0.5640625000000001 0.7671875 0.5640625000000001 0.8609375 0.7875000000000002 0.8609375
0 0.9234375 0.7687500000000002 0.7640625000000002 0.7687500000000002 0.7640625000000002 0.840625 0.9234375 0.840625
0 0.9375 0.8296875 0.7296875000000002 0.8296875 0.7296875000000002 0.8921875 0.9375 0.8921875
0 0.7343750000000002 0.840625 0.3781250000000001 0.840625 0.3781250000000001 0.928125 0.7343750000000002 0.928125
0 0.721875 0.690625 0.3046875000000001 0.690625 0.3046875000000001 0.9125 0.7218750000000002 0.9125
0 0.7375 0.5000000000000001 0.6671875 0.5 0.6671875 0.76875 0.7375000000000002 0.7687500000000002
0 0.6796875000000001 0.475 0.5671875 0.475 0.5671875000000001 0.7625 0.6796875000000002 0.7625
0 0.5484375000000001 0.65 0.428125 0.65 0.4281250000000001 0.809375 0.5484375000000001 0.809375
0 0.3671875000000001 0.675 0.1546875000000001 0.675 0.1546875000000001 0.865625 0.3671875000000001 0.865625
0 0.2812500000000001 0.4171875 0.19687500000000005 0.4171875 0.19687500000000008 0.88125 0.2812500000000001 0.88125
0 0.24375000000000005 0.309375 0.16562500000000005 0.309375 0.16562500000000008 0.5828125 0.24375000000000008 0.5828125
0 0.5484375 0.042187500000000044 0.1921875 0.042187500000000024 0.1921875 0.18125000000000008 0.5484375 0.18125000000000008
0 0.60625 0.010937500000000065 0.44375 0.010937500000000055 0.44375 0.35625000000000007 0.60625 0.35625000000000007
0 0.5953125 0.010937500000000067 0.5015625 0.010937500000000062 0.5015625 0.22656250000000008 0.5953125 0.22656250000000008
0 0.59375 0.03125000000000007 0.540625 0.03125000000000007 0.540625 0.15937500000000007 0.59375 0.1593750000000001
0 0.4625 0.12343750000000005 0.2203125 0.12343750000000005 0.2203125 0.20625000000000004 0.4625 0.2062500000000001
0 0.296875 3.30080582582685e-17 0.2421875 2.9659414666849956e-17 0.2421875 0.2109375 0.296875 0.2109375
0 0.4046875 4.4776148593825096e-17 0.3265625 3.999237203465575e-17 0.3265625 0.07656250000000005 0.4046875 0.07656250000000005
0 0.35625 3.865291459808834e-17 0.275 3.367778697655221e-17 0.275 0.06250000000000004 0.35625 0.06250000000000004
0 0.3203125 0.16562500000000005 0.196875 0.16562500000000005 0.19687500000000002 0.2328125 0.3203125 0.2328125
0 0.5015625 0.26875000000000004 0.228125 0.26875 0.228125 0.3140625 0.5015625 0.3140625000000001
0 0.5015625 0.19687500000000005 0.246875 0.19687500000000005 0.246875 0.26406250000000003 0.5015625 0.2640625000000001
0 0.5375 0.26875000000000004 0.24375 0.26875 0.24375000000000005 0.39687500000000003 0.5375 0.3968750000000001
0 0.603125 0.3296875 0.3046875 0.3296875 0.30468750000000006 0.4390625 0.603125 0.4390625
0 0.32500000000000007 0.3140625 0.2671875 0.3140625 0.2671875 0.53125 0.32500000000000007 0.53125
0 0.35625000000000007 0.4328125 0.3062500000000001 0.4328125 0.3062500000000001 0.7015625 0.35625000000000007 0.7015625
0 0.4484375 0.4328125 0.2390625000000001 0.4328125 0.2390625000000001 0.6234375 0.4484375 0.6234375
0 0.4984375000000001 0.4078125 0.2734375000000001 0.4078125 0.2734375000000001 0.7375 0.4984375000000002 0.7375
0 0.5640625 0.4171875 0.4046875 0.4171875 0.4046875 0.5875 0.5640625 0.5875
0 0.5593750000000001 0.44375 0.3281250000000001 0.44375 0.3281250000000001 0.8046875 0.5593750000000002 0.8046875
0 0.6171875000000001 0.4484375 0.409375 0.4484375 0.4093750000000001 0.7625 0.6171875000000002 0.7625
0 0.6375 0.5046875 0.5140625 0.5046875 0.5140625 0.665625 0.6375 0.665625