0 0.6468750000000001 0.27343750000000006 0.18125000000000005 0.2734375 0.18125000000000008 0.73125 0.6468750000000002 0.73125
0 0.9328125 0.4156250000000001 0.6046875 0.415625 0.6046875 0.7734375000000001 0.9328125 0.7734375000000002
0 0.74375 0.22187500000000004 0.3609375 0.221875 0.3609375 0.4390625000000001 0.74375 0.4390625000000002
0 0.16406250000000006 0.5234375 0.12968750000000004 0.5234375 0.12968750000000004 0.5375 0.16406250000000006 0.5375
0 0.18906250000000008 0.5375 0.15625000000000006 0.5375 0.15625000000000006 0.5515625 0.18906250000000008 0.5515625
0 0.12187500000000007 0.5421875 0.08750000000000006 0.5421875 0.08750000000000006 0.5609375 0.1218750000000001 0.5609375
0 0.1765625000000001 0.5578125 0.09687500000000007 0.5578125 0.09687500000000007 0.6046875 0.1765625000000001 0.6046875
0 0.18125000000000008 0.5765625 0.15625000000000008 0.5765625 0.15625000000000008 0.6 0.18125000000000008 0.6
0 0.16406250000000008 0.6 0.1296875000000001 0.6 0.1296875000000001 0.61875 0.16406250000000008 0.61875
0 0.13437500000000008 0.6 0.10156250000000008 0.6 0.10156250000000008 0.6234375 0.13437500000000008 0.6234375
0 0.07968750000000006 0.5765625 0.050000000000000065 0.5765625 0.050000000000000065 0.5953125 0.07968750000000006 0.5953125