0 0.996875 0.5000000000000001 0.69375 0.5 0.6937500000000001 0.9953125 0.996875 0.9953125
0 0.996875 0.9296875 0.9421875 0.9296875 0.9421875 0.99375 0.996875 0.99375
0 0.7953125000000002 0.7828125000000001 0.5187500000000002 0.7828125 0.5187500000000002 0.99375 0.7953125000000002 0.99375
0 0.821875 0.4015625000000001 0.5921875 0.4015625 0.5921875000000001 0.7937500000000001 0.821875 0.7937500000000002
0 0.996875 0.2171875000000001 0.803125 0.2171875000000001 0.803125 0.5656250000000002 0.996875 0.5656250000000002
0 0.996875 1.1375820657704711e-16 0.8609375 1.0543443536409245e-16 0.8609375 0.2390625000000001 0.996875 0.2390625000000001
0 0.8109375 0.06562500000000007 0.5515625 0.06562500000000007 0.5515625 0.43437500000000007 0.8109375 0.4343750000000002
0 0.8609375 8.936094612528342e-17 0.5984375 7.328745688647442e-17 0.5984375 0.0984375000000001 0.8609375 0.09843750000000011
0 0.6234375 6.209341973801815e-17 0.390625 4.7837765591693485e-17 0.390625 0.12031250000000007 0.6234375 0.12031250000000009
0 0.4671875 0.03906250000000004 0.175 0.03906250000000002 0.17500000000000002 0.3921875 0.4671875 0.3921875000000001
0 0.6796875000000001 0.4015625 0.3187500000000001 0.4015625 0.3187500000000001 0.9625 0.6796875000000002 0.9625
0 0.4671875000000001 0.3921875 0.2593750000000001 0.3921875 0.2593750000000001 0.8 0.4671875000000002 0.8
0 0.5218750000000002 0.83125 0.1859375000000001 0.83125 0.18593750000000012 0.9953125 0.5218750000000002 0.9953125
0 0.34375000000000006 0.2828125 0.026562500000000034 0.2828125 0.026562500000000062 0.7328125 0.3437500000000001 0.7328125
0 0.22656250000000008 0.6421875 7.864528663274409e-17 0.6421875 1.0026795668018954e-16 0.9953125 0.22656250000000008 0.9953125
0 0.06875000000000006 0.3046875 3.731345716152092e-17 0.3046875 5.893612720896638e-17 0.6578125 0.06875000000000009 0.6578125
0 0.0515625 3.15729252905177e-18 0 0 4.975127621536122e-18 0.08125 0.0515625 0.08125