0 0.85625 0.18125000000000008 0.6421875 0.18125000000000008 0.6421875 0.4984375000000001 0.85625 0.4984375000000002
0 0.9640625 0.2953125000000001 0.8484375 0.2953125000000001 0.8484375 0.5078125000000002 0.9640625 0.5078125000000002
0 0.996875 0.4421875000000002 0.8625 0.4421875000000002 0.8625 0.6171875000000002 0.996875 0.6171875000000002
0 0.996875 0.31718750000000007 0.928125 0.31718750000000007 0.928125 0.4312500000000002 0.996875 0.4312500000000002
0 0.8546875 0.1359375000000001 0.7796875 0.1359375000000001 0.7796875 0.2734375000000001 0.8546875 0.2734375000000001
0 0.9015625 0.15781250000000008 0.8375 0.15781250000000008 0.8375 0.2953125000000001 0.9015625 0.2953125000000001
0 0.8515625 9.739769074468791e-17 0.7390625 9.050905249948406e-17 0.7390625 0.12031250000000009 0.8515625 0.12031250000000009
0 0.7609375 0.01093750000000009 0.6734375 0.010937500000000083 0.6734375 0.17968750000000008 0.7609375 0.17968750000000008
0 0.6890625 0.010937500000000077 0.590625 0.010937500000000072 0.590625 0.1687500000000001 0.6890625 0.1687500000000001
0 0.5296875 5.3099919806779773e-17 0.3375 4.133182947122317e-17 0.3375 0.13125000000000003 0.5296875 0.13125000000000003
0 0.590625 6.611179204772041e-17 0.4890625 5.989288252080025e-17 0.4890625 0.10937500000000007 0.590625 0.10937500000000008
0 0.934375 0.4750000000000002 0.728125 0.4750000000000002 0.7281250000000001 0.9234375 0.934375 0.9234375
0 0.6203125 0.6890625 0.3984375000000001 0.6890625 0.3984375000000001 0.9671875 0.6203125000000002 0.9671875
0 0.6453125000000001 0.5953125 0.6015625 0.5953125 0.6015625000000001 0.7703125 0.6453125000000002 0.7703125
0 0.7328125000000001 0.6671875 0.628125 0.6671875 0.628125 0.846875 0.7328125000000002 0.846875
0 0.7765625000000002 0.7765625 0.6531250000000002 0.7765625 0.6531250000000002 0.91875 0.7765625000000002 0.91875
0 0.81875 0.8203125 0.6015625000000002 0.8203125 0.6015625000000002 0.9953125 0.81875 0.9953125
0 0.8703125 0.8578125 0.7906250000000001 0.8578125 0.7906250000000001 0.984375 0.8703125 0.984375
0 0.634375 0.4859375 0.5296875 0.4859375 0.5296875 0.7 0.634375 0.7
0 0.6921875 0.2796875000000001 0.5828125 0.2796875000000001 0.5828125 0.553125 0.6921875 0.553125
0 0.65625 0.1906250000000001 0.5875 0.1906250000000001 0.5875 0.3828125000000001 0.65625 0.3828125000000001
0 0.4640625 0.09843750000000005 0.29375 0.09843750000000004 0.29375 0.34375000000000006 0.4640625 0.3437500000000001
0 0.56875 0.054687500000000056 0.3953125 0.05468750000000004 0.3953125 0.2734375000000001 0.56875 0.2734375000000001
0 0.5953125 0.26250000000000007 0.471875 0.26250000000000007 0.471875 0.4703125 0.5953125 0.4703125
0 0.5375000000000001 0.38750000000000007 0.4140625 0.38750000000000007 0.4140625000000001 0.7375 0.5375000000000002 0.7375
0 0.5078125000000001 0.546875 0.4390625 0.546875 0.4390625000000001 0.7703125 0.5078125000000002 0.7703125
0 0.44218750000000007 0.4703125 0.2968750000000001 0.4703125 0.2968750000000001 0.9078125 0.4421875000000002 0.9078125
0 0.4062500000000001 0.5359375 0.2468750000000001 0.5359375 0.2468750000000001 0.8796875 0.40625000000000017 0.8796875
0 0.34062500000000007 0.7109375 0.2390625000000001 0.7109375 0.2390625000000001 0.8203125 0.34062500000000007 0.8203125
0 0.2796875000000001 0.803125 0.1781250000000001 0.803125 0.17812500000000012 0.9078125 0.2796875000000001 0.9078125
0 0.3375000000000001 0.825 0.2718750000000001 0.825 0.2718750000000001 0.91875 0.3375000000000001 0.91875
0 0.4031250000000002 0.8578125 0.3343750000000001 0.8578125 0.3343750000000001 0.9953125 0.4031250000000002 0.9953125
0 0.34843750000000007 0.8859375 0.1921875000000001 0.8859375 0.19218750000000012 0.9953125 0.34843750000000007 0.9953125
0 0.19687500000000008 0.6125 0.06250000000000007 0.6125 0.06250000000000008 0.7984375 0.19687500000000008 0.7984375
0 0.15625000000000008 0.7109375 0.010937500000000086 0.7109375 0.010937500000000096 0.8640625 0.15625000000000008 0.8640625
0 0.1968750000000001 0.896875 0.0953125000000001 0.896875 0.0953125000000001 0.9953125 0.19687500000000013 0.9953125
0 0.27968750000000003 0.3609375 0.09375000000000004 0.3609375 0.09375000000000006 0.634375 0.2796875000000001 0.634375
0 0.2828125 0.246875 0.10468750000000004 0.246875 0.10468750000000004 0.4109375 0.2828125000000001 0.4109375
0 0.15156250000000002 9.280526524788537e-18 0 0 1.8752404111943846e-17 0.30625 0.15156250000000004 0.30625
0 0.246875 2.2675100890462714e-17 0.1234375 1.511673392697514e-17 0.1234375 0.13125000000000003 0.246875 0.13125000000000003
0 0.315625 0.12500000000000003 0.1703125 0.125 0.17031250000000003 0.2296875 0.315625 0.2296875
0 0.3046875 0.2234375 0.2203125 0.2234375 0.2203125 0.2953125 0.3046875 0.2953125
0 0.5984375000000002 0.896875 0.44531250000000017 0.896875 0.44531250000000017 0.9953125 0.5984375000000002 0.9953125
0 0.3515625 0.006250000000000036 0.23125 0.006250000000000028 0.23125 0.17031250000000003 0.3515625 0.17031250000000003