0 0.9125 0.5140625000000002 0.75625 0.5140625000000002 0.7562500000000001 0.7328125000000002 0.9125 0.7328125000000002
0 0.95625 0.6062500000000002 0.7703125 0.6062500000000002 0.7703125000000001 0.8578125 0.95625 0.8578125
0 0.8109375 0.7109375000000002 0.73125 0.7109375000000002 0.7312500000000001 0.846875 0.8109375 0.846875
0 0.7562500000000001 0.3765625000000001 0.5921875 0.3765625000000001 0.5921875000000001 0.7656250000000001 0.7562500000000002 0.7656250000000002
0 0.8109375 0.4203125000000001 0.7015625 0.4203125 0.7015625 0.6062500000000001 0.8109375 0.6062500000000002
0 0.7312500000000001 0.6781250000000001 0.61875 0.678125 0.6187500000000001 0.825 0.7312500000000002 0.825
0 0.7312500000000002 0.809375 0.6437500000000002 0.809375 0.6437500000000002 0.8640625 0.7312500000000002 0.8640625
0 0.6468750000000002 0.7265625 0.5343750000000002 0.7265625 0.5343750000000002 0.9078125 0.6468750000000002 0.9078125
0 0.6515625 0.540625 0.5421875 0.540625 0.5421875 0.715625 0.6515625 0.715625
0 0.61875 0.3218750000000001 0.5421875 0.3218750000000001 0.5421875 0.5359375 0.61875 0.5359375
0 0.4953125 0.2671875 0.334375 0.2671875 0.33437500000000003 0.5578125 0.4953125 0.5578125
0 0.5421875 0.31718750000000007 0.4328125 0.31718750000000007 0.4328125 0.525 0.5421875 0.525
0 0.4953125 0.5078125 0.4265625 0.5078125 0.4265625 0.65625 0.4953125 0.65625
0 0.5453125 0.51875 0.4734375 0.51875 0.4734375 0.671875 0.5453125 0.671875
0 0.6156250000000001 0.6671875 0.4046875 0.6671875 0.4046875000000001 0.7765625 0.6156250000000002 0.7765625
0 0.5640625000000001 0.7546875 0.42187500000000017 0.7546875 0.42187500000000017 0.83125 0.5640625000000001 0.83125
0 0.48750000000000016 0.759375 0.3781250000000001 0.759375 0.3781250000000001 0.934375 0.48750000000000016 0.934375
0 0.4546875000000002 0.8140625 0.4078125000000002 0.8140625 0.4078125000000002 0.9625 0.4546875000000002 0.9625
0 0.5390625000000002 0.83125 0.4593750000000002 0.83125 0.4593750000000002 0.875 0.5390625000000002 0.875
0 0.39687500000000003 0.21875000000000006 0.2078125 0.21875 0.20781250000000004 0.4703125 0.3968750000000001 0.4703125
0 0.4109375 0.05468750000000004 0.3125 0.05468750000000004 0.3125 0.2515625 0.4109375 0.2515625000000001
0 0.421875 0.503125 0.2828125000000001 0.503125 0.2828125000000001 0.6828125 0.421875 0.6828125
0 0.3343750000000001 0.4484375 0.2328125000000001 0.4484375 0.2328125000000001 0.56875 0.3343750000000001 0.56875
0 0.2906250000000001 0.56875 0.2078125000000001 0.56875 0.2078125000000001 0.678125 0.2906250000000001 0.678125
0 0.2765625000000001 0.5578125 0.1531250000000001 0.5578125 0.1531250000000001 0.678125 0.2765625000000001 0.678125
0 0.2765625000000001 0.634375 0.16406250000000008 0.634375 0.16406250000000008 0.6828125 0.2765625000000001 0.6828125
0 0.2906250000000001 0.6171875 0.07968750000000006 0.6171875 0.07968750000000009 0.8578125 0.2906250000000001 0.8578125
0 0.4218750000000001 0.7109375 0.2984375000000001 0.7109375 0.2984375000000001 0.9015625 0.42187500000000017 0.9015625