0 0.940625 0.8484375 0.7609375000000002 0.8484375 0.7609375000000002 0.9953125 0.940625 0.9953125
0 0.996875 0.83125 0.915625 0.83125 0.915625 0.9953125 0.996875 0.9953125
0 0.96875 0.6671875000000002 0.8171875 0.6671875000000002 0.8171875 0.88125 0.96875 0.88125
0 0.996875 0.5875000000000001 0.8453125 0.5875000000000001 0.8453125 0.8421875 0.996875 0.8421875
0 0.94375 0.40625000000000017 0.7609375 0.40625000000000017 0.7609375 0.6218750000000002 0.94375 0.6218750000000002
0 0.996875 0.39531250000000007 0.940625 0.39531250000000007 0.940625 0.6046875000000002 0.996875 0.6046875000000002
0 0.9515625 0.2656250000000001 0.8140625 0.2656250000000001 0.8140625 0.46875000000000017 0.9515625 0.46875000000000017
0 0.996875 0.22031250000000008 0.8984375 0.22031250000000008 0.8984375 0.4234375000000002 0.996875 0.4234375000000002
0 0.7718750000000002 0.825 0.6281250000000002 0.825 0.6281250000000002 0.99375 0.7718750000000002 0.99375
0 0.821875 0.7406250000000002 0.7484375000000002 0.7406250000000002 0.7484375000000002 0.8984375 0.821875 0.8984375
0 0.7609375 0.6109375000000001 0.6109375 0.6109375 0.6109375000000001 0.8359375 0.7609375000000002 0.8359375
0 0.8421875 0.5875000000000001 0.746875 0.5875000000000001 0.7468750000000001 0.81875 0.8421875 0.81875
0 0.7578125 0.5203125000000001 0.7125 0.5203125 0.7125 0.6218750000000001 0.7578125 0.6218750000000002
0 0.8109375 0.3046875000000001 0.6765625 0.3046875000000001 0.6765625 0.5203125000000001 0.8109375 0.5203125000000002
0 0.8390625 0.2593750000000001 0.7578125 0.2593750000000001 0.7578125 0.3843750000000001 0.8390625 0.3843750000000001
0 0.9609375 0.08437500000000012 0.8421875 0.08437500000000012 0.8421875 0.2656250000000001 0.9609375 0.2656250000000001
0 0.996875 0.11875000000000013 0.9578125 0.11875000000000013 0.9578125 0.22656250000000008 0.996875 0.22656250000000008
0 0.996875 1.1643712145018196e-16 0.9046875 1.1079226511036212e-16 0.9046875 0.15312500000000012 0.996875 0.15312500000000012
0 0.90625 1.0151173858557357e-16 0.7515625 9.203986099841827e-17 0.7515625 0.0906250000000001 0.90625 0.09062500000000011
0 0.8671875 0.0343750000000001 0.7296875 0.034375000000000086 0.7296875 0.2484375000000001 0.8671875 0.2484375000000001
0 0.765625 0.1296875000000001 0.6359375 0.1296875000000001 0.6359375 0.3046875000000001 0.765625 0.3046875000000001
0 0.6921875 0.04531250000000008 0.6046875 0.045312500000000075 0.6046875 0.19687500000000008 0.6921875 0.19687500000000008
0 0.74375 8.141987703706231e-17 0.5859375 7.175664838754022e-17 0.5859375 0.1359375000000001 0.74375 0.1359375000000001
0 0.6203125 0.010937500000000069 0.5125 0.010937500000000063 0.5125 0.17500000000000007 0.6203125 0.1750000000000001
0 0.6984375 0.1750000000000001 0.56875 0.1750000000000001 0.56875 0.446875 0.6984375 0.446875
0 0.709375 0.3890625000000001 0.515625 0.3890625000000001 0.515625 0.678125 0.709375 0.678125
0 0.6250000000000001 0.6890625 0.575 0.6890625 0.5750000000000001 0.81875 0.6250000000000002 0.81875
0 0.6328125000000002 0.734375 0.4359375000000002 0.734375 0.4359375000000002 0.99375 0.6328125000000002 0.99375
0 0.4312500000000002 0.76875 0.22812500000000008 0.76875 0.22812500000000008 0.99375 0.4312500000000002 0.99375
0 0.4625000000000001 0.65 0.3265625000000001 0.65 0.3265625000000001 0.8640625 0.4625000000000002 0.8640625
0 0.5750000000000001 0.565625 0.4109375 0.565625 0.41093750000000007 0.7859375 0.5750000000000002 0.7859375
0 0.5125 0.475 0.4109375 0.475 0.4109375 0.59375 0.5125 0.59375
0 0.6046875 0.15937500000000007 0.4078125 0.15937500000000004 0.4078125 0.509375 0.6046875 0.509375
0 0.5890625 0.12500000000000006 0.45625 0.12500000000000006 0.45625 0.22031250000000008 0.5890625 0.22031250000000008
0 0.5125 5.415235064979703e-17 0.371875 4.55415528432922e-17 0.371875 0.2093750000000001 0.5125 0.2093750000000001
0 0.3343750000000001 0.6375 0.1515625000000001 0.6375 0.1515625000000001 0.94375 0.3343750000000001 0.94375
0 0.16875000000000012 0.865625 1.0600848855119278e-16 0.865625 1.139495576394139e-16 0.9953125 0.16875000000000012 0.9953125
0 0.23437500000000008 0.9390625 0.16875000000000012 0.9390625 0.16875000000000012 0.9953125 0.23437500000000008 0.9953125
0 0.10937500000000011 0.8984375 1.1002686086089502e-16 0.8984375 1.1586306826308163e-16 0.99375 0.10937500000000014 0.99375
0 0.11562500000000009 0.7625 9.337931843498569e-17 0.7625 1.0170308964794034e-16 0.8984375 0.11562500000000009 0.8984375
0 0.1656250000000001 0.7734375 0.050000000000000086 0.7734375 0.0500000000000001 0.915625 0.16562500000000013 0.915625
0 0.0671875000000001 0.6953125 8.51512227532144e-17 0.6953125 8.993499931238375e-17 0.7734375 0.0671875000000001 0.7734375
0 0.13281250000000006 0.53125 6.505936120470313e-17 0.53125 8.027177066286167e-17 0.7796875 0.13281250000000008 0.7796875
0 0.20468750000000005 0.2765625 0.03593750000000003 0.2765625 0.03593750000000005 0.5484375 0.20468750000000008 0.5484375
0 0.3375000000000001 0.384375 0.16093750000000004 0.384375 0.16093750000000007 0.65 0.3375000000000001 0.65
0 0.4109375 0.4515625 0.3156250000000001 0.4515625 0.3156250000000001 0.6671875 0.4109375 0.6671875
0 0.434375 0.35625000000000007 0.36875 0.35625000000000007 0.36875 0.496875 0.434375 0.496875
0 0.4421875 0.19843750000000004 0.36875 0.19843750000000004 0.36875 0.29375000000000007 0.4421875 0.29375000000000007
0 0.4046875 0.17500000000000004 0.221875 0.17500000000000004 0.22187500000000004 0.4578125 0.4046875 0.4578125
0 0.22812500000000005 0.2828125 0.17812500000000003 0.2828125 0.17812500000000003 0.3953125 0.22812500000000008 0.3953125
0 0.11250000000000004 0.2046875 0.03906250000000002 0.2046875 0.03906250000000003 0.2890625 0.11250000000000004 0.2890625
0 0.056250000000000036 0.2203125 2.6980499793715128e-17 0.2203125 3.8365888004538175e-17 0.40625 0.05625000000000004 0.40625
0 0.039062500000000056 0.4078125 4.9942627277728e-17 0.4078125 5.788369636594911e-17 0.5375 0.03906250000000007 0.5375
0 0.1937500000000001 0.559375 0.10937500000000008 0.559375 0.10937500000000008 0.7171875 0.1937500000000001 0.7171875
0 0.02812500000000002 0.1359375 1.6647542425909335e-17 0.1359375 2.2483749828095937e-17 0.23125 0.028125000000000032 0.23125
0 0.12656250000000002 7.749718025854346e-18 0 0 1.2437819053840305e-17 0.203125 0.12656250000000005 0.203125
0 0.2921875 0.03906250000000002 0.109375 0.039062500000000014 0.10937500000000003 0.2765625 0.2921875 0.2765625
0 0.3859375 0.05000000000000003 0.2625 0.050000000000000024 0.2625 0.19218750000000004 0.3859375 0.19218750000000004
0 0.3703125 3.08075210410506e-17 0.1328125 1.6264840301175783e-17 0.1328125 0.09531250000000004 0.3703125 0.09531250000000005