0 0.925 0.040625000000000064 0.0671875 0.04062500000000001 0.06718750000000004 0.6140625000000001 0.925 0.6140625000000002
0 0.496875 0.11093750000000005 0.23125 0.11093750000000005 0.23125000000000004 0.471875 0.496875 0.471875
0 0.675 0.11093750000000006 0.4265625 0.11093750000000005 0.4265625 0.3906250000000001 0.675 0.3906250000000001
0 0.790625 0.16562500000000008 0.640625 0.16562500000000008 0.640625 0.3921875000000001 0.790625 0.3921875000000001
0 0.83125 0.4093750000000001 0.14218750000000005 0.409375 0.14218750000000008 0.8796875 0.83125 0.8796875
0 0.3375 2.0665914735611586e-17 0 0 1.1194037148456277e-17 0.18281250000000002 0.3375 0.18281250000000004
0 0.43125 4.7072361342226394e-17 0.3375 4.133182947122317e-17 0.3375 0.05312500000000005 0.43125 0.05312500000000005
4 0.9953125 0.40937500000000016 0.8140625 0.40937500000000016 0.8140625 0.95625 0.9953125 0.95625
4 0.81875 0.7375000000000002 0.7343750000000002 0.7375000000000002 0.7343750000000002 0.96875 0.81875 0.96875
4 0.7281250000000001 0.865625 1.0600848855119278e-16 0.865625 1.139495576394139e-16 0.9953125 0.7281250000000001 0.9953125
4 0.07968750000000006 0.1640625 2.0091861548511263e-17 0.1640625 6.31458505810354e-17 0.8671875 0.0796875000000001 0.8671875
4 0.15625000000000008 0.6 0.07656250000000006 0.6 0.07656250000000009 0.8796875 0.15625000000000008 0.8796875
4 0.1859375000000001 0.7109375 0.1468750000000001 0.7109375 0.1468750000000001 0.8796875 0.1859375000000001 0.8796875
4 0.2453125000000001 0.7921875 0.1828125000000001 0.7921875 0.1828125000000001 0.88125 0.2453125000000001 0.88125
4 0.2984375000000001 0.840625 0.2406250000000001 0.840625 0.2406250000000001 0.8796875 0.2984375000000001 0.8796875