0 0.996875 0.6609375000000002 0.9125 0.6609375000000002 0.9125 0.9078125 0.996875 0.9078125
0 0.909375 0.9296875 0.821875 0.9296875 0.821875 0.9953125 0.909375 0.9953125
0 0.3859375000000001 0.6609375 0.057812500000000086 0.6609375 0.0578125000000001 0.9953125 0.3859375000000001 0.9953125
0 0.6359375000000002 0.809375 0.3531250000000001 0.809375 0.3531250000000001 0.9953125 0.6359375000000002 0.9953125
0 0.11562500000000012 0.5671875 6.946043563913895e-17 0.5671875 9.557985565220359e-17 0.99375 0.11562500000000013 0.99375
0 0.490625 3.004211679158351e-17 0 0 3.214697847761802e-17 0.525 0.490625 0.525
0 0.515625 0.38281250000000006 0.3421875000000001 0.3828125 0.3421875000000001 0.715625 0.515625 0.715625
0 0.70625 0.3281250000000001 0.4515625 0.3281250000000001 0.4515625000000001 0.8296875 0.7062500000000002 0.8296875
0 0.7562500000000001 0.51875 0.6734375 0.51875 0.6734375000000001 0.7921875 0.7562500000000002 0.7921875000000002
0 0.6078125000000002 0.809375 0.5671875000000002 0.809375 0.5671875000000002 0.8796875 0.6078125000000002 0.8796875
0 0.753125 0.12656250000000008 0.484375 0.12656250000000005 0.484375 0.6937500000000001 0.753125 0.6937500000000002
0 0.890625 0.14218750000000008 0.73125 0.14218750000000008 0.7312500000000001 0.7875000000000002 0.890625 0.7875000000000002
0 0.996875 0.2406250000000001 0.7421875 0.2406250000000001 0.7421875000000001 0.7484375000000002 0.996875 0.7484375000000002
0 0.9453125 0.5953125000000001 0.840625 0.5953125000000001 0.840625 0.7109375000000002 0.9453125 0.7109375000000002
0 0.996875 0.4703125000000002 0.9203125 0.4703125000000002 0.9203125 0.5687500000000002 0.996875 0.5687500000000002
0 0.9015625 0.7109375000000002 0.84375 0.7109375000000002 0.84375 0.7875000000000002 0.9015625 0.7875000000000002