0 0.996875 0.7328125000000002 0.890625 0.7328125000000002 0.890625 0.9953125 0.996875 0.9953125
0 0.8265625 0.6062500000000001 0.615625 0.60625 0.6156250000000001 0.8796875 0.8265625 0.8796875
0 0.6406250000000001 0.453125 0.3781250000000001 0.453125 0.3781250000000001 0.83125 0.6406250000000002 0.83125
0 0.4296875000000001 0.33906250000000004 0.07343750000000004 0.3390625 0.07343750000000007 0.7484375 0.42968750000000017 0.7484375
0 0.3609375 0.10937500000000003 0.1171875 0.109375 0.11718750000000003 0.3875 0.3609375000000001 0.3875
0 0.11718750000000007 0.4859375 0.026562500000000055 0.4859375 0.026562500000000072 0.7046875 0.11718750000000008 0.7046875
0 0.6796875 0.03750000000000007 0.4578125 0.037500000000000054 0.4578125 0.3500000000000001 0.6796875 0.3500000000000001
0 0.796875 0.1750000000000001 0.640625 0.1750000000000001 0.640625 0.38750000000000007 0.796875 0.38750000000000007
0 0.996875 0.0546875000000001 0.778125 0.05468750000000009 0.778125 0.4156250000000002 0.996875 0.4156250000000002
0 0.4796875 0.12031250000000004 0.3890625 0.12031250000000004 0.3890625 0.3218750000000001 0.4796875 0.3218750000000001
0 0.8578125 9.500580246510326e-17 0.69375 8.495987169084762e-17 0.69375 0.1906250000000001 0.8578125 0.1906250000000001
0 0.9953125 1.1213172254692953e-16 0.8359375 1.0237281836622405e-16 0.8359375 0.08125000000000011 0.9953125 0.08125000000000011
0 0.7375 8.381176531664698e-17 0.63125 7.730582919617668e-17 0.63125 0.1140625000000001 0.7375 0.1140625000000001
0 0.6296875 6.725989842192105e-17 0.46875 5.740531871003217e-17 0.46875 0.09843750000000007 0.6296875 0.09843750000000007