0 0.06250000000000008 0.7421875 9.089175462421762e-17 0.7421875 9.337931843498567e-17 0.7828125 0.06250000000000008 0.7828125
0 0.06250000000000008 0.7421875 9.089175462421762e-17 0.7421875 9.414472268445276e-17 0.7953125 0.06250000000000008 0.7953125
0 0.026562500000000107 0.8359375 1.0237281836622405e-16 0.8359375 1.0476470664580872e-16 0.875 0.02656250000000011 0.875
0 0.934375 0.1031250000000001 0.81875 0.10312500000000009 0.81875 0.4234375000000002 0.934375 0.4234375000000002
0 0.853125 0.0984375000000001 0.746875 0.0984375000000001 0.746875 0.2718750000000001 0.853125 0.2718750000000001
0 0.946875 0.2531250000000001 0.9109375 0.2531250000000001 0.9109375 0.4265625000000002 0.946875 0.4265625000000002
0 0.95625 0.1250000000000001 0.6265625 0.12500000000000008 0.6265625 0.5062500000000001 0.95625 0.5062500000000002
0 0.9109375 0.26250000000000007 0.7328125 0.26250000000000007 0.7328125 0.5468750000000002 0.9109375 0.5468750000000002
0 0.8140625 0.04843750000000007 0.4 0.04843750000000004 0.4 0.4843750000000001 0.8140625 0.48437500000000017
0 0.7203125 7.625339835315942e-17 0.525 6.429395695523604e-17 0.525 0.3156250000000001 0.7203125 0.3156250000000001
0 0.5515625 0.19531250000000006 0.19531250000000006 0.19531250000000006 0.19531250000000006 0.6 0.5515625 0.6
0 0.5953125000000001 0.34218750000000003 0.12031250000000004 0.3421875 0.12031250000000007 0.8578125 0.5953125000000001 0.8578125
0 0.7015625000000002 0.728125 0.4000000000000002 0.728125 0.4000000000000002 0.915625 0.7015625000000002 0.915625
0 0.8890625 0.6937500000000001 0.5859375 0.69375 0.5859375000000001 0.8796875 0.8890625 0.8796875
0 0.8484375 0.5203125000000001 0.5515625 0.5203125 0.5515625000000001 0.76875 0.8484375 0.7687500000000002
0 0.9953125 0.4578125000000002 0.7328125 0.4578125000000002 0.7328125000000001 0.7375000000000002 0.9953125 0.7375000000000002
0 0.8671875 0.2796875000000001 0.4046875 0.2796875000000001 0.4046875 0.7109375000000001 0.8671875 0.7109375000000002
0 0.9953125 0.004687500000000067 0.09375 0.004687500000000011 0.09375000000000006 0.90625 0.9953125 0.90625
3 0.30156250000000007 0.8140625 0.20468750000000008 0.8140625 0.20468750000000008 0.89375 0.30156250000000007 0.89375