0 0.3812500000000001 0.678125 0.2609375000000001 0.678125 0.2609375000000001 0.9046875 0.3812500000000001 0.9046875
0 0.3546875000000001 0.7453125 0.2406250000000001 0.7453125 0.2406250000000001 0.9890625 0.3546875000000001 0.9890625
0 0.3750000000000001 0.6609375 0.10781250000000009 0.6609375 0.10781250000000012 0.99375 0.3750000000000001 0.99375
0 0.3781250000000001 0.940625 0.2375000000000001 0.940625 0.2375000000000001 0.99375 0.3781250000000001 0.99375
0 0.18437500000000012 0.75 0.04062500000000009 0.75 0.040625000000000105 0.99375 0.18437500000000012 0.99375
0 0.3921875 3.185995188406786e-17 0.128125 1.5690787114075464e-17 0.12812500000000002 0.4109375 0.3921875000000001 0.4109375
0 0.98125 0.0953125000000001 0.8671875 0.0953125000000001 0.8671875 0.30937500000000007 0.98125 0.30937500000000007
0 0.996875 0.0953125000000001 0.9796875 0.0953125000000001 0.9796875 0.2734375000000001 0.996875 0.2734375000000001
0 0.996875 0.2984375000000001 0.909375 0.2984375000000001 0.909375 0.4890625000000002 0.996875 0.4890625000000002
0 0.8796875 0.17968750000000008 0.7828125 0.17968750000000008 0.7828125 0.36406250000000007 0.8796875 0.36406250000000007
0 0.8765625 1.0237281836622407e-16 0.7953125 9.739769074468794e-17 0.7953125 0.19687500000000008 0.8765625 0.19687500000000008
0 0.9609375 0.01875000000000011 0.8640625 0.018750000000000107 0.8640625 0.4000000000000002 0.9609375 0.4000000000000002
0 0.6859375 0.12031250000000009 0.575 0.12031250000000009 0.575 0.3343750000000001 0.6859375 0.3343750000000001
0 0.9265625 0.7031250000000002 0.821875 0.7031250000000002 0.821875 0.8515625 0.9265625 0.8515625
0 0.809375 0.690625 0.725 0.690625 0.7250000000000001 0.803125 0.809375 0.803125
0 0.996875 0.5765625000000002 0.896875 0.5765625000000002 0.896875 0.8453125 0.996875 0.8453125
0 0.990625 0.4828125000000002 0.85 0.4828125000000002 0.85 0.7093750000000002 0.990625 0.7093750000000002
0 0.85625 0.5546875000000002 0.7453125 0.5546875000000002 0.7453125 0.7093750000000002 0.85625 0.7093750000000002
0 0.9296875 0.8578125 0.7796875000000002 0.8578125 0.7796875000000002 0.9890625 0.9296875 0.9890625
0 0.996875 0.8390625 0.9296875 0.8390625 0.9296875 0.99375 0.996875 0.99375
0 0.8 0.7859375000000001 0.7187500000000002 0.7859375 0.7187500000000002 0.934375 0.8 0.934375
2 0.6828125 0.11875000000000009 0.575 0.11875000000000009 0.575 0.3218750000000001 0.6828125 0.3218750000000001
2 0.765625 8.601230253386488e-17 0.6390625 7.826258450801054e-17 0.6390625 0.10781250000000009 0.765625 0.10781250000000009
2 0.6125 6.802530267138814e-17 0.4984375 6.104098889500089e-17 0.4984375 0.09531250000000006 0.6125 0.09531250000000006
3 0.046875000000000014 0.04843750000000001 5.931882933369992e-18 0.0484375 1.3968627552774498e-17 0.1796875 0.04687500000000002 0.1796875
5 0.721875 0.440625 0.6421875 0.440625 0.6421875000000001 0.98125 0.7218750000000002 0.98125
5 0.6421875000000001 0.5421875 0.571875 0.5421875 0.5718750000000001 0.99375 0.6421875000000001 0.99375