0 0.4984375000000001 0.25625000000000003 0.24375 0.25625 0.24375000000000005 0.890625 0.4984375000000002 0.890625
0 0.753125 0.12500000000000006 0.465625 0.12500000000000006 0.465625 0.503125 0.753125 0.5031250000000002
0 0.690625 0.07656250000000007 0.4953125 0.07656250000000006 0.4953125 0.5578125 0.690625 0.5578125
0 0.6109375 0.2687500000000001 0.553125 0.2687500000000001 0.553125 0.3453125000000001 0.6109375 0.3453125000000001
0 0.6546875 0.2734375000000001 0.6078125 0.2734375000000001 0.6078125 0.3546875000000001 0.6546875 0.3546875000000001
0 0.9953125 1.0007660561782277e-16 0.6390625 7.826258450801054e-17 0.6390625 0.33281250000000007 0.9953125 0.33281250000000007
0 0.996875 0.21875000000000008 0.8953125 0.21875000000000008 0.8953125 0.43750000000000017 0.996875 0.43750000000000017
0 0.8 0.5468750000000001 0.5234375 0.546875 0.5234375000000001 0.846875 0.8 0.846875
0 0.6953125000000002 0.846875 0.6265625000000001 0.846875 0.6265625000000001 0.91875 0.6953125000000002 0.91875
0 0.996875 0.803125 0.8734375 0.803125 0.8734375 0.9953125 0.996875 0.9953125
0 0.7750000000000001 0.875 0.5968750000000002 0.875 0.5968750000000002 0.9953125 0.7750000000000001 0.9953125
0 0.5671875000000002 0.9515625 0.4546875000000002 0.9515625 0.4546875000000002 0.9953125 0.5671875000000002 0.9953125
0 0.42968750000000017 0.7921875 0.18125000000000008 0.7921875 0.1812500000000001 0.9953125 0.42968750000000017 0.9953125
0 0.5921875 5.711829211648202e-17 0.340625 4.171453159595672e-17 0.340625 0.25625000000000003 0.5921875 0.2562500000000001
0 0.3515625 3.683507950560398e-17 0.25 3.061616997868383e-17 0.25 0.07031250000000003 0.3515625 0.07031250000000004
0 0.35000000000000003 0.06093750000000003 0.10625 0.06093750000000002 0.10625000000000002 0.4109375 0.3500000000000001 0.4109375
0 0.24375000000000008 0.3984375 0.01406250000000005 0.3984375 0.014062500000000065 0.6171875 0.24375000000000008 0.6171875
0 0.07656250000000009 0.5515625 6.754692501547121e-17 0.5515625 8.400311637901375e-17 0.8203125 0.07656250000000012 0.8203125
0 0.21875000000000008 0.6234375 0.03593750000000008 0.6234375 0.035937500000000094 0.9296875 0.21875000000000008 0.9296875
0 0.06250000000000011 0.9453125 0.014062500000000117 0.9453125 0.01406250000000012 0.9953125 0.06250000000000011 0.9953125
0 0.07343750000000011 0.890625 0.01875000000000011 0.890625 0.018750000000000114 0.9734375 0.07343750000000011 0.9734375
0 0.14531250000000012 0.940625 0.0796875000000001 0.940625 0.0796875000000001 0.9890625 0.14531250000000012 0.9890625
0 0.06250000000000004 0.196875 2.4110233858213517e-17 0.196875 4.085345181530624e-17 0.4703125 0.06250000000000007 0.4703125
0 0.10468750000000002 6.410260589286928e-18 0 0 1.2724845647390467e-17 0.2078125 0.10468750000000004 0.2078125
0 0.225 2.0187537079694652e-17 0.1046875 1.2820521178573852e-17 0.1046875 0.07031250000000003 0.225 0.07031250000000003
2 0.996875 0.3500000000000001 0.734375 0.3500000000000001 0.734375 0.6937500000000002 0.996875 0.6937500000000002