0 0.89375 0.5234375000000002 0.7578125 0.5234375000000002 0.7578125000000001 0.7796875000000002 0.89375 0.7796875000000002
0 0.8765625 0.2890625000000001 0.7375 0.2890625000000001 0.7375 0.5656250000000002 0.8765625 0.5656250000000002
0 0.7953125000000001 0.5453125000000001 0.6828125 0.5453125 0.6828125 0.8765625 0.7953125000000002 0.8765625
0 0.74375 0.13125000000000006 0.5046875 0.13125000000000003 0.5046875 0.5859375000000001 0.74375 0.5859375000000002
0 0.6984375 0.5375 0.5484375 0.5375 0.5484375000000001 0.86875 0.6984375000000002 0.86875
0 0.5453125000000002 0.7453125 0.45312500000000017 0.7453125 0.45312500000000017 0.8203125 0.5453125000000002 0.8203125
0 0.5593750000000002 0.79375 0.4750000000000002 0.79375 0.4750000000000002 0.896875 0.5593750000000002 0.896875
0 0.47187500000000016 0.8 0.3890625000000001 0.8 0.3890625000000001 0.903125 0.47187500000000016 0.903125
0 0.44062500000000016 0.7734375 0.3781250000000001 0.7734375 0.3781250000000001 0.85625 0.44062500000000016 0.85625
0 0.6828125 0.4828125 0.3859375000000001 0.4828125 0.3859375000000001 0.79375 0.6828125000000002 0.79375
0 0.4375000000000001 0.5859375 0.10937500000000008 0.5859375 0.10937500000000008 0.8421875 0.43750000000000017 0.8421875
0 0.56875 0.421875 0.421875 0.421875 0.421875 0.6421875 0.56875 0.6421875
0 0.4984375 0.3515625000000001 0.40625 0.3515625000000001 0.40625 0.5515625 0.4984375 0.5515625
0 0.3140625000000001 0.4484375 0.18125000000000005 0.4484375 0.18125000000000008 0.6 0.3140625000000001 0.6
0 0.4296875 0.31093750000000003 0.3140625 0.3109375 0.3140625 0.6078125 0.4296875 0.6078125
0 0.3140625 0.2140625 0.10937500000000004 0.2140625 0.10937500000000007 0.6484375 0.3140625000000001 0.6484375
0 0.3171875 3.195562741525125e-17 0.2046875 2.5066989170047385e-17 0.2046875 0.2828125 0.3171875 0.2828125
0 0.5265625 0.20625000000000004 0.11250000000000004 0.20625 0.11250000000000007 0.6484375 0.5265625 0.6484375