0 0.9953125 0.6984375000000002 0.925 0.6984375000000002 0.925 0.7781250000000002 0.9953125 0.7781250000000002
0 0.996875 0.6984375000000002 0.9609375 0.6984375000000002 0.9609375 0.7343750000000002 0.996875 0.7343750000000002
0 0.9953125 0.7156250000000002 0.8984375 0.7156250000000002 0.8984375 0.8125 0.9953125 0.8125
0 0.9953125 0.7781250000000002 0.9296875 0.7781250000000002 0.9296875 0.8484375 0.9953125 0.8484375
0 0.9640625 0.7515625000000001 0.8578125 0.7515625000000001 0.8578125 0.8671875 0.9640625 0.8671875
0 0.9953125 0.85 0.96875 0.85 0.96875 0.8765625 0.9953125 0.8765625
0 0.9953125 0.809375 0.8984375 0.809375 0.8984375 0.90625 0.9953125 0.90625
0 0.9953125 0.7343750000000002 0.8140625 0.7343750000000002 0.8140625 0.9296875 0.9953125 0.9296875
0 0.9953125 0.9203125 0.9515625 0.9203125 0.9515625 0.96875 0.9953125 0.96875
0 0.95625 0.915625 0.90625 0.915625 0.90625 0.9515625 0.95625 0.9515625
0 0.8890625 0.7562500000000002 0.7859375000000002 0.7562500000000002 0.7859375000000002 0.978125 0.8890625 0.978125
0 0.8671875 0.840625 0.7875000000000002 0.840625 0.7875000000000002 0.9421875 0.8671875 0.9421875
0 0.8625 0.884375 0.8 0.884375 0.8 0.9296875 0.8625 0.9296875
0 0.9953125 0.5640625000000001 0.96875 0.5640625000000001 0.96875 0.6984375000000002 0.9953125 0.6984375000000002
0 0.978125 0.5734375000000002 0.95625 0.5734375000000002 0.95625 0.6984375000000002 0.978125 0.6984375000000002
0 0.9640625 0.5593750000000002 0.9375 0.5593750000000002 0.9375 0.6937500000000002 0.9640625 0.6937500000000002
0 0.9421875 0.5515625000000002 0.9109375 0.5515625000000002 0.9109375 0.6937500000000002 0.9421875 0.6937500000000002
0 0.9078125 0.5875000000000001 0.8765625 0.5875000000000001 0.8765625 0.7375000000000002 0.9078125 0.7375000000000002
0 0.8984375 0.5562500000000001 0.853125 0.5562500000000001 0.853125 0.6937500000000002 0.8984375 0.6937500000000002
0 0.884375 0.6578125000000001 0.853125 0.6578125000000001 0.853125 0.7515625000000001 0.884375 0.7515625000000001
0 0.8671875 0.5953125000000001 0.8359375 0.5953125000000001 0.8359375 0.6890625000000001 0.8671875 0.6890625000000001
0 0.8578125 0.5734375000000002 0.821875 0.5734375000000002 0.821875 0.6484375000000002 0.8578125 0.6484375000000002
0 0.821875 0.5203125000000002 0.7296875 0.5203125000000002 0.7296875 0.6359375000000002 0.821875 0.6359375000000002
0 0.8484375 0.6046875000000002 0.746875 0.6046875000000002 0.7468750000000001 0.7328125000000002 0.8484375 0.7328125000000002
0 0.7687500000000002 0.83125 0.6093750000000002 0.83125 0.6093750000000002 0.928125 0.7687500000000002 0.928125
0 0.7953125000000002 0.7828125000000001 0.6890625000000001 0.7828125 0.6890625000000001 0.8625 0.7953125000000002 0.8625
0 0.6843750000000002 0.7640625 0.5953125000000001 0.7640625 0.5953125000000001 0.83125 0.6843750000000002 0.83125
0 0.5734375000000002 0.8890625 0.5156250000000002 0.8890625 0.5156250000000002 0.9515625 0.5734375000000002 0.9515625
0 0.6265625000000001 0.8890625 0.5687500000000002 0.8890625 0.5687500000000002 0.928125 0.6265625000000001 0.928125
0 0.5156250000000002 0.8890625 0.4671875000000002 0.8890625 0.4671875000000002 0.9515625 0.5156250000000002 0.9515625
0 0.5515625000000002 0.83125 0.4625000000000002 0.83125 0.4625000000000002 0.884375 0.5515625000000002 0.884375
0 0.5609375000000002 0.7515625 0.47187500000000016 0.7515625 0.47187500000000016 0.8359375 0.5609375000000002 0.8359375
0 0.6046875000000002 0.7953125 0.5515625000000002 0.7953125 0.5515625000000002 0.903125 0.6046875000000002 0.903125
0 0.6359375 0.725 0.5421875 0.725 0.5421875 0.778125 0.6359375000000002 0.778125
0 0.6890625000000001 0.6453125 0.546875 0.6453125 0.5468750000000001 0.7296875 0.6890625000000001 0.7296875
0 0.7609375 0.7078125000000001 0.65 0.7078125 0.6500000000000001 0.7875000000000001 0.7609375000000002 0.7875000000000002
0 0.725 0.61875 0.653125 0.61875 0.653125 0.703125 0.725 0.703125
0 0.7515625 0.6000000000000001 0.684375 0.6 0.684375 0.6625000000000001 0.7515625 0.6625000000000002
0 0.7078125 0.5609375 0.65 0.5609375 0.65 0.6234375 0.7078125 0.6234375
0 0.6890625 0.5296875 0.5953125 0.5296875 0.5953125 0.609375 0.6890625 0.609375
0 0.6046875 0.5609375 0.5203125 0.5609375 0.5203125 0.640625 0.6046875 0.640625
0 0.6578125 0.590625 0.5859375 0.590625 0.5859375 0.6625 0.6578125 0.6625
0 0.5515625 0.590625 0.440625 0.590625 0.440625 0.6578125 0.5515625 0.6578125
0 0.5609375 0.640625 0.471875 0.640625 0.471875 0.725 0.5609375 0.725
0 0.5250000000000001 0.7015625 0.471875 0.7015625 0.4718750000000001 0.7515625 0.5250000000000001 0.7515625
0 0.5203125000000002 0.8578125 0.3859375000000001 0.8578125 0.3859375000000001 0.9953125 0.5203125000000002 0.9953125
0 0.5062500000000002 0.8765625 0.3375000000000001 0.8765625 0.3375000000000001 0.996875 0.5062500000000002 0.996875
0 0.40937500000000016 0.90625 0.3062500000000001 0.90625 0.3062500000000001 0.9953125 0.40937500000000016 0.9953125
0 0.04375000000000011 0.875 1.0715659492539341e-16 0.875 1.101225363920784e-16 0.9234375 0.04375000000000011 0.9234375
0 0.0796875000000001 0.83125 0.0265625000000001 0.83125 0.026562500000000107 0.8796875 0.0796875000000001 0.8796875
0 0.031250000000000104 0.8265625 1.0122471199202341e-16 0.8265625 1.0447768005225858e-16 0.8796875 0.03125000000000011 0.8796875
0 0.0984375000000001 0.8 0.0453125000000001 0.8 0.0453125000000001 0.84375 0.09843750000000011 0.84375
0 0.0437500000000001 0.78125 9.567553118338697e-17 0.78125 9.816309499415503e-17 0.821875 0.0437500000000001 0.821875
0 0.10156250000000008 0.76875 0.057812500000000086 0.76875 0.057812500000000086 0.7953125 0.10156250000000008 0.7953125
0 0.08906250000000009 0.7421875 0.03593750000000009 0.7421875 0.035937500000000094 0.7734375 0.08906250000000009 0.7734375
0 0.0671875000000001 0.7203125 0.03593750000000009 0.7203125 0.03593750000000009 0.7421875 0.0671875000000001 0.7421875
0 0.03125000000000009 0.7109375 8.706473337688214e-17 0.7109375 8.983932378120038e-17 0.75625 0.03125000000000009 0.75625
0 0.021875000000000096 0.75625 9.26139141855186e-17 0.75625 9.500580246510326e-17 0.7953125 0.0218750000000001 0.7953125
0 0.17343750000000008 0.453125 0.009375000000000055 0.453125 0.009375000000000069 0.6796875 0.17343750000000008 0.6796875
0 0.17343750000000005 0.3296875 0.035937500000000046 0.3296875 0.035937500000000046 0.3953125 0.17343750000000005 0.3953125
0 0.15937500000000004 0.35625 0.026562500000000044 0.35625 0.026562500000000044 0.3875 0.15937500000000004 0.3875
0 0.15937500000000004 0.378125 4.63069570927593e-17 0.378125 4.7646414529326714e-17 0.4 0.15937500000000004 0.4
0 0.13750000000000004 0.4 0.04843750000000004 0.4 0.04843750000000005 0.440625 0.13750000000000004 0.440625
0 0.10156250000000004 0.4171875 5.109073365192864e-17 0.4171875 5.243019108849606e-17 0.4390625 0.10156250000000004 0.4390625
0 0.14687500000000003 0.334375 4.0949127346489623e-17 0.334375 4.802911665406026e-17 0.45 0.14687500000000003 0.45
0 0.12968750000000004 0.1875 0.014062500000000023 0.1875 0.014062500000000028 0.253125 0.12968750000000004 0.253125
0 0.1375 0.115625 0.05312500000000002 0.115625 0.05312500000000002 0.209375 0.13750000000000004 0.209375
0 0.05312500000000002 0.1421875 0.014062500000000016 0.1421875 0.014062500000000023 0.2046875 0.05312500000000002 0.2046875
0 0.040625000000000015 0.05 6.123233995736766e-18 0.05 1.482970733342498e-17 0.1921875 0.04062500000000002 0.1921875
0 0.021875000000000026 0.190625 2.3344829608746423e-17 0.190625 2.7458877449632062e-17 0.2578125 0.021875000000000033 0.2578125
0 0.2359375 0.11562500000000002 0.15625 0.115625 0.15625000000000003 0.2046875 0.2359375 0.2046875
0 0.23125 0.18750000000000003 0.17812500000000003 0.1875 0.17812500000000003 0.240625 0.23125 0.240625
0 0.19062500000000004 0.19531250000000003 0.14687500000000003 0.1953125 0.14687500000000003 0.43125 0.19062500000000004 0.43125
0 0.21718750000000003 0.2140625 0.16875000000000004 0.2140625 0.16875000000000004 0.45 0.2171875000000001 0.45
0 0.25781250000000006 0.2265625 0.18281250000000004 0.2265625 0.18281250000000004 0.49375 0.2578125000000001 0.49375
0 0.2765625 0.13750000000000004 0.2234375 0.13750000000000004 0.2234375 0.2265625 0.2765625 0.2265625
0 0.3375 0.12968750000000004 0.23125 0.12968750000000004 0.23125000000000004 0.49375 0.3375000000000001 0.49375
0 0.32031250000000006 0.271875 0.2671875 0.271875 0.2671875 0.49375 0.3203125000000001 0.49375
0 0.37343750000000003 0.14218750000000005 0.3203125 0.14218750000000005 0.32031250000000006 0.36875 0.3734375000000001 0.3687500000000001
0 0.3921875 0.14218750000000005 0.3078125 0.14218750000000005 0.30781250000000004 0.484375 0.3921875000000001 0.484375
0 0.39531250000000007 0.19531250000000006 0.35625 0.19531250000000006 0.35625000000000007 0.4890625 0.39531250000000007 0.4890625
0 0.4453125 0.16406250000000006 0.3875 0.16406250000000006 0.38750000000000007 0.471875 0.4453125 0.471875
0 0.378125 0.06250000000000004 0.30625 0.06250000000000004 0.30625 0.14218750000000005 0.378125 0.14218750000000005
0 0.4140625 0.07968750000000005 0.36875 0.07968750000000005 0.36875 0.15156250000000004 0.4140625 0.15156250000000004
0 0.440625 0.11093750000000005 0.3828125 0.11093750000000005 0.3828125 0.16093750000000004 0.440625 0.16093750000000004
0 0.365625 0.01875000000000004 0.303125 0.018750000000000037 0.303125 0.07187500000000005 0.365625 0.07187500000000005
0 0.3109375 0.040625000000000036 0.240625 0.040625000000000036 0.240625 0.15625000000000006 0.3109375 0.15625000000000006
0 0.284375 0.02187500000000003 0.2171875 0.021875000000000026 0.2171875 0.11562500000000005 0.284375 0.11562500000000005
0 0.2625 1.9039430705494006e-17 0.0484375 5.931882933369992e-18 0.0484375 0.04062500000000002 0.2625 0.040625000000000036
0 0.4890625 5.3865324056246864e-17 0.390625 4.7837765591693485e-17 0.390625 0.09843750000000005 0.4890625 0.09843750000000007
0 0.69375 0.014062500000000075 0.5515625 0.014062500000000066 0.5515625 0.1515625000000001 0.69375 0.1515625000000001
0 0.4890625 0.18750000000000006 0.4125 0.18750000000000006 0.4125 0.4796875 0.4890625 0.4796875
0 0.5203125 0.11093750000000005 0.440625 0.11093750000000005 0.440625 0.484375 0.5203125 0.484375
0 0.5328125 0.16093750000000004 0.49375 0.16093750000000004 0.49375 0.45 0.5328125 0.45
0 0.56875 0.10625000000000007 0.515625 0.10625000000000004 0.515625 0.484375 0.56875 0.484375
0 0.6046875 0.14687500000000006 0.5375 0.14687500000000003 0.5375 0.484375 0.6046875 0.484375
0 0.6359375 0.1859375000000001 0.56875 0.1859375000000001 0.56875 0.4890625 0.6359375 0.4890625
0 0.6703125 0.1593750000000001 0.6046875 0.1593750000000001 0.6046875 0.484375 0.6703125 0.484375
0 0.6890625 0.1687500000000001 0.64375 0.1687500000000001 0.64375 0.4890625 0.6890625 0.4890625
0 0.725 0.15625000000000008 0.671875 0.15625000000000008 0.671875 0.5109375 0.725 0.5109375
0 0.7515625 0.27031250000000007 0.7109375 0.27031250000000007 0.7109375 0.48906250000000007 0.7515625 0.4890625000000002
0 0.7109375 0.18750000000000008 0.6984375 0.18750000000000008 0.6984375 0.409375 0.7109375 0.409375
0 0.8046875 0.1296875000000001 0.7515625 0.1296875000000001 0.7515625 0.1828125000000001 0.8046875 0.1828125000000001
0 0.7828125 0.07187500000000009 0.715625 0.07187500000000009 0.715625 0.12500000000000008 0.7828125 0.12500000000000008
0 0.75625 0.11562500000000009 0.69375 0.11562500000000009 0.69375 0.17343750000000008 0.75625 0.17343750000000008
0 0.8265625 0.0437500000000001 0.7828125 0.0437500000000001 0.7828125 0.0937500000000001 0.8265625 0.09375000000000011
0 0.8671875 0.0453125000000001 0.809375 0.0453125000000001 0.809375 0.0718750000000001 0.8671875 0.0718750000000001
0 0.8890625 0.0578125000000001 0.8046875 0.057812500000000086 0.8046875 0.13281250000000008 0.8890625 0.13281250000000008
0 0.8171875 0.0937500000000001 0.778125 0.09375000000000008 0.778125 0.13281250000000008 0.8171875 0.13281250000000008
0 0.8890625 0.08906250000000011 0.8265625 0.08906250000000011 0.8265625 0.1781250000000001 0.8890625 0.1781250000000001
0 0.915625 0.09375000000000011 0.884375 0.09375000000000011 0.884375 0.16875000000000012 0.915625 0.16875000000000012
0 0.9390625 0.1281250000000001 0.903125 0.1281250000000001 0.903125 0.2000000000000001 0.9390625 0.2000000000000001
0 0.95625 0.17812500000000014 0.925 0.17812500000000014 0.925 0.2140625000000001 0.95625 0.2140625000000001
0 0.8484375 0.1468750000000001 0.809375 0.1468750000000001 0.809375 0.17343750000000008 0.8484375 0.17343750000000008
0 0.9953125 0.02656250000000012 0.96875 0.02656250000000012 0.96875 0.11093750000000013 0.9953125 0.11093750000000013
0 0.990625 0.08437500000000012 0.9109375 0.08437500000000012 0.9109375 0.13281250000000014 0.990625 0.13281250000000014
0 0.9953125 0.12031250000000013 0.9421875 0.12031250000000013 0.9421875 0.21250000000000008 0.9953125 0.21250000000000008
0 0.8265625 0.2218750000000001 0.7640625 0.2218750000000001 0.7640625 0.26250000000000007 0.8265625 0.26250000000000007
0 0.884375 0.22656250000000008 0.821875 0.22656250000000008 0.821875 0.26250000000000007 0.884375 0.26250000000000007
0 0.90625 0.2531250000000001 0.8140625 0.2531250000000001 0.8140625 0.2984375000000001 0.90625 0.2984375000000001
0 0.8046875 0.26250000000000007 0.76875 0.26250000000000007 0.76875 0.2843750000000001 0.8046875 0.2843750000000001
0 0.8671875 0.2718750000000001 0.809375 0.2718750000000001 0.809375 0.2984375000000001 0.8671875 0.2984375000000001
0 0.821875 0.3921875000000001 0.746875 0.3921875000000001 0.746875 0.44531250000000017 0.821875 0.44531250000000017
0 0.8578125 0.3906250000000001 0.8171875 0.3906250000000001 0.8171875 0.4359375000000002 0.8578125 0.4359375000000002
0 0.871875 0.4312500000000002 0.821875 0.4312500000000002 0.821875 0.4625000000000002 0.871875 0.4625000000000002
0 0.8984375 0.45312500000000017 0.840625 0.45312500000000017 0.840625 0.4890625000000002 0.8984375 0.4890625000000002
0 0.840625 0.4437500000000002 0.7828125 0.4437500000000002 0.7828125 0.48437500000000017 0.840625 0.48437500000000017
0 0.871875 0.3468750000000001 0.7640625 0.3468750000000001 0.7640625 0.39531250000000007 0.871875 0.39531250000000007
0 0.9375 0.3906250000000001 0.8625 0.3906250000000001 0.8625 0.48437500000000017 0.9375 0.48437500000000017
0 0.9953125 0.40937500000000016 0.9328125 0.40937500000000016 0.9328125 0.47968750000000016 0.9953125 0.47968750000000016
0 0.9953125 0.3734375000000001 0.9515625 0.3734375000000001 0.9515625 0.4359375000000002 0.9953125 0.4359375000000002
0 0.990625 0.3203125000000001 0.9421875 0.3203125000000001 0.9421875 0.3734375000000001 0.990625 0.3734375000000001
0 0.9515625 0.3421875000000001 0.9015625 0.3421875000000001 0.9015625 0.4000000000000002 0.9515625 0.4000000000000002
0 0.915625 0.35625000000000007 0.8703125 0.35625000000000007 0.8703125 0.41406250000000017 0.915625 0.41406250000000017
0 0.90625 0.3375000000000001 0.83125 0.3375000000000001 0.83125 0.3781250000000001 0.90625 0.3781250000000001
0 0.946875 0.3156250000000001 0.896875 0.3156250000000001 0.896875 0.3421875000000001 0.946875 0.3421875000000001
0 0.3781250000000001 0.56875 0.32500000000000007 0.56875 0.32500000000000007 0.6171875 0.3781250000000001 0.6171875
0 0.32500000000000007 0.5828125 0.29375000000000007 0.5828125 0.29375000000000007 0.61875 0.32500000000000007 0.61875
0 0.35625000000000007 0.5953125 0.32500000000000007 0.5953125 0.32500000000000007 0.6484375 0.35625000000000007 0.6484375
0 0.3109375000000001 0.6 0.2578125000000001 0.6 0.2578125000000001 0.621875 0.3109375000000001 0.621875
0 0.2531250000000001 0.6 0.1906250000000001 0.6 0.1906250000000001 0.6265625 0.2531250000000001 0.6265625
0 0.3156250000000001 0.696875 0.2218750000000001 0.696875 0.2218750000000001 0.83125 0.3156250000000001 0.83125
0 0.3828125000000001 0.7640625 0.3156250000000001 0.7640625 0.3156250000000001 0.8796875 0.3828125000000001 0.8796875
0 0.41406250000000017 0.778125 0.3343750000000001 0.778125 0.3343750000000001 0.840625 0.41406250000000017 0.840625
0 0.4046875000000002 0.7734375 0.3421875000000001 0.7734375 0.3421875000000001 0.8 0.4046875000000002 0.8
0 0.47656250000000017 0.7421875 0.3968750000000001 0.7421875 0.3968750000000001 0.821875 0.47656250000000017 0.821875
0 0.4765625000000001 0.7203125 0.4234375 0.7203125 0.4234375000000001 0.7859375 0.47656250000000017 0.7859375
0 0.29375000000000007 0.7953125 0.2484375000000001 0.7953125 0.2484375000000001 0.8796875 0.29375000000000007 0.8796875
0 0.2453125000000001 0.8140625 0.19531250000000008 0.8140625 0.19531250000000008 0.853125 0.2453125000000001 0.853125
0 0.2093750000000001 0.7640625 0.1828125000000001 0.7640625 0.1828125000000001 0.8265625 0.2093750000000001 0.8265625
0 0.1781250000000001 0.7640625 0.11093750000000009 0.7640625 0.11093750000000009 0.853125 0.1781250000000001 0.853125
0 0.14218750000000008 0.8578125 0.11562500000000009 0.8578125 0.11562500000000009 0.884375 0.14218750000000008 0.884375
0 0.1734375000000001 0.8796875 0.1281250000000001 0.8796875 0.1281250000000001 0.915625 0.17343750000000013 0.915625
0 0.2484375000000001 0.8765625 0.17343750000000008 0.8765625 0.17343750000000008 0.903125 0.2484375000000001 0.903125
0 0.2890625000000001 0.871875 0.21250000000000008 0.871875 0.21250000000000008 0.903125 0.2890625000000001 0.903125
0 0.2578125000000001 0.81875 0.1906250000000001 0.81875 0.1906250000000001 0.8765625 0.2578125000000001 0.8765625
0 0.21875000000000008 0.6984375 0.15625000000000008 0.6984375 0.15625000000000008 0.7609375 0.21875000000000008 0.7609375
0 0.1828125000000001 0.703125 0.0671875000000001 0.703125 0.0671875000000001 0.7296875 0.1828125000000001 0.7296875
0 0.14218750000000008 0.7296875 0.11562500000000009 0.7296875 0.11562500000000009 0.75625 0.14218750000000008 0.75625
0 0.12031250000000009 0.7328125 0.08437500000000009 0.7328125 0.08437500000000009 0.76875 0.12031250000000009 0.76875
0 0.21875000000000008 0.6625 0.19687500000000008 0.6625 0.19687500000000008 0.69375 0.21875000000000008 0.69375
0 0.2578125000000001 0.640625 0.19531250000000008 0.640625 0.19531250000000008 0.70625 0.2578125000000001 0.70625
0 0.29375000000000007 0.6671875 0.23593750000000008 0.6671875 0.23593750000000008 0.725 0.29375000000000007 0.725
0 0.3203125000000001 0.70625 0.22656250000000008 0.70625 0.22656250000000008 0.8265625 0.3203125000000001 0.8265625
0 0.4046875000000001 0.703125 0.3281250000000001 0.703125 0.3281250000000001 0.765625 0.4046875000000002 0.765625
0 0.4359375000000001 0.5734375 0.1859375000000001 0.5734375 0.1859375000000001 0.728125 0.4359375000000002 0.728125
0 0.4625000000000001 0.671875 0.2890625000000001 0.671875 0.2890625000000001 0.8796875 0.4625000000000002 0.8796875
0 0.3421875000000001 0.6984375 0.11562500000000009 0.6984375 0.11562500000000009 0.89375 0.3421875000000001 0.89375