0 0.7968750000000001 0.6937500000000001 0.7203125 0.69375 0.7203125000000001 0.7765625 0.7968750000000002 0.7765625000000002
0 0.8546875 0.6718750000000002 0.803125 0.6718750000000002 0.803125 0.7656250000000002 0.8546875 0.7656250000000002
0 0.8953125 0.6125000000000002 0.840625 0.6125000000000002 0.840625 0.7046875000000001 0.8953125 0.7046875000000001
0 0.8515625 0.5796875000000001 0.79375 0.5796875000000001 0.79375 0.6718750000000002 0.8515625 0.6718750000000002
0 0.815625 0.6125000000000002 0.75 0.6125000000000002 0.75 0.6890625000000001 0.815625 0.6890625000000001
0 0.7234375000000001 0.65625 0.665625 0.65625 0.6656250000000001 0.7484375 0.7234375000000002 0.7484375
0 0.7421875 0.6234375000000001 0.7046875 0.6234375 0.7046875 0.6890625000000001 0.7421875 0.6890625000000001
0 0.796875 0.5078125000000002 0.734375 0.5078125000000002 0.734375 0.5953125000000001 0.796875 0.5953125000000001
0 0.8109375 0.5078125000000002 0.778125 0.5078125000000002 0.778125 0.5906250000000002 0.8109375 0.5906250000000002
0 0.734375 0.5468750000000001 0.6984375 0.546875 0.6984375 0.6171875000000001 0.734375 0.6171875000000002
0 0.996875 0.2671875000000001 0.7640625 0.2671875000000001 0.7640625 0.6562500000000002 0.996875 0.6562500000000002
0 0.796875 0.2687500000000001 0.5703125 0.2687500000000001 0.5703125 0.5531250000000001 0.796875 0.5531250000000002
0 0.6984375 0.4859375 0.49375 0.4859375 0.49375 0.7046875 0.6984375 0.7046875
0 0.709375 0.13125000000000006 0.4078125 0.13125000000000003 0.4078125 0.38750000000000007 0.709375 0.38750000000000007
0 0.6296875 0.3109375000000001 0.4109375 0.3109375000000001 0.4109375 0.6453125 0.6296875 0.6453125
0 0.446875 0.19687500000000005 0.309375 0.19687500000000005 0.30937500000000007 0.60625 0.446875 0.60625
0 0.3015625 0.08750000000000004 0.1453125 0.08750000000000002 0.1453125 0.3109375 0.3015625 0.3109375
0 0.153125 0.09375000000000001 0.06562500000000002 0.09375 0.06562500000000002 0.2140625 0.15312500000000004 0.2140625
0 0.2078125 0.02187500000000002 0.090625 0.021875000000000012 0.09062500000000001 0.0921875 0.2078125 0.09218750000000002
0 0.10156250000000003 0.021875000000000006 2.678914873134835e-18 0.021875 1.674321795709272e-17 0.2515625 0.10156250000000004 0.2515625