0 0.6796875 0.3046875000000001 0.571875 0.3046875000000001 0.571875 0.459375 0.6796875 0.459375
0 0.66875 0.428125 0.553125 0.428125 0.553125 0.5515625 0.66875 0.5515625
0 0.6375 0.525 0.44375 0.525 0.44375 0.6546875 0.6375 0.6546875
0 0.6250000000000001 0.571875 0.459375 0.571875 0.4593750000000001 0.8203125 0.6250000000000002 0.8203125
0 0.5484375000000001 0.690625 0.4828125 0.690625 0.4828125000000001 0.8203125 0.5484375000000001 0.8203125
0 0.4984375000000001 0.44375 0.3046875000000001 0.44375 0.3046875000000001 0.746875 0.4984375000000002 0.746875
0 0.7640625 0.4437500000000001 0.6296875 0.44375 0.6296875 0.690625 0.7640625 0.6906250000000002
0 0.459375 0.26875000000000004 0.3171875 0.26875 0.31718750000000007 0.4328125 0.459375 0.4328125
0 0.3468750000000001 0.365625 0.26250000000000007 0.365625 0.26250000000000007 0.4484375 0.3468750000000001 0.4484375
0 0.3593750000000001 0.50625 0.27031250000000007 0.50625 0.27031250000000007 0.609375 0.3593750000000001 0.609375
0 0.5171875 0.19062500000000004 0.440625 0.19062500000000004 0.440625 0.3812500000000001 0.5171875 0.3812500000000001
0 0.609375 0.24218750000000008 0.50625 0.24218750000000008 0.50625 0.3343750000000001 0.609375 0.3343750000000001
0 0.5515625 0.2734375000000001 0.5140625 0.2734375000000001 0.5140625 0.3500000000000001 0.5515625 0.3500000000000001
0 0.559375 0.3921875000000001 0.5171875 0.3921875000000001 0.5171875 0.4640625 0.559375 0.4640625
0 0.4859375 0.484375 0.4328125 0.484375 0.4328125 0.53125 0.4859375 0.53125
0 0.6109375000000001 0.13437500000000008 0.4484375 0.13437500000000005 0.4484375000000001 0.85625 0.6109375000000001 0.85625
0 0.7875 0.4078125000000001 0.2593750000000001 0.4078125 0.2593750000000001 0.5984375000000001 0.7875 0.5984375000000002
0 0.7875 0.15000000000000008 0.2625 0.15000000000000005 0.26250000000000007 0.4078125000000001 0.7875 0.4078125000000002
0 0.784375 0.6031250000000001 0.26250000000000007 0.603125 0.26250000000000007 0.85625 0.7843750000000002 0.85625