0 0.9015625 0.6812500000000001 0.696875 0.68125 0.6968750000000001 0.9109375 0.9015625 0.9109375
0 0.978125 0.8640625 0.821875 0.8640625 0.821875 0.915625 0.978125 0.915625
0 0.996875 0.7375000000000002 0.9328125 0.7375000000000002 0.9328125 0.921875 0.996875 0.921875
0 0.7046875000000001 0.821875 0.5562500000000001 0.821875 0.5562500000000001 0.9109375 0.7046875000000001 0.9109375
0 0.4593750000000001 0.675 0.2890625000000001 0.675 0.2890625000000001 0.8640625 0.4593750000000002 0.8640625
0 0.40156250000000016 0.7796875 0.24218750000000008 0.7796875 0.24218750000000008 0.8796875 0.40156250000000016 0.8796875
0 0.3859375000000001 0.8640625 0.2687500000000001 0.8640625 0.2687500000000001 0.9109375 0.3859375000000001 0.9109375
0 0.5640625000000001 0.8171875 0.4125000000000002 0.8171875 0.4125000000000002 0.921875 0.5640625000000001 0.921875
0 0.0687500000000001 0.74375 9.10831056865844e-17 0.74375 9.911985030598891e-17 0.875 0.06875000000000012 0.875
0 0.2234375000000001 0.38125 0.08281250000000004 0.38125 0.08281250000000005 0.565625 0.2234375000000001 0.565625
0 0.2921875000000001 0.74375 0.12500000000000008 0.74375 0.12500000000000008 0.853125 0.2921875000000001 0.853125
0 0.2234375000000001 0.5921875 0.07656250000000006 0.5921875 0.07656250000000007 0.7546875 0.2234375000000001 0.7546875
0 0.06875000000000007 0.503125 6.161504208210122e-17 0.503125 7.826258450801054e-17 0.775 0.06875000000000009 0.775
0 0.10937500000000007 0.4078125 4.9942627277728e-17 0.4078125 5.893612720896637e-17 0.5546875 0.10937500000000008 0.5546875
0 0.2578125000000001 0.41875 0.18906250000000005 0.41875 0.18906250000000008 0.5859375 0.2578125000000001 0.5859375
0 0.446875 0.425 0.2156250000000001 0.425 0.2156250000000001 0.7234375 0.446875 0.7234375
0 0.5375 0.5703125 0.4390625 0.5703125 0.4390625 0.6859375 0.5375 0.6859375
0 0.6781250000000001 0.4765625 0.4734375 0.4765625 0.47343750000000007 0.775 0.6781250000000002 0.775
0 0.8296875 0.5546875000000001 0.6703125 0.5546875 0.6703125000000001 0.7390625000000001 0.8296875 0.7390625000000002
0 0.9625 0.5703125000000002 0.8296875 0.5703125000000002 0.8296875 0.7281250000000001 0.9625 0.7281250000000001
0 0.996875 0.5078125000000002 0.890625 0.5078125000000002 0.890625 0.6390625000000002 0.996875 0.6390625000000002
0 0.996875 0.2562500000000001 0.8640625 0.2562500000000001 0.8640625 0.5031250000000002 0.996875 0.5031250000000002
0 0.8984375 0.3828125000000001 0.6890625 0.3828125000000001 0.6890625 0.596875 0.8984375 0.5968750000000002
0 0.946875 0.19375000000000012 0.8328125 0.1937500000000001 0.8328125 0.27812500000000007 0.946875 0.27812500000000007
0 0.890625 0.0687500000000001 0.7765625 0.06875000000000009 0.7765625 0.20468750000000008 0.890625 0.20468750000000008
0 0.821875 0.0531250000000001 0.7046875 0.05312500000000009 0.7046875 0.11562500000000009 0.821875 0.11562500000000009
0 0.8109375 0.06250000000000008 0.5828125 0.06250000000000007 0.5828125 0.22031250000000008 0.8109375 0.22031250000000008
0 0.7875 0.12031250000000009 0.6671875 0.12031250000000009 0.6671875 0.2312500000000001 0.7875 0.2312500000000001
0 0.6359375 0.10000000000000006 0.5234375 0.10000000000000005 0.5234375 0.2406250000000001 0.6359375 0.2406250000000001
0 0.5125 0.06875000000000006 0.4140625 0.06875000000000005 0.4140625 0.18281250000000004 0.5125 0.18281250000000004
0 0.409375 0.10468750000000004 0.3328125 0.10468750000000004 0.3328125 0.22031250000000005 0.409375 0.22031250000000008
0 0.3671875 0.10000000000000005 0.2234375 0.10000000000000005 0.2234375 0.2515625 0.3671875 0.2515625000000001
0 0.27656250000000004 0.2671875 0.19687500000000005 0.2671875 0.19687500000000005 0.3921875 0.2765625000000001 0.3921875
0 0.234375 0.18906250000000002 0.12500000000000006 0.1890625 0.12500000000000006 0.3453125 0.234375 0.3453125
0 0.2234375 0.15781250000000002 0.1328125 0.1578125 0.13281250000000003 0.2046875 0.2234375 0.2046875
0 0.14375000000000002 0.1359375 0.015625000000000017 0.1359375 0.015625000000000028 0.3296875 0.14375000000000004 0.3296875
0 0.09531250000000001 0.0421875 5.1664786839028965e-18 0.0421875 1.1576739273189821e-17 0.146875 0.09531250000000002 0.146875
0 0.026562500000000024 0.1359375 1.6647542425909335e-17 0.1359375 2.659779766898158e-17 0.2984375 0.026562500000000034 0.2984375
0 0.08281250000000004 0.2609375 3.195562741525125e-17 0.2609375 3.9992372034655755e-17 0.3921875 0.08281250000000004 0.3921875
0 0.050000000000000044 0.303125 3.7122106099154144e-17 0.303125 4.3915068813174614e-17 0.4140625 0.050000000000000044 0.4140625
0 0.5953125 0.32500000000000007 0.40625 0.32500000000000007 0.40625 0.5546875 0.5953125 0.5546875
0 0.675 0.3609375000000001 0.590625 0.3609375000000001 0.590625 0.4609375 0.675 0.4609375
0 0.5875 0.18281250000000007 0.428125 0.18281250000000004 0.428125 0.3609375000000001 0.5875 0.3609375000000001
0 0.4703125 0.17812500000000003 0.375 0.17812500000000003 0.375 0.3187500000000001 0.4703125 0.3187500000000001
0 0.4328125 0.24062500000000003 0.228125 0.240625 0.22812500000000005 0.4453125 0.4328125 0.4453125
0 0.2078125 0.16250000000000003 0.1328125 0.1625 0.13281250000000003 0.19375000000000003 0.2078125 0.19375000000000003
0 0.2390625 0.11562500000000002 0.175 0.115625 0.17500000000000002 0.18281250000000002 0.2390625 0.18281250000000004