0 0.7671875000000001 0.825 0.6859375000000002 0.825 0.6859375000000002 0.9875 0.7671875000000001 0.9875
0 0.9546875 0.6843750000000002 0.875 0.6843750000000002 0.875 0.80625 0.9546875 0.80625
0 0.978125 0.825 0.8765625 0.825 0.8765625 0.9453125 0.978125 0.9453125
0 0.990625 0.5703125000000002 0.928125 0.5703125000000002 0.928125 0.6796875000000002 0.990625 0.6796875000000002
0 0.90625 0.5828125000000002 0.846875 0.5828125000000002 0.846875 0.6375000000000002 0.90625 0.6375000000000002
0 0.91875 0.19375000000000012 0.853125 0.1937500000000001 0.853125 0.2906250000000001 0.91875 0.2906250000000001
0 0.996875 0.25468750000000007 0.928125 0.25468750000000007 0.928125 0.46093750000000017 0.996875 0.46093750000000017
0 0.80625 0.18750000000000008 0.7609375 0.18750000000000008 0.7609375 0.2734375000000001 0.80625 0.2734375000000001
0 0.875 0.2734375000000001 0.8265625 0.2734375000000001 0.8265625 0.3515625000000001 0.875 0.3515625000000001
0 0.9046875 0.3515625000000001 0.8421875 0.3515625000000001 0.8421875 0.4234375000000002 0.9046875 0.4234375000000002
0 0.8234375 0.3937500000000001 0.7671875 0.3937500000000001 0.7671875 0.4968750000000002 0.8234375 0.4968750000000002
0 0.7734375 0.3453125000000001 0.73125 0.3453125000000001 0.73125 0.4187500000000002 0.7734375 0.4187500000000002
0 0.7375 0.33281250000000007 0.675 0.33281250000000007 0.675 0.4125000000000001 0.7375 0.4125000000000002
0 0.5875 0.38750000000000007 0.53125 0.38750000000000007 0.53125 0.4609375 0.5875 0.4609375
0 0.653125 0.4125 0.5734375 0.4125 0.5734375 0.4671875 0.653125 0.4671875
0 0.653125 0.36406250000000007 0.5765625 0.36406250000000007 0.5765625 0.41875 0.653125 0.41875
0 0.465625 0.5640625 0.40625 0.5640625 0.40625 0.6609375 0.465625 0.6609375
0 0.5703125 0.21875000000000008 0.515625 0.21875000000000008 0.515625 0.30937500000000007 0.5703125 0.30937500000000007
0 0.4984375 0.17656250000000004 0.4359375 0.17656250000000004 0.4359375 0.2671875000000001 0.4984375 0.2671875000000001
0 0.4171875 0.19375000000000003 0.3515625 0.19375000000000003 0.3515625 0.25468750000000007 0.4171875 0.25468750000000007
0 0.38125 0.23125000000000004 0.3125 0.23125 0.3125 0.32812500000000006 0.38125 0.3281250000000001
0 0.07187500000000006 0.5390625 0.009375000000000067 0.5390625 0.009375000000000073 0.625 0.07187500000000006 0.625
0 0.10468750000000009 0.6546875 0.023437500000000076 0.6546875 0.023437500000000087 0.7578125 0.10468750000000009 0.7578125
0 0.3781250000000001 0.825 0.2765625000000001 0.825 0.2765625000000001 0.9703125 0.3781250000000001 0.9703125
0 0.39062500000000006 0.33437500000000003 0.3109375 0.334375 0.31093750000000003 0.4921875 0.3906250000000001 0.4921875
0 0.75625 8.036744619404506e-17 0.55625 6.812097820257152e-17 0.55625 0.23593750000000008 0.75625 0.23593750000000008
0 0.9015625 1.0801767470604389e-16 0.8625 1.0562578642645922e-16 0.8625 0.08437500000000012 0.9015625 0.08437500000000012
0 0.878125 0.0359375000000001 0.7546875 0.03593750000000009 0.7546875 0.1218750000000001 0.878125 0.1218750000000001
0 0.884375 0.0843750000000001 0.7640625 0.08437500000000009 0.7640625 0.2062500000000001 0.884375 0.2062500000000001
0 0.675 0.2484375000000001 0.5703125 0.2484375000000001 0.5703125 0.36406250000000007 0.675 0.36406250000000007
0 0.73125 0.28593750000000007 0.659375 0.28593750000000007 0.659375 0.34062500000000007 0.73125 0.34062500000000007
0 0.8296875 0.2734375000000001 0.7671875 0.2734375000000001 0.7671875 0.3937500000000001 0.8296875 0.3937500000000001
0 0.7703125 0.27812500000000007 0.734375 0.27812500000000007 0.734375 0.3515625000000001 0.7703125 0.3515625000000001
0 0.859375 0.33281250000000007 0.8125 0.33281250000000007 0.8125 0.44843750000000016 0.859375 0.44843750000000016
0 0.8984375 0.4187500000000002 0.8234375 0.4187500000000002 0.8234375 0.5328125000000001 0.8984375 0.5328125000000001
0 0.8390625 0.4609375000000001 0.465625 0.4609375 0.46562500000000007 0.8125 0.8390625 0.8125
0 0.8890625 0.4968750000000002 0.8171875 0.4968750000000002 0.8171875 0.5765625000000002 0.8890625 0.5765625000000002
0 0.85625 0.5765625000000002 0.809375 0.5765625000000002 0.809375 0.6796875000000002 0.85625 0.6796875000000002
0 0.934375 0.6421875000000001 0.86875 0.6421875000000001 0.86875 0.6968750000000001 0.934375 0.6968750000000001
0 0.928125 0.6000000000000002 0.9078125 0.6000000000000002 0.9078125 0.6609375000000002 0.928125 0.6609375000000002
0 0.9046875 0.6484375000000002 0.871875 0.6484375000000002 0.871875 0.81875 0.9046875 0.81875
0 0.865625 0.6609375000000002 0.8296875 0.6609375000000002 0.8296875 0.7218750000000002 0.865625 0.7218750000000002
0 0.871875 0.7328125000000002 0.7671875000000001 0.7328125000000002 0.7671875000000001 0.896875 0.871875 0.896875
0 0.9109375 0.7765625000000002 0.8296875 0.7765625000000002 0.8296875 0.9703125 0.9109375 0.9703125
0 0.7218750000000002 0.81875 0.6031250000000001 0.81875 0.6031250000000001 0.99375 0.7218750000000002 0.99375
0 0.6203125000000002 0.81875 0.5078125000000002 0.81875 0.5078125000000002 0.99375 0.6203125000000002 0.99375
0 0.5109375000000002 0.8796875 0.3375000000000001 0.8796875 0.3375000000000001 0.99375 0.5109375000000002 0.99375
0 0.5093750000000001 0.6546875 0.3781250000000001 0.6546875 0.3781250000000001 0.884375 0.5093750000000001 0.884375
0 0.21718750000000003 0.3453125 0.14062500000000006 0.3453125 0.14062500000000006 0.3703125 0.2171875000000001 0.3703125
0 0.2109375 0.2546875 0.17500000000000004 0.2546875 0.17500000000000004 0.309375 0.2109375 0.309375
0 0.2625 0.23125 0.2125 0.23125 0.2125 0.2796875 0.2625 0.2796875
0 0.14843750000000006 0.3390625 0.10937500000000004 0.3390625 0.10937500000000004 0.40625 0.14843750000000006 0.40625
0 0.2234375000000001 0.884375 0.08906250000000011 0.884375 0.08906250000000011 0.99375 0.2234375000000001 0.99375
0 0.4000000000000001 0.4 0.10468750000000004 0.4 0.10468750000000009 0.9453125 0.4000000000000002 0.9453125
0 0.5609375 0.2609375000000001 0.3703125 0.2609375000000001 0.37031250000000004 0.575 0.5609375 0.575
0 0.31093750000000003 0.303125 0.259375 0.303125 0.259375 0.38125 0.3109375000000001 0.38125
0 0.453125 0.12187500000000004 0.3875 0.12187500000000004 0.3875 0.18281250000000004 0.453125 0.18281250000000004
0 0.02968750000000009 0.60625 7.424421219830829e-17 0.60625 8.754311103279908e-17 0.8234375 0.0296875000000001 0.8234375
0 0.10156250000000008 0.7703125 0.02656250000000009 0.7703125 0.026562500000000093 0.83125 0.10156250000000008 0.83125
0 0.2984375000000001 0.6796875 0.23593750000000008 0.6796875 0.23593750000000008 0.79375 0.2984375000000001 0.79375
0 0.34062500000000007 0.6359375 0.2296875000000001 0.6359375 0.2296875000000001 0.703125 0.34062500000000007 0.703125
0 0.15000000000000008 0.6796875 0.1281250000000001 0.6796875 0.1281250000000001 0.7703125 0.15000000000000008 0.7703125
0 0.2687500000000001 0.8234375 0.2000000000000001 0.8234375 0.2000000000000001 0.903125 0.2687500000000001 0.903125