0 0.7796875000000001 0.4125000000000001 0.6484375 0.4125 0.6484375000000001 0.8703125 0.7796875000000002 0.8703125
0 0.6406250000000001 0.3921875000000001 0.50625 0.3921875000000001 0.5062500000000001 0.73125 0.6406250000000002 0.73125
0 0.4984375 0.3921875 0.16250000000000003 0.3921875 0.16250000000000006 0.578125 0.4984375 0.578125
0 0.475 0.515625 0.3437500000000001 0.515625 0.3437500000000001 0.6859375 0.475 0.6859375
0 0.5375000000000001 0.6390625 0.3937500000000001 0.6390625 0.3937500000000001 0.85625 0.5375000000000002 0.85625
0 0.42500000000000016 0.7578125 0.27812500000000007 0.7578125 0.27812500000000007 0.953125 0.42500000000000016 0.953125
0 0.3515625000000001 0.5625 0.2234375000000001 0.5625 0.2234375000000001 0.7375 0.3515625000000001 0.7375
0 0.30937500000000007 0.675 0.1546875000000001 0.675 0.1546875000000001 0.8609375 0.30937500000000007 0.8609375
4 0.996875 0.22656250000000008 0.7578125 0.22656250000000008 0.7578125 0.5515625000000002 0.996875 0.5515625000000002
2 0.996875 0.035937500000000115 0.9265625 0.03593750000000011 0.9265625 0.26250000000000007 0.996875 0.26250000000000007
2 0.903125 0.004687500000000104 0.7953125 0.004687500000000097 0.7953125 0.2375000000000001 0.903125 0.2375000000000001
2 0.715625 0.07187500000000009 0.684375 0.07187500000000009 0.684375 0.2578125000000001 0.715625 0.2578125000000001
2 0.4359375 0.2578125000000001 0.3984375 0.2578125000000001 0.39843750000000006 0.3968750000000001 0.4359375 0.3968750000000001
2 0.4046875 0.2687500000000001 0.3671875 0.2687500000000001 0.36718750000000006 0.4078125 0.4046875 0.4078125
2 0.37031250000000004 0.27343750000000006 0.328125 0.2734375 0.32812500000000006 0.421875 0.3703125000000001 0.421875
2 0.33593750000000006 0.284375 0.29375 0.284375 0.29375000000000007 0.4328125 0.3359375000000001 0.4328125
2 0.29687500000000006 0.2828125 0.246875 0.2828125 0.24687500000000004 0.44375 0.2968750000000001 0.44375
2 0.26250000000000007 0.3 0.2078125 0.3 0.20781250000000004 0.4546875 0.26250000000000007 0.4546875
3 0.871875 0.37187500000000007 0.753125 0.37187500000000007 0.753125 0.5359375000000002 0.871875 0.5359375000000002
1 0.6453125 0.035937500000000074 0.509375 0.03593750000000007 0.509375 0.3765625000000001 0.6453125 0.3765625000000001
1 0.22812500000000005 0.278125 0.14218750000000005 0.278125 0.14218750000000005 0.459375 0.22812500000000008 0.459375
1 0.18906250000000005 0.3203125 0.09218750000000005 0.3203125 0.09218750000000006 0.50625 0.18906250000000005 0.50625
1 0.13906250000000003 0.3296875 0.03906250000000004 0.3296875 0.039062500000000056 0.515625 0.13906250000000003 0.515625
1 0.13906250000000003 0.08281250000000001 1.0141606305439019e-17 0.0828125 3.444319122601931e-17 0.4796875 0.13906250000000003 0.4796875