0 0.8171875 0.23125000000000004 2.8319957230282545e-17 0.23125 7.510529197895878e-17 0.9953125 0.8171875 0.9953125
0 0.915625 0.7421875000000002 0.7828125000000001 0.7421875000000002 0.7828125000000001 0.8796875 0.915625 0.8796875
0 0.9953125 0.7953125000000002 0.915625 0.7953125000000002 0.915625 0.89375 0.9953125 0.89375
0 0.9953125 0.7031250000000002 0.8984375 0.7031250000000002 0.8984375 0.81875 0.9953125 0.81875
0 0.9953125 0.48437500000000017 0.8671875 0.48437500000000017 0.8671875 0.6718750000000002 0.9953125 0.6718750000000002
0 0.965625 0.6046875000000002 0.8765625 0.6046875000000002 0.8765625 0.7062500000000002 0.965625 0.7062500000000002
0 0.903125 0.6843750000000002 0.8234375 0.6843750000000002 0.8234375 0.7562500000000002 0.903125 0.7562500000000002
0 0.809375 0.6890625000000001 0.715625 0.6890625 0.7156250000000001 0.7906250000000001 0.809375 0.7906250000000001
0 0.8765625 0.6312500000000002 0.796875 0.6312500000000002 0.796875 0.7203125000000001 0.8765625 0.7203125000000001
0 0.8625 0.5781250000000002 0.7734375 0.5781250000000002 0.7734375 0.6484375000000002 0.8625 0.6484375000000002
0 0.7828125 0.5734375 0.6984375 0.5734375 0.6984375 0.6406250000000001 0.7828125 0.6406250000000002
0 0.7828125 0.6218750000000001 0.703125 0.621875 0.703125 0.6984375 0.7828125 0.6984375000000002
0 0.7015625 0.653125 0.6359375 0.653125 0.6359375 0.7203125 0.7015625 0.7203125
0 0.821875 0.2484375000000001 0.4671875 0.2484375000000001 0.4671875 0.4093750000000001 0.821875 0.40937500000000016
0 0.840625 0.42656250000000007 0.6796875 0.4265625 0.6796875 0.5828125000000001 0.840625 0.5828125000000002
0 0.9953125 0.3515625000000001 0.8359375 0.3515625000000001 0.8359375 0.5375000000000002 0.9953125 0.5375000000000002