0 0.9953125 0.5046875000000002 0.775 0.5046875000000002 0.7750000000000001 0.8078125 0.9953125 0.8078125
0 0.7750000000000001 0.6468750000000001 0.484375 0.646875 0.4843750000000001 0.896875 0.7750000000000001 0.896875
0 0.80625 0.6203125 0.6609375 0.6203125 0.6609375000000001 0.8078125 0.80625 0.8078125
0 0.8171875 0.3281250000000001 0.5953125 0.3281250000000001 0.5953125 0.6359375 0.8171875 0.6359375000000002
0 0.965625 0.3390625000000001 0.8046875 0.3390625000000001 0.8046875 0.5156250000000002 0.965625 0.5156250000000002
0 0.9921875 0.010937500000000109 0.771875 0.010937500000000095 0.771875 0.34843750000000007 0.9921875 0.34843750000000007
0 0.859375 0.12500000000000008 0.603125 0.12500000000000008 0.603125 0.4062500000000001 0.859375 0.40625000000000017
0 0.85 9.194418546723486e-17 0.6515625 7.979339300694473e-17 0.6515625 0.1140625000000001 0.85 0.1140625000000001
0 0.65625 6.429395695523604e-17 0.39375 4.8220467716427034e-17 0.39375 0.20312500000000008 0.65625 0.20312500000000008
0 0.603125 0.16093750000000007 0.3359375 0.16093750000000004 0.33593750000000006 0.484375 0.603125 0.484375
0 0.65625 0.4171875 0.428125 0.4171875 0.428125 0.7140625 0.65625 0.7140625
0 0.45781250000000007 0.4328125 0.16406250000000006 0.4328125 0.16406250000000006 0.7921875 0.4578125000000002 0.7921875
0 0.4781250000000002 0.765625 0.19531250000000008 0.765625 0.19531250000000008 0.9015625 0.4781250000000002 0.9015625
0 0.2250000000000001 0.515625 0.023437500000000062 0.515625 0.023437500000000083 0.8640625 0.2250000000000001 0.8640625
0 0.11093750000000006 0.3234375 3.9609669909922206e-17 0.3234375 5.740531871003217e-17 0.6140625 0.11093750000000009 0.6140625
0 0.23593750000000005 1.4447005208691435e-17 0 0 2.3249154077563034e-17 0.3796875 0.23593750000000008 0.3796875
0 0.3921875 3.827021247335479e-17 0.2328125 2.8511308292649316e-17 0.2328125 0.25468750000000007 0.3921875 0.25468750000000007