0 0.915625 0.828125 0.6500000000000001 0.828125 0.6500000000000001 0.9296875 0.915625 0.9296875
0 0.99375 0.7687500000000002 0.8421875 0.7687500000000002 0.8421875 0.8953125 0.99375 0.8953125
0 0.99375 0.8875 0.8875 0.8875 0.8875 0.9328125 0.99375 0.9328125
0 0.6781250000000002 0.7859375 0.42968750000000017 0.7859375 0.42968750000000017 0.9296875 0.6781250000000002 0.9296875
0 0.5203125000000002 0.803125 0.35625000000000007 0.803125 0.35625000000000007 0.9296875 0.5203125000000002 0.9296875
0 0.5078125000000001 0.6 7.347880794884119e-17 0.6 9.40490471532694e-17 0.9359375 0.5078125000000002 0.9359375
0 0.99375 0.5921875000000001 0.446875 0.5921875 0.4468750000000001 0.828125 0.99375 0.828125
0 0.9953125 0.3343750000000001 0.7296875 0.3343750000000001 0.7296875 0.6078125000000002 0.9953125 0.6078125000000002
0 0.99375 0.2390625000000001 0.384375 0.2390625000000001 0.384375 0.5296875000000001 0.99375 0.5296875000000002
0 0.99375 0.0921875000000001 0.740625 0.09218750000000009 0.740625 0.2890625000000001 0.99375 0.2890625000000001
0 0.99375 0.21093750000000008 0.915625 0.21093750000000008 0.915625 0.3515625000000001 0.99375 0.3515625000000001
0 0.875 0.09218750000000007 0.3390625 0.09218750000000005 0.3390625 0.36250000000000004 0.875 0.3625000000000001
0 0.9953125 1.0285119602214098e-16 0.684375 8.381176531664698e-17 0.684375 0.0843750000000001 0.9953125 0.08437500000000012
0 0.7796875 8.409879191019715e-17 0.59375 7.271340369937409e-17 0.59375 0.10156250000000008 0.7796875 0.10156250000000008
0 0.678125 7.577502069724248e-17 0.559375 6.850368032730508e-17 0.559375 0.04218750000000007 0.678125 0.04218750000000008
0 0.209375 1.2820521178573852e-17 0 0 1.1576739273189824e-17 0.18906250000000002 0.209375 0.18906250000000005
0 0.3 0.01718750000000002 2.1048616860345133e-18 0.0171875 1.5882138176442238e-17 0.2421875 0.3 0.2421875
0 0.5359375 4.9081547497077516e-17 0.265625 3.2529680602351567e-17 0.265625 0.01406250000000005 0.5359375 0.014062500000000066
0 0.59375 0.014062500000000037 1.7221595613009655e-18 0.0140625 2.4492935982947065e-17 0.38593750000000004 0.59375 0.3859375000000001
0 0.4125 0.34375000000000006 0.07968750000000005 0.34375 0.07968750000000006 0.68125 0.4125 0.68125
0 0.13593750000000007 0.3765625 4.6115606030392526e-17 0.3765625 5.94145048648833e-17 0.59375 0.1359375000000001 0.59375
0 0.24218750000000008 0.571875 7.003448882623926e-17 0.571875 8.008041960049489e-17 0.7359375 0.24218750000000008 0.7359375
0 0.0625000000000001 0.7234375 8.859554187581634e-17 0.7234375 9.758904180705471e-17 0.8703125 0.06250000000000011 0.8703125