0 0.996875 0.7875000000000001 0.6765625000000002 0.7875 0.6765625000000002 0.99375 0.996875 0.99375
0 0.996875 0.5687500000000001 0.6765625 0.56875 0.6765625000000001 0.8453125 0.996875 0.8453125
0 0.9421875 0.33281250000000007 0.65625 0.33281250000000007 0.65625 0.5921875000000001 0.9421875 0.5921875000000002
0 0.996875 0.44843750000000016 0.934375 0.44843750000000016 0.934375 0.6437500000000002 0.996875 0.6437500000000002
0 0.996875 0.3281250000000001 0.9109375 0.3281250000000001 0.9109375 0.47656250000000017 0.996875 0.47656250000000017
0 0.996875 0.1500000000000001 0.8890625 0.15000000000000008 0.8890625 0.3859375000000001 0.996875 0.3859375000000001
0 0.9109375 0.17812500000000012 0.6484375 0.1781250000000001 0.6484375 0.3968750000000001 0.9109375 0.3968750000000001
0 0.875 0.010937500000000091 0.6140625 0.010937500000000076 0.6140625 0.21250000000000008 0.875 0.21250000000000008
0 0.7484375 0.1906250000000001 0.6484375 0.1906250000000001 0.6484375 0.29375000000000007 0.7484375 0.29375000000000007
0 0.996875 0.006250000000000114 0.871875 0.006250000000000105 0.871875 0.2062500000000001 0.996875 0.2062500000000001
0 0.96875 1.1107929170391224e-16 0.8453125 1.0352092474042469e-16 0.8453125 0.09218750000000012 0.96875 0.09218750000000012
0 0.734375 8.170690363061246e-17 0.6 7.347880794884119e-17 0.6 0.09218750000000007 0.734375 0.09218750000000009
0 0.628125 0.010937500000000065 0.425 0.010937500000000053 0.425 0.19531250000000006 0.628125 0.19531250000000008
0 0.6515625 0.13906250000000006 0.4078125 0.13906250000000003 0.4078125 0.3343750000000001 0.6515625 0.3343750000000001
0 0.6828125 0.2765625000000001 0.365625 0.2765625000000001 0.36562500000000003 0.5 0.6828125 0.5
0 0.690625 0.4765625 0.29375000000000007 0.4765625 0.29375000000000007 0.8453125 0.6906250000000002 0.8453125
0 0.6765625000000001 0.678125 0.2562500000000001 0.678125 0.2562500000000001 0.99375 0.6765625000000002 0.99375
0 0.3281250000000001 0.85625 0.06875000000000012 0.85625 0.06875000000000012 0.99375 0.3281250000000001 0.99375
0 0.3109375000000001 0.5171875 0.06875000000000006 0.5171875 0.06875000000000009 0.890625 0.3109375000000001 0.890625
0 0.3765625 0.22968750000000004 0.15937500000000004 0.2296875 0.15937500000000004 0.5234375 0.3765625000000001 0.5234375
0 0.4234375 0.07500000000000004 0.1828125 0.07500000000000002 0.18281250000000002 0.321875 0.4234375 0.3218750000000001
0 0.4421875 3.9801020972288984e-17 0.2078125 2.5449691294780934e-17 0.2078125 0.12656250000000005 0.4421875 0.12656250000000005
0 0.20625 1.262917011620708e-17 0 0 9.089175462421763e-18 0.14843750000000003 0.20625 0.14843750000000006
0 0.2140625 0.10937500000000003 1.3394574365674177e-17 0.109375 2.784157957436561e-17 0.3453125 0.2140625 0.3453125
0 0.16250000000000006 0.253125 3.099887210341738e-17 0.253125 5.099505812074525e-17 0.5796875 0.1625000000000001 0.5796875
0 0.08281250000000008 0.4765625 5.836207402186604e-17 0.4765625 7.845393557037732e-17 0.8046875 0.0828125000000001 0.8046875
0 0.0765625000000001 0.753125 9.223121206078505e-17 0.753125 1.0696524386302664e-16 0.99375 0.07656250000000012 0.99375