0 0.996875 0.6671875 0.7171875 0.6671875 0.7171875000000001 0.9953125 0.996875 0.9953125
0 0.996875 0.3828125000000001 0.646875 0.3828125000000001 0.6468750000000001 0.99375 0.996875 0.99375
0 0.9375 0.3390625000000001 0.7671875 0.3390625000000001 0.7671875 0.6453125000000002 0.9375 0.6453125000000002
0 0.996875 0.1421875000000001 0.8625 0.14218750000000008 0.8625 0.803125 0.996875 0.803125
0 0.996875 0.5296875000000002 0.9484375 0.5296875000000002 0.9484375 0.809375 0.996875 0.809375
0 0.884375 0.0500000000000001 0.6953125 0.050000000000000086 0.6953125 0.3343750000000001 0.884375 0.3343750000000001
0 0.996875 0.0046875000000001135 0.846875 0.004687500000000104 0.846875 0.18593750000000012 0.996875 0.18593750000000014
0 0.9375 1.0476470664580872e-16 0.7734375 9.47187758715531e-17 0.7734375 0.0703125000000001 0.9375 0.07031250000000011
0 0.778125 8.945662165646683e-17 0.6828125 8.362041425428021e-17 0.6828125 0.04843750000000009 0.778125 0.0484375000000001
0 0.7046875 7.33831324176578e-17 0.49375 6.046693570790056e-17 0.49375 0.3984375000000001 0.7046875 0.3984375000000001
0 0.64375 6.926908457677216e-17 0.4875 5.970153145843348e-17 0.4875 0.15312500000000007 0.64375 0.1531250000000001
0 0.5390625 0.03281250000000006 0.35 0.03281250000000004 0.35 0.2671875 0.5390625 0.2671875000000001
0 0.490625 4.621128156157591e-17 0.2640625 3.2338329539984796e-17 0.2640625 0.09218750000000005 0.490625 0.09218750000000006
0 0.728125 0.2671875000000001 0.5171875 0.2671875000000001 0.5171875 0.5250000000000001 0.728125 0.5250000000000001
0 0.7453125 0.48125000000000007 0.490625 0.48125 0.4906250000000001 0.8578125 0.7453125000000002 0.8578125
0 0.7484375000000001 0.6937500000000001 0.4109375 0.69375 0.41093750000000007 0.9953125 0.7484375000000002 0.9953125
0 0.4140625000000001 0.584375 0.2515625000000001 0.584375 0.2515625000000001 0.86875 0.41406250000000017 0.86875
0 0.55 0.5078125 0.30156250000000007 0.5078125 0.30156250000000007 0.9671875 0.5500000000000002 0.9671875
0 0.2796875000000001 0.584375 0.09531250000000006 0.584375 0.09531250000000009 0.86875 0.2796875000000001 0.86875
0 0.18906250000000008 0.3828125 4.6881010279859617e-17 0.3828125 6.831232926493829e-17 0.7328125 0.18906250000000008 0.7328125
0 0.3390625000000001 0.7046875 0.004687500000000086 0.7046875 0.004687500000000104 0.9953125 0.3390625000000001 0.9953125
0 0.14218750000000005 0.196875 2.4110233858213517e-17 0.196875 4.448912200027494e-17 0.5296875 0.14218750000000005 0.5296875
0 0.35000000000000003 0.07187500000000002 0.0734375 0.071875 0.07343750000000003 0.6234375 0.3500000000000001 0.6234375
0 0.3265625 0.032812500000000036 0.1421875 0.03281250000000002 0.14218750000000002 0.278125 0.3265625 0.278125
0 0.246875 2.0474563673244812e-17 0.0875 1.071565949253934e-17 0.08750000000000001 0.240625 0.246875 0.240625