0 0.13437500000000005 0.31875 3.903561672282188e-17 0.31875 5.109073365192864e-17 0.515625 0.13437500000000005 0.515625
0 0.31093750000000003 0.17031250000000003 0.1578125 0.1703125 0.15781250000000002 0.371875 0.3109375000000001 0.371875
0 0.3484375 0.031250000000000035 0.225 0.03125000000000002 0.225 0.2078125 0.3484375 0.2078125
0 0.434375 0.0062500000000000454 0.3109375 0.0062500000000000385 0.3109375 0.08593750000000004 0.434375 0.08593750000000004
0 0.5390625 0.010937500000000057 0.3890625 0.010937500000000048 0.3890625 0.19062500000000004 0.5390625 0.19062500000000004
0 0.4953125 0.08593750000000006 0.296875 0.08593750000000004 0.296875 0.2984375 0.4953125 0.2984375000000001
0 0.28125000000000006 0.325 0.11562500000000005 0.325 0.11562500000000005 0.478125 0.2812500000000001 0.478125
0 0.2140625000000001 0.409375 0.02343750000000005 0.409375 0.023437500000000066 0.6859375 0.2140625000000001 0.6859375
0 0.4015625000000001 0.35625000000000007 0.18437500000000004 0.35625 0.18437500000000007 0.765625 0.40156250000000016 0.765625
0 0.5015625 0.2984375 0.3109375 0.2984375 0.31093750000000003 0.5265625 0.5015625 0.5265625
0 0.58125 0.21250000000000008 0.4125 0.21250000000000008 0.4125 0.3828125000000001 0.58125 0.3828125000000001
0 0.584375 0.12187500000000007 0.5015625 0.12187500000000004 0.5015625 0.23437500000000008 0.584375 0.23437500000000008
0 0.7125 0.11718750000000008 0.5703125 0.11718750000000008 0.5703125 0.2765625000000001 0.7125 0.2765625000000001
0 0.790625 0.06406250000000009 0.6671875 0.06406250000000009 0.6671875 0.2390625000000001 0.790625 0.2390625000000001
0 0.99375 0.15468750000000012 0.7125 0.1546875000000001 0.7125 0.5531250000000001 0.99375 0.5531250000000002
0 0.715625 0.2656250000000001 0.546875 0.2656250000000001 0.546875 0.4953125 0.715625 0.4953125
0 0.98125 0.4312500000000001 0.6109375 0.43125 0.6109375000000001 0.915625 0.98125 0.915625
0 0.6968750000000001 0.4421875 0.4265625 0.4421875 0.42656250000000007 0.946875 0.6968750000000001 0.946875