0 0.30468750000000006 1.8656728580760464e-17 0 0 3.425184016365254e-17 0.559375 0.3046875000000001 0.559375
0 0.4453125 4.3341015626074294e-17 0.2625 3.214697847761802e-17 0.2625 0.18593750000000003 0.4453125 0.18593750000000003
0 0.5859375 6.333720164340217e-17 0.4484375 5.4917754899264124e-17 0.4484375 0.19218750000000007 0.5859375 0.1921875000000001
0 0.7484375 8.199393022416264e-17 0.590625 7.233070157464055e-17 0.590625 0.2312500000000001 0.7484375 0.2312500000000001
0 0.996875 1.0572146195764259e-16 0.7296875 8.936094612528342e-17 0.7296875 0.1812500000000001 0.996875 0.18125000000000013
0 0.9234375 0.1359375000000001 0.74375 0.1359375000000001 0.74375 0.3390625000000001 0.9234375 0.3390625000000001
0 0.996875 0.15312500000000012 0.9234375 0.15312500000000012 0.9234375 0.39531250000000007 0.996875 0.39531250000000007
0 0.6359375 0.19218750000000007 0.5375 0.19218750000000004 0.5375 0.39531250000000007 0.6359375 0.39531250000000007
0 0.746875 0.22031250000000008 0.7125 0.22031250000000008 0.7125 0.2656250000000001 0.746875 0.2656250000000001
0 0.4328125 0.25468750000000007 0.2921875 0.2546875 0.29218750000000004 0.4796875 0.4328125 0.4796875
0 0.5375 0.16875000000000004 0.309375 0.16875000000000004 0.309375 0.35625000000000007 0.5375 0.35625000000000007
0 0.8734375 0.33281250000000007 0.7265625 0.33281250000000007 0.7265625 0.5421875000000002 0.8734375 0.5421875000000002
0 0.996875 0.33281250000000007 0.8625 0.33281250000000007 0.8625 0.5031250000000002 0.996875 0.5031250000000002
0 0.996875 0.4078125000000002 0.8984375 0.4078125000000002 0.8984375 0.6000000000000002 0.996875 0.6000000000000002
0 0.740625 0.3734375000000001 0.60625 0.3734375000000001 0.60625 0.5765625000000001 0.740625 0.5765625000000002
0 0.775 0.24375000000000008 0.6109375 0.24375000000000008 0.6109375 0.37968750000000007 0.775 0.37968750000000007
0 0.04843750000000008 0.5765625 7.060854201333958e-17 0.5765625 8.132420150587893e-17 0.7515625 0.04843750000000009 0.7515625
0 0.0343750000000001 0.728125 8.916959506291665e-17 0.728125 9.749336627587133e-17 0.8640625 0.034375000000000114 0.8640625
0 0.1578125000000001 0.8875 1.086874034243276e-16 0.8875 1.1519333954479792e-16 0.99375 0.15781250000000013 0.99375
0 0.2875000000000001 0.5484375 0.042187500000000065 0.5484375 0.04218750000000009 0.9609375 0.2875000000000001 0.9609375
0 0.3625000000000001 0.796875 0.23593750000000008 0.796875 0.23593750000000008 0.99375 0.3625000000000001 0.99375
0 0.4140625000000001 0.59375 0.2765625000000001 0.59375 0.2765625000000001 0.825 0.41406250000000017 0.825
0 0.42500000000000016 0.7578125 0.3687500000000001 0.7578125 0.3687500000000001 0.853125 0.42500000000000016 0.853125
0 0.5265625000000002 0.8484375 0.3546875000000001 0.8484375 0.3546875000000001 0.9953125 0.5265625000000002 0.9953125
0 0.8 0.7296875 0.5234375000000002 0.7296875 0.5234375000000002 0.9953125 0.8 0.9953125
0 0.915625 0.6671875000000002 0.74375 0.6671875000000002 0.7437500000000001 0.909375 0.915625 0.909375
0 0.996875 0.7000000000000002 0.91875 0.7000000000000002 0.91875 0.9265625 0.996875 0.9265625
0 0.996875 0.88125 0.7968750000000002 0.88125 0.7968750000000002 0.99375 0.996875 0.99375
0 0.9515625 0.5484375000000001 0.821875 0.5484375000000001 0.821875 0.7062500000000002 0.9515625 0.7062500000000002
0 0.996875 0.5703125000000002 0.94375 0.5703125000000002 0.94375 0.7171875000000002 0.996875 0.7171875000000002
0 0.828125 0.5421875 0.7015625 0.5421875 0.7015625 0.6718750000000001 0.828125 0.6718750000000002
0 0.7718750000000001 0.6546875000000001 0.65625 0.6546875 0.6562500000000001 0.7515625000000001 0.7718750000000002 0.7515625000000001
0 0.5515625000000001 0.70625 0.421875 0.70625 0.4218750000000001 0.9328125 0.5515625000000002 0.9328125
0 0.5328125 0.3734375000000001 0.484375 0.3734375000000001 0.484375 0.4640625 0.5328125 0.4640625
0 0.5828125 0.3843750000000001 0.54375 0.3843750000000001 0.54375 0.46875 0.5828125 0.46875
0 0.5296875 0.3500000000000001 0.5015625 0.3500000000000001 0.5015625 0.3843750000000001 0.5296875 0.3843750000000001
0 0.5765625 0.3781250000000001 0.5484375 0.3781250000000001 0.5484375 0.39531250000000007 0.5765625 0.39531250000000007
0 0.4953125 0.3671875000000001 0.453125 0.3671875000000001 0.453125 0.4515625 0.4953125 0.4515625
0 0.4703125 0.4296875 0.4171875 0.4296875 0.4171875 0.496875 0.4703125 0.496875
0 0.515625 0.4578125 0.45 0.4578125 0.45 0.553125 0.515625 0.553125
0 0.5625 0.4640625 0.50625 0.4640625 0.50625 0.5484375 0.5625 0.5484375
0 0.6078125 0.475 0.565625 0.475 0.565625 0.5484375 0.6078125 0.5484375
0 0.6109375 0.4234375 0.5609375 0.4234375 0.5609375 0.4859375 0.6109375 0.4859375
0 0.4703125 0.509375 0.4109375 0.509375 0.4109375 0.615625 0.4703125 0.615625
0 0.4140625 0.453125 0.24218750000000008 0.453125 0.24218750000000008 0.65625 0.4140625 0.65625
0 0.5296875 0.53125 0.4765625 0.53125 0.4765625 0.6265625 0.5296875 0.6265625
0 0.59375 0.53125 0.534375 0.53125 0.534375 0.6328125 0.59375 0.6328125
0 0.63125 0.5359375 0.59375 0.5359375 0.59375 0.6328125 0.63125 0.6328125
0 0.6640625 0.5078125 0.61875 0.5078125 0.61875 0.6046875 0.6640625 0.6046875
0 0.690625 0.6 0.6140625 0.6 0.6140625 0.7015625 0.690625 0.7015625
0 0.6140625 0.621875 0.546875 0.621875 0.546875 0.6953125 0.6140625 0.6953125
0 0.6453125000000001 0.6953125 0.59375 0.6953125 0.5937500000000001 0.7578125 0.6453125000000002 0.7578125
0 0.5937500000000001 0.684375 0.5234375 0.684375 0.5234375000000001 0.790625 0.5937500000000002 0.790625
0 0.5515625 0.621875 0.4875 0.621875 0.4875 0.7171875 0.5515625 0.7171875
0 0.50625 0.59375 0.41875 0.59375 0.41875 0.70625 0.50625 0.70625
0 0.4703125 0.503125 0.3968750000000001 0.503125 0.3968750000000001 0.609375 0.4703125 0.609375
0 0.996875 6.104098889500089e-17 0 0 6.084963783263412e-17 0.99375 0.996875 0.99375