0 0.996875 0.7687500000000002 0.8390625 0.7687500000000002 0.8390625 0.9953125 0.996875 0.9953125
0 0.996875 0.7625000000000002 0.9796875 0.7625000000000002 0.9796875 0.946875 0.996875 0.946875
0 0.996875 0.4937500000000002 0.84375 0.4937500000000002 0.84375 0.7984375000000001 0.996875 0.7984375000000001
0 0.996875 1.15958743794265e-16 0.896875 1.0983550979852825e-16 0.896875 0.5359375000000002 0.996875 0.5359375000000002
0 0.996875 1.1997711610396726e-16 0.9625 1.1787225441793274e-16 0.9625 0.08906250000000011 0.996875 0.08906250000000011
0 0.9671875 0.3031250000000001 0.85 0.3031250000000001 0.85 0.5125000000000002 0.9671875 0.5125000000000002
0 0.9609375 0.16093750000000012 0.8875 0.1609375000000001 0.8875 0.3515625000000001 0.9609375 0.3515625000000001
0 0.9 0.1546875000000001 0.8 0.1546875000000001 0.8 0.3453125000000001 0.9 0.3453125000000001
0 0.85625 0.3218750000000001 0.7296875 0.3218750000000001 0.7296875 0.5531250000000002 0.85625 0.5531250000000002
0 0.8671875 0.5000000000000001 0.709375 0.5 0.709375 0.7078125000000001 0.8671875 0.7078125000000002
0 0.8640625 0.7203125000000001 0.753125 0.7203125000000001 0.753125 0.928125 0.8640625 0.928125
0 0.7968750000000001 0.6078125000000001 0.69375 0.6078125 0.6937500000000001 0.7921875 0.7968750000000002 0.7921875000000002
0 0.8734375 0.6781250000000002 0.796875 0.6781250000000002 0.7968750000000001 0.7796875000000002 0.8734375 0.7796875000000002
0 0.7437500000000001 0.7015625000000001 0.690625 0.7015625 0.690625 0.815625 0.7437500000000001 0.815625
0 0.7437500000000001 0.875 0.6765625000000002 0.875 0.6765625000000002 0.99375 0.7437500000000001 0.99375
0 0.7593750000000001 0.9640625 0.7234375000000002 0.9640625 0.7234375000000002 0.99375 0.7593750000000001 0.99375
0 0.8296875 0.953125 0.7765625000000002 0.953125 0.7765625000000002 0.99375 0.8296875 0.99375
0 0.8203125 0.9046875 0.7828125000000001 0.9046875 0.7828125000000001 0.953125 0.8203125 0.953125
0 0.8671875 0.946875 0.8203125 0.946875 0.8203125 0.99375 0.8671875 0.99375
0 0.690625 0.6078125 0.6140625 0.6078125 0.6140625000000001 0.99375 0.6906250000000002 0.99375
0 0.70625 0.571875 0.646875 0.571875 0.646875 0.7078125 0.70625 0.7078125
0 0.6359375 0.4765625 0.59375 0.4765625 0.59375 0.578125 0.6359375 0.578125
0 0.6265625 0.5484375 0.5171875 0.5484375 0.5171875 0.7140625 0.6265625 0.7140625
0 0.5468750000000001 0.684375 0.4703125 0.684375 0.4703125000000001 0.803125 0.5468750000000002 0.803125
0 0.6140625000000001 0.7140625 0.484375 0.7140625 0.4843750000000001 0.8875 0.6140625000000002 0.8875
0 0.6359375000000002 0.815625 0.5734375000000002 0.815625 0.5734375000000002 0.940625 0.6359375000000002 0.940625
0 0.5796875000000001 0.8515625 0.5000000000000002 0.8515625 0.5000000000000002 0.9765625 0.5796875000000001 0.9765625
0 0.6468750000000002 0.934375 0.5671875000000002 0.934375 0.5671875000000002 0.99375 0.6468750000000002 0.99375
0 0.5671875000000002 0.9765625 0.5171875000000001 0.9765625 0.5171875000000001 0.99375 0.5671875000000002 0.99375
0 0.6140625000000001 0.690625 0.440625 0.690625 0.4406250000000001 0.934375 0.6140625000000002 0.934375
0 0.45000000000000007 0.696875 0.3000000000000001 0.696875 0.3000000000000001 0.953125 0.4500000000000002 0.953125
0 0.5000000000000002 0.8984375 0.3937500000000001 0.8984375 0.3937500000000001 0.99375 0.5000000000000002 0.99375
0 0.534375 0.4171875 0.38750000000000007 0.4171875 0.38750000000000007 0.690625 0.534375 0.690625
0 0.6203125 0.3453125000000001 0.50625 0.3453125000000001 0.50625 0.546875 0.6203125 0.546875
0 0.6671875 0.38750000000000007 0.6203125 0.38750000000000007 0.6203125 0.5 0.6671875 0.5
0 0.7171875 0.3578125000000001 0.6671875 0.3578125000000001 0.6671875 0.4828125 0.7171875 0.4828125
0 0.7375 0.4703125000000001 0.6640625 0.4703125 0.6640625 0.5468750000000001 0.7375 0.5468750000000002
0 0.6796875 0.4890625 0.6375 0.4890625 0.6375 0.578125 0.6796875 0.578125
0 0.6703125 0.3218750000000001 0.609375 0.3218750000000001 0.609375 0.3984375000000001 0.6703125 0.3984375000000001
0 0.703125 0.24375000000000008 0.646875 0.24375000000000008 0.646875 0.3156250000000001 0.703125 0.3156250000000001
0 0.7375 0.2734375000000001 0.684375 0.2734375000000001 0.684375 0.4046875000000001 0.7375 0.4046875000000002
0 0.784375 0.22656250000000008 0.7140625 0.22656250000000008 0.7140625 0.3218750000000001 0.784375 0.3218750000000001
0 0.7796875 0.1312500000000001 0.7234375 0.1312500000000001 0.7234375 0.24375000000000008 0.7796875 0.24375000000000008
0 0.7203125 0.10781250000000009 0.6703125 0.10781250000000009 0.6703125 0.24375000000000008 0.7203125 0.24375000000000008
0 0.6703125 0.22031250000000008 0.609375 0.22031250000000008 0.609375 0.3218750000000001 0.6703125 0.3218750000000001
0 0.6765625 0.1312500000000001 0.6140625 0.1312500000000001 0.6140625 0.2140625000000001 0.6765625 0.2140625000000001
0 0.7296875 0.05312500000000009 0.6875 0.05312500000000009 0.6875 0.11875000000000009 0.7296875 0.11875000000000009
0 0.7296875 8.668203125214859e-17 0.6859375 8.400311637901375e-17 0.6859375 0.05312500000000009 0.7296875 0.05312500000000009
0 0.784375 9.280526524788535e-17 0.73125 8.955229718765019e-17 0.73125 0.07812500000000008 0.784375 0.07812500000000008
0 0.790625 0.07187500000000009 0.7375 0.07187500000000009 0.7375 0.14843750000000008 0.790625 0.14843750000000008
0 0.8234375 0.11250000000000009 0.7671875 0.11250000000000009 0.7671875 0.1843750000000001 0.8234375 0.1843750000000001
0 0.84375 0.0484375000000001 0.7859375 0.0484375000000001 0.7859375 0.1375000000000001 0.84375 0.1375000000000001
0 0.903125 0.05312500000000011 0.84375 0.05312500000000011 0.84375 0.1546875000000001 0.903125 0.1546875000000001
0 0.9265625 1.0447768005225858e-16 0.7796875 9.54841801210202e-17 0.7796875 0.0531250000000001 0.9265625 0.05312500000000011
0 0.6875 7.663610047789296e-17 0.5640625 6.907773351440539e-17 0.5640625 0.14843750000000008 0.6875 0.14843750000000008
0 0.6140625 0.07187500000000005 0.4296875 0.07187500000000005 0.4296875 0.3453125000000001 0.6140625 0.3453125000000001
0 0.5796875 6.917340904558878e-17 0.55 6.735557395310443e-17 0.55 0.01718750000000007 0.5796875 0.01718750000000007
0 0.453125 0.11250000000000004 0.4203125 0.11250000000000004 0.4203125 0.19062500000000004 0.453125 0.19062500000000004
0 0.5359375 5.625721233583154e-17 0.3828125 4.6881010279859617e-17 0.3828125 0.08281250000000005 0.5359375 0.08281250000000007
0 0.4203125 3.922696778518866e-17 0.2203125 2.6980499793715128e-17 0.2203125 0.26250000000000007 0.4203125 0.26250000000000007
0 0.4671875 0.22031250000000005 0.340625 0.2203125 0.34062500000000007 0.446875 0.4671875 0.446875
0 0.3968750000000001 0.428125 0.28593750000000007 0.428125 0.28593750000000007 0.63125 0.3968750000000001 0.63125
0 0.3140625000000001 0.5296875 0.17968750000000006 0.5296875 0.17968750000000006 0.7671875 0.3140625000000001 0.7671875
0 0.4265625 0.6140625 0.31718750000000007 0.6140625 0.31718750000000007 0.715625 0.4265625 0.715625
0 0.3000000000000001 0.74375 0.1531250000000001 0.74375 0.15312500000000012 0.9640625 0.3000000000000001 0.9640625
0 0.31718750000000007 0.86875 0.2000000000000001 0.86875 0.2000000000000001 0.99375 0.31718750000000007 0.99375
0 0.3968750000000001 0.8984375 0.2828125000000001 0.8984375 0.2828125000000001 0.99375 0.3968750000000001 0.99375
0 0.16250000000000012 0.8875 0.12031250000000009 0.8875 0.12031250000000011 0.9578125 0.16250000000000014 0.9578125
0 0.17968750000000014 0.934375 0.15625000000000014 0.934375 0.15625000000000014 0.9640625 0.17968750000000014 0.9640625
0 0.19062500000000013 0.959375 0.17031250000000014 0.959375 0.17031250000000014 0.9953125 0.19062500000000013 0.9953125
0 0.16406250000000014 0.9640625 0.13437500000000013 0.9640625 0.13437500000000013 0.99375 0.16406250000000014 0.99375
0 0.12968750000000012 0.940625 0.10312500000000013 0.940625 0.10312500000000013 0.99375 0.12968750000000012 0.99375
0 0.1968750000000001 0.8875 0.10000000000000009 0.8875 0.10000000000000012 0.99375 0.19687500000000013 0.99375
0 0.2234375000000001 0.696875 0.006250000000000086 0.696875 0.006250000000000104 0.99375 0.2234375000000001 0.99375
0 0.1671875000000001 0.690625 0.050000000000000086 0.690625 0.0500000000000001 0.86875 0.1671875000000001 0.86875
0 0.18593750000000006 0.50625 0.04375000000000007 0.50625 0.04375000000000008 0.7328125 0.1859375000000001 0.7328125
0 0.0703125000000001 0.696875 8.534257381558118e-17 0.696875 9.62495843704873e-17 0.875 0.07031250000000011 0.875
0 0.020312500000000108 0.875 1.0715659492539341e-16 0.875 1.1002686086089502e-16 0.921875 0.02031250000000011 0.921875
0 0.04062500000000011 0.875 0.014062500000000106 0.875 0.014062500000000108 0.928125 0.04062500000000011 0.928125
0 0.01406250000000012 0.934375 1.144279352953308e-16 0.934375 1.1806360548029952e-16 0.99375 0.014062500000000122 0.99375
0 0.017187500000000102 0.815625 9.9885254555456e-17 0.815625 1.0390362686515826e-16 0.88125 0.017187500000000105 0.88125
0 0.02968750000000009 0.6078125 7.443556326067507e-17 0.6078125 8.639500465859842e-17 0.803125 0.0296875000000001 0.803125
0 0.043750000000000046 0.1734375 2.1239967922711906e-17 0.1734375 4.6402632623942676e-17 0.584375 0.04375000000000007 0.584375
0 0.04687500000000007 0.5 6.123233995736766e-17 0.5 6.850368032730508e-17 0.61875 0.046875000000000076 0.61875
0 0.13750000000000004 0.2984375 0.040625000000000036 0.2984375 0.04062500000000005 0.51875 0.13750000000000004 0.51875
0 0.26093750000000004 0.3328125 0.13750000000000004 0.3328125 0.13750000000000007 0.565625 0.2609375000000001 0.565625
0 0.3593750000000001 0.375 0.3000000000000001 0.375 0.3000000000000001 0.434375 0.3593750000000001 0.434375
0 0.34375 0.25625 0.30625 0.25625 0.30625 0.3578125 0.34375 0.3578125
0 0.3 0.2265625 0.240625 0.2265625 0.240625 0.3578125 0.3 0.3578125
0 0.30000000000000004 0.3453125 0.246875 0.3453125 0.24687500000000004 0.4703125 0.3000000000000001 0.4703125
0 0.24375 0.25625 0.17031250000000003 0.25625 0.17031250000000003 0.3625 0.24375 0.3625
0 0.2375 0.2203125 0.2078125 0.2203125 0.2078125 0.25625 0.2375 0.25625
0 0.17968750000000006 0.26875 0.11406250000000004 0.26875 0.11406250000000004 0.3578125 0.17968750000000006 0.3578125
0 0.240625 0.029687500000000023 0.0703125 0.029687500000000012 0.07031250000000001 0.2625 0.240625 0.2625
0 0.11718750000000004 0.209375 0.08281250000000002 0.209375 0.08281250000000004 0.3046875 0.11718750000000004 0.3046875
0 0.09062500000000001 5.549180808636445e-18 0 0 1.5690787114075464e-17 0.25625 0.09062500000000002 0.25625
0 0.2421875 1.8848079643127232e-17 0.065625 8.036744619404505e-18 0.065625 0.05312500000000001 0.2421875 0.05312500000000002
0 0.996875 6.104098889500089e-17 0 0 6.084963783263412e-17 0.99375 0.996875 0.99375