0 0.996875 0.6343750000000001 0.6578125 0.634375 0.6578125000000001 0.9953125 0.996875 0.9953125
0 0.953125 0.5578125000000002 0.890625 0.5578125000000002 0.890625 0.6234375000000002 0.953125 0.6234375000000002
0 0.9046875 0.5843750000000002 0.84375 0.5843750000000002 0.84375 0.6453125000000002 0.9046875 0.6453125000000002
0 0.934375 0.6015625000000002 0.90625 0.6015625000000002 0.90625 0.6453125000000002 0.934375 0.6453125000000002
0 0.840625 0.5078125000000002 0.7828125 0.5078125000000002 0.7828125 0.6609375000000002 0.840625 0.6609375000000002
0 0.815625 0.6343750000000001 0.7390625 0.6343750000000001 0.7390625 0.6937500000000002 0.815625 0.6937500000000002
0 0.7609375 0.5734375 0.7234375 0.5734375 0.7234375 0.6453125000000001 0.7609375 0.6453125000000002
0 0.3046875000000001 0.5734375 0.24375000000000008 0.5734375 0.24375000000000008 0.6390625 0.3046875000000001 0.6390625
0 0.996875 0.17031250000000012 0.8984375 0.1703125000000001 0.8984375 0.3890625000000001 0.996875 0.3890625000000001
0 0.803125 0.5078125000000002 0.734375 0.5078125000000002 0.734375 0.6062500000000002 0.803125 0.6062500000000002
0 0.825 0.49218750000000017 0.7859375 0.49218750000000017 0.7859375 0.5406250000000001 0.825 0.5406250000000001
0 0.9171875 0.4859375000000002 0.8265625 0.4859375000000002 0.8265625 0.5250000000000001 0.9171875 0.5250000000000001
0 0.9203125 0.5187500000000002 0.821875 0.5187500000000002 0.821875 0.5906250000000002 0.9203125 0.5906250000000002
0 0.78125 0.4593750000000002 0.7453125 0.4593750000000002 0.7453125 0.5250000000000001 0.78125 0.5250000000000001
0 0.821875 0.4656250000000002 0.78125 0.4656250000000002 0.78125 0.4984375000000002 0.821875 0.4984375000000002
0 0.7453125 0.4750000000000001 0.6984375 0.475 0.6984375 0.5296875000000001 0.7453125 0.5296875000000002
0 0.753125 0.4218750000000001 0.7203125 0.421875 0.7203125 0.4875000000000001 0.753125 0.48750000000000016
0 0.7671875 0.4265625000000002 0.753125 0.4265625000000002 0.753125 0.4593750000000002 0.7671875 0.4593750000000002
0 0.7484375 0.3390625000000001 0.709375 0.3390625000000001 0.709375 0.4312500000000001 0.7484375 0.4312500000000002
0 0.715625 0.421875 0.665625 0.421875 0.665625 0.4765625 0.715625 0.4765625
0 0.709375 0.3546875000000001 0.6828125 0.3546875000000001 0.6828125 0.4375 0.709375 0.4375
0 0.6734375 0.3500000000000001 0.646875 0.3500000000000001 0.646875 0.37187500000000007 0.6734375 0.37187500000000007
0 0.6875 0.37187500000000007 0.671875 0.37187500000000007 0.671875 0.38750000000000007 0.6875 0.38750000000000007
0 0.6765625 0.3781250000000001 0.628125 0.3781250000000001 0.628125 0.421875 0.6765625 0.421875
0 0.66875 0.4203125 0.61875 0.4203125 0.61875 0.4484375 0.66875 0.4484375
0 0.996875 0.4421875000000002 0.8765625 0.4421875000000002 0.8765625 0.6828125000000002 0.996875 0.6828125000000002
0 0.90625 0.1906250000000001 0.8265625 0.1906250000000001 0.8265625 0.3828125000000001 0.90625 0.3828125000000001
0 0.8625 9.070040356185086e-17 0.61875 7.577502069724248e-17 0.61875 0.37187500000000007 0.8625 0.37187500000000007
0 0.8796875 0.3609375000000001 0.75625 0.3609375000000001 0.75625 0.4859375000000002 0.8796875 0.4859375000000002
0 0.6515625 0.12656250000000008 0.55 0.12656250000000008 0.55 0.3125000000000001 0.6515625 0.3125000000000001
0 0.5859375 0.17968750000000006 0.5015625 0.17968750000000006 0.5015625 0.31718750000000007 0.5859375 0.31718750000000007
0 0.61875 0.3109375000000001 0.4984375 0.3109375000000001 0.4984375 0.4375 0.61875 0.4375
0 0.73125 0.44218750000000007 0.5484375 0.4421875 0.5484375 0.7000000000000001 0.73125 0.7000000000000002
0 0.5453125000000001 0.4703125 0.2953125000000001 0.4703125 0.2953125000000001 0.7265625 0.5453125000000002 0.7265625
0 0.7203125000000001 0.56875 0.4 0.56875 0.4000000000000001 0.9953125 0.7203125000000001 0.9953125
0 0.16718750000000007 0.496875 6.084963783263412e-17 0.496875 7.156529732517345e-17 0.671875 0.1671875000000001 0.671875
0 0.17812500000000003 0.010937500000000011 1.3394574365674175e-18 0.0109375 2.7745904043182222e-17 0.4421875 0.17812500000000003 0.4421875
0 0.4328125 3.7409132692704307e-17 0.178125 2.181402110981223e-17 0.17812500000000003 0.39375000000000004 0.4328125 0.3937500000000001
0 0.4953125 0.19062500000000004 0.440625 0.19062500000000004 0.440625 0.3609375000000001 0.4953125 0.3609375000000001
0 0.17031250000000003 0.4375 0.10937500000000004 0.4375 0.10937500000000004 0.5296875 0.17031250000000003 0.5296875
0 0.2078125000000001 0.4203125 0.15312500000000004 0.4203125 0.15312500000000004 0.503125 0.2078125000000001 0.503125
0 0.30156250000000007 0.4265625 0.2468750000000001 0.4265625 0.2468750000000001 0.4921875 0.30156250000000007 0.4921875
0 0.2515625000000001 0.4046875 0.20312500000000008 0.4046875 0.20312500000000008 0.475 0.2515625000000001 0.475
0 0.3125000000000001 0.39375 0.2578125000000001 0.39375 0.2578125000000001 0.459375 0.3125000000000001 0.459375
0 0.3421875000000001 0.4 0.3125000000000001 0.4 0.3125000000000001 0.4546875 0.3421875000000001 0.4546875
0 0.4 0.38906250000000003 0.3531250000000001 0.3890625 0.3531250000000001 0.4328125 0.4 0.4328125
0 0.421875 0.3765625000000001 0.3968750000000001 0.3765625000000001 0.3968750000000001 0.4265625 0.421875 0.4265625
0 0.446875 0.3937500000000001 0.421875 0.3937500000000001 0.421875 0.4375 0.446875 0.4375
0 0.403125 0.4328125 0.3531250000000001 0.4328125 0.3531250000000001 0.4765625 0.403125 0.4765625
0 0.3062500000000001 0.5078125 0.2375000000000001 0.5078125 0.2375000000000001 0.56875 0.3062500000000001 0.56875
0 0.2765625000000001 0.5625 0.2218750000000001 0.5625 0.2218750000000001 0.628125 0.2765625000000001 0.628125
0 0.2250000000000001 0.5359375 0.15625000000000006 0.5359375 0.15625000000000006 0.60625 0.2250000000000001 0.60625
0 0.2468750000000001 0.496875 0.2000000000000001 0.496875 0.2000000000000001 0.5578125 0.2468750000000001 0.5578125
0 0.4140625000000001 0.6390625 7.826258450801054e-17 0.6390625 9.998093008663938e-17 0.99375 0.41406250000000017 0.99375