0 0.9578125 0.4968750000000002 0.7546875 0.4968750000000002 0.7546875000000001 0.98125 0.9578125 0.98125
0 0.996875 0.7921875000000002 0.9453125 0.7921875000000002 0.9453125 0.99375 0.996875 0.99375
0 0.99375 0.4968750000000002 0.8390625 0.4968750000000002 0.8390625 0.840625 0.99375 0.840625
0 0.996875 0.5156250000000002 0.9515625 0.5156250000000002 0.9515625 0.7171875000000002 0.996875 0.7171875000000002
0 0.996875 0.5640625000000001 0.9453125 0.5640625000000001 0.9453125 0.7609375000000002 0.996875 0.7609375000000002
0 0.9484375 0.3937500000000001 0.896875 0.3937500000000001 0.896875 0.6328125000000002 0.9484375 0.6328125000000002
0 0.9125 0.18437500000000012 0.80625 0.1843750000000001 0.80625 0.5640625000000001 0.9125 0.5640625000000001
0 0.996875 0.3078125000000001 0.8671875 0.3078125000000001 0.8671875 0.4859375000000002 0.996875 0.4859375000000002
0 0.984375 0.2140625000000001 0.878125 0.2140625000000001 0.878125 0.3312500000000001 0.984375 0.3312500000000001
0 0.971875 0.3187500000000001 0.90625 0.3187500000000001 0.90625 0.3921875000000001 0.971875 0.3921875000000001
0 0.996875 0.08593750000000011 0.896875 0.08593750000000011 0.896875 0.4421875000000002 0.996875 0.4421875000000002
0 0.8875 0.006250000000000104 0.815625 0.0062500000000001 0.815625 0.22031250000000008 0.8875 0.22031250000000008
0 0.8328125 0.11093750000000009 0.7546875 0.11093750000000009 0.7546875 0.20312500000000008 0.8328125 0.20312500000000008
0 0.81875 0.2328125000000001 0.7359375 0.2328125000000001 0.7359375 0.3375000000000001 0.81875 0.3375000000000001
0 0.8296875 0.3203125000000001 0.7515625 0.3203125000000001 0.7515625 0.4734375000000002 0.8296875 0.4734375000000002
0 0.7578125 0.1359375000000001 0.6328125 0.1359375000000001 0.6328125 0.47343750000000007 0.7578125 0.4734375000000002
0 0.79375 8.591662700268149e-17 0.609375 7.462691432304184e-17 0.609375 0.2578125000000001 0.79375 0.2578125000000001
0 0.6296875 0.12187500000000007 0.509375 0.12187500000000004 0.509375 0.2578125000000001 0.6296875 0.2578125000000001
0 0.6546875 0.22656250000000008 0.578125 0.22656250000000008 0.578125 0.5890625 0.6546875 0.5890625
0 0.596875 0.3125000000000001 0.521875 0.3125000000000001 0.521875 0.68125 0.596875 0.68125
0 0.5640625 0.2515625000000001 0.50625 0.2515625000000001 0.50625 0.459375 0.5640625 0.459375
0 0.6781250000000001 0.5703125 0.60625 0.5703125 0.6062500000000001 0.828125 0.6781250000000002 0.828125
0 0.6484375000000001 0.675 0.5359375 0.675 0.5359375000000001 0.9875 0.6484375000000002 0.9875
0 0.6062500000000002 0.846875 0.5390625000000002 0.846875 0.5390625000000002 0.99375 0.6062500000000002 0.99375
0 0.809375 0.9015625 0.6062500000000002 0.9015625 0.6062500000000002 0.99375 0.809375 0.99375
0 0.8234375 0.7609375 0.6234375000000002 0.7609375 0.6234375000000002 0.8890625 0.8234375 0.8890625
0 0.89375 0.6812500000000001 0.7640625 0.6812500000000001 0.7640625000000001 0.99375 0.89375 0.99375
0 0.8453125 0.49687500000000007 0.71875 0.496875 0.7187500000000001 0.803125 0.8453125 0.803125
0 0.7359375000000001 0.4171875000000001 0.6515625 0.4171875 0.6515625 0.7609375 0.7359375000000001 0.7609375000000002
0 0.5234375000000001 0.509375 0.4546875 0.509375 0.4546875000000001 0.95625 0.5234375000000002 0.95625
0 0.4781250000000001 0.5640625 0.409375 0.5640625 0.4093750000000001 0.8953125 0.4781250000000002 0.8953125
0 0.4578125 0.27031250000000007 0.4125 0.27031250000000007 0.4125 0.5703125 0.4578125 0.5703125
0 0.4875 0.2578125000000001 0.4484375 0.2578125000000001 0.4484375 0.515625 0.4875 0.515625
0 0.478125 0.15937500000000004 0.4359375 0.15937500000000004 0.4359375 0.3187500000000001 0.478125 0.3187500000000001
0 0.4390625 0.19062500000000004 0.409375 0.19062500000000004 0.409375 0.2828125000000001 0.4390625 0.2828125000000001
0 0.4359375 0.12343750000000005 0.378125 0.12343750000000005 0.378125 0.27031250000000007 0.4359375 0.27031250000000007
0 0.4171875 0.2578125000000001 0.378125 0.2578125000000001 0.378125 0.3375000000000001 0.4171875 0.3375000000000001
0 0.40625 0.35000000000000003 0.3328125 0.35 0.33281250000000007 0.675 0.40625 0.675
0 0.4328125000000001 0.5640625 0.3453125000000001 0.5640625 0.3453125000000001 0.99375 0.43281250000000016 0.99375
0 0.46406250000000016 0.8890625 0.40625000000000017 0.8890625 0.40625000000000017 0.99375 0.46406250000000016 0.99375
0 0.3578125000000001 0.6375 0.2906250000000001 0.6375 0.2906250000000001 0.9875 0.3578125000000001 0.9875
0 0.3390625000000001 0.471875 0.2515625000000001 0.471875 0.2515625000000001 0.828125 0.3390625000000001 0.828125
0 0.36406250000000007 0.4234375 0.2968750000000001 0.4234375 0.2968750000000001 0.509375 0.36406250000000007 0.509375
0 0.33906250000000004 0.29375 0.3 0.29375 0.30000000000000004 0.4234375 0.3390625000000001 0.4234375
0 0.3875 0.11718750000000004 0.3296875 0.11718750000000004 0.3296875 0.35625000000000007 0.3875 0.35625000000000007
0 0.3453125 0.12968750000000004 0.2703125 0.12968750000000004 0.2703125 0.325 0.3453125 0.325
0 0.3484375 0.08593750000000003 0.2640625 0.08593750000000003 0.2640625 0.2578125 0.3484375 0.2578125
0 0.3203125 0.07343750000000004 0.275 0.07343750000000004 0.275 0.19687500000000005 0.3203125 0.19687500000000005
0 0.271875 0.14062500000000006 0.2265625 0.14062500000000006 0.2265625 0.2390625 0.271875 0.2390625
0 0.26406250000000003 0.2453125 0.20625 0.2453125 0.20625000000000004 0.490625 0.2640625000000001 0.490625
0 0.3031250000000001 0.3859375 0.19375000000000003 0.3859375 0.19375000000000006 0.834375 0.3031250000000001 0.834375
0 0.3000000000000001 0.809375 0.2156250000000001 0.809375 0.2156250000000001 0.9875 0.3000000000000001 0.9875
0 0.2453125000000001 0.64375 0.07343750000000009 0.64375 0.0734375000000001 0.99375 0.2453125000000001 0.99375
0 0.21250000000000005 0.2515625 0.13593750000000004 0.2515625 0.13593750000000007 0.7421875 0.21250000000000008 0.7421875
0 0.22656250000000008 0.471875 0.15156250000000004 0.471875 0.15156250000000007 0.846875 0.22656250000000008 0.846875
0 0.1062500000000001 0.528125 0.04531250000000007 0.528125 0.045312500000000096 0.99375 0.10625000000000014 0.99375
0 0.1453125000000001 0.515625 6.31458505810354e-17 0.515625 9.242256312315182e-17 0.99375 0.14531250000000012 0.99375
0 0.13906250000000006 0.3625 0.0031250000000000444 0.3625 0.003125000000000066 0.7171875 0.1390625000000001 0.7171875
0 0.10937500000000007 0.31875 3.903561672282188e-17 0.31875 5.597018574228137e-17 0.5953125 0.10937500000000008 0.5953125
0 0.15781250000000005 0.2390625 0.09375000000000003 0.2390625 0.09375000000000003 0.375 0.15781250000000005 0.375
0 0.21875000000000006 0.14218750000000002 0.1328125 0.1421875 0.13281250000000003 0.38125 0.21875000000000008 0.38125
0 0.2359375 0.13593750000000004 0.203125 0.13593750000000004 0.203125 0.2390625 0.2359375 0.2390625
0 0.17343750000000002 0.171875 0.04531250000000002 0.171875 0.04531250000000003 0.31875 0.17343750000000005 0.31875
0 0.07812500000000004 0.2890625 0.048437500000000036 0.2890625 0.048437500000000036 0.375 0.07812500000000004 0.375
0 0.06406250000000005 0.34375 4.209723372069027e-17 0.34375 4.6976685811042996e-17 0.4234375 0.06406250000000005 0.4234375