0 0.996875 0.5828125000000001 0.61875 0.5828125 0.6187500000000001 0.9953125 0.996875 0.9953125
0 0.9953125 0.4984375000000002 0.946875 0.4984375000000002 0.946875 0.8 0.9953125 0.8
0 0.9953125 0.01718750000000011 0.7875 0.017187500000000095 0.7875 0.7156250000000002 0.9953125 0.7156250000000002
0 0.8984375 0.004687500000000064 0.1421875 0.004687500000000018 0.14218750000000008 0.9953125 0.8984375 0.9953125
0 0.17343750000000008 0.3109375 3.807886141098801e-17 0.3109375 7.807123344564376e-17 0.9640625 0.17343750000000013 0.9640625
0 0.2890625000000001 0.8671875 1.0619983961355955e-16 0.8671875 1.1404523317059726e-16 0.9953125 0.2890625000000001 0.9953125
0 0.10156250000000003 0.1203125 1.4734031802241592e-17 0.1203125 2.86069838238327e-17 0.346875 0.10156250000000004 0.346875
0 0.17343750000000002 0.09375000000000001 1.1481063742006437e-17 0.09375 3.1094547634600764e-17 0.4140625 0.17343750000000005 0.4140625
0 0.6046875 0.018750000000000044 0.1375 0.018750000000000017 0.1375 0.3921875 0.6046875 0.3921875000000001
0 0.83125 0.04843750000000009 0.590625 0.04843750000000008 0.590625 0.2093750000000001 0.83125 0.2093750000000001
0 0.89375 0.0500000000000001 0.8 0.050000000000000086 0.8 0.1296875000000001 0.89375 0.1296875000000001
0 0.8921875 1.0409497792752504e-16 0.8078125 9.892849924362213e-17 0.8078125 0.04375000000000011 0.8921875 0.04375000000000011
0 0.9953125 1.1624577038781518e-16 0.903125 1.1060091404799533e-16 0.903125 0.04062500000000012 0.9953125 0.04062500000000012
0 0.696875 7.634907388434281e-17 0.55 6.735557395310443e-17 0.55 0.1062500000000001 0.696875 0.1062500000000001
0 0.6578125 7.453123879185845e-17 0.559375 6.850368032730508e-17 0.559375 0.05781250000000008 0.6578125 0.057812500000000086
0 0.778125 8.792581315753263e-17 0.6578125 8.055879725641184e-17 0.6578125 0.0671875000000001 0.778125 0.0671875000000001
0 0.5515625 5.989288252080024e-17 0.4265625 5.223884002612928e-17 0.4265625 0.06718750000000005 0.5515625 0.06718750000000007
0 0.221875 0.01250000000000002 0.10625 0.012500000000000011 0.10625 0.11562500000000002 0.221875 0.11562500000000005
0 0.10625 0.017187500000000005 2.1048616860345133e-18 0.0171875 8.036744619404505e-18 0.1140625 0.10625 0.1140625