0 0.7750000000000001 0.4796875000000001 0.51875 0.4796875 0.51875 0.7875000000000001 0.7750000000000001 0.7875000000000002
0 0.8671875 0.5843750000000002 0.7953125 0.5843750000000002 0.7953125 0.6828125000000002 0.8671875 0.6828125000000002
0 0.9515625 0.5656250000000002 0.8671875 0.5656250000000002 0.8671875 0.6593750000000002 0.9515625 0.6593750000000002
0 0.94375 0.46093750000000017 0.8921875 0.46093750000000017 0.8921875 0.5546875000000002 0.94375 0.5546875000000002
0 0.8953125 0.4703125000000002 0.815625 0.4703125000000002 0.815625 0.5796875000000001 0.8953125 0.5796875000000001
0 0.8265625 0.5046875000000002 0.7671875 0.5046875000000002 0.7671875 0.5890625000000002 0.8265625 0.5890625000000002
0 0.8875 0.3656250000000001 0.81875 0.3656250000000001 0.81875 0.4656250000000002 0.8875 0.4656250000000002
0 0.83125 0.40156250000000016 0.746875 0.40156250000000016 0.746875 0.4859375000000002 0.83125 0.4859375000000002
0 0.775 0.3609375000000001 0.7265625 0.3609375000000001 0.7265625 0.4156250000000002 0.775 0.4156250000000002
0 0.9484375 9.45274248091863e-17 0.5953125 7.290475476174086e-17 0.5953125 0.4015625000000001 0.9484375 0.40156250000000016
0 0.8359375 0.4312500000000001 0.634375 0.43125 0.634375 0.7234375000000001 0.8359375 0.7234375000000002
0 0.6828125 0.015625000000000066 0.40625 0.01562500000000005 0.40625 0.16875000000000007 0.6828125 0.1687500000000001
0 0.71875 0.14843750000000006 0.209375 0.14843750000000006 0.20937500000000003 0.4953125 0.71875 0.4953125
0 0.5109375 0.19843750000000002 0.15312500000000004 0.1984375 0.15312500000000007 0.8265625 0.5109375000000002 0.8265625
0 0.4140625000000001 0.5109375 0.09687500000000007 0.5109375 0.09687500000000009 0.896875 0.41406250000000017 0.896875
0 0.22812500000000005 1.39686275527745e-17 0 0 3.30080582582685e-17 0.5390625 0.22812500000000008 0.5390625
0 0.12812500000000007 0.4953125 6.065828677026735e-17 0.4953125 7.7879882383277e-17 0.7765625 0.1281250000000001 0.7765625