0 0.2750000000000001 0.4546875 0.16718750000000004 0.4546875 0.16718750000000004 0.521875 0.2750000000000001 0.521875
0 0.17031250000000003 0.4953125 0.12031250000000004 0.4953125 0.12031250000000004 0.515625 0.17031250000000003 0.515625
0 0.17031250000000006 0.515625 0.11250000000000004 0.515625 0.11250000000000007 0.5765625 0.1703125000000001 0.5765625
0 0.26250000000000007 0.53125 0.18593750000000003 0.53125 0.18593750000000006 0.5828125 0.26250000000000007 0.5828125
0 0.25468750000000007 0.4734375 0.17343750000000005 0.4734375 0.17343750000000005 0.53125 0.25468750000000007 0.53125
0 0.15781250000000008 0.5421875 0.08125000000000007 0.5421875 0.08125000000000007 0.625 0.15781250000000008 0.625
0 0.11250000000000007 0.4953125 0.06250000000000007 0.4953125 0.06250000000000007 0.5625 0.11250000000000009 0.5625
0 0.09218750000000006 0.5515625 0.042187500000000065 0.5515625 0.04218750000000007 0.6140625 0.09218750000000006 0.6140625
0 0.06250000000000007 0.5828125 0.012500000000000072 0.5828125 0.012500000000000075 0.628125 0.06250000000000007 0.628125
0 0.09687500000000007 0.4640625 5.683126552293186e-17 0.4640625 6.563341439180347e-17 0.6078125 0.09687500000000007 0.6078125
0 0.01093750000000006 0.4734375 5.79793718971325e-17 0.4734375 5.989288252080024e-17 0.5046875 0.010937500000000062 0.5046875
0 0.060937500000000075 0.6140625 0.015625000000000076 0.6140625 0.015625000000000076 0.6453125 0.06093750000000009 0.6453125
0 0.09375000000000008 0.6390625 0.028125000000000077 0.6390625 0.028125000000000084 0.690625 0.09375000000000008 0.690625
0 0.02343750000000008 0.61875 7.577502069724248e-17 0.61875 7.854961110156071e-17 0.6640625 0.023437500000000083 0.6640625
0 0.03125000000000008 0.65 7.960204194457795e-17 0.65 8.304636106717989e-17 0.70625 0.03125000000000009 0.70625
0 0.0500000000000001 0.7734375 9.47187758715531e-17 0.7734375 1.0036363221137293e-16 0.865625 0.050000000000000114 0.865625
0 0.19375000000000012 0.7421875 0.034375000000000086 0.7421875 0.0343750000000001 0.9171875 0.19375000000000014 0.9171875
0 0.3203125000000001 0.7484375 0.1781250000000001 0.7484375 0.1781250000000001 0.903125 0.3203125000000001 0.903125
0 0.3359375000000001 0.7671875 0.22031250000000008 0.7671875 0.22031250000000008 0.9125 0.3359375000000001 0.9125
0 0.4437500000000002 0.79375 0.31718750000000007 0.79375 0.31718750000000007 0.94375 0.4437500000000002 0.94375
0 0.5281250000000002 0.7734375 0.40937500000000016 0.7734375 0.40937500000000016 0.9171875 0.5281250000000002 0.9171875
0 0.42187500000000017 0.7375 0.33281250000000007 0.7375 0.33281250000000007 0.7984375 0.42187500000000017 0.7984375
0 0.4281250000000001 0.665625 0.30937500000000007 0.665625 0.30937500000000007 0.7484375 0.4281250000000002 0.7484375
0 0.26250000000000007 0.5828125 0.1546875000000001 0.5828125 0.1546875000000001 0.7171875 0.26250000000000007 0.7171875
0 0.1546875000000001 0.675 0.06875000000000009 0.675 0.06875000000000009 0.7578125 0.1546875000000001 0.7578125
0 0.2468750000000001 0.6796875 0.15781250000000008 0.6796875 0.15781250000000008 0.7578125 0.2468750000000001 0.7578125
0 0.35625000000000007 0.603125 0.2593750000000001 0.603125 0.2593750000000001 0.675 0.35625000000000007 0.675
0 0.3437500000000001 0.6390625 0.2734375000000001 0.6390625 0.2734375000000001 0.7171875 0.3437500000000001 0.7171875
0 0.2968750000000001 0.6859375 0.22812500000000008 0.6859375 0.22812500000000008 0.7375 0.2968750000000001 0.7375
0 0.3703125000000001 0.5421875 0.30937500000000007 0.5421875 0.30937500000000007 0.6140625 0.3703125000000001 0.6140625
0 0.428125 0.540625 0.3671875000000001 0.540625 0.3671875000000001 0.634375 0.428125 0.634375
0 0.4625 0.55625 0.425 0.55625 0.425 0.61875 0.4625 0.61875
0 0.525 0.5625 0.4640625 0.5625 0.4640625 0.6453125 0.525 0.6453125
0 0.559375 0.6078125 0.50625 0.6078125 0.50625 0.675 0.559375 0.675
0 0.4984375 0.5984375 0.4515625 0.5984375 0.4515625 0.6546875 0.4984375 0.6546875
0 0.50625 0.61875 0.4171875 0.61875 0.4171875 0.6953125 0.50625 0.6953125
0 0.409375 0.609375 0.3625000000000001 0.609375 0.3625000000000001 0.68125 0.409375 0.68125
0 0.4875000000000001 0.675 0.4140625 0.675 0.4140625000000001 0.7265625 0.48750000000000016 0.7265625
0 0.4640625000000001 0.7109375 0.4328125 0.7109375 0.4328125000000001 0.753125 0.46406250000000016 0.753125
0 0.5062500000000001 0.6953125 0.4640625 0.6953125 0.4640625000000001 0.7421875 0.5062500000000002 0.7421875
0 0.5750000000000002 0.7421875 0.4828125000000002 0.7421875 0.4828125000000002 0.865625 0.5750000000000002 0.865625
0 0.5875000000000001 0.753125 0.5328125000000001 0.753125 0.5328125000000001 0.7890625 0.5875000000000001 0.7890625
0 0.6062500000000002 0.7578125 0.5828125000000002 0.7578125 0.5828125000000002 0.79375 0.6062500000000002 0.79375
0 0.6328125000000001 0.7109375 0.5953125 0.7109375 0.5953125000000001 0.778125 0.6328125000000002 0.778125
0 0.675 0.7015625 0.6140625 0.7015625 0.6140625000000001 0.7734375 0.6750000000000002 0.7734375
0 0.6484375000000002 0.753125 0.6109375000000001 0.753125 0.6109375000000001 0.85625 0.6484375000000002 0.85625
0 0.7921875000000002 0.753125 0.6484375000000002 0.753125 0.6484375000000002 0.871875 0.7921875000000002 0.871875
0 0.6531250000000002 0.896875 0.5296875000000002 0.896875 0.5296875000000002 0.9953125 0.6531250000000002 0.9953125
0 0.8078125 0.871875 0.6562500000000002 0.871875 0.6562500000000002 0.990625 0.8078125 0.990625
0 0.86875 0.9484375 0.7031250000000002 0.9484375 0.7031250000000002 0.9953125 0.86875 0.9953125
0 0.93125 0.928125 0.8578125 0.928125 0.8578125 0.9953125 0.93125 0.9953125
0 0.996875 0.8921875 0.9234375 0.8921875 0.9234375 0.984375 0.996875 0.984375
0 0.996875 0.96875 0.9625 0.96875 0.9625 0.9953125 0.996875 0.9953125
0 0.8765625 0.865625 0.6875000000000002 0.865625 0.6875000000000002 0.9484375 0.8765625 0.9484375
0 0.8921875 0.8203125 0.7031250000000002 0.8203125 0.7031250000000002 0.8875 0.8921875 0.8875
0 0.9421875 0.8609375 0.871875 0.8609375 0.871875 0.9328125 0.9421875 0.9328125
0 0.996875 0.7687500000000002 0.7718750000000002 0.7687500000000002 0.7718750000000002 0.871875 0.996875 0.871875
0 0.9890625 0.7421875000000002 0.8453125 0.7421875000000002 0.8453125 0.809375 0.9890625 0.809375
0 0.996875 0.865625 0.9546875 0.865625 0.9546875 0.9125 0.996875 0.9125
0 0.6328125 0.55625 0.5671875 0.55625 0.5671875 0.634375 0.6328125 0.634375
0 0.6875 0.603125 0.621875 0.603125 0.621875 0.659375 0.6875 0.659375
0 0.7 0.5609375 0.634375 0.5609375 0.634375 0.61875 0.7 0.61875
0 0.6328125 0.6296875 0.5671875 0.6296875 0.5671875 0.7125 0.6328125 0.7125
0 0.5671875 0.6546875 0.509375 0.6546875 0.509375 0.7171875 0.5671875 0.7171875
0 0.6640625 0.65 0.621875 0.65 0.621875 0.7109375 0.6640625 0.7109375
0 0.70625 0.6953125 0.6484375 0.6953125 0.6484375000000001 0.7578125 0.7062500000000002 0.7578125
0 0.7109375 0.6390625 0.671875 0.6390625 0.671875 0.7015625 0.7109375 0.7015625
0 0.7296875 0.6546875000000001 0.6984375 0.6546875 0.6984375 0.7421875000000001 0.7296875000000002 0.7421875000000002
0 0.76875 0.6343750000000001 0.7140625 0.634375 0.7140625 0.7015625000000001 0.76875 0.7015625000000002
0 0.7640625000000001 0.7171875000000001 0.7140625 0.7171875 0.7140625 0.7890625000000001 0.7640625000000002 0.7890625000000002
0 0.8234375 0.7015625000000002 0.7578125 0.7015625000000002 0.7578125000000001 0.7734375000000002 0.8234375 0.7734375000000002
0 0.8453125 0.5468750000000001 0.70625 0.546875 0.70625 0.5781250000000001 0.8453125 0.5781250000000002
0 0.865625 0.5562500000000001 0.721875 0.55625 0.721875 0.5875000000000001 0.865625 0.5875000000000001
0 0.865625 0.5875000000000001 0.70625 0.5875 0.70625 0.6343750000000001 0.865625 0.6343750000000001
0 0.834375 0.5765625000000002 0.7953125 0.5765625000000002 0.7953125 0.6031250000000001 0.834375 0.6031250000000001
0 0.88125 0.5828125000000002 0.83125 0.5828125000000002 0.83125 0.6140625000000002 0.88125 0.6140625000000002
0 0.896875 0.5875000000000001 0.8734375 0.5875000000000001 0.8734375 0.6234375000000002 0.896875 0.6234375000000002
0 0.996875 0.4906250000000002 0.9 0.4906250000000002 0.9 0.6453125000000002 0.996875 0.6453125000000002
0 0.996875 0.6187500000000001 0.934375 0.6187500000000001 0.934375 0.6953125000000002 0.996875 0.6953125000000002
0 0.9890625 0.6453125000000002 0.853125 0.6453125000000002 0.853125 0.7281250000000001 0.9890625 0.7281250000000001
0 0.6953125 0.44375 0.4484375 0.44375 0.4484375 0.61875 0.6953125 0.61875
0 0.3125000000000001 0.428125 0.27812500000000007 0.428125 0.27812500000000007 0.5 0.3125000000000001 0.5