0 0.6109375 0.2140625000000001 0.515625 0.2140625000000001 0.515625 0.3671875000000001 0.6109375 0.3671875000000001
0 0.6953125 0.2906250000000001 0.5859375 0.2906250000000001 0.5859375 0.421875 0.6953125 0.421875
0 0.684375 0.37187500000000007 0.596875 0.37187500000000007 0.596875 0.546875 0.684375 0.546875
0 0.8 0.4312500000000001 0.690625 0.43125 0.690625 0.5796875000000001 0.8 0.5796875000000001
0 0.8875 0.5140625000000002 0.7921875 0.5140625000000002 0.7921875 0.6500000000000001 0.8875 0.6500000000000001
0 0.8765625 0.6500000000000001 0.8078125 0.6500000000000001 0.8078125 0.7703125000000002 0.8765625 0.7703125000000002
0 0.8078125 0.6562500000000001 0.6875 0.65625 0.6875000000000001 0.809375 0.8078125 0.809375
0 0.796875 0.5843750000000001 0.7015625 0.584375 0.7015625 0.6718750000000001 0.796875 0.6718750000000002
0 0.709375 0.4921875 0.640625 0.4921875 0.640625 0.6453125 0.709375 0.6453125
0 0.6734375000000001 0.5734375 0.575 0.5734375 0.5750000000000001 0.74375 0.6734375000000001 0.74375
0 0.7203125000000001 0.721875 0.596875 0.721875 0.596875 0.825 0.7203125000000001 0.825
0 0.6031250000000001 0.6390625 0.5203125 0.6390625 0.5203125000000001 0.8203125 0.6031250000000001 0.8203125
0 0.5453125000000001 0.7109375 0.4515625 0.7109375 0.4515625000000001 0.8640625 0.5453125000000002 0.8640625
0 0.4546875000000001 0.7046875 0.3890625000000001 0.7046875 0.3890625000000001 0.8140625 0.4546875000000002 0.8140625
0 0.3921875000000001 0.7 0.2765625000000001 0.7 0.2765625000000001 0.8421875 0.3921875000000001 0.8421875
0 0.41875 0.634375 0.3203125000000001 0.634375 0.3203125000000001 0.7046875 0.41875 0.7046875
0 0.484375 0.584375 0.3968750000000001 0.584375 0.3968750000000001 0.715625 0.484375 0.715625
0 0.5453125 0.525 0.4328125 0.525 0.4328125 0.69375 0.5453125 0.69375
0 0.559375 0.5515625 0.5203125 0.5515625 0.5203125 0.6015625 0.559375 0.6015625
0 0.6078125 0.4046875 0.5234375 0.4046875 0.5234375 0.5578125 0.6078125 0.5578125
0 0.53125 0.2734375000000001 0.4765625 0.2734375000000001 0.4765625 0.3218750000000001 0.53125 0.3218750000000001
0 0.534375 0.3109375000000001 0.465625 0.3109375000000001 0.465625 0.415625 0.534375 0.415625
0 0.2078125000000001 0.459375 0.08750000000000006 0.459375 0.08750000000000006 0.5796875 0.2078125000000001 0.5796875
0 0.1671875000000001 0.590625 0.08437500000000006 0.590625 0.08437500000000007 0.6828125 0.1671875000000001 0.6828125
0 0.18906250000000008 0.6609375 0.0906250000000001 0.6609375 0.0906250000000001 0.8359375 0.18906250000000008 0.8359375
0 0.24375000000000008 0.5953125 0.14843750000000008 0.5953125 0.14843750000000008 0.765625 0.24375000000000008 0.765625
0 0.2843750000000001 0.69375 0.18906250000000008 0.69375 0.18906250000000008 0.8140625 0.2843750000000001 0.8140625
0 0.3390625000000001 0.546875 0.2375000000000001 0.546875 0.2375000000000001 0.7328125 0.3390625000000001 0.7328125
0 0.403125 0.546875 0.3125000000000001 0.546875 0.3125000000000001 0.6453125 0.403125 0.6453125
0 0.509375 0.409375 0.3812500000000001 0.409375 0.3812500000000001 0.5953125 0.509375 0.5953125
0 0.4734375 0.31250000000000006 0.35625 0.3125 0.35625000000000007 0.4328125 0.4734375 0.4328125
0 0.465625 0.2671875 0.353125 0.2671875 0.353125 0.3609375 0.465625 0.3609375000000001
0 0.37031250000000004 0.35000000000000003 0.2984375 0.35 0.2984375 0.409375 0.3703125000000001 0.409375
0 0.3671875000000001 0.38281250000000006 0.2875000000000001 0.3828125 0.2875000000000001 0.525 0.3671875000000001 0.525
0 0.30156250000000007 0.371875 0.21093750000000008 0.371875 0.21093750000000008 0.5296875 0.30156250000000007 0.5296875