0 0.996875 0.1640625000000001 0.8796875 0.16406250000000008 0.8796875 0.3593750000000001 0.996875 0.3593750000000001
0 0.95 0.02187500000000011 0.8515625 0.021875000000000106 0.8515625 0.16875000000000012 0.95 0.16875000000000012
0 0.9015625 0.0765625000000001 0.8140625 0.07656250000000009 0.8140625 0.2062500000000001 0.9015625 0.2062500000000001
0 0.8140625 0.0390625000000001 0.740625 0.03906250000000009 0.740625 0.1531250000000001 0.8140625 0.1531250000000001
0 0.7546875 8.572527594031472e-17 0.6453125 7.902798875747763e-17 0.6453125 0.1296875000000001 0.7546875 0.1296875000000001
0 0.778125 0.2171875000000001 0.7296875 0.2171875000000001 0.7296875 0.30937500000000007 0.778125 0.30937500000000007
0 0.7453125 0.1359375000000001 0.66875 0.1359375000000001 0.66875 0.2234375000000001 0.7453125 0.2234375000000001
0 0.7265625 0.22812500000000008 0.6421875 0.22812500000000008 0.6421875 0.3312500000000001 0.7265625 0.3312500000000001
0 0.6609375 0.15781250000000008 0.5875 0.15781250000000008 0.5875 0.2828125000000001 0.6609375 0.2828125000000001
0 0.671875 0.09843750000000008 0.5984375 0.09843750000000007 0.5984375 0.1843750000000001 0.671875 0.1843750000000001
0 0.6640625 0.006250000000000075 0.56875 0.00625000000000007 0.56875 0.09843750000000008 0.6640625 0.0984375000000001
0 0.8828125 0.2015625000000001 0.8140625 0.2015625000000001 0.8140625 0.3203125000000001 0.8828125 0.3203125000000001
0 0.8140625 0.15781250000000008 0.7515625 0.15781250000000008 0.7515625 0.2718750000000001 0.8140625 0.2718750000000001
0 0.9890625 0.3750000000000001 0.9234375 0.3750000000000001 0.9234375 0.4734375000000002 0.9890625 0.4734375000000002
0 0.9125 0.3156250000000001 0.825 0.3156250000000001 0.825 0.44531250000000017 0.9125 0.44531250000000017
0 0.996875 0.4625000000000002 0.95625 0.4625000000000002 0.95625 0.5484375000000001 0.996875 0.5484375000000001
0 0.996875 0.4125000000000001 0.7234375 0.4125 0.7234375000000001 0.91875 0.996875 0.91875
0 0.8578125 0.8859375 0.8140625 0.8859375 0.8140625 0.9671875 0.8578125 0.9671875
0 0.825 0.7500000000000002 0.7437500000000001 0.7500000000000002 0.7437500000000001 0.8796875 0.825 0.8796875
0 0.7640625 0.4468750000000001 0.5921875 0.446875 0.5921875 0.6531250000000001 0.7640625 0.6531250000000002
0 0.825 0.2828125000000001 0.678125 0.2828125000000001 0.678125 0.48906250000000007 0.825 0.4890625000000002
0 0.609375 0.17968750000000006 0.540625 0.17968750000000006 0.540625 0.3421875000000001 0.609375 0.3421875000000001
0 0.5875 0.13593750000000007 0.525 0.13593750000000004 0.525 0.22812500000000008 0.5875 0.22812500000000008
0 0.5875 0.07031250000000007 0.5140625 0.07031250000000007 0.5140625 0.14687500000000006 0.5875 0.1468750000000001
0 0.60625 7.060854201333958e-17 0.546875 6.697287182837088e-17 0.546875 0.07656250000000006 0.60625 0.07656250000000006
0 0.54375 0.010937500000000063 0.496875 0.010937500000000062 0.496875 0.07656250000000006 0.54375 0.07656250000000006
0 0.5328125 0.03750000000000006 0.453125 0.037500000000000054 0.453125 0.11406250000000004 0.5328125 0.11406250000000004
0 0.4921875 0.05937500000000005 0.409375 0.059375000000000046 0.409375 0.19062500000000004 0.4921875 0.19062500000000004
0 0.5328125 0.17500000000000004 0.4484375 0.17500000000000004 0.4484375 0.2671875000000001 0.5328125 0.2671875000000001
0 0.675 0.2609375000000001 0.4640625 0.2609375000000001 0.4640625 0.521875 0.675 0.521875
0 0.478125 0.30937500000000007 0.30625 0.309375 0.30625 0.54375 0.478125 0.54375
0 0.43125 0.19062500000000004 0.3359375 0.19062500000000004 0.3359375 0.30468750000000006 0.43125 0.3046875000000001
0 0.5 0.23437500000000008 0.4203125 0.23437500000000008 0.4203125 0.3750000000000001 0.5 0.3750000000000001
0 0.3609375 0.271875 0.3109375 0.271875 0.3109375 0.3375 0.3609375 0.3375
0 0.4203125 0.15156250000000004 0.365625 0.15156250000000004 0.365625 0.2015625000000001 0.4203125 0.2015625000000001
0 0.8 0.5281250000000001 0.4390625 0.528125 0.4390625000000001 0.8703125 0.8 0.8703125
0 0.5359375000000002 0.853125 0.40156250000000016 0.853125 0.40156250000000016 0.9890625 0.5359375000000002 0.9890625
0 0.6937500000000002 0.8859375 0.5406250000000001 0.8859375 0.5406250000000001 0.99375 0.6937500000000002 0.99375
0 0.7921875000000002 0.853125 0.5578125000000002 0.853125 0.5578125000000002 0.9953125 0.7921875000000002 0.9953125
0 0.37187500000000007 0.4671875 0.27031250000000007 0.4671875 0.27031250000000007 0.6140625 0.37187500000000007 0.6140625
0 0.3296875000000001 0.3859375 0.10312500000000005 0.3859375 0.10312500000000006 0.5703125 0.3296875000000001 0.5703125
0 0.18593750000000003 0.10312500000000002 0.09531250000000002 0.103125 0.09531250000000004 0.2765625 0.18593750000000003 0.2765625
0 0.259375 0.2125 0.15312500000000004 0.2125 0.15312500000000004 0.33125 0.259375 0.33125
0 0.31093750000000003 0.25 0.2078125 0.25 0.20781250000000004 0.4078125 0.3109375000000001 0.4078125
0 0.09531250000000005 0.2828125 3.463454228838608e-17 0.2828125 4.3628042219624463e-17 0.4296875 0.09531250000000005 0.4296875
0 0.15000000000000002 0.1578125 0.029687500000000023 0.1578125 0.02968750000000004 0.4125 0.15000000000000005 0.4125
0 0.309375 0.026562500000000027 0.19375 0.026562500000000024 0.19375000000000003 0.2390625 0.309375 0.2390625
0 0.3828125 3.9801020972288984e-17 0.2671875 3.2721031664718344e-17 0.2671875 0.21250000000000005 0.3828125 0.21250000000000008
0 0.453125 4.898587196589413e-17 0.346875 4.247993584542381e-17 0.346875 0.11406250000000004 0.453125 0.11406250000000004
0 0.2328125000000001 0.3859375 4.7263712404593165e-17 0.3859375 6.955611117032232e-17 0.75 0.2328125000000001 0.75
0 0.3625000000000001 0.528125 0.2234375000000001 0.528125 0.2234375000000001 0.88125 0.3625000000000001 0.88125
0 0.565625 0.565625 0.3437500000000001 0.565625 0.3437500000000001 0.8703125 0.5656250000000002 0.8703125
0 0.39531250000000007 0.83125 0.1906250000000001 0.83125 0.1906250000000001 0.9953125 0.39531250000000007 0.9953125
0 0.0843750000000001 0.7390625 9.050905249948406e-17 0.7390625 1.0045930774255631e-16 0.9015625 0.08437500000000012 0.9015625
0 0.1750000000000001 0.765625 0.03281250000000009 0.765625 0.032812500000000105 0.9890625 0.17500000000000013 0.9890625
0 0.06250000000000011 0.9078125 1.1117496723509566e-16 0.9078125 1.1643712145018196e-16 0.99375 0.06250000000000011 0.99375
0 0.2328125000000001 0.8640625 0.15000000000000008 0.8640625 0.1500000000000001 0.9953125 0.2328125000000001 0.9953125