0 0.7203125 0.5359375 0.66875 0.5359375 0.66875 0.60625 0.7203125 0.60625
0 0.75625 0.5140625000000001 0.7125 0.5140625 0.7125 0.5953125000000001 0.75625 0.5953125000000001
0 0.7859375 0.5687500000000002 0.734375 0.5687500000000002 0.734375 0.6390625000000002 0.7859375 0.6390625000000002
0 0.7421875 0.5906250000000001 0.6875 0.590625 0.6875 0.6500000000000001 0.7421875 0.6500000000000001
0 0.709375 0.496875 0.665625 0.496875 0.665625 0.5359375 0.709375 0.5359375
0 0.6578125 0.4921875 0.596875 0.4921875 0.596875 0.584375 0.6578125 0.584375
0 0.6875 0.5734375 0.621875 0.5734375 0.621875 0.6390625 0.6875 0.6390625
0 0.6296875 0.5734375 0.596875 0.5734375 0.596875 0.6234375 0.6296875 0.6234375
0 0.665625 0.4203125 0.5484375 0.4203125 0.5484375 0.5140625 0.665625 0.5140625
0 0.5921875 0.5296875 0.5203125 0.5296875 0.5203125 0.6390625 0.5921875 0.6390625
0 0.5453125 0.540625 0.4515625 0.540625 0.4515625 0.671875 0.5453125 0.671875
0 0.4796875 0.4859375 0.3750000000000001 0.4859375 0.3750000000000001 0.634375 0.4796875 0.634375
0 0.4515625 0.6171875 0.4078125 0.6171875 0.4078125 0.6828125 0.4515625 0.6828125
0 0.4140625 0.5078125 0.19687500000000005 0.5078125 0.19687500000000008 0.69375 0.4140625 0.69375
0 0.1828125000000001 0.634375 0.11718750000000008 0.634375 0.11718750000000011 0.91875 0.18281250000000013 0.91875
0 0.465625 0.421875 0.403125 0.421875 0.403125 0.4875 0.465625 0.4875
0 0.4078125 0.459375 0.3125000000000001 0.459375 0.3125000000000001 0.540625 0.4078125 0.540625
0 0.709375 0.3234375000000001 0.4609375 0.3234375000000001 0.4609375 0.4875 0.709375 0.4875
0 0.9375 0.3890625000000001 0.621875 0.3890625000000001 0.621875 0.5093750000000001 0.9375 0.5093750000000001
0 0.840625 0.45312500000000017 0.7453125 0.45312500000000017 0.7453125 0.6125000000000002 0.840625 0.6125000000000002
0 0.6828125 0.628125 0.53125 0.628125 0.53125 0.7046875 0.6828125 0.7046875
0 0.6375 0.26250000000000007 0.35 0.2625 0.35000000000000003 0.4640625 0.6375 0.4640625
0 0.3531250000000001 0.4265625 0.025000000000000057 0.4265625 0.02500000000000006 0.503125 0.3531250000000001 0.503125
0 0.2218750000000001 0.48125 0.057812500000000065 0.48125 0.057812500000000065 0.5296875 0.2218750000000001 0.5296875
0 0.4 0.475 0.11562500000000005 0.475 0.11562500000000006 0.546875 0.4 0.546875
0 0.21093750000000008 0.546875 0.12656250000000008 0.546875 0.12656250000000008 0.584375 0.21093750000000008 0.584375
0 0.4078125 0.17500000000000002 0.057812500000000024 0.175 0.05781250000000003 0.43125 0.4078125 0.43125