0 0.19687500000000008 0.6421875 0.09218750000000009 0.6421875 0.09218750000000009 0.815625 0.19687500000000008 0.815625
0 0.3156250000000001 0.6296875 0.2000000000000001 0.6296875 0.2000000000000001 0.815625 0.3156250000000001 0.815625
0 0.3968750000000001 0.6078125 0.3203125000000001 0.6078125 0.3203125000000001 0.740625 0.3968750000000001 0.740625
0 0.45 0.4796875 0.3500000000000001 0.4796875 0.3500000000000001 0.625 0.45 0.625
0 0.553125 0.5734375 0.4578125 0.5734375 0.4578125 0.7234375 0.553125 0.7234375
0 0.4843750000000001 0.5953125 0.4046875 0.5953125 0.4046875000000001 0.7515625 0.48437500000000017 0.7515625
0 0.596875 0.659375 0.5046875 0.659375 0.5046875000000001 0.7921875 0.5968750000000002 0.7921875
0 0.3390625000000001 0.4921875 0.21250000000000008 0.4921875 0.21250000000000008 0.6421875 0.3390625000000001 0.6421875
0 0.23437500000000008 0.5890625 0.1921875000000001 0.5890625 0.1921875000000001 0.6421875 0.23437500000000008 0.6421875
0 0.3687500000000001 0.428125 0.2812500000000001 0.428125 0.2812500000000001 0.53125 0.3687500000000001 0.53125
0 0.4421875 0.31250000000000006 0.3390625 0.3125 0.33906250000000004 0.4734375 0.4421875 0.4734375
0 0.534375 0.3468750000000001 0.4421875 0.3468750000000001 0.4421875 0.46875 0.534375 0.46875
0 0.5390625 0.434375 0.4546875 0.434375 0.4546875 0.5734375 0.5390625 0.5734375
0 0.6390625 0.38750000000000007 0.546875 0.38750000000000007 0.546875 0.54375 0.6390625 0.54375
0 0.715625 0.415625 0.6390625 0.415625 0.6390625 0.578125 0.715625 0.578125
0 0.6890625 0.5671875 0.634375 0.5671875 0.634375 0.6828125 0.6890625 0.6828125
0 0.634375 0.53125 0.5421875 0.53125 0.5421875 0.659375 0.634375 0.659375
0 0.5890625 0.2250000000000001 0.484375 0.2250000000000001 0.484375 0.3703125000000001 0.5890625 0.3703125000000001
0 0.6625 0.3187500000000001 0.5625 0.3187500000000001 0.5625 0.4171875 0.6625 0.4171875
0 0.465625 0.15000000000000005 0.3765625 0.15000000000000005 0.3765625 0.3062500000000001 0.465625 0.3062500000000001
0 0.4765625 0.27812500000000007 0.3765625 0.27812500000000007 0.3765625 0.36406250000000007 0.4765625 0.36406250000000007
0 0.8734375 0.5140625000000001 0.715625 0.5140625 0.7156250000000001 0.7406250000000001 0.8734375 0.7406250000000002
0 0.7453125 0.6312500000000001 0.6078125 0.63125 0.6078125000000001 0.8796875 0.7453125000000002 0.8796875
0 0.5312500000000001 0.70625 0.2968750000000001 0.70625 0.2968750000000001 0.9203125 0.5312500000000002 0.9203125