0 0.9953125 0.38750000000000007 0.69375 0.38750000000000007 0.6937500000000001 0.884375 0.9953125 0.884375
0 0.978125 0.8765625 0.7203125000000001 0.8765625 0.7203125000000001 0.996875 0.978125 0.996875
0 0.7343750000000002 0.853125 0.47656250000000017 0.853125 0.47656250000000017 0.9953125 0.7343750000000002 0.9953125
0 0.8125 0.5421875 0.546875 0.5421875 0.5468750000000001 0.8671875 0.8125 0.8671875
0 0.5781250000000001 0.671875 0.44375 0.671875 0.4437500000000001 0.821875 0.5781250000000002 0.821875
0 0.5250000000000001 0.5875 0.36406250000000007 0.5875 0.36406250000000007 0.7515625 0.5250000000000001 0.7515625
0 0.546875 0.534375 0.4625 0.534375 0.4625 0.65 0.546875 0.65
0 0.6046875 0.5828125 0.515625 0.5828125 0.515625 0.6484375 0.6046875 0.6484375
0 0.6625 0.3781250000000001 0.4890625 0.3781250000000001 0.4890625 0.6 0.6625 0.6
0 0.50625 0.33281250000000007 0.315625 0.3328125 0.31562500000000004 0.56875 0.50625 0.56875
0 0.471875 0.5328125 0.21875000000000008 0.5328125 0.21875000000000008 0.715625 0.471875 0.715625
0 0.4140625000000001 0.6796875 0.2140625000000001 0.6796875 0.2140625000000001 0.8578125 0.41406250000000017 0.8578125
0 0.4359375000000002 0.790625 0.12500000000000008 0.790625 0.1250000000000001 0.9953125 0.4359375000000002 0.9953125
0 0.12500000000000014 0.9609375 1.1768090335556595e-16 0.9609375 1.198814405727839e-16 0.996875 0.12500000000000014 0.996875
0 0.13750000000000012 0.8046875 9.854579711888858e-17 0.8046875 1.0859172789314419e-16 0.96875 0.13750000000000012 0.96875
0 0.20468750000000008 0.7015625 0.04843750000000009 0.7015625 0.0484375000000001 0.8625 0.20468750000000008 0.8625
0 0.02187500000000009 0.64375 7.883663769511086e-17 0.64375 8.840419081344955e-17 0.8 0.0218750000000001 0.8
0 0.13750000000000007 0.49375 6.046693570790056e-17 0.49375 6.965178670150572e-17 0.64375 0.1375000000000001 0.64375
0 0.2671875 0.30625 0.07968750000000005 0.30625 0.07968750000000005 0.5515625 0.2671875000000001 0.5515625
0 0.9953125 0.1953125000000001 0.725 0.19531250000000008 0.725 0.4140625000000001 0.9953125 0.41406250000000017
0 0.24375000000000008 0.4296875 5.262154215086284e-17 0.4296875 6.764260054665459e-17 0.675 0.24375000000000008 0.675
0 0.35937500000000006 0.2171875 0.08906250000000002 0.2171875 0.08906250000000004 0.525 0.3593750000000001 0.525
0 0.6265625 0.06250000000000006 0.3203125 0.06250000000000004 0.32031250000000006 0.4796875 0.6265625 0.4796875
0 0.75625 0.3031250000000001 0.6140625 0.3031250000000001 0.6140625 0.5078125000000001 0.75625 0.5078125000000002
0 0.9953125 0.0500000000000001 0.809375 0.050000000000000086 0.809375 0.21875000000000008 0.9953125 0.21875000000000008
0 0.7328125 0.18750000000000008 0.5515625 0.18750000000000008 0.5515625 0.2984375000000001 0.7328125 0.2984375000000001
0 0.725 0.05781250000000008 0.609375 0.057812500000000065 0.609375 0.19531250000000008 0.725 0.19531250000000008
0 0.6359375 0.04843750000000007 0.525 0.048437500000000064 0.525 0.17343750000000008 0.6359375 0.17343750000000008
0 0.7859375 8.916959506291665e-17 0.6703125 8.208960575534602e-17 0.6703125 0.04843750000000009 0.7859375 0.0484375000000001
0 0.8703125 1.0093768539847325e-16 0.778125 9.529282905865343e-17 0.778125 0.0890625000000001 0.8703125 0.08906250000000011
0 0.9953125 0.004687500000000115 0.8796875 0.004687500000000108 0.8796875 0.057812500000000114 0.9953125 0.057812500000000114
0 0.83125 0.0578125000000001 0.7328125 0.057812500000000086 0.7328125 0.1828125000000001 0.83125 0.1828125000000001
0 0.559375 6.257179739393508e-17 0.4625 5.663991446056509e-17 0.4625 0.07187500000000006 0.559375 0.07187500000000006
0 0.671875 7.548799410369232e-17 0.5609375 6.869503138967185e-17 0.5609375 0.06250000000000008 0.671875 0.06250000000000008
0 0.5421875 0.07187500000000005 0.3640625 0.07187500000000005 0.3640625 0.21875000000000008 0.5421875 0.21875000000000008
0 0.390625 0.021875000000000044 0.3375 0.02187500000000004 0.3375 0.09375000000000004 0.390625 0.09375000000000004
0 0.4765625 5.4535052774530576e-17 0.4140625 5.070803152719509e-17 0.4140625 0.06250000000000006 0.4765625 0.06250000000000007
0 0.465625 5.185613790139574e-17 0.38125 4.6689659217492845e-17 0.38125 0.01718750000000005 0.465625 0.017187500000000057
0 0.36875 4.027939862820591e-17 0.2890625 3.539994653785318e-17 0.2890625 0.03125000000000004 0.36875 0.03125000000000004
0 0.3203125 0.009375000000000034 0.2578125 0.009375000000000031 0.2578125 0.07500000000000004 0.3203125 0.07500000000000004
0 0.2171875 0.08906250000000002 0.1109375 0.08906250000000002 0.11093750000000002 0.18281250000000002 0.2171875 0.18281250000000004
0 0.303125 0.1609375 0.16875 0.1609375 0.16875 0.240625 0.303125 0.240625
0 0.3640625 0.18750000000000006 0.2984375 0.18750000000000006 0.2984375 0.2671875 0.3640625 0.2671875000000001
0 0.10625000000000004 0.2046875 0.004687500000000025 0.2046875 0.00468750000000003 0.296875 0.10625000000000004 0.296875
0 0.09375000000000004 0.29375 3.59739997249535e-17 0.29375 4.353236668844107e-17 0.4171875 0.09375000000000004 0.4171875
0 0.09375000000000001 0.084375 1.0332957367805793e-17 0.084375 1.607348923880901e-17 0.178125 0.09375000000000003 0.178125
0 0.1421875 0.021875000000000012 0.03125 0.021875000000000006 0.03125000000000001 0.115625 0.1421875 0.115625
0 0.2 1.769997326892659e-17 0.0890625 1.0907010554906114e-17 0.0890625 0.03593750000000002 0.2 0.035937500000000025
0 0.0984375 6.027558464553379e-18 0 0 1.626484030117579e-18 0.026562500000000006 0.0984375 0.02656250000000001
0 0.9953125 6.09453133638175e-17 0 0 6.09453133638175e-17 0.9953125 0.9953125 0.9953125