0 0.996875 0.12656250000000008 1.549943605170869e-17 0.1265625 4.860316984116059e-17 0.6671875 0.996875 0.6671875000000002
0 0.996875 0.6718750000000001 0.3812500000000001 0.671875 0.3812500000000001 0.9015625 0.996875 0.9015625
0 0.996875 0.8640625 0.4625000000000002 0.8640625 0.4625000000000002 0.9953125 0.996875 0.9953125
0 0.7234375000000002 0.8578125 1.0505173323935891e-16 0.8578125 1.1347117998349694e-16 0.9953125 0.7234375000000002 0.9953125
0 0.3375000000000001 0.6875 8.419446744138054e-17 0.6875 1.0093768539847325e-16 0.9609375 0.3375000000000001 0.9609375
0 0.41875000000000007 0.5140625 0.02187500000000006 0.5140625 0.021875000000000082 0.8421875 0.4187500000000002 0.8421875
0 0.10937500000000007 0.5078125 6.218909526920153e-17 0.5078125 7.4913940916592e-17 0.715625 0.10937500000000008 0.715625
0 0.35625000000000007 0.2734375 3.348643591418544e-17 0.2734375 5.922315380251653e-17 0.69375 0.35625000000000007 0.69375
0 0.440625 0.33437500000000003 0.19218750000000004 0.334375 0.19218750000000004 0.4328125 0.440625 0.4328125
0 0.5890625 4.831614324761042e-17 0.2 2.4492935982947065e-17 0.20000000000000004 0.37187500000000007 0.5890625 0.37187500000000007
0 0.7828125 0.07187500000000006 0.371875 0.07187500000000005 0.37187500000000007 0.41093750000000007 0.7828125 0.4109375000000002
0 0.8046875 0.1468750000000001 0.5828125 0.1468750000000001 0.5828125 0.4156250000000001 0.8046875 0.4156250000000002
0 0.803125 7.960204194457797e-17 0.496875 6.084963783263412e-17 0.496875 0.23437500000000008 0.803125 0.23437500000000008
0 0.996875 1.0361660027160808e-16 0.6953125 8.51512227532144e-17 0.6953125 0.1640625000000001 0.996875 0.16406250000000014
0 0.996875 0.17031250000000012 0.6953125 0.1703125000000001 0.6953125 0.3781250000000001 0.996875 0.3781250000000001
0 0.996875 0.3453125000000001 0.803125 0.3453125000000001 0.803125 0.5093750000000001 0.996875 0.5093750000000001
0 0.2109375 1.291619670975724e-17 0 0 7.367015901120799e-18 0.12031250000000002 0.2109375 0.12031250000000004
0 0.4 0.12031250000000002 1.4734031802241592e-17 0.1203125 2.7458877449632062e-17 0.32812500000000006 0.4 0.3281250000000001