0 0.903125 0.2453125000000001 0.6921875 0.2453125000000001 0.6921875 0.4796875000000001 0.903125 0.47968750000000016
0 0.8609375 0.3156250000000001 0.7515625 0.3156250000000001 0.7515625 0.4281250000000002 0.8609375 0.4281250000000002
0 0.996875 0.2906250000000001 0.8703125 0.2906250000000001 0.8703125 0.5734375000000002 0.996875 0.5734375000000002
0 0.9703125 0.4890625000000002 0.79375 0.4890625000000002 0.79375 0.5921875000000002 0.9703125 0.5921875000000002
0 0.8859375 0.5406250000000001 0.78125 0.5406250000000001 0.78125 0.6015625000000002 0.8859375 0.6015625000000002
0 0.9203125 0.5687500000000002 0.85625 0.5687500000000002 0.85625 0.6296875000000002 0.9203125 0.6296875000000002
0 0.9953125 0.5828125000000002 0.9078125 0.5828125000000002 0.9078125 0.7890625000000002 0.9953125 0.7890625000000002
0 0.8953125 0.028125000000000094 0.6171875 0.028125000000000077 0.6171875 0.2906250000000001 0.8953125 0.2906250000000001
0 0.9953125 9.137013228013456e-17 0.496875 6.084963783263412e-17 0.496875 0.3750000000000001 0.9953125 0.3750000000000001
0 0.4984375 0.018750000000000037 0.1390625 0.018750000000000017 0.13906250000000003 0.23906250000000004 0.4984375 0.2390625000000001
0 0.4984375 0.004687500000000033 0.0375 0.004687500000000004 0.03750000000000002 0.32812500000000006 0.4984375 0.3281250000000001
0 0.54375 4.314966456370753e-17 0.1609375 1.9709159423777714e-17 0.1609375 0.11250000000000002 0.54375 0.11250000000000004
0 0.5859375 4.027939862820591e-17 0.071875 8.802148868871602e-18 0.07187500000000001 0.13593750000000004 0.5859375 0.1359375000000001
0 0.0765625 4.688101027985962e-18 0 0 1.0907010554906114e-17 0.178125 0.07656250000000002 0.178125
0 0.054687500000000035 0.1828125 2.2388074296912548e-17 0.1828125 2.898968594856625e-17 0.290625 0.05468750000000004 0.290625
0 0.11406250000000004 0.240625 0.007812500000000031 0.240625 0.007812500000000038 0.353125 0.11406250000000004 0.353125
0 0.16093750000000004 0.334375 4.0949127346489623e-17 0.334375 5.042100493364494e-17 0.4890625 0.16093750000000004 0.4890625
0 0.15156250000000007 0.465625 5.702261658529863e-17 0.465625 6.907773351440539e-17 0.6625 0.1515625000000001 0.6625
0 0.2578125000000001 0.390625 0.15156250000000004 0.390625 0.15156250000000007 0.596875 0.2578125000000001 0.596875
0 0.275 0.19843750000000002 0.14843750000000006 0.1984375 0.14843750000000006 0.3859375 0.2750000000000001 0.3859375
0 0.3921875 0.15937500000000004 0.253125 0.15937500000000004 0.253125 0.32812500000000006 0.3921875 0.3281250000000001
0 0.7937500000000001 0.14531250000000007 0.5359375 0.14531250000000004 0.5359375000000001 0.7750000000000001 0.7937500000000002 0.7750000000000001
0 0.675 0.4828125 0.4265625 0.4828125 0.42656250000000007 0.7609375 0.6750000000000002 0.7609375
0 0.459375 0.475 0.3296875000000001 0.475 0.3296875000000001 0.6015625 0.459375 0.6015625
0 0.37968750000000007 0.4 0.2906250000000001 0.4 0.2906250000000001 0.5359375 0.37968750000000007 0.5359375
0 0.3078125000000001 0.4046875 0.2531250000000001 0.4046875 0.2531250000000001 0.475 0.3078125000000001 0.475
0 0.3203125000000001 0.4703125 0.2234375000000001 0.4703125 0.2234375000000001 0.596875 0.3203125000000001 0.596875
0 0.2531250000000001 0.49375 0.16406250000000006 0.49375 0.16406250000000006 0.596875 0.2531250000000001 0.596875
0 0.3921875 0.34375000000000006 0.2625 0.34375 0.26250000000000007 0.4234375 0.3921875000000001 0.4234375
0 0.54375 0.3437500000000001 0.3671875 0.3437500000000001 0.36718750000000006 0.5265625 0.54375 0.5265625
0 0.5359375 0.2218750000000001 0.4890625 0.2218750000000001 0.4890625 0.2828125000000001 0.5359375 0.2828125000000001
0 0.540625 0.3062500000000001 0.4765625 0.3062500000000001 0.4765625 0.3578125000000001 0.540625 0.3578125000000001
0 0.4984375 0.2312500000000001 0.3890625 0.2312500000000001 0.3890625 0.3531250000000001 0.4984375 0.3531250000000001
0 0.9453125 0.7093750000000002 0.86875 0.7093750000000002 0.86875 0.803125 0.9453125 0.803125
0 0.915625 0.6437500000000002 0.8515625 0.6437500000000002 0.8515625 0.7093750000000002 0.915625 0.7093750000000002
0 0.865625 0.6109375000000001 0.8015625 0.6109375000000001 0.8015625 0.6671875000000002 0.865625 0.6671875000000002
0 0.865625 0.6718750000000002 0.7984375 0.6718750000000002 0.7984375000000001 0.7375000000000002 0.865625 0.7375000000000002
0 0.9109375 0.7984375000000001 0.8484375 0.7984375000000001 0.8484375 0.990625 0.9109375 0.990625
0 0.9953125 0.7843750000000002 0.8984375 0.7843750000000002 0.8984375 0.990625 0.9953125 0.990625
0 0.8828125 0.7421875000000002 0.7437500000000001 0.7421875000000002 0.7437500000000001 0.8875 0.8828125 0.8875
0 0.84375 0.878125 0.7125000000000001 0.878125 0.7125000000000001 0.9953125 0.84375 0.9953125
0 0.7421875000000002 0.803125 0.6328125000000002 0.803125 0.6328125000000002 0.9015625 0.7421875000000002 0.9015625
0 0.2328125000000001 0.6109375 0.1515625000000001 0.6109375 0.1515625000000001 0.7609375 0.2328125000000001 0.7609375
0 0.1609375000000001 0.6671875 8.170690363061247e-17 0.6671875 9.491012693391987e-17 0.8828125 0.1609375000000001 0.8828125
0 0.4437500000000001 0.58125 0.2156250000000001 0.58125 0.2156250000000001 0.8359375 0.4437500000000002 0.8359375
0 0.7218750000000002 0.8734375 0.6750000000000002 0.8734375 0.6750000000000002 0.9484375 0.7218750000000002 0.9484375
0 0.7562500000000002 0.9484375 0.6843750000000002 0.9484375 0.6843750000000002 0.9953125 0.7562500000000002 0.9953125
0 0.6750000000000002 0.8828125 0.6375000000000002 0.8828125 0.6375000000000002 0.9765625 0.6750000000000002 0.9765625
0 0.6375000000000002 0.7984375 0.5953125000000001 0.7984375 0.5953125000000001 0.8734375 0.6375000000000002 0.8734375
0 0.5578125000000002 0.8171875 0.4984375000000002 0.8171875 0.4984375000000002 0.9015625 0.5578125000000002 0.9015625
0 0.6250000000000002 0.775 0.5828125000000002 0.775 0.5828125000000002 0.8265625 0.6250000000000002 0.8265625
0 0.5828125000000002 0.765625 0.5406250000000001 0.765625 0.5406250000000001 0.8171875 0.5828125000000002 0.8171875
0 0.4812500000000002 0.7421875 0.4468750000000002 0.7421875 0.4468750000000002 0.765625 0.4812500000000002 0.765625
0 0.4515625000000001 0.7234375 0.4140625 0.7234375 0.4140625000000001 0.7703125 0.4515625000000002 0.7703125
0 0.4046875000000001 0.7140625 0.3546875000000001 0.7140625 0.3546875000000001 0.7703125 0.4046875000000002 0.7703125
0 0.3921875000000001 0.7609375 0.3500000000000001 0.7609375 0.3500000000000001 0.840625 0.3921875000000001 0.840625
0 0.4390625000000002 0.7609375 0.38750000000000007 0.7609375 0.38750000000000007 0.83125 0.4390625000000002 0.83125
0 0.4890625000000002 0.7375 0.4437500000000002 0.7375 0.4437500000000002 0.8125 0.4890625000000002 0.8125
0 0.3125000000000001 0.9390625 0.2406250000000001 0.9390625 0.2406250000000001 0.9953125 0.3125000000000001 0.9953125
0 0.3000000000000001 0.8921875 0.2609375000000001 0.8921875 0.2609375000000001 0.9484375 0.3000000000000001 0.9484375
0 0.3500000000000001 0.8734375 0.2953125000000001 0.8734375 0.2953125000000001 0.9484375 0.3500000000000001 0.9484375
0 0.3296875000000001 0.8359375 0.27812500000000007 0.8359375 0.27812500000000007 0.8921875 0.3296875000000001 0.8921875
0 0.3500000000000001 0.7984375 0.3046875000000001 0.7984375 0.3046875000000001 0.8453125 0.3500000000000001 0.8453125
0 0.38750000000000007 0.8359375 0.32500000000000007 0.8359375 0.32500000000000007 0.90625 0.38750000000000007 0.90625
0 0.4515625000000002 0.821875 0.38750000000000007 0.821875 0.38750000000000007 0.8875 0.4515625000000002 0.8875
0 0.4812500000000002 0.859375 0.42968750000000017 0.859375 0.42968750000000017 0.915625 0.4812500000000002 0.915625
0 0.4343750000000002 0.8828125 0.3843750000000001 0.8828125 0.3843750000000001 0.9578125 0.4343750000000002 0.9578125
0 0.42968750000000017 0.953125 0.37968750000000007 0.953125 0.37968750000000007 0.9953125 0.42968750000000017 0.9953125
0 0.47187500000000016 0.915625 0.4265625000000002 0.915625 0.4265625000000002 0.9859375 0.47187500000000016 0.9859375
0 0.37968750000000007 0.9109375 0.31718750000000007 0.9109375 0.31718750000000007 0.98125 0.37968750000000007 0.98125
0 0.5828125000000002 0.896875 0.5406250000000001 0.896875 0.5406250000000001 0.9953125 0.5828125000000002 0.9953125
0 0.5453125000000002 0.915625 0.5203125000000002 0.915625 0.5203125000000002 0.971875 0.5453125000000002 0.971875
0 0.6421875000000001 0.925 0.5828125000000002 0.925 0.5828125000000002 0.990625 0.6421875000000001 0.990625
0 0.6421875000000001 0.8734375 0.5828125000000002 0.8734375 0.5828125000000002 0.9296875 0.6421875000000001 0.9296875