0 0.9734375 0.865625 0.865625 0.865625 0.865625 0.9953125 0.9734375 0.9953125
0 0.996875 0.7890625000000002 0.93125 0.7890625000000002 0.93125 0.9640625 0.996875 0.9640625
0 0.98125 0.6593750000000002 0.85 0.6593750000000002 0.85 0.8453125 0.98125 0.8453125
0 0.996875 0.6078125000000002 0.9078125 0.6078125000000002 0.9078125 0.7421875000000002 0.996875 0.7421875000000002
0 0.996875 0.5781250000000002 0.946875 0.5781250000000002 0.946875 0.6140625000000002 0.996875 0.6140625000000002
0 0.996875 0.5265625000000002 0.934375 0.5265625000000002 0.934375 0.5875000000000001 0.996875 0.5875000000000001
0 0.996875 0.4890625000000002 0.9734375 0.4890625000000002 0.9734375 0.5359375000000002 0.996875 0.5359375000000002
0 0.984375 0.46875000000000017 0.946875 0.46875000000000017 0.946875 0.5156250000000002 0.984375 0.5156250000000002
0 0.996875 0.46406250000000016 0.9765625 0.46406250000000016 0.9765625 0.5000000000000002 0.996875 0.5000000000000002
0 0.9609375 0.5000000000000002 0.9078125 0.5000000000000002 0.9078125 0.5562500000000001 0.9609375 0.5562500000000001
0 0.996875 0.3765625000000001 0.9078125 0.3765625000000001 0.9078125 0.5046875000000002 0.996875 0.5046875000000002
0 0.8765625 0.5312500000000002 0.8375 0.5312500000000002 0.8375 0.5718750000000001 0.8765625 0.5718750000000001
0 0.853125 0.5671875000000002 0.8140625 0.5671875000000002 0.8140625 0.6187500000000001 0.853125 0.6187500000000001
0 0.9578125 0.5421875000000002 0.8453125 0.5421875000000002 0.8453125 0.6656250000000001 0.9578125 0.6656250000000001
0 0.884375 0.6187500000000001 0.7375 0.6187500000000001 0.7375 0.7531250000000002 0.884375 0.7531250000000002
0 0.8078125 0.675 0.6609375 0.675 0.6609375000000001 0.8140625 0.8078125 0.8140625
0 0.6921875000000002 0.746875 0.5687500000000002 0.746875 0.5687500000000002 0.9078125 0.6921875000000002 0.9078125
0 0.7640625000000002 0.809375 0.6406250000000002 0.809375 0.6406250000000002 0.9796875 0.7640625000000002 0.9796875
0 0.8765625 0.8609375 0.7375000000000002 0.8609375 0.7375000000000002 0.9953125 0.8765625 0.9953125
0 0.5640625000000001 0.778125 0.4906250000000002 0.778125 0.4906250000000002 0.88125 0.5640625000000001 0.88125
0 0.5140625000000002 0.7265625 0.4359375000000002 0.7265625 0.4359375000000002 0.840625 0.5140625000000002 0.840625
0 0.4515625000000001 0.70625 0.3828125000000001 0.70625 0.3828125000000001 0.79375 0.4515625000000002 0.79375
0 0.4046875000000001 0.6953125 0.3515625000000001 0.6953125 0.3515625000000001 0.7734375 0.4046875000000002 0.7734375
0 0.6640625000000001 0.68125 0.4671875 0.68125 0.4671875000000001 0.778125 0.6640625000000002 0.778125
0 0.6953125 0.634375 0.521875 0.634375 0.521875 0.7015625 0.6953125 0.7015625
0 0.740625 0.6031250000000001 0.621875 0.603125 0.621875 0.675 0.740625 0.6750000000000002
0 0.8109375 0.5718750000000001 0.6796875 0.571875 0.6796875 0.6187500000000001 0.8109375 0.6187500000000001
0 0.8953125 0.5000000000000002 0.7953125 0.5000000000000002 0.7953125 0.5875000000000001 0.8953125 0.5875000000000001
0 0.4671875000000002 0.88125 0.4437500000000002 0.88125 0.4437500000000002 0.9078125 0.4671875000000002 0.9078125
0 0.4750000000000002 0.903125 0.4625000000000002 0.903125 0.4625000000000002 0.9390625 0.4750000000000002 0.9390625
0 0.5015625000000001 0.9078125 0.4750000000000002 0.9078125 0.4750000000000002 0.9484375 0.5015625000000001 0.9484375
0 0.5250000000000001 0.928125 0.5062500000000002 0.928125 0.5062500000000002 0.953125 0.5250000000000001 0.953125
0 0.5671875000000002 0.9484375 0.5296875000000002 0.9484375 0.5296875000000002 0.9796875 0.5671875000000002 0.9796875
0 0.5828125000000002 0.9640625 0.5593750000000002 0.9640625 0.5593750000000002 0.9890625 0.5828125000000002 0.9890625
0 0.5593750000000002 0.9796875 0.5250000000000001 0.9796875 0.5250000000000001 0.9953125 0.5593750000000002 0.9953125
0 0.5218750000000002 0.9640625 0.48750000000000016 0.9640625 0.48750000000000016 0.9953125 0.5218750000000002 0.9953125
0 0.5281250000000002 0.953125 0.4828125000000002 0.953125 0.4828125000000002 0.9796875 0.5281250000000002 0.9796875
0 0.4750000000000002 0.975 0.4359375000000002 0.975 0.4359375000000002 0.9953125 0.4750000000000002 0.9953125
0 0.46406250000000016 0.94375 0.4359375000000002 0.94375 0.4359375000000002 0.975 0.46406250000000016 0.975
0 0.4906250000000002 0.9484375 0.4625000000000002 0.9484375 0.4625000000000002 0.9890625 0.4906250000000002 0.9890625
0 0.4593750000000002 0.896875 0.43281250000000016 0.896875 0.43281250000000016 0.9375 0.4593750000000002 0.9375
0 0.42968750000000017 0.896875 0.41406250000000017 0.896875 0.41406250000000017 0.9328125 0.42968750000000017 0.9328125
0 0.43750000000000017 0.9375 0.40625000000000017 0.9375 0.40625000000000017 0.9796875 0.43750000000000017 0.9796875
0 0.40156250000000016 0.9234375 0.3781250000000001 0.9234375 0.3781250000000001 0.959375 0.40156250000000016 0.959375
0 0.3828125000000001 0.953125 0.3671875000000001 0.953125 0.3671875000000001 0.9796875 0.3828125000000001 0.9796875
0 0.40937500000000016 0.96875 0.3781250000000001 0.96875 0.3781250000000001 0.9953125 0.40937500000000016 0.9953125
0 0.4359375000000002 0.975 0.40156250000000016 0.975 0.40156250000000016 0.9953125 0.4359375000000002 0.9953125
0 0.3671875000000001 0.975 0.3515625000000001 0.975 0.3515625000000001 0.990625 0.3671875000000001 0.990625
0 0.3515625000000001 0.9796875 0.3281250000000001 0.9796875 0.3281250000000001 0.9953125 0.3515625000000001 0.9953125
0 0.06250000000000011 0.975 0.03437500000000012 0.975 0.03437500000000012 0.9953125 0.06250000000000011 0.9953125
0 0.10468750000000013 0.984375 0.08906250000000011 0.984375 0.08906250000000011 0.9953125 0.10468750000000013 0.9953125
0 0.12343750000000013 0.959375 0.10781250000000013 0.959375 0.10781250000000013 0.9953125 0.12343750000000013 0.9953125
0 0.14687500000000014 0.9640625 0.12343750000000013 0.9640625 0.12343750000000013 0.9953125 0.14687500000000014 0.9953125
0 0.15781250000000013 0.9390625 0.13125000000000014 0.9390625 0.13125000000000014 0.9703125 0.15781250000000013 0.9703125
0 0.17812500000000014 0.959375 0.15000000000000013 0.959375 0.15000000000000013 0.9953125 0.17812500000000014 0.9953125
0 0.2015625000000001 0.9640625 0.17343750000000013 0.9640625 0.17343750000000013 0.9953125 0.2015625000000001 0.9953125
0 0.2312500000000001 0.975 0.18906250000000013 0.975 0.18906250000000013 0.9953125 0.2312500000000001 0.9953125
0 0.25468750000000007 0.96875 0.23593750000000008 0.96875 0.23593750000000008 0.9953125 0.25468750000000007 0.9953125
0 0.27812500000000007 0.975 0.2578125000000001 0.975 0.2578125000000001 0.9953125 0.27812500000000007 0.9953125
0 0.30156250000000007 0.959375 0.2734375000000001 0.959375 0.2734375000000001 0.9953125 0.30156250000000007 0.9953125
0 0.32500000000000007 0.9484375 0.2968750000000001 0.9484375 0.2968750000000001 0.984375 0.32500000000000007 0.984375
0 0.34062500000000007 0.9484375 0.3203125000000001 0.9484375 0.3203125000000001 0.984375 0.34062500000000007 0.984375
0 0.3281250000000001 0.9171875 0.30156250000000007 0.9171875 0.30156250000000007 0.9484375 0.3281250000000001 0.9484375
0 0.3515625000000001 0.9078125 0.3203125000000001 0.9078125 0.3203125000000001 0.9484375 0.3515625000000001 0.9484375
0 0.3781250000000001 0.9015625 0.3437500000000001 0.9015625 0.3437500000000001 0.94375 0.3781250000000001 0.94375
0 0.35625000000000007 0.8765625 0.32500000000000007 0.8765625 0.32500000000000007 0.9171875 0.35625000000000007 0.9171875
0 0.3671875000000001 0.8875 0.3515625000000001 0.8875 0.3515625000000001 0.91875 0.3671875000000001 0.91875
0 0.3859375000000001 0.8875 0.3671875000000001 0.8875 0.3671875000000001 0.9328125 0.3859375000000001 0.9328125
0 0.40937500000000016 0.8671875 0.3703125000000001 0.8671875 0.3703125000000001 0.903125 0.40937500000000016 0.903125
0 0.41406250000000017 0.85625 0.3859375000000001 0.85625 0.3859375000000001 0.8875 0.41406250000000017 0.8875
0 0.3906250000000001 0.8453125 0.3593750000000001 0.8453125 0.3593750000000001 0.865625 0.3906250000000001 0.865625
0 0.3515625000000001 0.8203125 0.3312500000000001 0.8203125 0.3312500000000001 0.85625 0.3515625000000001 0.85625
0 0.3359375000000001 0.8453125 0.3046875000000001 0.8453125 0.3046875000000001 0.88125 0.3359375000000001 0.88125
0 0.30937500000000007 0.8296875 0.2750000000000001 0.8296875 0.2750000000000001 0.865625 0.30937500000000007 0.865625
0 0.2828125000000001 0.8453125 0.2515625000000001 0.8453125 0.2515625000000001 0.8859375 0.2828125000000001 0.8859375
0 0.26250000000000007 0.8765625 0.22812500000000008 0.8765625 0.22812500000000008 0.9125 0.26250000000000007 0.9125
0 0.2234375000000001 0.88125 0.19687500000000008 0.88125 0.1968750000000001 0.9171875 0.2234375000000001 0.9171875
0 0.18906250000000013 0.9078125 0.15468750000000014 0.9078125 0.15468750000000014 0.9328125 0.18906250000000013 0.9328125
0 0.19687500000000013 0.9234375 0.18125000000000013 0.9234375 0.18125000000000013 0.94375 0.19687500000000013 0.94375
0 0.22031250000000008 0.9390625 0.17812500000000014 0.9390625 0.17812500000000014 0.975 0.22031250000000008 0.975
0 0.2515625000000001 0.9171875 0.2015625000000001 0.9171875 0.2015625000000001 0.96875 0.2515625000000001 0.96875
0 0.27812500000000007 0.8921875 0.24375000000000008 0.8921875 0.24375000000000008 0.94375 0.27812500000000007 0.94375
0 0.996875 0.04687500000000012 0.91875 0.04687500000000011 0.91875 0.09843750000000011 0.996875 0.09843750000000011
0 0.996875 0.08281250000000011 0.934375 0.08281250000000011 0.934375 0.15937500000000013 0.996875 0.15937500000000013
0 0.996875 0.15000000000000013 0.934375 0.15000000000000013 0.934375 0.19062500000000013 0.996875 0.19062500000000013
0 0.95 0.0718750000000001 0.85625 0.0718750000000001 0.85625 0.1500000000000001 0.95 0.15000000000000013
0 0.9421875 0.12968750000000012 0.871875 0.1296875000000001 0.871875 0.1812500000000001 0.9421875 0.18125000000000013
0 0.9375 0.031250000000000104 0.81875 0.0312500000000001 0.81875 0.08281250000000011 0.9375 0.08281250000000011
0 0.865625 0.0515625000000001 0.7921875 0.05156250000000009 0.7921875 0.1437500000000001 0.865625 0.1437500000000001
0 0.81875 0.0312500000000001 0.740625 0.03125000000000009 0.740625 0.1546875000000001 0.81875 0.1546875000000001
0 0.7484375 8.620365359623167e-17 0.659375 8.075014831877861e-17 0.659375 0.07656250000000009 0.7484375 0.07656250000000009
0 0.66875 7.596637175960925e-17 0.571875 7.003448882623926e-17 0.571875 0.07187500000000008 0.66875 0.07187500000000009
0 0.575 6.639881864127056e-17 0.509375 6.23804463315683e-17 0.509375 0.06250000000000007 0.575 0.06250000000000007
0 0.8421875 9.76847173382381e-17 0.753125 9.223121206078505e-17 0.753125 0.0312500000000001 0.8421875 0.0312500000000001
0 0.9390625 1.0840037683077742e-16 0.83125 1.0179876517912373e-16 0.83125 0.0875000000000001 0.9390625 0.0875000000000001
0 0.996875 1.1806360548029952e-16 0.93125 1.1404523317059726e-16 0.93125 0.08281250000000011 0.996875 0.08281250000000011
0 0.05 0.071875 0.031250000000000014 0.071875 0.031250000000000014 0.0875 0.05 0.0875
0 0.039062500000000014 0.0671875 0.010937500000000008 0.0671875 0.010937500000000011 0.1078125 0.039062500000000014 0.1078125
0 0.010937500000000011 0.071875 8.802148868871602e-18 0.071875 1.071565949253934e-17 0.103125 0.010937500000000013 0.103125
0 0.039062500000000014 0.0984375 0.010937500000000011 0.0984375 0.010937500000000013 0.1234375 0.039062500000000014 0.1234375
0 0.06562500000000002 0.0828125 0.03437500000000001 0.0828125 0.03437500000000001 0.11875 0.06562500000000002 0.11875
0 0.08906250000000002 0.09375 0.06093750000000002 0.09375 0.06093750000000002 0.1296875 0.08906250000000002 0.1296875
0 0.1203125 0.109375 0.1 0.109375 0.1 0.1296875 0.1203125 0.1296875
0 0.146875 0.1140625 0.115625 0.1140625 0.115625 0.1453125 0.146875 0.1453125
0 0.115625 0.1453125 0.09687500000000002 0.1453125 0.09687500000000002 0.1765625 0.115625 0.1765625
0 0.165625 0.134375 0.146875 0.134375 0.146875 0.14375 0.165625 0.14375
0 0.07812500000000003 0.15 0.05468750000000002 0.15 0.05468750000000002 0.1859375 0.07812500000000003 0.1859375
0 0.1046875 0.1453125 0.07656250000000002 0.1453125 0.07656250000000002 0.18125 0.1046875 0.18125
0 0.04375000000000002 0.1296875 0.020312500000000018 0.1296875 0.020312500000000018 0.1453125 0.043750000000000025 0.1453125
0 0.05468750000000002 0.1234375 0.031250000000000014 0.1234375 0.031250000000000014 0.175 0.05468750000000002 0.175
0 0.057812500000000024 0.1609375 0.034375000000000024 0.1609375 0.034375000000000024 0.196875 0.057812500000000024 0.196875
0 0.042187500000000024 0.1796875 0.01562500000000002 0.1796875 0.015625000000000024 0.20625 0.042187500000000024 0.20625
0 0.04687500000000002 0.1390625 0.007812500000000017 0.1390625 0.007812500000000019 0.190625 0.04687500000000002 0.190625
0 0.015625000000000024 0.1859375 2.27707764216461e-17 0.1859375 2.5258340232414163e-17 0.2265625 0.015625000000000028 0.2265625
0 0.00781250000000002 0.1546875 1.894375517431062e-17 0.1546875 2.0187537079694652e-17 0.175 0.007812500000000023 0.175
0 0.018750000000000017 0.1078125 1.3203223303307403e-17 0.1078125 1.6360515832359172e-17 0.159375 0.018750000000000024 0.159375
0 0.6796875 0.05156250000000008 0.609375 0.05156250000000007 0.609375 0.09218750000000007 0.6796875 0.09218750000000009
0 0.7265625 0.07812500000000008 0.6328125 0.07812500000000007 0.6328125 0.09375000000000008 0.7265625 0.09375000000000008
0 0.6765625 0.08281250000000008 0.634375 0.08281250000000007 0.634375 0.10781250000000009 0.6765625 0.10781250000000009
0 0.740625 0.0671875000000001 0.6875 0.0671875000000001 0.6875 0.1281250000000001 0.740625 0.1281250000000001
0 0.75625 0.1281250000000001 0.6640625 0.1281250000000001 0.6640625 0.1546875000000001 0.75625 0.1546875000000001
0 0.690625 0.0984375000000001 0.6453125 0.0984375000000001 0.6453125 0.1390625000000001 0.690625 0.1390625000000001
0 0.6484375 0.1140625000000001 0.5984375 0.1140625000000001 0.5984375 0.1453125000000001 0.6484375 0.1453125000000001
0 0.6375 0.13906250000000006 0.540625 0.13906250000000003 0.540625 0.17500000000000007 0.6375 0.1750000000000001
0 0.59375 0.1593750000000001 0.55625 0.1593750000000001 0.55625 0.1859375000000001 0.59375 0.1859375000000001
0 0.0890625000000001 0.746875 9.146580781131795e-17 0.746875 1.0380795133397485e-16 0.9484375 0.08906250000000011 0.9484375
0 0.1859375000000001 0.7171875 0.08906250000000009 0.7171875 0.0890625000000001 0.903125 0.1859375000000001 0.903125
0 0.2656250000000001 0.690625 0.1625000000000001 0.690625 0.1625000000000001 0.784375 0.2656250000000001 0.784375
0 0.1593750000000001 0.5671875 0.07812500000000007 0.5671875 0.07812500000000008 0.6703125 0.1593750000000001 0.6703125
0 0.12031250000000009 0.603125 0.02656250000000008 0.603125 0.026562500000000083 0.721875 0.12031250000000009 0.721875
0 0.08125000000000007 0.634375 7.768853132091022e-17 0.634375 8.457716956611408e-17 0.746875 0.08125000000000009 0.746875
0 0.3671875000000001 0.6703125 0.32500000000000007 0.6703125 0.32500000000000007 0.7375 0.3671875000000001 0.7375
0 0.428125 0.6390625 0.3750000000000001 0.6390625 0.3750000000000001 0.721875 0.428125 0.721875
0 0.45625 0.5984375 0.3937500000000001 0.5984375 0.3937500000000001 0.665625 0.45625 0.665625
0 0.4859375 0.5828125 0.4484375 0.5828125 0.4484375 0.6390625 0.4859375 0.6390625
0 0.5328125 0.53125 0.478125 0.53125 0.478125 0.5984375 0.5328125 0.5984375
0 0.5453125 0.4953125 0.503125 0.4953125 0.503125 0.5671875 0.5453125 0.5671875
0 0.5828125 0.4484375 0.5375 0.4484375 0.5375 0.515625 0.5828125 0.515625
0 0.5953125 0.4078125 0.553125 0.4078125 0.553125 0.459375 0.5953125 0.459375
0 0.5515625 0.3968750000000001 0.4984375 0.3968750000000001 0.4984375 0.4640625 0.5515625 0.4640625
0 0.5296875 0.4328125 0.4796875 0.4328125 0.4796875 0.4953125 0.5296875 0.4953125
0 0.4984375 0.4796875 0.44375 0.4796875 0.44375 0.5625 0.4984375 0.5625
0 0.4484375 0.546875 0.3937500000000001 0.546875 0.3937500000000001 0.5921875 0.4484375 0.5921875
0 0.4046875 0.55625 0.3515625000000001 0.55625 0.3515625000000001 0.634375 0.4046875 0.634375
0 0.3781250000000001 0.6140625 0.32500000000000007 0.6140625 0.32500000000000007 0.665625 0.3781250000000001 0.665625
0 0.3468750000000001 0.571875 0.3203125000000001 0.571875 0.3203125000000001 0.61875 0.3468750000000001 0.61875
0 0.3937500000000001 0.53125 0.3468750000000001 0.53125 0.3468750000000001 0.571875 0.3937500000000001 0.571875
0 0.440625 0.4796875 0.3906250000000001 0.4796875 0.3906250000000001 0.546875 0.440625 0.546875
0 0.4828125 0.428125 0.425 0.428125 0.425 0.484375 0.4828125 0.484375
0 0.5296875 0.3453125000000001 0.4671875 0.3453125000000001 0.4671875 0.4171875 0.5296875 0.4171875
0 0.3281250000000001 0.603125 0.2812500000000001 0.603125 0.2812500000000001 0.6703125 0.3281250000000001 0.6703125
0 0.2968750000000001 0.59375 0.22031250000000008 0.59375 0.22031250000000008 0.6765625 0.2968750000000001 0.6765625
0 0.3046875000000001 0.5828125 0.25468750000000007 0.5828125 0.25468750000000007 0.6140625 0.3046875000000001 0.6140625
0 0.34062500000000007 0.55625 0.2984375000000001 0.55625 0.2984375000000001 0.5875 0.34062500000000007 0.5875
0 0.3625000000000001 0.5109375 0.3203125000000001 0.5109375 0.3203125000000001 0.55625 0.3625000000000001 0.55625
0 0.40625 0.475 0.35625000000000007 0.475 0.35625000000000007 0.5203125 0.40625 0.5203125
0 0.421875 0.4125 0.37187500000000007 0.4125 0.37187500000000007 0.46875 0.421875 0.46875
0 0.471875 0.37187500000000007 0.40625 0.37187500000000007 0.40625 0.44375 0.471875 0.44375
0 0.471875 0.3500000000000001 0.4296875 0.3500000000000001 0.4296875 0.3812500000000001 0.471875 0.3812500000000001
0 0.4328125 0.3453125000000001 0.375 0.3453125000000001 0.37500000000000006 0.4125 0.4328125 0.4125
0 0.39375000000000004 0.33593750000000006 0.3515625 0.3359375 0.35156250000000006 0.38125000000000003 0.3937500000000001 0.3812500000000001
0 0.3750000000000001 0.38125000000000003 0.3359375000000001 0.38125 0.3359375000000001 0.4484375 0.3750000000000001 0.4484375
0 0.3671875000000001 0.4546875 0.32500000000000007 0.4546875 0.32500000000000007 0.50625 0.3671875000000001 0.50625
0 0.32500000000000007 0.484375 0.27031250000000007 0.484375 0.27031250000000007 0.546875 0.32500000000000007 0.546875
0 0.30156250000000007 0.53125 0.24375000000000008 0.53125 0.24375000000000008 0.5921875 0.30156250000000007 0.5921875
0 0.2593750000000001 0.5921875 0.2171875000000001 0.5921875 0.2171875000000001 0.61875 0.2593750000000001 0.61875
0 0.24375000000000008 0.5203125 0.18593750000000003 0.5203125 0.18593750000000006 0.5984375 0.24375000000000008 0.5984375
0 0.2750000000000001 0.4796875 0.2250000000000001 0.4796875 0.2250000000000001 0.540625 0.2750000000000001 0.540625
0 0.33281250000000007 0.428125 0.2828125000000001 0.428125 0.2828125000000001 0.4890625 0.33281250000000007 0.4890625
0 0.3437500000000001 0.3765625 0.3046875000000001 0.3765625 0.3046875000000001 0.428125 0.3437500000000001 0.428125
0 0.36406250000000007 0.31875000000000003 0.3328125 0.31875 0.33281250000000007 0.3765625 0.36406250000000007 0.3765625000000001
0 0.3203125000000001 0.3765625 0.2812500000000001 0.3765625 0.2812500000000001 0.428125 0.3203125000000001 0.428125
0 0.2828125000000001 0.428125 0.2406250000000001 0.428125 0.2406250000000001 0.4796875 0.2828125000000001 0.4796875
0 0.2390625000000001 0.453125 0.19687500000000005 0.453125 0.19687500000000005 0.4953125 0.2390625000000001 0.4953125
0 0.19687500000000008 0.5046875 0.15781250000000005 0.5046875 0.15781250000000008 0.546875 0.19687500000000008 0.546875
0 0.2312500000000001 0.4734375 0.18593750000000003 0.4734375 0.18593750000000003 0.53125 0.2312500000000001 0.53125
0 0.640625 0.459375 0.5828125 0.459375 0.5828125 0.5109375 0.640625 0.5109375
0 0.6328125 0.4390625 0.5953125 0.4390625 0.5953125 0.459375 0.6328125 0.459375
0 0.684375 0.44375 0.634375 0.44375 0.634375 0.4953125 0.684375 0.4953125
0 0.7109375 0.4171875 0.6640625 0.4171875 0.6640625 0.4796875 0.7109375 0.4796875
0 0.7375 0.4171875000000001 0.6953125 0.4171875 0.6953125 0.4687500000000001 0.7375 0.46875000000000017
0 0.753125 0.4015625000000001 0.7140625 0.4015625 0.7140625 0.4640625000000001 0.753125 0.46406250000000016
0 0.7734375 0.3812500000000001 0.7421875 0.3812500000000001 0.7421875 0.4437500000000002 0.7734375 0.4437500000000002
0 0.7875 0.38750000000000007 0.7609375 0.38750000000000007 0.7609375 0.4390625000000002 0.7875 0.4390625000000002
0 0.8140625 0.3765625000000001 0.7765625 0.3765625000000001 0.7765625 0.43750000000000017 0.8140625 0.43750000000000017
0 0.8296875 0.35625000000000007 0.7921875 0.35625000000000007 0.7921875 0.40156250000000016 0.8296875 0.40156250000000016
0 0.7953125 0.34062500000000007 0.75625 0.34062500000000007 0.75625 0.3765625000000001 0.7953125 0.3765625000000001
0 0.76875 0.3156250000000001 0.71875 0.3156250000000001 0.71875 0.3515625000000001 0.76875 0.3515625000000001
0 0.7609375 0.35625000000000007 0.71875 0.35625000000000007 0.71875 0.38750000000000007 0.7609375 0.38750000000000007
0 0.7296875 0.3656250000000001 0.690625 0.3656250000000001 0.690625 0.4125000000000001 0.7296875 0.4125000000000002
0 0.7296875 0.3203125000000001 0.690625 0.3203125000000001 0.690625 0.35625000000000007 0.7296875 0.35625000000000007
0 0.7265625 0.2734375000000001 0.6765625 0.2734375000000001 0.6765625 0.3187500000000001 0.7265625 0.3187500000000001
0 0.6953125 0.3046875000000001 0.6609375 0.3046875000000001 0.6609375 0.3296875000000001 0.6953125 0.3296875000000001
0 0.6953125 0.3296875000000001 0.65625 0.3296875000000001 0.65625 0.35625000000000007 0.6953125 0.35625000000000007
0 0.6953125 0.35625000000000007 0.6484375 0.35625000000000007 0.6484375 0.4234375 0.6953125 0.4234375
0 0.65625 0.4078125 0.603125 0.4078125 0.603125 0.459375 0.65625 0.459375
0 0.9609375 0.18593750000000012 0.884375 0.1859375000000001 0.884375 0.2171875000000001 0.9609375 0.2171875000000001
0 0.9921875 0.2015625000000001 0.8921875 0.2015625000000001 0.8921875 0.2531250000000001 0.9921875 0.2531250000000001
0 0.996875 0.2062500000000001 0.934375 0.2062500000000001 0.934375 0.27812500000000007 0.996875 0.27812500000000007
0 0.996875 0.2531250000000001 0.946875 0.2531250000000001 0.946875 0.29375000000000007 0.996875 0.29375000000000007
0 0.9953125 0.2843750000000001 0.95 0.2843750000000001 0.95 0.3156250000000001 0.9953125 0.3156250000000001
0 0.996875 0.3140625000000001 0.934375 0.3140625000000001 0.934375 0.35625000000000007 0.996875 0.35625000000000007
0 0.996875 0.34062500000000007 0.9109375 0.34062500000000007 0.9109375 0.3859375000000001 0.996875 0.3859375000000001
0 0.9578125 0.3140625000000001 0.8921875 0.3140625000000001 0.8921875 0.3765625000000001 0.9578125 0.3765625000000001
0 0.9109375 0.3765625000000001 0.865625 0.3765625000000001 0.865625 0.4125000000000002 0.9109375 0.4125000000000002
0 0.8953125 0.35625000000000007 0.85 0.35625000000000007 0.85 0.38750000000000007 0.8953125 0.38750000000000007
0 0.93125 0.2843750000000001 0.8734375 0.2843750000000001 0.8734375 0.3515625000000001 0.93125 0.3515625000000001
0 0.934375 0.26250000000000007 0.871875 0.26250000000000007 0.871875 0.3203125000000001 0.934375 0.3203125000000001
0 0.8765625 0.32500000000000007 0.7984375 0.32500000000000007 0.7984375 0.3765625000000001 0.8765625 0.3765625000000001
0 0.8765625 0.2828125000000001 0.81875 0.2828125000000001 0.81875 0.32500000000000007 0.8765625 0.32500000000000007
0 0.9109375 0.2484375000000001 0.8421875 0.2484375000000001 0.8421875 0.2843750000000001 0.9109375 0.2843750000000001
0 0.8921875 0.21093750000000008 0.821875 0.21093750000000008 0.821875 0.2531250000000001 0.8921875 0.2531250000000001
0 0.8375 0.2578125000000001 0.8 0.2578125000000001 0.8 0.2984375000000001 0.8375 0.2984375000000001
0 0.8109375 0.2843750000000001 0.771875 0.2843750000000001 0.771875 0.3296875000000001 0.8109375 0.3296875000000001
0 0.78125 0.2734375000000001 0.75 0.2734375000000001 0.75 0.30937500000000007 0.78125 0.30937500000000007
0 0.7453125 0.2890625000000001 0.725 0.2890625000000001 0.725 0.3046875000000001 0.7453125 0.3046875000000001
0 0.6609375 0.3453125000000001 0.6109375 0.3453125000000001 0.6109375 0.4078125 0.6609375 0.4078125
0 0.6140625 0.3656250000000001 0.5671875 0.3656250000000001 0.5671875 0.4171875 0.6140625 0.4171875
0 0.6140625 0.3609375000000001 0.5859375 0.3609375000000001 0.5859375 0.3765625000000001 0.6140625 0.3765625000000001
0 0.6296875 0.3187500000000001 0.5953125 0.3187500000000001 0.5953125 0.3609375000000001 0.6296875 0.3609375000000001
0 0.6609375 0.2984375000000001 0.61875 0.2984375000000001 0.61875 0.32500000000000007 0.6609375 0.32500000000000007
0 0.66875 0.27812500000000007 0.640625 0.27812500000000007 0.640625 0.3046875000000001 0.66875 0.3046875000000001
0 0.6453125 0.2828125000000001 0.6140625 0.2828125000000001 0.6140625 0.30937500000000007 0.6453125 0.30937500000000007
0 0.6375 0.2531250000000001 0.60625 0.2531250000000001 0.60625 0.27812500000000007 0.6375 0.27812500000000007
0 0.6140625 0.2734375000000001 0.5796875 0.2734375000000001 0.5796875 0.30937500000000007 0.6140625 0.30937500000000007
0 0.60625 0.30937500000000007 0.5671875 0.30937500000000007 0.5671875 0.3343750000000001 0.60625 0.3343750000000001
0 0.5984375 0.29375000000000007 0.559375 0.29375000000000007 0.559375 0.3203125000000001 0.5984375 0.3203125000000001
0 0.5640625 0.3203125000000001 0.540625 0.3203125000000001 0.540625 0.34062500000000007 0.5640625 0.34062500000000007
0 0.5875 0.34062500000000007 0.553125 0.34062500000000007 0.553125 0.37187500000000007 0.5875 0.37187500000000007
0 0.5640625 0.3453125000000001 0.525 0.3453125000000001 0.525 0.4015625 0.5640625 0.4015625
0 0.5453125 0.32500000000000007 0.5171875 0.32500000000000007 0.5171875 0.3609375000000001 0.5453125 0.3609375000000001
0 0.671875 0.1859375000000001 0.590625 0.1859375000000001 0.590625 0.26250000000000007 0.671875 0.26250000000000007
0 0.71875 0.1906250000000001 0.6484375 0.1906250000000001 0.6484375 0.2375000000000001 0.71875 0.2375000000000001
0 0.771875 0.1593750000000001 0.6796875 0.1593750000000001 0.6796875 0.1859375000000001 0.771875 0.1859375000000001
0 0.8140625 0.15000000000000008 0.721875 0.15000000000000008 0.721875 0.2171875000000001 0.8140625 0.2171875000000001
0 0.8765625 0.1437500000000001 0.7984375 0.1437500000000001 0.7984375 0.2015625000000001 0.8765625 0.2015625000000001
0 0.8109375 0.1906250000000001 0.753125 0.1906250000000001 0.753125 0.2218750000000001 0.8109375 0.2218750000000001
0 0.7921875 0.2328125000000001 0.7265625 0.2328125000000001 0.7265625 0.27812500000000007 0.7921875 0.27812500000000007
0 0.7609375 0.2171875000000001 0.6796875 0.2171875000000001 0.6796875 0.26250000000000007 0.7609375 0.26250000000000007
0 0.5828125 0.2484375000000001 0.5484375 0.2484375000000001 0.5484375 0.3000000000000001 0.5828125 0.3000000000000001
0 0.553125 0.2578125000000001 0.5296875 0.2578125000000001 0.5296875 0.2890625000000001 0.553125 0.2890625000000001
0 0.5671875 0.2843750000000001 0.5328125 0.2843750000000001 0.5328125 0.3203125000000001 0.5671875 0.3203125000000001
0 0.540625 0.2984375000000001 0.509375 0.2984375000000001 0.509375 0.34062500000000007 0.540625 0.34062500000000007
0 0.525 0.27812500000000007 0.49375 0.27812500000000007 0.49375 0.3046875000000001 0.525 0.3046875000000001
0 0.5171875 0.3000000000000001 0.475 0.3000000000000001 0.475 0.3515625000000001 0.5171875 0.3515625000000001
0 0.478125 0.30937500000000007 0.459375 0.30937500000000007 0.459375 0.3343750000000001 0.478125 0.3343750000000001
0 0.4671875 0.3140625000000001 0.4359375 0.3140625000000001 0.4359375 0.3453125000000001 0.4671875 0.3453125000000001
0 0.4296875 0.30937500000000007 0.40625 0.30937500000000007 0.40625 0.34062500000000007 0.4296875 0.34062500000000007
0 0.5484375 0.06250000000000007 0.5140625 0.06250000000000007 0.5140625 0.13906250000000006 0.5484375 0.1390625000000001
0 0.5984375 0.09218750000000006 0.540625 0.09218750000000006 0.540625 0.13437500000000008 0.5984375 0.13437500000000008
0 0.5171875 0.08750000000000006 0.4828125 0.08750000000000006 0.4828125 0.15937500000000004 0.5171875 0.15937500000000004
0 0.5015625 0.13906250000000003 0.4671875 0.13906250000000003 0.4671875 0.17031250000000003 0.5015625 0.17031250000000003
0 0.5171875 0.16562500000000005 0.490625 0.16562500000000005 0.490625 0.19687500000000005 0.5171875 0.19687500000000005
0 0.5484375 0.17500000000000007 0.525 0.17500000000000004 0.525 0.2015625000000001 0.5484375 0.2015625000000001
0 0.5375 0.19062500000000004 0.509375 0.19062500000000004 0.509375 0.2171875000000001 0.5375 0.2171875000000001
0 0.553125 0.2218750000000001 0.5296875 0.2218750000000001 0.5296875 0.2531250000000001 0.553125 0.2531250000000001
0 0.571875 0.2062500000000001 0.54375 0.2062500000000001 0.54375 0.2312500000000001 0.571875 0.2312500000000001
0 0.525 0.2218750000000001 0.4984375 0.2218750000000001 0.4984375 0.2468750000000001 0.525 0.2468750000000001
0 0.5296875 0.2468750000000001 0.4875 0.2468750000000001 0.4875 0.2890625000000001 0.5296875 0.2890625000000001
0 0.490625 0.2843750000000001 0.4625 0.2843750000000001 0.4625 0.3046875000000001 0.490625 0.3046875000000001
0 0.459375 0.2578125000000001 0.425 0.2578125000000001 0.425 0.30937500000000007 0.459375 0.30937500000000007
0 0.4828125 0.2640625000000001 0.4328125 0.2640625000000001 0.4328125 0.2843750000000001 0.4828125 0.2843750000000001
0 0.4984375 0.2218750000000001 0.459375 0.2218750000000001 0.459375 0.2671875000000001 0.4984375 0.2671875000000001
0 0.425 0.27812500000000007 0.39375 0.27812500000000007 0.39375 0.3046875000000001 0.425 0.3046875000000001
0 0.40625 0.3000000000000001 0.371875 0.3000000000000001 0.371875 0.3359375000000001 0.40625 0.3359375000000001
0 0.39375 0.26875000000000004 0.359375 0.26875 0.359375 0.30000000000000004 0.39375 0.3000000000000001
0 0.4328125 0.2218750000000001 0.390625 0.2218750000000001 0.390625 0.2828125000000001 0.4328125 0.2828125000000001
0 0.4671875 0.2218750000000001 0.4328125 0.2218750000000001 0.4328125 0.2531250000000001 0.4671875 0.2531250000000001
0 0.45625 0.19687500000000005 0.421875 0.19687500000000005 0.421875 0.22812500000000008 0.45625 0.22812500000000008
0 0.49375 0.17968750000000006 0.44375 0.17968750000000006 0.44375 0.2218750000000001 0.49375 0.2218750000000001
0 0.4328125 0.19062500000000004 0.378125 0.19062500000000004 0.378125 0.2328125000000001 0.4328125 0.2328125000000001
0 0.3828125 0.20625000000000004 0.359375 0.20625 0.359375 0.23750000000000004 0.3828125 0.2375000000000001
0 0.3984375 0.2328125000000001 0.3640625 0.2328125000000001 0.3640625 0.2687500000000001 0.3984375 0.2687500000000001
0 0.3671875 0.23750000000000004 0.3390625 0.2375 0.3390625 0.27812500000000007 0.3671875 0.27812500000000007
0 0.3703125 0.27343750000000006 0.328125 0.2734375 0.328125 0.30937500000000007 0.3703125 0.30937500000000007
0 0.3359375 0.26875 0.2890625 0.26875 0.2890625 0.3140625 0.3359375 0.3140625
0 0.3484375 0.2421875 0.3171875 0.2421875 0.3171875 0.2734375 0.3484375 0.2734375
0 0.31718750000000007 0.309375 0.259375 0.309375 0.259375 0.3765625 0.31718750000000007 0.3765625
0 0.3546875 0.3046875 0.309375 0.3046875 0.309375 0.3453125 0.3546875 0.3453125
0 0.28125000000000006 0.3609375 0.2203125 0.3609375 0.22031250000000005 0.428125 0.2812500000000001 0.428125
0 0.26562500000000006 0.3140625 0.2203125 0.3140625 0.22031250000000005 0.371875 0.2656250000000001 0.371875
0 0.22812500000000008 0.3875 0.17812500000000003 0.3875 0.17812500000000003 0.4546875 0.22812500000000008 0.4546875
0 0.18906250000000008 0.490625 0.13593750000000004 0.490625 0.13593750000000007 0.5625 0.18906250000000008 0.5625
0 0.18125000000000005 0.4078125 0.13906250000000003 0.4078125 0.13906250000000003 0.4640625 0.18125000000000005 0.4640625
0 0.2625 0.3296875 0.2359375 0.3296875 0.2359375 0.35625 0.2625 0.35625
0 0.2671875 0.29375 0.24375 0.29375 0.24375 0.3203125 0.2671875 0.3203125
0 0.2515625 0.3 0.2234375 0.3 0.2234375 0.3359375 0.2515625 0.3359375
0 0.2328125 0.3 0.2015625 0.3 0.2015625 0.3359375 0.2328125 0.3359375
0 0.2015625 0.29375 0.17031250000000003 0.29375 0.17031250000000003 0.334375 0.2015625 0.334375
0 0.20468750000000005 0.3453125 0.17343750000000005 0.3453125 0.17343750000000005 0.365625 0.20468750000000008 0.365625
0 0.18593750000000003 0.35625 0.14687500000000003 0.35625 0.14687500000000003 0.3921875 0.18593750000000003 0.3921875
0 0.16250000000000003 0.35625 0.12812500000000004 0.35625 0.12812500000000004 0.3875 0.16250000000000003 0.3875
0 0.13906250000000003 0.371875 0.10468750000000004 0.371875 0.10468750000000004 0.4171875 0.13906250000000003 0.4171875
0 0.17812500000000003 0.4015625 0.13906250000000003 0.4015625 0.13906250000000003 0.428125 0.17812500000000003 0.428125
0 0.10937500000000004 0.3921875 0.08593750000000004 0.3921875 0.08593750000000004 0.4375 0.10937500000000004 0.4375
0 0.11562500000000005 0.4234375 0.07812500000000004 0.4234375 0.07812500000000006 0.4546875 0.11562500000000005 0.4546875
0 0.13906250000000003 0.428125 0.10781250000000005 0.428125 0.10781250000000005 0.4484375 0.13906250000000003 0.4484375
0 0.14687500000000003 0.4484375 0.10000000000000005 0.4484375 0.10000000000000005 0.4953125 0.14687500000000003 0.4953125
0 0.08906250000000007 0.4640625 0.05468750000000007 0.4640625 0.05468750000000007 0.4953125 0.08906250000000007 0.4953125
0 0.09687500000000007 0.4796875 0.06562500000000007 0.4796875 0.06562500000000007 0.525 0.09687500000000007 0.525
0 0.12343750000000006 0.5046875 0.07031250000000007 0.5046875 0.07031250000000007 0.546875 0.12343750000000009 0.546875
0 0.07656250000000006 0.428125 0.02343750000000005 0.428125 0.023437500000000052 0.4734375 0.07656250000000006 0.4734375
0 0.042187500000000044 0.340625 4.171453159595672e-17 0.340625 4.544587731210881e-17 0.4015625 0.042187500000000044 0.4015625
0 0.050000000000000044 0.365625 4.4776148593825096e-17 0.365625 4.76464145293267e-17 0.4125 0.050000000000000044 0.4125
0 0.10468750000000004 0.371875 0.026562500000000044 0.371875 0.02656250000000005 0.4390625 0.10468750000000004 0.4390625
0 0.17343750000000005 0.3046875 0.050000000000000044 0.3046875 0.050000000000000044 0.3921875 0.17343750000000005 0.3921875
0 0.17031250000000003 0.253125 0.08906250000000002 0.253125 0.08906250000000003 0.3296875 0.17031250000000003 0.3296875
0 0.03437500000000003 0.221875 2.71718508560819e-17 0.221875 2.994644126040012e-17 0.2671875 0.03437500000000003 0.2671875
0 0.06562500000000003 0.2421875 2.9659414666849956e-17 0.2421875 3.3773462507735604e-17 0.309375 0.06562500000000004 0.309375
0 0.10000000000000005 0.253125 3.099887210341738e-17 0.253125 3.664372844323721e-17 0.3453125 0.10000000000000005 0.3453125
0 0.12343750000000002 0.1796875 0.050000000000000024 0.1796875 0.050000000000000024 0.20625 0.12343750000000005 0.20625
0 0.09687500000000002 0.20625 0.042187500000000024 0.20625 0.042187500000000024 0.2265625 0.09687500000000002 0.2265625
0 0.10468750000000004 0.2171875 0.034375000000000024 0.2171875 0.03437500000000003 0.2625 0.10468750000000004 0.2625
0 0.15937500000000004 0.2125 0.09375000000000003 0.2125 0.09375000000000003 0.2484375 0.15937500000000004 0.2484375
0 0.18593750000000003 0.2421875 0.11250000000000004 0.2421875 0.11250000000000004 0.278125 0.18593750000000003 0.278125
0 0.2125 0.2578125 0.14687500000000003 0.2578125 0.14687500000000003 0.2828125 0.2125 0.2828125
0 0.275 0.253125 0.2015625 0.253125 0.2015625 0.2890625 0.275 0.2890625
0 0.309375 0.221875 0.2703125 0.221875 0.2703125 0.2625 0.309375 0.2625
0 0.3625 0.2109375 0.3125 0.2109375 0.3125 0.2375 0.3625 0.2375
0 0.265625 0.09375000000000003 0.228125 0.09375000000000003 0.228125 0.12500000000000006 0.265625 0.12500000000000006
0 0.2859375 0.08750000000000004 0.2578125 0.08750000000000002 0.2578125 0.11875000000000005 0.2859375 0.11875000000000005
0 0.30625 0.07187500000000005 0.275 0.07187500000000005 0.275 0.10312500000000005 0.30625 0.10312500000000005
0 0.34375 0.026562500000000037 0.3046875 0.026562500000000034 0.3046875 0.06250000000000004 0.34375 0.06250000000000004
0 0.3671875 0.035937500000000046 0.34375 0.035937500000000046 0.34375 0.06250000000000004 0.3671875 0.06250000000000004
0 0.2625 0.04687500000000003 0.2234375 0.04687500000000002 0.2234375 0.08281250000000002 0.2625 0.08281250000000002
0 0.29375 0.026562500000000034 0.2625 0.026562500000000034 0.2625 0.05781250000000003 0.29375 0.057812500000000044
0 0.228125 0.07187500000000002 0.2 0.07187500000000002 0.2 0.11406250000000004 0.228125 0.11406250000000004
0 0.2015625 0.08750000000000002 0.196875 0.08750000000000002 0.196875 0.11406250000000004 0.2015625 0.11406250000000004
0 0.2734375 0.2484375 0.228125 0.2484375 0.228125 0.284375 0.2734375 0.284375
0 0.275 0.2171875 0.225 0.2171875 0.225 0.253125 0.275 0.253125
0 0.3015625 0.19687500000000005 0.2671875 0.19687500000000005 0.2671875 0.2328125 0.3015625 0.2328125
0 0.13906250000000003 0.1859375 0.07656250000000002 0.1859375 0.07656250000000002 0.20625 0.13906250000000003 0.20625
0 0.19687500000000002 0.17031250000000003 0.1421875 0.1703125 0.14218750000000002 0.2015625 0.19687500000000005 0.2015625
0 0.2546875 0.15937500000000004 0.196875 0.15937500000000004 0.19687500000000002 0.20625 0.2546875 0.20625
0 0.3171875 0.17500000000000004 0.2390625 0.17500000000000004 0.2390625 0.221875 0.3171875 0.221875
0 0.2390625 0.19531250000000003 0.17812500000000003 0.1953125 0.17812500000000003 0.253125 0.2390625 0.253125
0 0.19375000000000003 0.19531250000000003 0.13593750000000004 0.1953125 0.13593750000000004 0.2375 0.19375000000000003 0.2375
0 0.346875 0.17968750000000006 0.309375 0.17968750000000006 0.309375 0.20625 0.346875 0.20625
0 0.3546875 0.13437500000000005 0.3125 0.13437500000000005 0.3125 0.17031250000000003 0.3546875 0.17031250000000003
0 0.39375 0.11406250000000004 0.3515625 0.11406250000000004 0.3515625 0.15937500000000004 0.39375 0.15937500000000004
0 0.421875 0.15468750000000003 0.35625 0.15468750000000003 0.35625 0.20156250000000003 0.421875 0.2015625000000001
0 0.44375 0.11875000000000005 0.40625 0.11875000000000005 0.40625 0.16406250000000006 0.44375 0.16406250000000006
0 0.459375 0.13906250000000003 0.428125 0.13906250000000003 0.428125 0.18593750000000003 0.459375 0.18593750000000003
0 0.475 0.09843750000000005 0.4359375 0.09843750000000004 0.4359375 0.14375000000000004 0.475 0.14375000000000004
0 0.425 0.06718750000000004 0.378125 0.06718750000000004 0.378125 0.13437500000000005 0.425 0.13437500000000005
0 0.49375 0.04218750000000006 0.4328125 0.04218750000000006 0.4328125 0.09375000000000006 0.49375 0.09375000000000007
0 0.5171875 0.010937500000000058 0.425 0.010937500000000053 0.425 0.05156250000000005 0.5171875 0.05156250000000007
0 0.5796875 0.010937500000000067 0.5015625 0.010937500000000062 0.5015625 0.07187500000000006 0.5796875 0.07187500000000006
0 0.675 0.010937500000000076 0.571875 0.010937500000000069 0.571875 0.06250000000000008 0.675 0.06250000000000008
0 0.771875 0.01562500000000009 0.66875 0.015625000000000083 0.66875 0.07187500000000009 0.771875 0.07187500000000009
0 0.425 0.010937500000000048 0.3703125 0.010937500000000044 0.3703125 0.07187500000000005 0.425 0.07187500000000005
0 0.2515625 0.020312500000000032 0.209375 0.02031250000000003 0.209375 0.06718750000000002 0.2515625 0.06718750000000002
0 0.228125 0.015625000000000024 0.196875 0.01562500000000002 0.196875 0.035937500000000025 0.228125 0.03593750000000003
0 0.05468750000000007 0.484375 5.931882933369991e-17 0.484375 6.659016970363734e-17 0.603125 0.05468750000000007 0.603125
0 0.06875000000000007 0.53125 6.505936120470313e-17 0.53125 7.26177281681907e-17 0.6546875 0.06875000000000009 0.6546875
0 0.11875000000000009 0.5578125 0.08125000000000007 0.5578125 0.08125000000000007 0.59375 0.11875000000000009 0.59375
0 0.023437500000000062 0.490625 6.008423358316702e-17 0.490625 6.228477080038492e-17 0.5265625 0.023437500000000066 0.5265625
0 0.026562500000000055 0.421875 5.166478683902896e-17 0.421875 5.57788346799146e-17 0.4890625 0.026562500000000055 0.4890625