4 0.2734375 0.12187500000000002 0.1515625 0.121875 0.15156250000000002 0.303125 0.2734375 0.303125
4 0.4078125 0.07187500000000004 0.2296875 0.07187500000000002 0.22968750000000004 0.409375 0.4078125 0.409375
4 0.4296875 0.13281250000000006 0.34375 0.13281250000000006 0.34375 0.3375 0.4296875 0.3375000000000001
4 0.5421875 0.13281250000000006 0.434375 0.13281250000000006 0.434375 0.2984375000000001 0.5421875 0.2984375000000001
4 0.6015625 0.028125000000000074 0.509375 0.028125000000000067 0.509375 0.4359375 0.6015625 0.4359375
4 0.58125 0.034375000000000065 0.5515625 0.034375000000000065 0.5515625 0.4375 0.58125 0.4375
4 0.659375 0.08750000000000008 0.5875 0.08750000000000006 0.5875 0.20468750000000008 0.659375 0.20468750000000008
4 0.6953125 0.1828125000000001 0.6203125 0.1828125000000001 0.6203125 0.2984375000000001 0.6953125 0.2984375000000001
4 0.6703125 0.2812500000000001 0.6015625 0.2812500000000001 0.6015625 0.3921875000000001 0.6703125 0.3921875000000001
4 0.6703125 0.4359375 0.6265625 0.4359375 0.6265625 0.5140625 0.6703125 0.5140625
4 0.7640625000000001 0.49687500000000007 0.6640625 0.496875 0.6640625000000001 0.784375 0.7640625000000002 0.7843750000000002
4 0.7953125 0.3531250000000001 0.6921875 0.3531250000000001 0.6921875 0.4921875000000001 0.7953125 0.49218750000000017
4 0.8203125 0.1609375000000001 0.6921875 0.1609375000000001 0.6921875 0.3421875000000001 0.8203125 0.3421875000000001
4 0.7359375000000001 0.6187500000000001 0.4921875 0.61875 0.4921875000000001 0.971875 0.7359375000000001 0.971875
4 0.7234375000000002 0.8015625 0.7062500000000002 0.8015625 0.7062500000000002 0.8515625 0.7234375000000002 0.8515625
4 0.678125 0.5140625 0.5625 0.5140625 0.5625 0.6625 0.678125 0.6625
4 0.5234375000000001 0.6859375 0.4796875 0.6859375 0.4796875000000001 0.790625 0.5234375000000002 0.790625
4 0.6093750000000002 0.790625 0.48437500000000017 0.790625 0.48437500000000017 0.9609375 0.6093750000000002 0.9609375
4 0.47343750000000007 0.653125 0.4375 0.653125 0.4375000000000001 0.746875 0.4734375000000002 0.746875
4 0.4671875000000002 0.746875 0.3593750000000001 0.746875 0.3593750000000001 0.9515625 0.4671875000000002 0.9515625
4 0.3703125000000001 0.696875 0.2484375000000001 0.696875 0.2484375000000001 0.9015625 0.3703125000000001 0.9015625
4 0.4125 0.4140625 0.3296875000000001 0.4140625 0.3296875000000001 0.5078125 0.4125 0.5078125
4 0.4015625000000001 0.5140625 0.3546875000000001 0.5140625 0.3546875000000001 0.740625 0.40156250000000016 0.740625
4 0.3156250000000001 0.5078125 0.2328125000000001 0.5078125 0.2328125000000001 0.6078125 0.3156250000000001 0.6078125
4 0.39531250000000007 0.575 0.2875000000000001 0.575 0.2875000000000001 0.740625 0.39531250000000007 0.740625
4 0.29375000000000007 0.596875 0.1828125000000001 0.596875 0.1828125000000001 0.71875 0.29375000000000007 0.71875
4 0.2375000000000001 0.4859375 0.16562500000000005 0.4859375 0.16562500000000008 0.596875 0.2375000000000001 0.596875
4 0.2984375000000001 0.3859375 0.2234375000000001 0.3859375 0.2234375000000001 0.503125 0.2984375000000001 0.503125
4 0.459375 0.30468750000000006 0.29375 0.3046875 0.29375000000000007 0.4140625 0.459375 0.4140625