0 0.9953125 0.5750000000000002 0.7359375 0.5750000000000002 0.7359375000000001 0.9328125 0.9953125 0.9328125
0 0.9953125 0.9125 0.846875 0.9125 0.846875 0.9953125 0.9953125 0.9953125
0 0.859375 0.8234375 0.7406250000000002 0.8234375 0.7406250000000002 0.9953125 0.859375 0.9953125
0 0.996875 0.4515625000000002 0.796875 0.4515625000000002 0.796875 0.6578125000000001 0.996875 0.6578125000000001
0 0.9734375 0.15000000000000008 0.5125 0.15000000000000005 0.5125 0.6109375000000001 0.9734375 0.6109375000000001
0 0.6546875 0.3375000000000001 0.5671875 0.3375000000000001 0.5671875 0.4609375 0.6546875 0.4609375
0 0.725 0.4453125 0.625 0.4453125 0.625 0.565625 0.725 0.565625
0 0.765625 0.5437500000000001 0.678125 0.54375 0.678125 0.6578125000000001 0.765625 0.6578125000000001
0 0.7859375 0.628125 0.725 0.628125 0.725 0.7109375000000001 0.7859375 0.7109375000000002
0 0.678125 0.534375 0.5859375 0.534375 0.5859375 0.6484375 0.678125 0.6484375
0 0.628125 0.440625 0.540625 0.440625 0.540625 0.5484375 0.628125 0.5484375
0 0.6859375 0.6578125 0.6046875 0.6578125 0.6046875 0.7203125 0.6859375 0.7203125
0 0.7359375000000001 0.7000000000000001 0.6546875 0.7 0.6546875000000001 0.7765625 0.7359375000000001 0.7765625000000002
0 0.84375 0.6421875000000001 0.3140625000000001 0.6421875 0.3140625000000001 0.9953125 0.84375 0.9953125
0 0.8125 0.9484375 0.6593750000000002 0.9484375 0.6593750000000002 0.9953125 0.8125 0.9953125
0 0.3906250000000001 0.5796875 0.15781250000000008 0.5796875 0.15781250000000008 0.896875 0.3906250000000001 0.896875
0 0.60625 0.503125 0.3609375000000001 0.503125 0.3609375000000001 0.7 0.60625 0.7
0 0.4015625 0.275 0.203125 0.275 0.20312500000000006 0.6265625 0.4015625 0.6265625
0 0.5671875 0.12500000000000006 0.2140625 0.12500000000000006 0.21406250000000004 0.503125 0.5671875 0.503125
0 0.09218750000000005 0.1046875 1.2820521178573852e-17 0.1046875 3.501724441311963e-17 0.4671875 0.09218750000000006 0.4671875
0 0.09218750000000002 0.1140625 0.03750000000000001 0.1140625 0.03750000000000002 0.1859375 0.09218750000000002 0.1859375
0 0.1765625 0.09843750000000002 0.1 0.09843750000000002 0.10000000000000002 0.1859375 0.17656250000000004 0.1859375
0 0.215625 0.16562500000000002 0.1390625 0.165625 0.13906250000000003 0.2703125 0.215625 0.2703125
0 0.234375 0.18750000000000006 0.2078125 0.18750000000000006 0.2078125 0.2546875 0.234375 0.2546875
0 0.2296875 0.2546875 0.16562500000000005 0.2546875 0.16562500000000005 0.3015625 0.2296875 0.3015625
0 0.17656250000000004 0.26875 0.10000000000000005 0.26875 0.10000000000000005 0.3734375 0.17656250000000004 0.3734375
0 0.14687500000000003 0.1765625 0.08906250000000002 0.1765625 0.08906250000000002 0.26875 0.14687500000000003 0.26875
0 0.27187500000000003 0.2859375 3.501724441311963e-17 0.2859375 6.008423358316701e-17 0.6953125 0.2718750000000001 0.6953125
0 0.1609375000000001 0.7625 0.06875000000000009 0.7625 0.0687500000000001 0.8859375 0.1609375000000001 0.8859375
0 0.33281250000000007 0.803125 0.11875000000000009 0.803125 0.1187500000000001 0.9953125 0.33281250000000007 0.9953125
0 0.11562500000000012 0.90625 1.1098361617272889e-16 0.90625 1.1643712145018196e-16 0.9953125 0.11562500000000013 0.9953125
0 0.13750000000000012 0.646875 7.921933981984441e-17 0.646875 1.0045930774255631e-16 0.99375 0.13750000000000012 0.99375