0 0.6578125000000001 0.30937500000000007 0.3234375 0.309375 0.32343750000000004 0.928125 0.6578125000000001 0.928125
0 0.996875 0.026562500000000117 0.88125 0.02656250000000011 0.88125 0.3515625000000001 0.996875 0.3515625000000001
0 0.2078125000000001 0.3765625 4.6115606030392526e-17 0.3765625 7.988906853812813e-17 0.928125 0.2078125000000001 0.928125
0 0.7734375 0.2062500000000001 0.6078125 0.2062500000000001 0.6078125 0.4375000000000001 0.7734375 0.43750000000000017
0 0.7734375 0.004687500000000081 0.5578125 0.004687500000000068 0.5578125 0.30937500000000007 0.7734375 0.30937500000000007
0 0.55625 5.87447761465996e-17 0.403125 4.9368574090627673e-17 0.403125 0.09218750000000006 0.55625 0.09218750000000006
0 0.31093750000000003 1.903943070549401e-17 0 0 4.200155818950688e-17 0.6859375 0.3109375000000001 0.6859375
0 0.41875 3.626102631850366e-17 0.1734375 2.1239967922711906e-17 0.1734375 0.15000000000000002 0.41875 0.15000000000000005
0 0.6078125 0.046875000000000056 0.2609375 0.046875000000000035 0.26093750000000004 0.578125 0.6078125 0.578125
0 0.996875 0.6031250000000001 0.8265625 0.6031250000000001 0.8265625 0.9953125 0.996875 0.9953125
0 0.7734375000000001 0.5515625000000001 0.603125 0.5515625 0.6031250000000001 0.9234375 0.7734375000000002 0.9234375