0 0.9953125 0.7890625000000002 0.8921875 0.7890625000000002 0.8921875 0.9953125 0.9953125 0.9953125
0 0.996875 0.4281250000000001 0.5640625 0.428125 0.5640625000000001 0.809375 0.996875 0.809375
0 0.8265625 0.628125 0.625 0.628125 0.6250000000000001 0.825 0.8265625 0.825
0 0.9109375 0.809375 0.81875 0.809375 0.81875 0.9640625 0.9109375 0.9640625
0 0.884375 0.9484375 0.8265625 0.9484375 0.8265625 0.9953125 0.884375 0.9953125
0 0.8265625 0.85625 0.7218750000000002 0.85625 0.7218750000000002 0.990625 0.8265625 0.990625
0 0.7640625000000002 0.8765625 0.6953125000000002 0.8765625 0.6953125000000002 0.9953125 0.7640625000000002 0.9953125
0 0.9078125 0.4328125000000001 0.5640625 0.4328125 0.5640625000000001 0.88125 0.9078125 0.88125
0 0.6453125000000001 0.6703125 0.540625 0.6703125 0.5406250000000001 0.81875 0.6453125000000002 0.81875
0 0.7453125 0.5203125000000001 0.60625 0.5203125 0.60625 0.70625 0.7453125 0.7062500000000002
0 0.86875 0.6031250000000001 0.7796875 0.6031250000000001 0.7796875 0.7109375000000002 0.86875 0.7109375000000002
0 0.671875 0.4546875 0.5828125 0.4546875 0.5828125 0.5578125 0.671875 0.5578125
0 0.884375 0.3359375000000001 0.6671875 0.3359375000000001 0.6671875 0.6093750000000001 0.884375 0.6093750000000002
0 0.996875 0.46875000000000017 0.865625 0.46875000000000017 0.865625 0.7171875000000002 0.996875 0.7171875000000002
0 0.996875 0.24218750000000008 0.8296875 0.24218750000000008 0.8296875 0.46406250000000016 0.996875 0.46406250000000016
0 0.9953125 1.1107929170391227e-16 0.81875 1.0026795668018954e-16 0.81875 0.2531250000000001 0.9953125 0.2531250000000001
0 0.8921875 0.0984375000000001 0.7140625 0.0984375000000001 0.7140625 0.3453125000000001 0.8921875 0.3453125000000001
0 0.721875 0.18125000000000008 0.5375 0.18125000000000005 0.5375 0.4234375 0.721875 0.4234375
0 0.4203125000000001 0.603125 0.2515625000000001 0.603125 0.2515625000000001 0.8609375 0.4203125000000002 0.8609375
0 0.4281250000000002 0.815625 0.3593750000000001 0.815625 0.3593750000000001 0.9390625 0.4281250000000002 0.9390625
0 0.4515625000000002 0.8859375 0.40156250000000016 0.8859375 0.40156250000000016 0.9640625 0.4515625000000002 0.9640625
0 0.44062500000000016 0.953125 0.3937500000000001 0.953125 0.3937500000000001 0.9953125 0.44062500000000016 0.9953125
0 0.3890625000000001 0.9484375 0.3437500000000001 0.9484375 0.3437500000000001 0.9953125 0.3890625000000001 0.9953125
0 0.3593750000000001 0.88125 0.30156250000000007 0.88125 0.30156250000000007 0.984375 0.3593750000000001 0.984375
0 0.32500000000000007 0.865625 0.27031250000000007 0.865625 0.27031250000000007 0.975 0.32500000000000007 0.975
0 0.3046875000000001 0.959375 0.23593750000000008 0.959375 0.23593750000000008 0.9953125 0.3046875000000001 0.9953125
0 0.34843750000000007 0.975 0.2984375000000001 0.975 0.2984375000000001 0.9953125 0.34843750000000007 0.9953125
0 0.27812500000000007 0.753125 0.08906250000000009 0.753125 0.0890625000000001 0.9953125 0.27812500000000007 0.9953125
0 0.0937500000000001 0.809375 0.0203125000000001 0.809375 0.020312500000000105 0.9125 0.09375000000000011 0.9125
0 0.14218750000000013 0.9171875 1.123230736092963e-16 0.9171875 1.1701117463728229e-16 0.99375 0.14218750000000013 0.99375
0 0.2750000000000001 0.6453125 0.1671875000000001 0.6453125 0.1671875000000001 0.76875 0.2750000000000001 0.76875
0 0.2828125000000001 0.428125 0.10937500000000004 0.428125 0.10937500000000007 0.6546875 0.2828125000000001 0.6546875
0 0.39375000000000004 0.17031250000000003 0.228125 0.17031250000000003 0.22812500000000005 0.4796875 0.3937500000000001 0.4796875
0 0.5359375 0.10937500000000004 0.359375 0.10937500000000004 0.359375 0.33593750000000006 0.5359375 0.3359375000000001
0 0.5515625 5.673558999174847e-17 0.375 4.592425496802575e-17 0.375 0.09843750000000005 0.5515625 0.09843750000000007
0 0.540625 0.08281250000000007 0.49375 0.08281250000000007 0.49375 0.15000000000000005 0.540625 0.15000000000000005
0 0.590625 0.07187500000000006 0.540625 0.07187500000000006 0.540625 0.13906250000000006 0.590625 0.1390625000000001
0 0.5984375 0.12343750000000006 0.54375 0.12343750000000005 0.54375 0.19062500000000007 0.5984375 0.1906250000000001
0 0.6328125 0.1281250000000001 0.5984375 0.1281250000000001 0.5984375 0.1859375000000001 0.6328125 0.1859375000000001
0 0.671875 0.09843750000000008 0.6171875 0.09843750000000007 0.6171875 0.18125000000000008 0.671875 0.18125000000000008
0 0.71875 0.07187500000000009 0.6640625 0.07187500000000009 0.6640625 0.1593750000000001 0.71875 0.1593750000000001
0 0.7328125 0.1390625000000001 0.6796875 0.1390625000000001 0.6796875 0.2171875000000001 0.7328125 0.2171875000000001
0 0.771875 0.0828125000000001 0.7109375 0.0828125000000001 0.7109375 0.1546875000000001 0.771875 0.1546875000000001
0 0.771875 0.026562500000000093 0.703125 0.02656250000000009 0.703125 0.0984375000000001 0.771875 0.0984375000000001
0 0.81875 0.020312500000000098 0.771875 0.020312500000000094 0.771875 0.10312500000000009 0.81875 0.10312500000000009
0 0.853125 0.06718750000000011 0.81875 0.06718750000000011 0.81875 0.11250000000000009 0.853125 0.11250000000000009
0 0.86875 1.014160630543902e-16 0.7875 9.644093543285407e-17 0.7875 0.0718750000000001 0.86875 0.0718750000000001
0 0.903125 1.0639119067592632e-16 0.834375 1.0218146730385728e-16 0.834375 0.03593750000000011 0.903125 0.03593750000000011
0 0.9390625 1.1289712679639661e-16 0.9046875 1.1079226511036212e-16 0.9046875 0.015625000000000114 0.9390625 0.015625000000000118
0 0.9734375 1.1615009485663178e-16 0.9234375 1.130884778587634e-16 0.9234375 0.04687500000000012 0.9734375 0.046875000000000125
0 0.7765625 9.270958971670199e-17 0.7375 9.031770143711729e-17 0.7375 0.0312500000000001 0.7765625 0.0312500000000001
0 0.740625 8.840419081344955e-17 0.703125 8.610797806504827e-17 0.703125 0.03125000000000009 0.740625 0.03125000000000009
0 0.7140625 8.342906319191344e-17 0.6484375 7.941069088221118e-17 0.6484375 0.06250000000000008 0.7140625 0.06250000000000008
0 0.690625 0.03125000000000008 0.6140625 0.031250000000000076 0.6140625 0.09843750000000008 0.690625 0.0984375000000001
0 0.640625 0.07187500000000008 0.590625 0.07187500000000006 0.590625 0.12343750000000009 0.640625 0.12343750000000009
0 0.621875 0.03125000000000007 0.5796875 0.03125000000000007 0.5796875 0.07656250000000006 0.621875 0.07656250000000006
0 0.5796875 0.02031250000000007 0.540625 0.020312500000000067 0.540625 0.07812500000000007 0.5796875 0.07812500000000007
0 0.6640625 7.778420685209361e-17 0.60625 7.424421219830829e-17 0.60625 0.031250000000000076 0.6640625 0.031250000000000076
0 0.6015625 7.089556860688975e-17 0.55625 6.812097820257152e-17 0.55625 0.02031250000000007 0.6015625 0.020312500000000074
0 0.3859375 3.5208595475486407e-17 0.1890625 2.315347854637965e-17 0.18906250000000002 0.20156250000000003 0.3859375 0.2015625000000001
0 0.2546875 0.15000000000000002 0.1234375 0.15 0.12343750000000002 0.3296875 0.2546875 0.3296875
0 0.23593750000000005 0.2109375 0.09218750000000002 0.2109375 0.09218750000000003 0.428125 0.23593750000000008 0.428125
0 0.1968750000000001 0.6546875 8.017609513167828e-17 0.6546875 9.969390349308921e-17 0.9734375 0.19687500000000013 0.9734375
0 0.5218750000000002 0.928125 0.42500000000000016 0.928125 0.42500000000000016 0.9953125 0.5218750000000002 0.9953125
0 0.15468750000000003 0.2015625 2.4684287045313837e-17 0.2015625 3.348643591418544e-17 0.3453125 0.15468750000000003 0.3453125
0 0.12031250000000002 0.109375 0.039062500000000014 0.109375 0.039062500000000014 0.2125 0.12031250000000004 0.2125
0 0.15781250000000002 0.134375 0.115625 0.134375 0.11562500000000002 0.190625 0.15781250000000005 0.190625
0 0.1921875 0.10312500000000002 0.1546875 0.103125 0.1546875 0.15000000000000002 0.1921875 0.15000000000000005
0 0.05000000000000001 0.0875 1.071565949253934e-17 0.0875 1.769997326892659e-17 0.2015625 0.050000000000000024 0.2015625
0 0.196875 1.2055116929106758e-17 0 0 7.845393557037733e-18 0.12812500000000002 0.196875 0.12812500000000004
0 0.15937500000000004 0.3921875 0.09375000000000004 0.3921875 0.09375000000000006 0.4640625 0.15937500000000004 0.4640625
0 0.12031250000000004 0.3359375 0.06250000000000004 0.3359375 0.06250000000000004 0.403125 0.12031250000000004 0.403125
0 0.15000000000000005 0.3359375 0.11250000000000004 0.3359375 0.11250000000000004 0.371875 0.15000000000000005 0.371875
0 0.050000000000000044 0.3046875 3.731345716152092e-17 0.3046875 4.008804756583914e-17 0.35 0.050000000000000044 0.35
0 0.06562500000000004 0.35 4.286263797015736e-17 0.35 4.6689659217492833e-17 0.4125 0.06562500000000004 0.4125
0 0.11562500000000005 0.403125 0.01875000000000005 0.403125 0.01875000000000005 0.475 0.11562500000000005 0.475
0 0.08906250000000006 0.4484375 0.0031250000000000557 0.4484375 0.0031250000000000596 0.5203125 0.08906250000000007 0.5203125
0 0.11562500000000005 0.46875 0.07343750000000007 0.46875 0.07343750000000007 0.53125 0.11562500000000005 0.53125
0 0.10781250000000006 0.53125 0.06250000000000007 0.53125 0.06250000000000007 0.5625 0.10781250000000009 0.5625
0 0.07343750000000007 0.5109375 0.010937500000000063 0.5109375 0.010937500000000069 0.59375 0.07343750000000007 0.59375
0 0.1281250000000001 0.5671875 0.057812500000000065 0.5671875 0.057812500000000065 0.634375 0.1281250000000001 0.634375
0 0.12031250000000009 0.634375 0.08906250000000007 0.634375 0.08906250000000007 0.6796875 0.12031250000000009 0.6796875
0 0.08906250000000007 0.6078125 0.02656250000000008 0.6078125 0.026562500000000083 0.70625 0.08906250000000009 0.70625
0 0.03906250000000008 0.64375 7.883663769511086e-17 0.64375 8.266365894244634e-17 0.70625 0.03906250000000009 0.70625
0 0.07656250000000009 0.70625 0.02343750000000009 0.70625 0.02343750000000009 0.7734375 0.07656250000000009 0.7734375
0 0.026562500000000093 0.6953125 8.51512227532144e-17 0.6953125 9.203986099841826e-17 0.8078125 0.0265625000000001 0.8078125
0 0.03437500000000007 0.5671875 6.946043563913895e-17 0.5671875 7.48182653854086e-17 0.6546875 0.03437500000000008 0.6546875
0 0.018750000000000065 0.4890625 5.989288252080025e-17 0.4890625 6.496368567351975e-17 0.571875 0.018750000000000072 0.571875
0 0.010937500000000057 0.4265625 5.223884002612928e-17 0.4265625 5.606586127346476e-17 0.4890625 0.010937500000000062 0.4890625
0 0.5140625000000002 0.896875 0.47968750000000016 0.896875 0.47968750000000016 0.959375 0.5140625000000002 0.959375
0 0.4906250000000002 0.8609375 0.44843750000000016 0.8609375 0.44843750000000016 0.921875 0.4906250000000002 0.921875
0 0.5218750000000002 0.825 0.47968750000000016 0.825 0.47968750000000016 0.8921875 0.5218750000000002 0.8921875
0 0.5453125000000002 0.79375 0.5140625000000002 0.79375 0.5140625000000002 0.8453125 0.5453125000000002 0.8453125
0 0.5453125000000002 0.753125 0.5109375000000002 0.753125 0.5109375000000002 0.79375 0.5453125000000002 0.79375
0 0.5062500000000002 0.7578125 0.45625000000000016 0.7578125 0.45625000000000016 0.81875 0.5062500000000002 0.81875
0 0.4750000000000002 0.809375 0.4437500000000002 0.809375 0.4437500000000002 0.85 0.4750000000000002 0.85
0 0.4515625000000002 0.778125 0.4203125000000002 0.778125 0.4203125000000002 0.8203125 0.4515625000000002 0.8203125
0 0.4671875000000002 0.7421875 0.4359375000000002 0.7421875 0.4359375000000002 0.7828125 0.4671875000000002 0.7828125
0 0.5140625000000001 0.7015625 0.4640625 0.7015625 0.4640625000000001 0.7578125 0.5140625000000002 0.7578125
0 0.5437500000000001 0.6953125 0.50625 0.6953125 0.5062500000000001 0.7421875 0.5437500000000002 0.7421875
0 0.5609375000000001 0.7015625 0.5375 0.7015625 0.5375000000000001 0.7421875 0.5609375000000002 0.7421875
0 0.4593750000000001 0.690625 0.425 0.690625 0.4250000000000001 0.753125 0.4593750000000002 0.753125
0 0.478125 0.6390625 0.440625 0.6390625 0.440625 0.690625 0.478125 0.690625
0 0.503125 0.6765625 0.4796875 0.6765625 0.4796875 0.696875 0.503125 0.696875
0 0.5171875 0.603125 0.471875 0.603125 0.471875 0.665625 0.5171875 0.665625
0 0.5484375 0.6390625 0.50625 0.6390625 0.50625 0.6953125 0.5484375 0.6953125
0 0.575 0.5984375 0.5296875 0.5984375 0.5296875 0.665625 0.575 0.665625
0 0.475 0.5875 0.4359375 0.5875 0.4359375 0.6390625 0.475 0.6390625
0 0.490625 0.5359375 0.4515625 0.5359375 0.4515625 0.5921875 0.490625 0.5921875
0 0.525 0.546875 0.4859375 0.546875 0.4859375 0.5984375 0.525 0.5984375
0 0.559375 0.53125 0.521875 0.53125 0.521875 0.5921875 0.559375 0.5921875
0 0.5984375 0.4703125 0.559375 0.4703125 0.559375 0.5421875 0.5984375 0.5421875
0 0.571875 0.4546875 0.5375 0.4546875 0.5375 0.521875 0.571875 0.521875
0 0.56875 0.4078125 0.5375 0.4078125 0.5375 0.453125 0.56875 0.453125
0 0.5515625 0.35625000000000007 0.50625 0.35625000000000007 0.50625 0.4015625 0.5515625 0.4015625
0 0.5015625 0.3187500000000001 0.440625 0.3187500000000001 0.440625 0.3765625000000001 0.5015625 0.3765625000000001
0 0.4328125 0.3296875000000001 0.39375 0.3296875000000001 0.39375000000000004 0.37187500000000007 0.4328125 0.37187500000000007
0 0.50625 0.3656250000000001 0.45625 0.3656250000000001 0.45625 0.4234375 0.50625 0.4234375
0 0.540625 0.403125 0.49375 0.403125 0.49375 0.4546875 0.540625 0.4546875
0 0.5375 0.4640625 0.4875 0.4640625 0.4875 0.5359375 0.5375 0.5359375
0 0.4828125 0.484375 0.4484375 0.484375 0.4484375 0.53125 0.4828125 0.53125
0 0.490625 0.4328125 0.4515625 0.4328125 0.4515625 0.4796875 0.490625 0.4796875
0 0.459375 0.3859375000000001 0.4203125 0.3859375000000001 0.4203125 0.44375 0.459375 0.44375
0 0.4328125 0.3812500000000001 0.3906250000000001 0.3812500000000001 0.3906250000000001 0.4234375 0.4328125 0.4234375
0 0.3937500000000001 0.4078125 0.3625000000000001 0.4078125 0.3625000000000001 0.453125 0.3937500000000001 0.453125
0 0.440625 0.4328125 0.3984375000000001 0.4328125 0.3984375000000001 0.4796875 0.440625 0.4796875
0 0.4515625 0.4734375 0.4140625 0.4734375 0.4140625 0.515625 0.4515625 0.515625
0 0.409375 0.453125 0.3515625000000001 0.453125 0.3515625000000001 0.515625 0.409375 0.515625
0 0.45625 0.5265625 0.4140625 0.5265625 0.4140625 0.578125 0.45625 0.578125
0 0.4359375 0.5625 0.3984375000000001 0.5625 0.3984375000000001 0.6140625 0.4359375 0.6140625
0 0.4359375 0.603125 0.3906250000000001 0.603125 0.3906250000000001 0.659375 0.4359375 0.659375
0 0.3937500000000001 0.571875 0.3625000000000001 0.571875 0.3625000000000001 0.61875 0.3937500000000001 0.61875
0 0.409375 0.5203125 0.3703125000000001 0.5203125 0.3703125000000001 0.571875 0.409375 0.571875
0 0.3703125000000001 0.5265625 0.32500000000000007 0.5265625 0.32500000000000007 0.5875 0.3703125000000001 0.5875
0 0.3593750000000001 0.475 0.3046875000000001 0.475 0.3046875000000001 0.5265625 0.3593750000000001 0.5265625
0 0.3281250000000001 0.5109375 0.28593750000000007 0.5109375 0.28593750000000007 0.578125 0.3281250000000001 0.578125