0 0.6140625000000002 0.7328125 0.47968750000000016 0.7328125 0.47968750000000016 0.9046875 0.6140625000000002 0.9046875
0 0.5203125000000001 0.6765625 0.3468750000000001 0.6765625 0.3468750000000001 0.8328125 0.5203125000000002 0.8328125
0 0.621875 0.5953125 0.5046875 0.5953125 0.5046875 0.696875 0.621875 0.696875
0 0.6421875 0.434375 0.4921875 0.434375 0.4921875 0.621875 0.6421875 0.621875
0 0.728125 0.5046875000000001 0.6265625 0.5046875 0.6265625 0.6468750000000001 0.728125 0.6468750000000002
0 0.7796875 0.36406250000000007 0.653125 0.36406250000000007 0.653125 0.5296875000000001 0.7796875 0.5296875000000002
0 0.6578125 0.37968750000000007 0.578125 0.37968750000000007 0.578125 0.4859375 0.6578125 0.4859375
0 0.5359375 0.4890625 0.425 0.4890625 0.425 0.6921875 0.5359375 0.6921875
0 0.453125 0.465625 0.3500000000000001 0.465625 0.3500000000000001 0.6625 0.453125 0.6625
0 0.6140625 0.2671875000000001 0.471875 0.2671875000000001 0.471875 0.434375 0.6140625 0.434375
0 0.68125 0.2171875000000001 0.578125 0.2171875000000001 0.578125 0.3781250000000001 0.68125 0.3781250000000001
0 0.575 0.07031250000000006 0.440625 0.07031250000000004 0.440625 0.2078125000000001 0.575 0.2078125000000001
0 0.453125 0.15625000000000006 0.3546875 0.15625000000000006 0.3546875 0.25312500000000004 0.453125 0.2531250000000001
0 0.528125 0.17187500000000006 0.4375 0.17187500000000006 0.4375 0.27812500000000007 0.528125 0.27812500000000007
0 0.48125 0.26250000000000007 0.359375 0.2625 0.35937500000000006 0.4453125 0.48125 0.4453125
0 0.3984375000000001 0.4140625 0.3265625000000001 0.4140625 0.3265625000000001 0.515625 0.3984375000000001 0.515625
0 0.37500000000000006 0.24687500000000004 0.2921875 0.246875 0.29218750000000004 0.38906250000000003 0.3750000000000001 0.3890625000000001
0 0.32343750000000004 0.353125 0.2046875 0.353125 0.20468750000000005 0.5203125 0.3234375000000001 0.5203125
0 0.33125000000000004 0.2171875 0.2171875 0.2171875 0.21718750000000003 0.36875 0.3312500000000001 0.36875
0 0.4296875 0.09687500000000004 0.3234375 0.09687500000000004 0.3234375 0.22812500000000005 0.4296875 0.22812500000000008