0 0.86875 0.721875 0.4515625 0.721875 0.4515625000000001 0.9953125 0.86875 0.9953125
0 0.996875 0.5078125000000001 0.6796875 0.5078125 0.6796875000000001 0.984375 0.996875 0.984375
0 0.996875 0.7156250000000001 0.6953125 0.715625 0.6953125000000001 0.9953125 0.996875 0.9953125
0 0.7343750000000001 0.4921875000000001 0.4296875 0.4921875 0.4296875000000001 0.7984375000000001 0.7343750000000002 0.7984375000000001
0 0.6984375 0.546875 0.640625 0.546875 0.640625 0.6125 0.6984375 0.6125
0 0.6765625 0.2906250000000001 0.4328125 0.2906250000000001 0.4328125 0.575 0.6765625 0.575
0 0.778125 0.2468750000000001 0.53125 0.2468750000000001 0.53125 0.5640625000000001 0.778125 0.5640625000000001
0 0.996875 0.43750000000000017 0.775 0.43750000000000017 0.775 0.6171875000000002 0.996875 0.6171875000000002
0 0.996875 0.6125000000000002 0.8515625 0.6125000000000002 0.8515625 0.7593750000000001 0.996875 0.7593750000000001
0 0.996875 0.3062500000000001 0.778125 0.3062500000000001 0.778125 0.4593750000000002 0.996875 0.4593750000000002
0 0.9265625 0.17031250000000012 0.621875 0.1703125000000001 0.621875 0.4218750000000001 0.9265625 0.42187500000000017
0 0.996875 1.1538469060716468e-16 0.8875 1.086874034243276e-16 0.8875 0.31718750000000007 0.996875 0.31718750000000007
0 0.890625 0.010937500000000091 0.6078125 0.010937500000000076 0.6078125 0.2078125000000001 0.890625 0.2078125000000001
0 0.871875 9.854579711888858e-17 0.7375 9.031770143711729e-17 0.7375 0.0703125000000001 0.871875 0.07031250000000011
0 0.91875 1.0763497258131032e-16 0.8390625 1.027555204909576e-16 0.8390625 0.08125000000000011 0.91875 0.08125000000000011
0 0.7234375 7.701880260262651e-17 0.534375 6.544206332943669e-17 0.534375 0.19062500000000007 0.7234375 0.1906250000000001
0 0.5953125 6.16150420821012e-17 0.4109375 5.032532940246154e-17 0.4109375 0.12500000000000006 0.5953125 0.12500000000000008
0 0.4984375 0.05937500000000005 0.2984375 0.059375000000000046 0.2984375 0.35000000000000003 0.4984375 0.3500000000000001
0 0.4546875000000001 0.4328125 0.2906250000000001 0.4328125 0.2906250000000001 0.9953125 0.4546875000000002 0.9953125
0 0.47343750000000007 0.5296875 0.15312500000000004 0.5296875 0.1531250000000001 0.9953125 0.4734375000000002 0.9953125
0 0.3500000000000001 0.371875 0.06250000000000004 0.371875 0.06250000000000008 0.99375 0.3500000000000001 0.99375
0 0.2718750000000001 0.4203125 0.03281250000000006 0.4203125 0.032812500000000064 0.6390625 0.2718750000000001 0.6390625
0 0.12656250000000008 0.584375 0.010937500000000072 0.584375 0.01093750000000009 0.8640625 0.12656250000000008 0.8640625
0 0.18125000000000008 0.6171875 7.558366963487571e-17 0.6171875 8.993499931238375e-17 0.8515625 0.18125000000000008 0.8515625
0 0.06875000000000012 0.825 1.0103336092965664e-16 0.825 1.1079226511036212e-16 0.984375 0.06875000000000012 0.984375
0 0.040625000000000064 0.4640625 5.683126552293186e-17 0.4640625 6.792962714020475e-17 0.6453125 0.04062500000000008 0.6453125
0 0.2984375 0.153125 0.007812500000000019 0.153125 0.007812500000000038 0.459375 0.2984375000000001 0.459375
0 0.007812500000000047 0.2953125 3.6165350787320275e-17 0.2953125 4.688101027985961e-17 0.4703125 0.007812500000000059 0.4703125
0 0.30625 0.07031250000000003 0.134375 0.07031250000000003 0.13437500000000002 0.284375 0.30625 0.284375
0 0.2359375 1.9135106236677395e-17 0.0765625 9.376202055971923e-18 0.0765625 0.13125000000000003 0.2359375 0.13125000000000003
0 0.40625 3.846156353572156e-17 0.221875 2.71718508560819e-17 0.221875 0.13593750000000004 0.40625 0.13593750000000004
0 0.0765625 4.688101027985962e-18 0 0 6.984313776387249e-18 0.1140625 0.07656250000000002 0.1140625
0 0.11562500000000002 0.09843750000000001 1.2055116929106758e-17 0.0984375 2.27707764216461e-17 0.2734375 0.11562500000000005 0.2734375
0 0.996875 6.104098889500089e-17 0 0 6.09453133638175e-17 0.9953125 0.996875 0.9953125