0 0.8671875 0.7828125000000001 0.7218750000000002 0.7828125 0.7218750000000002 0.90625 0.8671875 0.90625
0 0.984375 0.6890625000000001 0.8265625 0.6890625000000001 0.8265625 0.8625 0.984375 0.8625
0 0.996875 0.6593750000000002 0.9609375 0.6593750000000002 0.9609375 0.7687500000000002 0.996875 0.7687500000000002
0 0.9921875 0.5468750000000002 0.8390625 0.5468750000000002 0.8390625 0.7046875000000001 0.9921875 0.7046875000000001
0 0.996875 0.4734375000000002 0.9484375 0.4734375000000002 0.9484375 0.6250000000000002 0.996875 0.6250000000000002
0 0.984375 0.32500000000000007 0.80625 0.32500000000000007 0.80625 0.5375000000000002 0.984375 0.5375000000000002
0 0.996875 0.3343750000000001 0.9796875 0.3343750000000001 0.9796875 0.4437500000000002 0.996875 0.4437500000000002
0 0.9953125 0.1578125000000001 0.8953125 0.15781250000000008 0.8953125 0.3500000000000001 0.9953125 0.3500000000000001
0 0.996875 1.1194037148456274e-16 0.83125 1.0179876517912373e-16 0.83125 0.1828125000000001 0.996875 0.18281250000000013
0 0.8953125 0.14843750000000008 0.7453125 0.14843750000000008 0.7453125 0.32500000000000007 0.8953125 0.32500000000000007
0 0.8265625 9.25182386543352e-17 0.684375 8.381176531664698e-17 0.684375 0.17187500000000008 0.8265625 0.17187500000000008
0 0.7421875 0.12343750000000009 0.6171875 0.12343750000000009 0.6171875 0.2750000000000001 0.7421875 0.2750000000000001
0 0.803125 0.2609375000000001 0.625 0.2609375000000001 0.625 0.4625000000000001 0.803125 0.4625000000000002
0 0.859375 0.43437500000000007 0.678125 0.434375 0.678125 0.6312500000000001 0.859375 0.6312500000000002
0 0.81875 0.6203125 0.6453125 0.6203125 0.6453125000000001 0.803125 0.81875 0.803125
0 0.7093750000000002 0.7734375 0.5531250000000002 0.7734375 0.5531250000000002 0.9109375 0.7093750000000002 0.9109375
0 0.6500000000000001 0.7046875 0.55625 0.7046875 0.5562500000000001 0.7921875 0.6500000000000001 0.7921875
0 0.678125 0.55625 0.5453125 0.55625 0.5453125 0.7 0.678125 0.7
0 0.68125 0.44375 0.58125 0.44375 0.58125 0.571875 0.68125 0.571875
0 0.6328125 0.3109375000000001 0.4796875 0.3109375000000001 0.4796875 0.4875 0.6328125 0.4875
0 0.5921875 0.14375000000000007 0.4359375 0.14375000000000004 0.4359375 0.32500000000000007 0.5921875 0.32500000000000007
0 0.665625 7.233070157464055e-17 0.515625 6.31458505810354e-17 0.515625 0.16250000000000006 0.665625 0.1625000000000001
0 0.515625 5.3291270869146544e-17 0.3546875 4.343669115725768e-17 0.3546875 0.17656250000000004 0.515625 0.17656250000000004
0 0.3984375 4.4584797531458325e-17 0.3296875 4.0375074159389303e-17 0.3296875 0.014062500000000044 0.3984375 0.01406250000000005
0 0.3421875 0.04375000000000004 0.2421875 0.04375000000000003 0.2421875 0.18281250000000004 0.3421875 0.18281250000000004
0 0.43125 0.15781250000000005 0.303125 0.15781250000000005 0.303125 0.30000000000000004 0.43125 0.3000000000000001
0 0.4796875 0.290625 0.3234375 0.290625 0.32343750000000004 0.4734375 0.4796875 0.4734375
0 0.5640625 0.4390625 0.403125 0.4390625 0.403125 0.6546875 0.5640625 0.6546875
0 0.428125 0.478125 0.27812500000000007 0.478125 0.27812500000000007 0.665625 0.428125 0.665625
0 0.5562500000000001 0.6546875 0.403125 0.6546875 0.40312500000000007 0.8078125 0.5562500000000001 0.8078125
0 0.5562500000000001 0.79375 0.4203125000000002 0.79375 0.4203125000000002 0.90625 0.5562500000000001 0.90625
0 0.4234375000000002 0.7390625 0.27031250000000007 0.7390625 0.27031250000000007 0.9109375 0.4234375000000002 0.9109375
0 0.41093750000000007 0.6109375 0.2500000000000001 0.6109375 0.2500000000000001 0.778125 0.4109375000000002 0.778125
0 0.3750000000000001 0.4140625 0.2171875000000001 0.4140625 0.2171875000000001 0.615625 0.3750000000000001 0.615625
0 0.32343750000000004 0.2609375 0.18125000000000005 0.2609375 0.18125000000000005 0.4390625 0.3234375000000001 0.4390625
0 0.2625 0.12343750000000002 0.1203125 0.1234375 0.12031250000000002 0.2953125 0.2625 0.2953125
0 0.1453125 0.020312500000000008 2.487563810768061e-18 0.0203125 1.329889883449079e-17 0.196875 0.14531250000000004 0.196875
0 0.12968750000000004 0.2125 0.012500000000000028 0.2125 0.012500000000000035 0.3546875 0.12968750000000004 0.3546875
0 0.07656250000000006 0.315625 3.865291459808834e-17 0.315625 4.860316984116058e-17 0.478125 0.07656250000000006 0.478125
0 0.2140625000000001 0.36875 0.06406250000000005 0.36875 0.06406250000000005 0.546875 0.2140625000000001 0.546875
0 0.24218750000000008 0.521875 0.09687500000000007 0.521875 0.09687500000000007 0.7 0.24218750000000008 0.7
0 0.27812500000000007 0.675 0.11718750000000008 0.675 0.11718750000000008 0.871875 0.27812500000000007 0.871875
0 0.18593750000000012 0.8234375 0.0250000000000001 0.8234375 0.025000000000000105 0.9109375 0.18593750000000014 0.9109375
0 0.12031250000000009 0.65 7.960204194457795e-17 0.65 9.347499396616907e-17 0.8765625 0.12031250000000009 0.8765625
0 0.09218750000000007 0.4875 5.970153145843348e-17 0.4875 6.993881329505588e-17 0.6546875 0.09218750000000009 0.6546875