0 0.996875 0.3843750000000001 0.471875 0.3843750000000001 0.471875 0.6328125000000001 0.996875 0.6328125000000002
0 0.9953125 0.5500000000000002 0.8546875 0.5500000000000002 0.8546875 0.7468750000000002 0.9953125 0.7468750000000002
0 0.8078125 0.6062500000000001 0.37187500000000007 0.60625 0.37187500000000007 0.9953125 0.8078125 0.9953125
0 0.39531250000000007 0.4875 0.13125000000000003 0.4875 0.13125000000000006 0.8703125 0.39531250000000007 0.8703125
0 0.4937500000000001 0.4828125 0.21875000000000008 0.4828125 0.21875000000000008 0.9390625 0.4937500000000002 0.9390625
0 0.2687500000000001 0.7203125 8.82128397510828e-17 0.7203125 1.0505173323935891e-16 0.9953125 0.2687500000000001 0.9953125
0 0.29531250000000003 0.19218750000000004 0.21875 0.19218750000000004 0.21875000000000006 0.528125 0.2953125000000001 0.528125
0 0.5375 0.275 0.2921875 0.275 0.29218750000000004 0.6421875 0.5375 0.6421875
0 0.7671875 0.04687500000000007 0.3421875 0.04687500000000004 0.34218750000000003 0.5328125000000001 0.7671875 0.5328125000000001
0 0.8859375 0.05156250000000009 0.4671875 0.05156250000000007 0.4671875 0.2640625000000001 0.8859375 0.2640625000000001
0 0.9546875 9.998093008663938e-17 0.678125 8.304636106717989e-17 0.678125 0.4093750000000001 0.9546875 0.40937500000000016
0 0.37968750000000007 3.9226967785188664e-17 0.2609375 3.195562741525125e-17 0.26093750000000004 0.471875 0.37968750000000007 0.471875
0 0.303125 1.8561053049577072e-17 0 0 2.1909696640995617e-17 0.3578125 0.303125 0.3578125
0 0.22968750000000004 0.2953125 3.6165350787320275e-17 0.2953125 4.410641987554139e-17 0.425 0.2296875000000001 0.425
0 0.203125 1.262917011620708e-17 0.003125 3.827021247335479e-19 0.003125000000000012 0.19687500000000002 0.203125 0.19687500000000005
0 0.010937500000000057 0.378125 4.63069570927593e-17 0.378125 5.57788346799146e-17 0.5328125 0.010937500000000067 0.5328125
0 0.7203125 7.577502069724248e-17 0.5171875 6.333720164340217e-17 0.5171875 0.13437500000000008 0.7203125 0.13437500000000008
0 0.7703125 8.773446209516586e-17 0.6625 8.113285044351215e-17 0.6625 0.0828125000000001 0.7703125 0.0828125000000001
0 0.559375 5.673558999174847e-17 0.3671875 4.4967499656191874e-17 0.3671875 0.06718750000000005 0.559375 0.06718750000000007