0 0.996875 0.7484375000000002 0.875 0.7484375000000002 0.875 0.9046875 0.996875 0.9046875
0 0.996875 0.6218750000000002 0.953125 0.6218750000000002 0.953125 0.7546875000000002 0.996875 0.7546875000000002
0 0.95 0.7015625000000002 0.88125 0.7015625000000002 0.88125 0.803125 0.95 0.803125
0 0.95 0.6109375000000001 0.8515625 0.6109375000000001 0.8515625 0.7359375000000001 0.95 0.7359375000000001
0 0.996875 0.4968750000000002 0.9203125 0.4968750000000002 0.9203125 0.6281250000000002 0.996875 0.6281250000000002
0 0.934375 0.43750000000000017 0.878125 0.43750000000000017 0.878125 0.5562500000000001 0.934375 0.5562500000000001
0 0.9203125 0.5515625000000002 0.88125 0.5515625000000002 0.88125 0.6046875000000002 0.9203125 0.6046875000000002
0 0.9609375 0.2875000000000001 0.871875 0.2875000000000001 0.871875 0.4671875000000002 0.9609375 0.4671875000000002
0 0.996875 0.34062500000000007 0.9375 0.34062500000000007 0.9375 0.4734375000000002 0.996875 0.4734375000000002
0 0.9234375 0.16250000000000012 0.8546875 0.1625000000000001 0.8546875 0.3531250000000001 0.9234375 0.3531250000000001
0 0.9515625 0.1265625000000001 0.8953125 0.12656250000000008 0.8953125 0.3000000000000001 0.9515625 0.3000000000000001
0 0.996875 0.06562500000000011 0.95625 0.06562500000000011 0.95625 0.3531250000000001 0.996875 0.3531250000000001
0 0.996875 0.012500000000000117 0.890625 0.012500000000000112 0.890625 0.2218750000000001 0.996875 0.2218750000000001
0 0.86875 0.0953125000000001 0.8453125 0.0953125000000001 0.8453125 0.2218750000000001 0.86875 0.2218750000000001
0 0.9078125 1.0734794598776019e-16 0.8453125 1.0352092474042469e-16 0.8453125 0.1500000000000001 0.9078125 0.15000000000000013
0 0.9953125 1.1710685016846565e-16 0.9171875 1.123230736092963e-16 0.9171875 0.08906250000000011 0.9953125 0.08906250000000011
0 0.76875 0.08906250000000009 0.6765625 0.08906250000000009 0.6765625 0.2578125000000001 0.76875 0.2578125000000001
0 0.8546875 0.15625000000000008 0.753125 0.15625000000000008 0.753125 0.3109375000000001 0.8546875 0.3109375000000001
0 0.8625 0.2765625000000001 0.746875 0.2765625000000001 0.746875 0.4500000000000002 0.8625 0.4500000000000002
0 0.75 0.22812500000000008 0.628125 0.22812500000000008 0.628125 0.4078125000000001 0.75 0.4078125000000002
0 0.6875 0.12500000000000008 0.625 0.12500000000000008 0.625 0.2578125000000001 0.6875 0.2578125000000001
0 0.7921875 9.194418546723489e-17 0.709375 8.687338231451536e-17 0.709375 0.12031250000000009 0.7921875 0.12031250000000009
0 0.825 9.720633968232116e-17 0.7625 9.337931843498569e-17 0.7625 0.0531250000000001 0.825 0.05312500000000011
0 0.7125 0.025000000000000085 0.64375 0.025000000000000078 0.64375 0.13281250000000008 0.7125 0.13281250000000008
0 0.6875 8.075014831877861e-17 0.63125 7.730582919617668e-17 0.63125 0.03593750000000008 0.6875 0.03593750000000009
0 0.753125 8.840419081344957e-17 0.690625 8.457716956611408e-17 0.690625 0.02968750000000009 0.753125 0.02968750000000009
0 0.8546875 0.49218750000000017 0.7890625 0.49218750000000017 0.7890625000000001 0.8453125 0.8546875 0.8453125
0 0.7953125000000001 0.5453125000000001 0.709375 0.5453125 0.7093750000000001 0.8265625 0.7953125000000002 0.8265625
0 0.7984375000000001 0.3593750000000001 0.703125 0.3593750000000001 0.7031250000000001 0.7296875 0.7984375000000001 0.7296875000000002
0 0.7984375 0.3109375000000001 0.6234375 0.3109375000000001 0.6234375 0.58125 0.7984375 0.5812500000000002
0 0.70625 0.4078125 0.6203125 0.4078125 0.6203125 0.56875 0.70625 0.56875
0 0.7265625 0.4843750000000001 0.6203125 0.484375 0.6203125 0.7187500000000001 0.7265625 0.7187500000000002
0 0.6703125 0.515625 0.5734375 0.515625 0.5734375 0.659375 0.6703125 0.659375
0 0.696875 0.5265625 0.53125 0.5265625 0.53125 0.725 0.696875 0.725
0 0.7468750000000001 0.6828125 0.5984375 0.6828125 0.5984375000000001 0.8328125 0.7468750000000002 0.8328125
0 0.6703125000000001 0.69375 0.584375 0.69375 0.5843750000000001 0.8265625 0.6703125000000002 0.8265625
0 0.08906250000000002 0.0546875 6.6972871828370884e-18 0.0546875 1.3681600959224337e-17 0.16875 0.08906250000000002 0.16875
0 0.042187500000000024 0.1484375 1.8178350924843523e-17 0.1484375 2.114429239152852e-17 0.196875 0.042187500000000024 0.196875
0 0.07656250000000002 0.14375 0.043750000000000025 0.14375 0.043750000000000025 0.209375 0.07656250000000002 0.209375
0 0.10937500000000003 0.14375 0.07968750000000002 0.14375 0.07968750000000002 0.196875 0.10937500000000004 0.196875
0 0.12187500000000004 0.1859375 0.07968750000000002 0.1859375 0.07968750000000002 0.2515625 0.12187500000000004 0.2515625
0 0.09531250000000004 0.203125 0.026562500000000024 0.203125 0.026562500000000034 0.3234375 0.09531250000000005 0.3234375
0 0.11875000000000005 0.2453125 0.08593750000000003 0.2453125 0.08593750000000003 0.3171875 0.11875000000000005 0.3171875
0 0.10468750000000004 0.3 0.05625000000000004 0.3 0.05625000000000004 0.371875 0.10468750000000004 0.371875
0 0.059375000000000046 0.2875 3.5208595475486407e-17 0.2875 4.142750500240656e-17 0.3890625 0.059375000000000046 0.3890625
0 0.026562500000000027 0.221875 2.71718508560819e-17 0.221875 3.224265400880141e-17 0.3046875 0.026562500000000034 0.3046875
0 0.03906250000000005 0.3890625 4.7646414529326714e-17 0.3890625 5.348262193151332e-17 0.484375 0.039062500000000056 0.484375
0 0.08906250000000006 0.41875 0.029687500000000054 0.41875 0.02968750000000006 0.5453125 0.08906250000000007 0.5453125
0 0.042187500000000065 0.484375 5.931882933369991e-17 0.484375 6.735557395310443e-17 0.615625 0.04218750000000008 0.615625
0 0.06250000000000008 0.5921875 7.252205263700732e-17 0.5921875 7.988906853812812e-17 0.7125 0.06250000000000008 0.7125
0 0.1625000000000001 0.634375 0.046875000000000076 0.634375 0.04687500000000009 0.8140625 0.1625000000000001 0.8140625
0 0.1890625000000001 0.7671875 0.10000000000000009 0.7671875 0.10000000000000012 0.946875 0.18906250000000013 0.946875
0 0.22812500000000008 0.58125 0.1625000000000001 0.58125 0.1625000000000001 0.73125 0.22812500000000008 0.73125
0 0.16562500000000008 0.58125 0.10000000000000009 0.58125 0.10000000000000009 0.646875 0.16562500000000008 0.646875
0 0.1984375000000001 0.71875 0.15781250000000008 0.71875 0.15781250000000008 0.771875 0.1984375000000001 0.771875
0 0.1031250000000001 0.771875 0.017187500000000095 0.771875 0.017187500000000102 0.928125 0.10312500000000013 0.928125
0 0.2906250000000001 0.725 0.1781250000000001 0.725 0.17812500000000012 0.940625 0.2906250000000001 0.940625
0 0.35625000000000007 0.803125 0.2250000000000001 0.803125 0.2250000000000001 0.99375 0.35625000000000007 0.99375
0 0.4328125000000001 0.5859375 0.3140625000000001 0.5859375 0.3140625000000001 0.8265625 0.43281250000000016 0.8265625
0 0.33281250000000007 0.5453125 0.2375000000000001 0.5453125 0.2375000000000001 0.7484375 0.33281250000000007 0.7484375
0 0.25468750000000007 0.4671875 0.18437500000000004 0.4671875 0.18437500000000007 0.5625 0.25468750000000007 0.5625
0 0.18437500000000007 0.4484375 0.11562500000000005 0.4484375 0.11562500000000006 0.56875 0.1843750000000001 0.56875
0 0.11875000000000006 0.4734375 0.07656250000000006 0.4734375 0.07656250000000006 0.55625 0.11875000000000009 0.55625
0 0.14843750000000006 0.3765625 0.08906250000000004 0.3765625 0.08906250000000006 0.4671875 0.14843750000000006 0.4671875
0 0.24062500000000003 0.3421875 0.14531250000000004 0.3421875 0.14531250000000004 0.4796875 0.2406250000000001 0.4796875
0 0.27031250000000007 0.3125 0.225 0.3125 0.22500000000000003 0.4203125 0.27031250000000007 0.4203125
0 0.2640625000000001 0.4078125 0.2375000000000001 0.4078125 0.2375000000000001 0.4609375 0.2640625000000001 0.4609375
0 0.240625 0.2640625 0.17500000000000004 0.2640625 0.17500000000000004 0.353125 0.240625 0.353125
0 0.17500000000000004 0.275 0.11562500000000005 0.275 0.11562500000000005 0.365625 0.17500000000000004 0.365625
0 0.2875 0.15625000000000006 0.228125 0.15625000000000006 0.228125 0.2640625 0.2875 0.2640625
0 0.3046875 0.03593750000000003 0.2421875 0.03593750000000003 0.2421875 0.16093750000000004 0.3046875 0.16093750000000004
0 0.246875 0.035937500000000025 0.178125 0.035937500000000025 0.178125 0.17343750000000002 0.246875 0.17343750000000005
0 0.23125 0.16875 0.178125 0.16875 0.17812500000000003 0.2703125 0.23125 0.2703125
0 0.1921875 0.10781250000000002 0.11875 0.1078125 0.11875000000000002 0.2515625 0.19218750000000004 0.2515625
0 0.2734375 3.0520494447500445e-17 0.225 2.7554552980815448e-17 0.225 0.029687500000000026 0.2734375 0.029687500000000033
0 0.334375 3.750480822388769e-17 0.278125 3.406048910128576e-17 0.278125 0.02968750000000004 0.334375 0.029687500000000044
0 0.40625 4.343669115725768e-17 0.303125 3.7122106099154144e-17 0.303125 0.15625000000000006 0.40625 0.15625000000000006
0 0.46875 0.053125000000000054 0.3625 0.05312500000000005 0.3625 0.2515625 0.46875 0.2515625000000001
0 0.3609375 0.13750000000000004 0.278125 0.13750000000000004 0.278125 0.2578125 0.3609375 0.2578125
0 0.4328125 0.2515625 0.3171875 0.2515625 0.31718750000000007 0.38906250000000003 0.4328125 0.3890625000000001
0 0.4390625 0.27656250000000004 0.3390625 0.2765625 0.33906250000000004 0.5578125 0.4390625 0.5578125
0 0.3500000000000001 0.371875 0.2734375000000001 0.371875 0.2734375000000001 0.56875 0.3500000000000001 0.56875
0 0.34687500000000004 0.26875 0.2671875 0.26875 0.2671875 0.43125 0.3468750000000001 0.43125
0 0.5906250000000002 0.8921875 0.5609375000000002 0.8921875 0.5609375000000002 0.99375 0.5906250000000002 0.99375
0 0.5578125000000002 0.8984375 0.5312500000000002 0.8984375 0.5312500000000002 0.99375 0.5578125000000002 0.99375
0 0.5703125000000002 0.953125 0.5515625000000002 0.953125 0.5515625000000002 0.9953125 0.5703125000000002 0.9953125
0 0.5484375000000001 0.8453125 0.5078125000000002 0.8453125 0.5078125000000002 0.9953125 0.5484375000000001 0.9953125
0 0.5156250000000002 0.8859375 0.49218750000000017 0.8859375 0.49218750000000017 0.9578125 0.5156250000000002 0.9578125
0 0.5156250000000002 0.9171875 0.4750000000000002 0.9171875 0.4750000000000002 0.9953125 0.5156250000000002 0.9953125
0 0.47968750000000016 0.946875 0.45312500000000017 0.946875 0.45312500000000017 0.9828125 0.47968750000000016 0.9828125
0 0.4656250000000002 0.86875 0.4187500000000002 0.86875 0.4187500000000002 0.9765625 0.4656250000000002 0.9765625
0 0.43281250000000016 0.778125 0.40625000000000017 0.778125 0.40625000000000017 0.921875 0.43281250000000016 0.921875
0 0.5125000000000002 0.8328125 0.4265625000000002 0.8328125 0.4265625000000002 0.8921875 0.5125000000000002 0.8921875
0 0.47187500000000016 0.8796875 0.4421875000000002 0.8796875 0.4421875000000002 0.928125 0.47187500000000016 0.928125
0 0.5125000000000002 0.8328125 0.4265625000000002 0.8328125 0.4265625000000002 0.8859375 0.5125000000000002 0.8859375
0 0.5187500000000002 0.771875 0.42968750000000017 0.771875 0.42968750000000017 0.8625 0.5187500000000002 0.8625
0 0.5515625000000002 0.784375 0.4625000000000002 0.784375 0.4625000000000002 0.85 0.5515625000000002 0.85
0 0.5515625000000002 0.7609375 0.4890625000000002 0.7609375 0.4890625000000002 0.8203125 0.5515625000000002 0.8203125
0 0.4625000000000002 0.7546875 0.3656250000000001 0.7546875 0.3656250000000001 0.8140625 0.4625000000000002 0.8140625
0 0.5312500000000001 0.70625 0.4515625 0.70625 0.4515625000000001 0.7546875 0.5312500000000002 0.7546875
0 0.5484375000000001 0.7375 0.49218750000000017 0.7375 0.49218750000000017 0.7671875 0.5484375000000001 0.7671875
0 0.5781250000000001 0.634375 0.5515625 0.634375 0.5515625000000001 0.8859375 0.5781250000000002 0.8859375
0 0.6046875 0.659375 0.578125 0.659375 0.5781250000000001 0.9765625 0.6046875000000002 0.9765625
0 0.5453125 0.5875 0.471875 0.5875 0.471875 0.7125 0.5453125 0.7125
0 0.5125 0.58125 0.45 0.58125 0.45 0.7125 0.5125 0.7125
0 0.4625000000000001 0.6046875 0.41875 0.6046875 0.41875000000000007 0.7546875 0.4625000000000002 0.7546875
0 0.459375 0.55 0.4296875 0.55 0.4296875 0.6109375 0.459375 0.6109375
0 0.4828125 0.575 0.4203125 0.575 0.4203125 0.6765625 0.4828125 0.6765625
0 0.5015625 0.503125 0.421875 0.503125 0.421875 0.56875 0.5015625 0.56875
0 0.478125 0.496875 0.3859375000000001 0.496875 0.3859375000000001 0.5625 0.478125 0.5625
0 0.5015625 0.44375 0.3828125000000001 0.44375 0.3828125000000001 0.5328125 0.5015625 0.5328125
0 0.53125 0.4140625 0.5046875 0.4140625 0.5046875 0.5875 0.53125 0.5875
0 0.5578125 0.4546875 0.4515625 0.4546875 0.4515625 0.503125 0.5578125 0.503125
0 0.5984375 0.4140625 0.56875 0.4140625 0.56875 0.5328125 0.5984375 0.5328125
0 0.590625 0.39531250000000007 0.540625 0.39531250000000007 0.540625 0.4375 0.590625 0.4375
0 0.5015625 0.3125000000000001 0.4421875 0.3125000000000001 0.4421875 0.45 0.5015625 0.45
0 0.475 0.3296875000000001 0.409375 0.3296875000000001 0.409375 0.44375 0.475 0.44375
0 0.5375 0.3062500000000001 0.471875 0.3062500000000001 0.471875 0.45 0.5375 0.45
0 0.5421875 0.3125000000000001 0.4890625 0.3125000000000001 0.4890625 0.3843750000000001 0.5421875 0.3843750000000001
0 0.484375 0.3000000000000001 0.465625 0.3000000000000001 0.465625 0.44375 0.484375 0.44375
0 0.58125 0.29375000000000007 0.5640625 0.29375000000000007 0.5640625 0.39531250000000007 0.58125 0.39531250000000007
0 0.578125 0.29375000000000007 0.5421875 0.29375000000000007 0.5421875 0.3765625000000001 0.578125 0.3765625000000001
0 0.59375 0.1312500000000001 0.5671875 0.1312500000000001 0.5671875 0.29375000000000007 0.59375 0.29375000000000007
0 0.56875 0.1140625000000001 0.5453125 0.1140625000000001 0.5453125 0.3000000000000001 0.56875 0.3000000000000001
0 0.5390625 0.16093750000000004 0.515625 0.16093750000000004 0.515625 0.2875000000000001 0.5390625 0.2875000000000001
0 0.51875 0.15000000000000005 0.4953125 0.15000000000000005 0.4953125 0.3046875000000001 0.51875 0.3046875000000001
0 0.4921875 0.05937500000000007 0.4625 0.05937500000000007 0.4625 0.29375000000000007 0.4921875 0.29375000000000007
0 0.534375 0.18593750000000003 0.4390625 0.18593750000000003 0.4390625 0.2156250000000001 0.534375 0.2156250000000001
0 0.515625 6.113666442618427e-17 0.4828125 5.912747827133314e-17 0.4828125 0.15000000000000005 0.515625 0.15000000000000005
0 0.515625 6.151936655091782e-17 0.4890625 5.989288252080025e-17 0.4890625 0.15000000000000005 0.515625 0.15000000000000005
0 0.553125 6.534638779825331e-17 0.5140625 6.295449951866863e-17 0.5140625 0.12500000000000006 0.553125 0.12500000000000008
0 0.578125 0.01250000000000007 0.5453125 0.012500000000000067 0.5453125 0.05937500000000007 0.578125 0.05937500000000007
0 0.6046875 0.018750000000000072 0.578125 0.018750000000000072 0.578125 0.09687500000000007 0.6046875 0.09687500000000007
0 0.571875 0.07187500000000006 0.5453125 0.07187500000000006 0.5453125 0.1375000000000001 0.571875 0.1375000000000001
0 0.590625 0.06562500000000007 0.5578125 0.06562500000000007 0.5578125 0.1375000000000001 0.590625 0.1375000000000001
0 0.5421875 0.05468750000000007 0.50625 0.05468750000000007 0.50625 0.13281250000000006 0.5421875 0.13281250000000006