0 0.965625 0.5718750000000001 0.675 0.571875 0.675 0.871875 0.965625 0.871875
0 0.996875 0.1750000000000001 0.7765625 0.1750000000000001 0.7765625 0.5718750000000001 0.996875 0.5718750000000001
0 0.7921875 0.2062500000000001 0.4515625 0.2062500000000001 0.4515625 0.6078125000000001 0.7921875 0.6078125000000002
0 0.8734375 0.0562500000000001 0.66875 0.05625000000000009 0.66875 0.27812500000000007 0.8734375 0.27812500000000007
0 0.5140625 0.12968750000000004 0.359375 0.12968750000000004 0.359375 0.33593750000000006 0.5140625 0.3359375000000001
0 0.7078125 6.515503673588653e-17 0.35625 4.362804221962446e-17 0.35625 0.26250000000000007 0.7078125 0.26250000000000007
0 0.50625 0.4171875 0.3203125000000001 0.4171875 0.3203125000000001 0.690625 0.50625 0.690625
0 0.6828125 0.5921875 0.409375 0.5921875 0.4093750000000001 0.984375 0.6828125000000002 0.984375
0 0.4093750000000001 0.571875 0.1703125000000001 0.571875 0.17031250000000012 0.9125 0.40937500000000016 0.9125
0 0.4593750000000002 0.8609375 0.18125000000000008 0.8609375 0.1812500000000001 0.9953125 0.4593750000000002 0.9953125
0 0.425 0.22656250000000006 0.057812500000000024 0.2265625 0.05781250000000006 0.7171875 0.425 0.7171875
0 0.16250000000000006 9.950255243072249e-18 0 0 6.09453133638175e-17 0.9953125 0.16250000000000014 0.9953125
0 0.359375 0.004687500000000036 0.228125 0.004687500000000028 0.228125 0.20625 0.359375 0.20625
0 0.428125 4.506317518737526e-17 0.3078125 3.769615928625447e-17 0.3078125 0.09218750000000005 0.428125 0.09218750000000005
0 0.4671875 5.338694640032993e-17 0.4046875 4.955992515299445e-17 0.4046875 0.020312500000000053 0.4671875 0.020312500000000056
0 0.275 0.11875000000000002 0.1515625 0.11875 0.15156250000000002 0.2734375 0.275 0.2734375
0 0.17343750000000005 0.190625 0.05468750000000002 0.190625 0.054687500000000035 0.371875 0.17343750000000005 0.371875
0 0.10468750000000004 0.2484375 0.046875000000000035 0.2484375 0.04687500000000004 0.4234375 0.10468750000000004 0.4234375
0 0.09687500000000002 0.1140625 1.3968627552774498e-17 0.1140625 2.1239967922711906e-17 0.2328125 0.09687500000000002 0.2328125
0 0.178125 0.040625000000000015 0.0578125 0.04062500000000001 0.05781250000000001 0.134375 0.178125 0.134375
0 0.265625 2.7076175324898514e-17 0.1765625 2.1622670047445454e-17 0.1765625 0.04062500000000003 0.265625 0.040625000000000036