0 0.8375 0.865625 0.7109375000000002 0.865625 0.7109375000000002 0.99375 0.8375 0.99375
0 0.7750000000000001 0.7859375000000001 0.6125000000000002 0.7859375 0.6125000000000002 0.94375 0.7750000000000001 0.94375
0 0.996875 0.8203125 0.7671875000000001 0.8203125 0.7671875000000001 0.99375 0.996875 0.99375
0 0.7171875000000002 0.9109375 0.6500000000000001 0.9109375 0.6500000000000001 0.9953125 0.7171875000000002 0.9953125
0 0.6828125 0.6125 0.3187500000000001 0.6125 0.3187500000000001 0.99375 0.6828125000000002 0.99375
0 0.6109375000000001 0.6125 0.2406250000000001 0.6125 0.2406250000000001 0.99375 0.6109375000000001 0.99375
0 0.2656250000000001 0.365625 4.4776148593825096e-17 0.365625 7.26177281681907e-17 0.8203125 0.2656250000000001 0.8203125
0 0.3359375000000001 0.7765625 0.09531250000000009 0.7765625 0.0953125000000001 0.9671875 0.3359375000000001 0.9671875
0 0.1062500000000001 0.584375 7.156529732517345e-17 0.584375 8.735175997043229e-17 0.8421875 0.1062500000000001 0.8421875
0 0.3218750000000001 0.859375 1.0524308430172568e-16 0.859375 1.1356685551468035e-16 0.9953125 0.3218750000000001 0.9953125
0 0.0890625000000001 0.7015625 8.591662700268149e-17 0.7015625 1.0007660561782277e-16 0.9328125 0.08906250000000011 0.9328125
0 0.19062500000000007 0.303125 0.05625000000000004 0.303125 0.056250000000000064 0.66875 0.1906250000000001 0.66875
0 0.3000000000000001 0.4671875 0.15156250000000004 0.4671875 0.15156250000000007 0.759375 0.3000000000000001 0.759375
0 0.35625000000000007 0.4046875 0.13125000000000003 0.4046875 0.13125000000000006 0.6234375 0.35625000000000007 0.6234375
0 0.36406250000000007 0.20312500000000006 2.487563810768061e-17 0.203125 7.166097285635683e-17 0.9671875 0.36406250000000007 0.9671875
0 0.271875 0.15781250000000002 0.1515625 0.1578125 0.15156250000000002 0.3484375 0.271875 0.3484375
0 0.32500000000000007 0.2359375 0.2578125 0.2359375 0.25781250000000006 0.3828125 0.32500000000000007 0.3828125
0 0.4 0.25312500000000004 0.325 0.253125 0.32500000000000007 0.39375000000000004 0.4 0.3937500000000001
0 0.48125 0.2468750000000001 0.3953125 0.2468750000000001 0.39531250000000007 0.4265625 0.48125 0.4265625
0 0.40625 0.14531250000000004 0.3328125 0.14531250000000004 0.3328125 0.26406250000000003 0.40625 0.2640625000000001
0 0.3078125 0.10625000000000004 0.190625 0.10625000000000004 0.19062500000000002 0.2359375 0.3078125 0.2359375
0 0.3109375 0.07343750000000003 0.2328125 0.07343750000000002 0.2328125 0.16875000000000004 0.3109375 0.16875000000000004
0 0.409375 0.06250000000000004 0.3109375 0.06250000000000004 0.3109375 0.16250000000000003 0.409375 0.16250000000000003
0 0.40625 4.3915068813174614e-17 0.3109375 3.807886141098801e-17 0.3109375 0.07343750000000004 0.40625 0.07343750000000004
0 0.5046875 5.57788346799146e-17 0.40625 4.975127621536122e-17 0.40625 0.07343750000000006 0.5046875 0.07343750000000007
0 0.615625 0.05000000000000006 0.4109375 0.050000000000000044 0.4109375 0.2921875000000001 0.615625 0.2921875000000001
0 0.45625 0.44375 0.3531250000000001 0.44375 0.3531250000000001 0.6515625 0.45625 0.6515625
0 0.478125 0.3984375000000001 0.3828125000000001 0.3984375000000001 0.3828125000000001 0.4609375 0.478125 0.4609375
0 0.3968750000000001 0.38750000000000007 0.26250000000000007 0.3875 0.26250000000000007 0.5390625 0.3968750000000001 0.5390625
0 0.5437500000000001 0.584375 0.45625 0.584375 0.4562500000000001 0.753125 0.5437500000000002 0.753125
0 0.675 0.6578125 0.5375 0.6578125 0.5375000000000001 0.8484375 0.6750000000000002 0.8484375
0 0.94375 0.6859375000000002 0.80625 0.6859375000000002 0.80625 0.859375 0.94375 0.859375
0 0.996875 0.7812500000000002 0.946875 0.7812500000000002 0.946875 0.88125 0.996875 0.88125
0 0.8828125 0.6125000000000002 0.7390625 0.6125000000000002 0.7390625000000001 0.8203125 0.8828125 0.8203125
0 0.996875 0.4890625000000002 0.89375 0.4890625000000002 0.89375 0.7921875000000002 0.996875 0.7921875000000002
0 0.946875 0.3765625000000001 0.8265625 0.3765625000000001 0.8265625 0.6578125000000001 0.946875 0.6578125000000001
0 0.975 0.2984375000000001 0.8734375 0.2984375000000001 0.8734375 0.5171875000000001 0.975 0.5171875000000001
0 0.996875 0.2812500000000001 0.971875 0.2812500000000001 0.971875 0.5000000000000002 0.996875 0.5000000000000002
0 0.9828125 0.0500000000000001 0.8015625 0.050000000000000086 0.8015625 0.3203125000000001 0.9828125 0.3203125000000001
0 0.996875 0.028125000000000115 0.9265625 0.02812500000000011 0.9265625 0.2812500000000001 0.996875 0.2812500000000001
0 0.94375 1.0753929705012696e-16 0.8125 9.950255243072244e-17 0.8125 0.0953125000000001 0.94375 0.0953125000000001
0 0.996875 1.1777657888674937e-16 0.9265625 1.1347117998349694e-16 0.9265625 0.06250000000000011 0.996875 0.06250000000000011
0 0.83125 9.0987430155401e-17 0.6546875 8.017609513167828e-17 0.6546875 0.1859375000000001 0.83125 0.1859375000000001
0 0.696875 0.02187500000000008 0.5875 0.02187500000000007 0.5875 0.23593750000000008 0.696875 0.23593750000000008
0 0.653125 7.051286648215619e-17 0.4984375 6.104098889500089e-17 0.4984375 0.09531250000000008 0.653125 0.09531250000000009
0 0.8234375 9.003067484356713e-17 0.646875 7.921933981984441e-17 0.646875 0.0671875000000001 0.8234375 0.06718750000000011
0 0.70625 0.23593750000000008 0.48125 0.23593750000000008 0.48125 0.578125 0.70625 0.578125
0 0.784375 0.3375000000000001 0.653125 0.3375000000000001 0.653125 0.55 0.784375 0.5500000000000002
0 0.8203125 0.4781250000000001 0.646875 0.478125 0.646875 0.7078125000000001 0.8203125 0.7078125000000002
0 0.7140625 0.528125 0.5375 0.528125 0.5375000000000001 0.7984375 0.7140625000000002 0.7984375
0 0.596875 0.3765625000000001 0.4671875 0.3765625000000001 0.4671875 0.5890625 0.596875 0.5890625
0 0.565625 0.2750000000000001 0.4796875 0.2750000000000001 0.4796875 0.4546875 0.565625 0.4546875
0 0.540625 0.421875 0.4515625 0.421875 0.4515625 0.5734375 0.540625 0.5734375
0 0.6265625 0.09062500000000007 0.559375 0.09062500000000007 0.559375 0.1859375000000001 0.6265625 0.1859375000000001
0 0.4234375 0.12968750000000004 0.3109375 0.12968750000000004 0.3109375 0.23593750000000005 0.4234375 0.23593750000000008
0 0.3203125 2.994644126040012e-17 0.16875 2.0665914735611586e-17 0.16875 0.13437500000000002 0.3203125 0.13437500000000005
0 0.17343750000000002 0.134375 0.08750000000000002 0.134375 0.08750000000000002 0.2140625 0.17343750000000005 0.2140625
0 0.25 1.5308084989341915e-17 0 0 1.578646264525885e-17 0.2578125 0.25 0.2578125