0 0.8265625 0.4125000000000001 0.490625 0.4125 0.4906250000000001 0.896875 0.8265625 0.896875
0 0.5171875000000001 0.35000000000000003 0.19375000000000003 0.35 0.19375000000000006 0.8453125 0.5171875000000001 0.8453125
0 0.5171875 0.17968750000000006 0.4015625 0.17968750000000006 0.4015625 0.4125 0.5171875 0.4125
0 0.640625 0.042187500000000065 0.4328125 0.04218750000000006 0.4328125 0.3671875000000001 0.640625 0.3671875000000001
0 0.28125 0.12343750000000005 0.1890625 0.12343750000000005 0.18906250000000002 0.3046875 0.28125 0.3046875
0 0.4125 0.13437500000000005 0.2703125 0.13437500000000005 0.2703125 0.33437500000000003 0.4125 0.3343750000000001
0 0.259375 0.284375 0.10781250000000005 0.284375 0.10781250000000005 0.4078125 0.2593750000000001 0.4078125
0 0.10000000000000006 0.4890625 5.989288252080025e-17 0.4890625 7.634907388434281e-17 0.7578125 0.10000000000000009 0.7578125
0 0.18125000000000008 0.5671875 0.09687500000000007 0.5671875 0.09687500000000007 0.675 0.18125000000000008 0.675
0 0.2015625000000001 0.490625 0.07812500000000007 0.490625 0.07812500000000008 0.68125 0.2015625000000001 0.68125
0 0.9953125 0.5875000000000001 0.81875 0.5875000000000001 0.81875 0.85 0.9953125 0.85
0 0.996875 0.5312500000000002 0.834375 0.5312500000000002 0.834375 0.6500000000000001 0.996875 0.6500000000000001