0 0.9671875 0.3109375000000001 0.7453125 0.3109375000000001 0.7453125 0.6562500000000002 0.9671875 0.6562500000000002
0 0.996875 0.4812500000000002 0.9453125 0.4812500000000002 0.9453125 0.5906250000000002 0.996875 0.5906250000000002
0 0.996875 0.5687500000000002 0.8953125 0.5687500000000002 0.8953125 0.6671875000000002 0.996875 0.6671875000000002
0 0.996875 0.6453125000000002 0.7859375 0.6453125000000002 0.7859375000000001 0.9953125 0.996875 0.9953125
0 0.7921875 0.6171875000000001 0.5890625 0.6171875 0.5890625 0.9078125 0.7921875000000002 0.9078125
0 0.846875 0.6125000000000002 0.753125 0.6125000000000002 0.753125 0.7484375000000002 0.846875 0.7484375000000002
0 0.8078125 0.875 0.5890625000000002 0.875 0.5890625000000002 0.9953125 0.8078125 0.9953125
0 0.6328125000000002 0.8140625 0.5125000000000002 0.8140625 0.5125000000000002 0.984375 0.6328125000000002 0.984375
0 0.6031250000000001 0.5515625 0.3968750000000001 0.5515625 0.3968750000000001 0.875 0.6031250000000001 0.875
0 0.7125 0.5359375 0.5671875 0.5359375 0.5671875 0.6828125 0.7125 0.6828125
0 0.7859375 0.3390625000000001 0.6625 0.3390625000000001 0.6625 0.6343750000000001 0.7859375 0.6343750000000001
0 0.5703125 0.37187500000000007 0.3750000000000001 0.37187500000000007 0.3750000000000001 0.628125 0.5703125 0.628125
0 0.6625 0.4328125 0.5609375 0.4328125 0.5609375 0.5640625 0.6625 0.5640625
0 0.7171875 0.1906250000000001 0.5453125 0.1906250000000001 0.5453125 0.459375 0.7171875 0.459375
0 0.821875 0.0875000000000001 0.6578125 0.08750000000000009 0.6578125 0.3437500000000001 0.821875 0.3437500000000001
0 0.671875 0.060937500000000075 0.5203125 0.06093750000000007 0.5203125 0.2796875000000001 0.671875 0.2796875000000001
0 0.5453125 0.15937500000000007 0.4765625 0.15937500000000004 0.4765625 0.2687500000000001 0.5453125 0.2687500000000001
0 0.571875 0.2468750000000001 0.4265625 0.2468750000000001 0.4265625 0.4328125 0.571875 0.4328125
0 0.446875 0.23437500000000006 0.2546875 0.234375 0.25468750000000007 0.48125 0.446875 0.48125
0 0.4625 0.10937500000000004 0.328125 0.10937500000000004 0.328125 0.27343750000000006 0.4625 0.2734375000000001
0 0.35625 0.004687500000000034 0.203125 0.004687500000000025 0.203125 0.2296875 0.35625 0.2296875
0 0.284375 0.17031250000000003 0.07343750000000002 0.1703125 0.07343750000000003 0.334375 0.284375 0.334375
0 0.26875000000000004 0.2734375 0.06250000000000004 0.2734375 0.06250000000000006 0.5625 0.2687500000000001 0.5625
0 0.2078125000000001 0.56875 0.06875000000000006 0.56875 0.06875000000000009 0.8421875 0.2078125000000001 0.8421875
0 0.1640625000000001 0.7875 9.644093543285407e-17 0.7875 1.0916578108024453e-16 0.9953125 0.16406250000000014 0.9953125
0 0.36406250000000007 0.715625 0.14218750000000008 0.715625 0.1421875000000001 0.9953125 0.36406250000000007 0.9953125
0 0.3828125000000001 0.475 0.20468750000000008 0.475 0.20468750000000008 0.721875 0.3828125000000001 0.721875
0 0.4359375000000001 0.65625 0.3531250000000001 0.65625 0.3531250000000001 0.825 0.4359375000000002 0.825
0 0.5421875000000002 0.825 0.3125000000000001 0.825 0.3125000000000001 0.9953125 0.5421875000000002 0.9953125
0 0.13437500000000008 0.4484375 5.4917754899264124e-17 0.4484375 7.596637175960925e-17 0.7921875 0.13437500000000008 0.7921875
0 0.08750000000000005 0.2296875 2.812860616791577e-17 0.2296875 4.353236668844107e-17 0.48125 0.08750000000000006 0.48125
0 0.07656250000000002 0.065625 8.036744619404505e-18 0.065625 2.143131898507868e-17 0.284375 0.07656250000000005 0.284375