0 0.9671875 1.1433225976414742e-16 0.9 1.1021821192326179e-16 0.9 0.10156250000000011 0.9671875 0.10156250000000014
0 0.996875 1.2102954694698452e-16 0.9796875 1.1997711610396726e-16 0.9796875 0.07812500000000011 0.996875 0.07812500000000011
0 0.996875 0.06562500000000011 0.9625 0.06562500000000011 0.9625 0.16093750000000012 0.996875 0.16093750000000012
0 0.9796875 0.08906250000000011 0.9234375 0.08906250000000011 0.9234375 0.15468750000000014 0.9796875 0.15468750000000014
0 0.9234375 0.07812500000000011 0.8625 0.07812500000000011 0.8625 0.1484375000000001 0.9234375 0.14843750000000014
0 0.9140625 1.0744362151894355e-16 0.840625 1.0294687155332437e-16 0.840625 0.0718750000000001 0.9140625 0.0718750000000001
0 0.8671875 0.0546875000000001 0.8140625 0.05468750000000009 0.8140625 0.1437500000000001 0.8671875 0.1437500000000001
0 0.8140625 0.0296875000000001 0.7875 0.0296875000000001 0.7875 0.0828125000000001 0.8140625 0.0828125000000001
0 0.796875 0.035937500000000094 0.753125 0.03593750000000009 0.753125 0.07656250000000009 0.796875 0.07656250000000009
0 0.8296875 0.0828125000000001 0.7703125 0.0828125000000001 0.7703125 0.1609375000000001 0.8296875 0.1609375000000001
0 0.7703125 0.06562500000000009 0.7171875 0.06562500000000009 0.7171875 0.14218750000000008 0.7703125 0.14218750000000008
0 0.75 0.03593750000000009 0.7140625 0.03593750000000009 0.7140625 0.06562500000000009 0.75 0.06562500000000009
0 0.7265625 8.610797806504827e-17 0.6796875 8.323771212954667e-17 0.6796875 0.05312500000000009 0.7265625 0.05312500000000009
0 0.7171875 0.042187500000000086 0.6703125 0.04218750000000008 0.6703125 0.1375000000000001 0.7171875 0.1375000000000001
0 0.65 0.08281250000000008 0.6171875 0.08281250000000007 0.6171875 0.1546875000000001 0.65 0.1546875000000001
0 0.6234375 0.09531250000000006 0.5765625 0.09531250000000006 0.5765625 0.1609375000000001 0.6234375 0.1609375000000001
0 0.5765625 0.11250000000000007 0.5375 0.11250000000000004 0.5375 0.16718750000000007 0.5765625 0.1671875000000001
0 0.5296875 0.11250000000000004 0.4796875 0.11250000000000004 0.4796875 0.18437500000000004 0.5296875 0.18437500000000004
0 0.4796875 0.12500000000000006 0.4265625 0.12500000000000006 0.4265625 0.18437500000000004 0.4796875 0.18437500000000004
0 0.6375 7.500961644777537e-17 0.5875 7.1947999449907e-17 0.5875 0.07812500000000008 0.6375 0.07812500000000008
0 0.6625 7.912366428866103e-17 0.6296875 7.711447813380989e-17 0.6296875 0.053125000000000075 0.6625 0.05312500000000009
0 0.6 0.01250000000000007 0.553125 0.012500000000000067 0.553125 0.1140625000000001 0.6 0.1140625000000001
0 0.559375 0.012500000000000063 0.5 0.012500000000000061 0.5 0.11406250000000007 0.559375 0.1140625000000001
0 0.5 0.0062500000000000585 0.446875 0.006250000000000056 0.446875 0.11875000000000005 0.5 0.11875000000000005
0 0.446875 0.01875000000000005 0.396875 0.01875000000000005 0.396875 0.12031250000000004 0.446875 0.12031250000000004
0 0.40625 0.02343750000000005 0.3640625 0.023437500000000045 0.3640625 0.10781250000000005 0.40625 0.10781250000000005
0 0.3671875 0.012500000000000042 0.3171875 0.012500000000000039 0.3171875 0.11875000000000005 0.3671875 0.11875000000000005
0 0.346875 0.10781250000000005 0.3203125 0.10781250000000005 0.3203125 0.17343750000000005 0.346875 0.17343750000000005
0 0.3203125 0.10156250000000004 0.2828125 0.10156250000000004 0.2828125 0.16718750000000004 0.3203125 0.16718750000000004
0 0.2796875 0.08437500000000003 0.240625 0.08437500000000002 0.240625 0.15000000000000005 0.2796875 0.15000000000000005
0 0.3171875 3.5782648662586727e-17 0.2671875 3.2721031664718344e-17 0.2671875 0.09531250000000004 0.3171875 0.09531250000000005
0 0.2796875 3.205130294643464e-17 0.24375 2.985076572921674e-17 0.24375 0.07187500000000004 0.2796875 0.07187500000000005
0 0.3875 4.4584797531458325e-17 0.340625 4.171453159595672e-17 0.340625 0.035937500000000046 0.3875 0.035937500000000046
0 0.446875 5.080370705837849e-17 0.3828125 4.6881010279859617e-17 0.3828125 0.02343750000000005 0.446875 0.023437500000000056
0 0.553125 6.343287717458556e-17 0.4828125 5.912747827133314e-17 0.4828125 0.023437500000000062 0.553125 0.023437500000000066
0 0.5734375 6.859935585848846e-17 0.546875 6.697287182837088e-17 0.546875 0.01718750000000007 0.5734375 0.01718750000000007
0 0.246875 2.535401576359755e-17 0.1671875 2.0474563673244812e-17 0.1671875 0.07812500000000003 0.246875 0.07812500000000003
0 0.1625 1.578646264525885e-17 0.0953125 1.1672414804373211e-17 0.0953125 0.08281250000000002 0.1625 0.08281250000000002
0 0.103125 6.31458505810354e-18 0 0 6.888638245203862e-18 0.1125 0.103125 0.1125
0 0.9828125 0.33281250000000007 0.9234375 0.33281250000000007 0.9234375 0.4109375000000002 0.9828125 0.4109375000000002
0 0.996875 0.3578125000000001 0.9828125 0.3578125000000001 0.9828125 0.4281250000000002 0.996875 0.4281250000000002
0 0.9234375 0.2921875000000001 0.8796875 0.2921875000000001 0.8796875 0.38750000000000007 0.9234375 0.38750000000000007
0 0.996875 0.2671875000000001 0.9734375 0.2671875000000001 0.9734375 0.3453125000000001 0.996875 0.3453125000000001
0 0.99375 0.2562500000000001 0.95625 0.2562500000000001 0.95625 0.3390625000000001 0.99375 0.3390625000000001
0 0.95 0.2562500000000001 0.9234375 0.2562500000000001 0.9234375 0.3218750000000001 0.95 0.3218750000000001
0 0.05625000000000004 0.315625 0.014062500000000039 0.315625 0.014062500000000042 0.38125 0.05625000000000004 0.38125
0 0.050000000000000044 0.3515625 4.305398903252414e-17 0.3515625 4.889019643471074e-17 0.446875 0.050000000000000044 0.446875
0 0.10781250000000005 0.303125 0.057812500000000044 0.303125 0.057812500000000044 0.3875 0.10781250000000005 0.3875
0 0.15312500000000004 0.296875 0.10625000000000004 0.296875 0.10625000000000004 0.38125 0.15312500000000004 0.38125
0 0.12343750000000005 0.2671875 0.06718750000000002 0.2671875 0.06718750000000004 0.315625 0.12343750000000005 0.315625
0 0.11250000000000004 0.38125 0.07343750000000004 0.38125 0.07343750000000004 0.428125 0.11250000000000004 0.428125
0 0.15312500000000004 0.38125 0.11406250000000004 0.38125 0.11406250000000004 0.428125 0.15312500000000004 0.428125
0 0.7203125 0.1906250000000001 0.6671875 0.1906250000000001 0.6671875 0.2921875000000001 0.7203125 0.2921875000000001
0 0.7828125 0.2328125000000001 0.7265625 0.2328125000000001 0.7265625 0.3218750000000001 0.7828125 0.3218750000000001
0 0.8203125 0.2500000000000001 0.7796875 0.2500000000000001 0.7796875 0.2968750000000001 0.8203125 0.2968750000000001
0 0.8671875 0.2562500000000001 0.8171875 0.2562500000000001 0.8171875 0.28593750000000007 0.8671875 0.28593750000000007
0 0.8875 0.2687500000000001 0.834375 0.2687500000000001 0.834375 0.3281250000000001 0.8875 0.3281250000000001
0 0.8609375 0.30937500000000007 0.8109375 0.30937500000000007 0.8109375 0.38750000000000007 0.8609375 0.38750000000000007
0 0.753125 0.3156250000000001 0.7140625 0.3156250000000001 0.7140625 0.3687500000000001 0.753125 0.3687500000000001
0 0.6671875 0.2328125000000001 0.64375 0.2328125000000001 0.64375 0.2796875000000001 0.6671875 0.2796875000000001
0 0.7234375 0.3812500000000001 0.6625 0.3812500000000001 0.6625 0.4828125 0.7234375 0.4828125
0 0.7765625 0.3703125000000001 0.7234375 0.3703125000000001 0.7234375 0.4593750000000001 0.7765625 0.4593750000000002
0 0.796875 0.3390625000000001 0.75625 0.3390625000000001 0.75625 0.4343750000000002 0.796875 0.4343750000000002
0 0.8109375 0.2984375000000001 0.7640625 0.2984375000000001 0.7640625 0.3578125000000001 0.8109375 0.3578125000000001
0 0.846875 0.33281250000000007 0.796875 0.33281250000000007 0.796875 0.41718750000000016 0.846875 0.41718750000000016
0 0.846875 0.4109375000000002 0.8171875 0.4109375000000002 0.8171875 0.4703125000000002 0.846875 0.4703125000000002
0 0.8671875 0.3812500000000001 0.84375 0.3812500000000001 0.84375 0.4578125000000002 0.8671875 0.4578125000000002
0 0.8265625 0.4281250000000002 0.7875 0.4281250000000002 0.7875 0.5062500000000002 0.8265625 0.5062500000000002
0 0.79375 0.4593750000000002 0.746875 0.4593750000000002 0.746875 0.5250000000000001 0.79375 0.5250000000000001
0 0.746875 0.4640625000000001 0.69375 0.4640625 0.69375 0.5359375000000001 0.746875 0.5359375000000002
0 0.7109375 0.2796875000000001 0.6578125 0.2796875000000001 0.6578125 0.3515625000000001 0.7109375 0.3515625000000001
0 0.7296875 0.3343750000000001 0.6734375 0.3343750000000001 0.6734375 0.3937500000000001 0.7296875 0.3937500000000001
0 0.69375 0.4703125 0.640625 0.4703125 0.640625 0.5296875 0.69375 0.5296875
0 0.6671875 0.3750000000000001 0.609375 0.3750000000000001 0.609375 0.4765625 0.6671875 0.4765625
0 0.6734375 0.33281250000000007 0.6328125 0.33281250000000007 0.6328125 0.38750000000000007 0.6734375 0.38750000000000007
0 0.646875 0.2734375000000001 0.5890625 0.2734375000000001 0.5890625 0.3750000000000001 0.646875 0.3750000000000001
0 0.65625 0.2375000000000001 0.59375 0.2375000000000001 0.59375 0.30937500000000007 0.65625 0.30937500000000007
0 0.590625 0.2687500000000001 0.540625 0.2687500000000001 0.540625 0.3578125000000001 0.590625 0.3578125000000001
0 0.6078125 0.3625000000000001 0.5578125 0.3625000000000001 0.5578125 0.446875 0.6078125 0.446875
0 0.55625 0.3578125000000001 0.5171875 0.3578125000000001 0.5171875 0.4234375 0.55625 0.4234375
0 0.55 0.2796875000000001 0.5234375 0.2796875000000001 0.5234375 0.3515625000000001 0.55 0.3515625000000001
0 0.5234375 0.3265625000000001 0.4796875 0.3265625000000001 0.4796875 0.4109375 0.5234375 0.4109375
0 0.5296875 0.2562500000000001 0.4734375 0.2562500000000001 0.4734375 0.33281250000000007 0.5296875 0.33281250000000007
0 0.4875 0.3156250000000001 0.453125 0.3156250000000001 0.453125 0.3812500000000001 0.4875 0.3812500000000001
0 0.509375 0.3984375000000001 0.4703125 0.3984375000000001 0.4703125 0.4703125 0.509375 0.4703125
0 0.5265625 0.4234375 0.5 0.4234375 0.5 0.4890625 0.5265625 0.4890625
0 0.4765625 0.2921875000000001 0.4640625 0.2921875000000001 0.4640625 0.3156250000000001 0.4765625 0.3156250000000001
0 0.4640625 0.26250000000000007 0.4171875 0.26250000000000007 0.4171875 0.3281250000000001 0.4640625 0.3281250000000001
0 0.45 0.30937500000000007 0.40625 0.30937500000000007 0.40625 0.38750000000000007 0.45 0.38750000000000007
0 0.4234375 0.3343750000000001 0.3796875 0.3343750000000001 0.37968750000000007 0.4234375 0.4234375 0.4234375
0 0.44375 0.3937500000000001 0.4 0.3937500000000001 0.4 0.459375 0.44375 0.459375
0 0.40625 0.26250000000000007 0.35 0.2625 0.35 0.35156250000000006 0.40625 0.3515625000000001
0 0.39062500000000006 0.3453125 0.3296875 0.3453125 0.3296875 0.440625 0.3906250000000001 0.440625
0 0.403125 0.4234375 0.3609375000000001 0.4234375 0.3609375000000001 0.49375 0.403125 0.49375
0 0.32656250000000003 0.321875 0.2765625 0.321875 0.27656250000000004 0.4046875 0.3265625000000001 0.4046875
0 0.3062500000000001 0.375 0.2531250000000001 0.375 0.2531250000000001 0.4578125 0.3062500000000001 0.4578125
0 0.2328125000000001 0.38125 0.17656250000000004 0.38125 0.17656250000000004 0.4828125 0.2328125000000001 0.4828125
0 0.27031250000000007 0.3515625 0.2234375 0.3515625 0.22343750000000004 0.446875 0.27031250000000007 0.446875
0 0.19687500000000005 0.3390625 0.14687500000000003 0.3390625 0.14687500000000003 0.428125 0.19687500000000005 0.428125
0 0.22656250000000006 0.309375 0.18281250000000004 0.309375 0.18281250000000004 0.38125 0.22656250000000008 0.38125
0 0.2609375 0.25625 0.2109375 0.25625 0.2109375 0.3390625 0.2609375 0.3390625
0 0.3 0.275 0.2640625 0.275 0.2640625 0.334375 0.3 0.334375
0 0.3265625 0.303125 0.3 0.303125 0.3 0.3515625 0.3265625 0.3515625
0 0.353125 0.321875 0.3265625 0.321875 0.32656250000000003 0.375 0.3531250000000001 0.375
0 0.2109375 0.2625 0.18750000000000006 0.2625 0.18750000000000006 0.303125 0.2109375 0.303125
0 0.17968750000000006 0.2328125 0.14375000000000004 0.2328125 0.14375000000000004 0.2921875 0.17968750000000006 0.2921875
0 0.2578125000000001 0.440625 0.21093750000000008 0.440625 0.21093750000000008 0.5171875 0.2578125000000001 0.5171875
0 0.19687500000000005 0.4171875 0.15937500000000004 0.4171875 0.15937500000000004 0.5125 0.19687500000000005 0.5125
0 0.403125 0.565625 0.3609375000000001 0.565625 0.3609375000000001 0.6421875 0.403125 0.6421875
0 0.4328125 0.6078125 0.3937500000000001 0.6078125 0.3937500000000001 0.684375 0.4328125 0.684375
0 0.45625 0.565625 0.4171875 0.565625 0.4171875 0.63125 0.45625 0.63125
0 0.4468750000000001 0.6609375 0.4125 0.6609375 0.4125000000000001 0.73125 0.4468750000000002 0.73125
0 0.4203125000000001 0.696875 0.3734375000000001 0.696875 0.3734375000000001 0.7625 0.4203125000000002 0.7625
0 0.4 0.64375 0.3468750000000001 0.64375 0.3468750000000001 0.7140625 0.4 0.7140625
0 0.3703125000000001 0.6078125 0.3437500000000001 0.6078125 0.3437500000000001 0.6671875 0.3703125000000001 0.6671875
0 0.36406250000000007 0.571875 0.3375000000000001 0.571875 0.3375000000000001 0.6125 0.36406250000000007 0.6125
0 0.12656250000000008 0.559375 0.09062500000000007 0.559375 0.09062500000000007 0.63125 0.12656250000000008 0.63125
0 0.15625000000000008 0.5828125 0.1140625000000001 0.5828125 0.1140625000000001 0.6609375 0.15625000000000008 0.6609375
0 0.2640625000000001 0.6078125 0.2140625000000001 0.6078125 0.2140625000000001 0.684375 0.2640625000000001 0.684375
0 0.2906250000000001 0.625 0.2609375000000001 0.625 0.2609375000000001 0.6671875 0.2906250000000001 0.6671875
0 0.3437500000000001 0.6078125 0.2906250000000001 0.6078125 0.2906250000000001 0.703125 0.3437500000000001 0.703125
0 0.3578125000000001 0.6609375 0.3078125000000001 0.6609375 0.3078125000000001 0.75625 0.3578125000000001 0.75625
0 0.37968750000000007 0.7265625 0.34062500000000007 0.7265625 0.34062500000000007 0.796875 0.37968750000000007 0.796875
0 0.3265625000000001 0.7375 0.2828125000000001 0.7375 0.2828125000000001 0.809375 0.3265625000000001 0.809375
0 0.3000000000000001 0.6609375 0.2468750000000001 0.6609375 0.2468750000000001 0.75 0.3000000000000001 0.75
0 0.3265625000000001 0.5890625 0.2640625000000001 0.5890625 0.2640625000000001 0.6375 0.3265625000000001 0.6375
0 0.2593750000000001 0.5828125 0.17343750000000008 0.5828125 0.17343750000000008 0.625 0.2593750000000001 0.625
0 0.2000000000000001 0.6140625 0.1593750000000001 0.6140625 0.1593750000000001 0.6796875 0.2000000000000001 0.6796875
0 0.17968750000000008 0.6546875 0.12656250000000008 0.6546875 0.12656250000000008 0.7328125 0.17968750000000008 0.7328125
0 0.1390625000000001 0.6375 0.09687500000000009 0.6375 0.09687500000000009 0.7078125 0.1390625000000001 0.7078125
0 0.1062500000000001 0.584375 0.07656250000000006 0.584375 0.07656250000000007 0.6734375 0.1062500000000001 0.6734375
0 0.2078125000000001 0.6734375 0.1609375000000001 0.6734375 0.1609375000000001 0.74375 0.2078125000000001 0.74375
0 0.2500000000000001 0.678125 0.20312500000000008 0.678125 0.20312500000000008 0.75625 0.2500000000000001 0.75625
0 0.2875000000000001 0.74375 0.2296875000000001 0.74375 0.2296875000000001 0.815625 0.2875000000000001 0.815625
0 0.22656250000000008 0.75 0.1828125000000001 0.75 0.1828125000000001 0.821875 0.22656250000000008 0.821875
0 0.1703125000000001 0.7390625 0.14062500000000008 0.7390625 0.14062500000000008 0.7984375 0.1703125000000001 0.7984375
0 0.45625000000000016 0.809375 0.4265625000000002 0.809375 0.4265625000000002 0.88125 0.45625000000000016 0.88125
0 0.4265625000000002 0.821875 0.3734375000000001 0.821875 0.3734375000000001 0.8875 0.4265625000000002 0.8875
0 0.45312500000000017 0.8703125 0.41718750000000016 0.8703125 0.41718750000000016 0.959375 0.45312500000000017 0.959375
0 0.41406250000000017 0.8875 0.3765625000000001 0.8875 0.3765625000000001 0.9703125 0.41406250000000017 0.9703125
0 0.43281250000000016 0.940625 0.3968750000000001 0.940625 0.3968750000000001 0.99375 0.43281250000000016 0.99375
0 0.37968750000000007 0.8390625 0.3375000000000001 0.8390625 0.3375000000000001 0.9234375 0.37968750000000007 0.9234375
0 0.3812500000000001 0.9171875 0.3343750000000001 0.9171875 0.3343750000000001 0.99375 0.3812500000000001 0.99375
0 0.3437500000000001 0.875 0.3062500000000001 0.875 0.3062500000000001 0.953125 0.3437500000000001 0.953125
0 0.3375000000000001 0.953125 0.2906250000000001 0.953125 0.2906250000000001 0.99375 0.3375000000000001 0.99375
0 0.3125000000000001 0.8875 0.27031250000000007 0.8875 0.27031250000000007 0.9828125 0.3125000000000001 0.9828125
0 0.27031250000000007 0.9 0.22031250000000008 0.9 0.22031250000000008 0.9890625 0.27031250000000007 0.9890625
0 0.22656250000000008 0.89375 0.1937500000000001 0.89375 0.19375000000000012 0.9640625 0.22656250000000008 0.9640625
0 0.19375000000000012 0.86875 0.1531250000000001 0.86875 0.15312500000000012 0.953125 0.19375000000000014 0.953125
0 0.23437500000000008 0.8453125 0.18750000000000008 0.8453125 0.18750000000000008 0.8921875 0.23437500000000008 0.8921875
0 0.3312500000000001 0.8578125 0.2609375000000001 0.8578125 0.2609375000000001 0.8875 0.3312500000000001 0.8875
0 0.1828125000000001 0.8453125 0.1468750000000001 0.8453125 0.1468750000000001 0.8625 0.1828125000000001 0.8625
0 0.1578125000000001 0.8453125 0.11093750000000009 0.8453125 0.1109375000000001 0.940625 0.15781250000000013 0.940625
0 0.15937500000000013 0.9234375 0.12656250000000013 0.9234375 0.12656250000000013 0.99375 0.15937500000000013 0.99375
0 0.2000000000000001 0.946875 0.15937500000000013 0.946875 0.15937500000000013 0.99375 0.2000000000000001 0.99375
0 0.23593750000000008 0.9640625 0.2000000000000001 0.9640625 0.2000000000000001 0.99375 0.23593750000000008 0.99375
0 0.12343750000000013 0.9171875 0.10312500000000013 0.9171875 0.10312500000000013 0.9578125 0.12343750000000013 0.9578125
0 0.09062500000000011 0.8515625 1.0428632898989179e-16 0.8515625 1.115576693598292e-16 0.9703125 0.09062500000000011 0.9703125
0 0.9796875 0.6078125000000002 0.8703125 0.6078125000000002 0.8703125 0.7093750000000002 0.9796875 0.7093750000000002
0 0.996875 0.7500000000000002 0.909375 0.7500000000000002 0.909375 0.821875 0.996875 0.821875
0 0.8703125 0.5000000000000002 0.8203125 0.5000000000000002 0.8203125 0.5953125000000001 0.8703125 0.5953125000000001
0 0.8203125 0.5546875000000002 0.7765625 0.5546875000000002 0.7765625 0.6140625000000002 0.8203125 0.6140625000000002
0 0.853125 0.5953125000000001 0.8140625 0.5953125000000001 0.8140625 0.6843750000000002 0.853125 0.6843750000000002
0 0.509375 0.5359375 0.4703125 0.5359375 0.4703125 0.60625 0.509375 0.60625
0 0.55 0.559375 0.5 0.559375 0.5 0.625 0.55 0.625
0 0.590625 0.5890625 0.54375 0.5890625 0.54375 0.64375 0.590625 0.64375
0 0.640625 0.5953125 0.5875 0.5953125 0.5875 0.6671875 0.640625 0.6671875
0 0.6734375 0.5953125 0.6328125 0.5953125 0.6328125 0.6421875 0.6734375 0.6421875
0 0.7203125 0.5890625 0.6625 0.5890625 0.6625 0.696875 0.7203125 0.696875
0 0.759375 0.6078125000000001 0.7234375 0.6078125 0.7234375 0.6843750000000001 0.759375 0.6843750000000002
0 0.7859375 0.5890625000000002 0.74375 0.5890625000000002 0.74375 0.6546875000000002 0.7859375 0.6546875000000002
0 0.8296875 0.6312500000000002 0.7796875 0.6312500000000002 0.7796875000000001 0.7265625000000002 0.8296875 0.7265625000000002
0 0.7937500000000001 0.6546875000000002 0.75 0.6546875000000002 0.7500000000000001 0.7375000000000002 0.7937500000000002 0.7375000000000002
0 0.7500000000000001 0.6734375000000001 0.7 0.6734375 0.7000000000000001 0.76875 0.7500000000000002 0.7687500000000002
0 0.7000000000000001 0.6796875 0.6359375 0.6796875 0.6359375 0.76875 0.7000000000000002 0.76875
0 0.6343750000000001 0.6609375 0.58125 0.6609375 0.58125 0.7625 0.6343750000000001 0.7625
0 0.6625 0.6375 0.6203125 0.6375 0.6203125 0.690625 0.6625 0.690625
0 0.596875 0.64375 0.54375 0.64375 0.5437500000000001 0.7390625 0.5968750000000002 0.7390625
0 0.546875 0.61875 0.4890625 0.61875 0.4890625 0.7203125 0.546875 0.7203125
0 0.503125 0.5890625 0.4640625 0.5890625 0.4640625 0.6671875 0.503125 0.6671875
0 0.5203125000000001 0.678125 0.4734375 0.678125 0.47343750000000007 0.75 0.5203125000000002 0.75
0 0.6031250000000001 0.74375 0.5671875000000002 0.74375 0.5671875000000002 0.815625 0.6031250000000001 0.815625
0 0.6562500000000002 0.75625 0.6140625000000002 0.75625 0.6140625000000002 0.8328125 0.6562500000000002 0.8328125
0 0.7125000000000001 0.7625 0.6703125000000002 0.7625 0.6703125000000002 0.828125 0.7125000000000001 0.828125
0 0.7734375000000002 0.7500000000000002 0.7296875000000002 0.7500000000000002 0.7296875000000002 0.828125 0.7734375000000002 0.828125
0 0.803125 0.7375000000000002 0.7671875000000001 0.7375000000000002 0.7671875000000001 0.809375 0.803125 0.809375
0 0.85 0.828125 0.8 0.828125 0.8 0.9171875 0.85 0.9171875
0 0.84375 0.803125 0.8 0.803125 0.8 0.8453125 0.84375 0.8453125
0 0.834375 0.89375 0.7843750000000002 0.89375 0.7843750000000002 0.9828125 0.834375 0.9828125
0 0.809375 0.9234375 0.7468750000000002 0.9234375 0.7468750000000002 0.99375 0.809375 0.99375
0 0.8 0.8515625 0.7468750000000002 0.8515625 0.7468750000000002 0.921875 0.8 0.921875
0 0.7593750000000001 0.8640625 0.7234375000000002 0.8640625 0.7234375000000002 0.9234375 0.7593750000000001 0.9234375
0 0.7500000000000002 0.9171875 0.7296875000000002 0.9171875 0.7296875000000002 0.9875 0.7500000000000002 0.9875
0 0.7296875000000002 0.946875 0.6937500000000002 0.946875 0.6937500000000002 0.99375 0.7296875000000002 0.99375
0 0.7062500000000002 0.9171875 0.6703125000000002 0.9171875 0.6703125000000002 0.9640625 0.7062500000000002 0.9640625
0 0.7265625000000002 0.88125 0.6703125000000002 0.88125 0.6703125000000002 0.928125 0.7265625000000002 0.928125
0 0.6937500000000002 0.959375 0.6531250000000002 0.959375 0.6531250000000002 0.9953125 0.6937500000000002 0.9953125
0 0.6609375000000002 0.959375 0.6109375000000001 0.959375 0.6109375000000001 0.9953125 0.6609375000000002 0.9953125
0 0.6078125000000002 0.934375 0.5578125000000002 0.934375 0.5578125000000002 0.99375 0.6078125000000002 0.99375
0 0.5609375000000002 0.9640625 0.5406250000000001 0.9640625 0.5406250000000001 0.99375 0.5609375000000002 0.99375
0 0.5406250000000001 0.934375 0.4828125000000002 0.934375 0.4828125000000002 0.99375 0.5406250000000001 0.99375
0 0.5062500000000002 0.9 0.46406250000000016 0.9 0.46406250000000016 0.9890625 0.5062500000000002 0.9890625
0 0.5062500000000002 0.8453125 0.46406250000000016 0.8453125 0.46406250000000016 0.9046875 0.5062500000000002 0.9046875
0 0.5093750000000001 0.7859375 0.4671875000000002 0.7859375 0.4671875000000002 0.8453125 0.5093750000000001 0.8453125
0 0.5437500000000002 0.86875 0.5031250000000002 0.86875 0.5031250000000002 0.928125 0.5437500000000002 0.928125
0 0.5734375000000002 0.8984375 0.5265625000000002 0.8984375 0.5265625000000002 0.9640625 0.5734375000000002 0.9640625
0 0.6296875000000002 0.9296875 0.5796875000000001 0.9296875 0.5796875000000001 0.9890625 0.6296875000000002 0.9890625
0 0.6765625000000002 0.88125 0.6296875000000002 0.88125 0.6296875000000002 0.9578125 0.6765625000000002 0.9578125
0 0.6328125000000002 0.86875 0.5906250000000002 0.86875 0.5906250000000002 0.9109375 0.6328125000000002 0.9109375
0 0.6125000000000002 0.86875 0.5468750000000002 0.86875 0.5468750000000002 0.934375 0.6125000000000002 0.934375
0 0.5562500000000001 0.8328125 0.5171875000000001 0.8328125 0.5171875000000001 0.8875 0.5562500000000001 0.8875