0 0.978125 0.6390625000000002 0.88125 0.6390625000000002 0.88125 0.7890625000000002 0.978125 0.7890625000000002
0 0.996875 0.7171875000000002 0.9546875 0.7171875000000002 0.9546875 0.8453125 0.996875 0.8453125
0 0.7421875000000001 0.6296875000000001 0.6609375 0.6296875 0.6609375000000001 0.7640625000000001 0.7421875000000002 0.7640625000000002
0 0.6640625000000001 0.5828125 0.5171875 0.5828125 0.5171875000000001 0.8046875 0.6640625000000002 0.8046875
0 0.7 0.4125 0.5453125 0.4125 0.5453125 0.6125 0.7 0.6125
0 0.571875 0.46875 0.4203125 0.46875 0.4203125 0.659375 0.571875 0.659375
0 0.540625 0.3359375000000001 0.4171875 0.3359375000000001 0.4171875 0.4703125 0.540625 0.4703125
0 0.44375 0.35625000000000007 0.3125 0.35625 0.31250000000000006 0.5828125 0.44375 0.5828125
0 0.3906250000000001 0.571875 0.27031250000000007 0.571875 0.27031250000000007 0.7421875 0.3906250000000001 0.7421875
0 0.4718750000000001 0.6703125 0.32500000000000007 0.6703125 0.32500000000000007 0.8609375 0.47187500000000016 0.8609375
0 0.5796875000000001 0.778125 0.4281250000000002 0.778125 0.4281250000000002 0.9328125 0.5796875000000001 0.9328125
0 0.7421875000000002 0.871875 0.47187500000000016 0.871875 0.47187500000000016 0.9953125 0.7421875000000002 0.9953125
0 0.884375 0.7421875000000001 0.5828125000000002 0.7421875 0.5828125000000002 0.9953125 0.884375 0.9953125
0 0.996875 0.5781250000000002 0.7296875 0.5781250000000002 0.7296875 0.9953125 0.996875 0.9953125
0 0.996875 0.41875000000000007 0.703125 0.41875 0.7031250000000001 0.784375 0.996875 0.7843750000000002
0 0.996875 0.2375000000000001 0.5953125 0.2375000000000001 0.5953125 0.6703125000000001 0.996875 0.6703125000000002
0 0.884375 0.10312500000000009 0.7328125 0.10312500000000009 0.7328125 0.30937500000000007 0.884375 0.30937500000000007
0 0.996875 0.1656250000000001 0.8734375 0.16562500000000008 0.8734375 0.3453125000000001 0.996875 0.3453125000000001
0 0.996875 1.1404523317059726e-16 0.865625 1.0600848855119278e-16 0.865625 0.17031250000000012 0.996875 0.17031250000000014
0 0.9 1.0591281302000936e-16 0.8296875 1.0160741411675695e-16 0.8296875 0.03593750000000011 0.9 0.03593750000000011
0 0.18906250000000008 0.61875 0.08125000000000007 0.61875 0.08125000000000007 0.778125 0.18906250000000008 0.778125
0 0.22812500000000008 0.6796875 0.1468750000000001 0.6796875 0.1468750000000001 0.7578125 0.22812500000000008 0.7578125
0 0.0921875000000001 0.6484375 7.941069088221118e-17 0.6484375 9.175283440486809e-17 0.85 0.09218750000000012 0.85
0 0.1468750000000001 0.79375 0.0343750000000001 0.79375 0.03437500000000011 0.8921875 0.1468750000000001 0.8921875
0 0.4828125000000001 0.5 0.13125000000000003 0.5 0.1312500000000001 0.9953125 0.4828125000000002 0.9953125
0 0.3125000000000001 0.3765625 0.09218750000000005 0.3765625 0.09218750000000006 0.5671875 0.3125000000000001 0.5671875
0 0.459375 0.30000000000000004 0.325 0.3 0.32500000000000007 0.38750000000000007 0.459375 0.38750000000000007
0 0.5109375 0.10781250000000005 0.2171875 0.10781250000000005 0.2171875 0.34062500000000007 0.5109375 0.34062500000000007
0 0.834375 7.185232391872362e-17 0.3390625 4.152318053358994e-17 0.33906250000000004 0.39687500000000003 0.834375 0.3968750000000001
0 0.2359375 0.04218750000000003 0.1390625 0.042187500000000024 0.13906250000000003 0.2125 0.2359375 0.2125
0 0.309375 0.19062500000000004 0.18593750000000003 0.19062500000000004 0.18593750000000003 0.340625 0.309375 0.340625
0 0.22031250000000005 0.3 0.11562500000000005 0.3 0.11562500000000005 0.403125 0.22031250000000008 0.403125
0 0.06875000000000007 0.515625 6.31458505810354e-17 0.515625 7.137394626280668e-17 0.65 0.06875000000000009 0.65
0 0.13125000000000006 0.490625 0.06250000000000007 0.490625 0.06250000000000008 0.6609375 0.1312500000000001 0.6609375
0 0.11250000000000004 0.3609375 4.420209540672478e-17 0.3609375 5.424802618098041e-17 0.525 0.11250000000000004 0.525
0 0.21718750000000003 0.2890625 0.10937500000000004 0.2890625 0.10937500000000004 0.4171875 0.2171875000000001 0.4171875
0 0.08906250000000003 0.2421875 0.015625000000000028 0.2421875 0.015625000000000035 0.35 0.08906250000000004 0.35
0 0.19375000000000003 0.18593750000000003 0.07812500000000003 0.1859375 0.07812500000000003 0.3609375 0.19375000000000003 0.3609375
0 0.2125 1.8465377518393683e-17 0.0890625 1.0907010554906114e-17 0.08906250000000002 0.15000000000000002 0.2125 0.15000000000000005
0 0.346875 3.214697847761802e-17 0.178125 2.181402110981223e-17 0.178125 0.07187500000000004 0.346875 0.07187500000000005
0 0.359375 0.056250000000000036 0.23125 0.05625000000000002 0.23125 0.17500000000000004 0.359375 0.17500000000000004
0 0.996875 6.104098889500089e-17 0 0 6.09453133638175e-17 0.9953125 0.996875 0.9953125