0 0.6671875 0.6671875 0.571875 0.6671875 0.5718750000000001 0.8203125 0.6671875000000002 0.8203125
0 0.7421875 0.5406250000000001 0.6234375 0.540625 0.6234375 0.7109375000000001 0.7421875 0.7109375000000002
0 0.7109375 0.415625 0.6265625 0.415625 0.6265625 0.546875 0.7109375 0.546875
0 0.771875 0.2078125000000001 0.684375 0.2078125000000001 0.684375 0.5906250000000001 0.771875 0.5906250000000002
0 0.771875 8.983932378120038e-17 0.6953125 8.51512227532144e-17 0.6953125 0.19687500000000008 0.771875 0.19687500000000008
0 0.996875 1.0648686620710968e-16 0.7421875 9.089175462421762e-17 0.7421875000000001 0.9953125 0.996875 0.9953125
0 0.8796875 0.7984375000000001 0.6453125000000002 0.7984375 0.6453125000000002 0.9953125 0.8796875 0.9953125
0 0.5906250000000001 0.69375 0.503125 0.69375 0.503125 0.8421875 0.5906250000000002 0.8421875
0 0.5296875000000001 0.7109375 0.45 0.7109375 0.45000000000000007 0.853125 0.5296875000000002 0.853125
0 0.6312500000000002 0.7921875 0.5359375000000002 0.7921875 0.5359375000000002 0.896875 0.6312500000000002 0.896875
0 0.6015625 0.540625 0.4890625 0.540625 0.4890625 0.69375 0.6015625 0.69375
0 0.5578125 0.6390625 0.4828125 0.6390625 0.4828125 0.721875 0.5578125 0.721875
0 0.5875 0.421875 0.51875 0.421875 0.51875 0.53125 0.5875 0.53125
0 0.640625 0.475 0.5796875 0.475 0.5796875 0.5734375 0.640625 0.5734375
0 0.63125 0.4046875 0.584375 0.4046875 0.584375 0.4859375 0.63125 0.4859375
0 0.4890625 0.475 0.4125 0.475 0.4125 0.6390625 0.4890625 0.6390625
0 0.5359375 0.35625000000000007 0.4453125 0.35625000000000007 0.4453125 0.509375 0.5359375 0.509375
0 0.54375 0.2468750000000001 0.4859375 0.2468750000000001 0.4859375 0.35625000000000007 0.54375 0.35625000000000007
0 0.6046875 0.26250000000000007 0.546875 0.26250000000000007 0.546875 0.4046875 0.6046875 0.4046875
0 0.6484375 0.17968750000000008 0.5609375 0.17968750000000008 0.5609375 0.3281250000000001 0.6484375 0.3281250000000001
0 0.70625 0.2250000000000001 0.6375 0.2250000000000001 0.6375 0.3343750000000001 0.70625 0.3343750000000001
0 0.73125 0.3281250000000001 0.6484375 0.3281250000000001 0.6484375 0.4375000000000001 0.73125 0.43750000000000017
0 0.6453125 0.31718750000000007 0.59375 0.31718750000000007 0.59375 0.409375 0.6453125 0.409375
0 0.584375 0.16406250000000006 0.5265625 0.16406250000000006 0.5265625 0.2453125000000001 0.584375 0.2453125000000001
0 0.6671875 0.054687500000000076 0.5796875 0.05468750000000007 0.5796875 0.1531250000000001 0.6671875 0.1531250000000001
0 0.7140625 0.07031250000000008 0.6046875 0.07031250000000007 0.6046875 0.2296875000000001 0.7140625 0.2296875000000001
0 0.521875 0.17500000000000004 0.4421875 0.17500000000000004 0.4421875 0.3109375000000001 0.521875 0.3109375000000001
0 0.48125 0.2796875000000001 0.4171875 0.2796875000000001 0.4171875 0.4 0.48125 0.4
0 0.5140625 0.11562500000000005 0.4203125 0.11562500000000005 0.4203125 0.2468750000000001 0.5140625 0.2468750000000001
0 0.5546875 6.190206867565137e-17 0.45625 5.587451021109799e-17 0.45625 0.12031250000000007 0.5546875 0.12031250000000009
0 0.45625 5.032532940246154e-17 0.365625 4.4776148593825096e-17 0.365625 0.10937500000000004 0.45625 0.10937500000000004
0 0.4453125 0.08281250000000004 0.3625 0.08281250000000004 0.3625 0.21406250000000004 0.4453125 0.2140625000000001
0 0.403125 0.15312500000000004 0.3015625 0.15312500000000004 0.3015625 0.28906250000000006 0.403125 0.2890625000000001
0 0.434375 0.21250000000000008 0.3734375 0.21250000000000008 0.3734375 0.3390625000000001 0.434375 0.3390625000000001
0 0.4453125 0.33437500000000003 0.3515625 0.334375 0.35156250000000006 0.4765625 0.4453125 0.4765625
0 0.434375 0.48125 0.3734375000000001 0.48125 0.3734375000000001 0.6171875 0.434375 0.6171875
0 0.3984375000000001 0.56875 0.3078125000000001 0.56875 0.3078125000000001 0.7046875 0.3984375000000001 0.7046875
0 0.4671875000000001 0.671875 0.3812500000000001 0.671875 0.3812500000000001 0.8203125 0.4671875000000002 0.8203125
0 0.41406250000000017 0.853125 0.3343750000000001 0.853125 0.3343750000000001 0.978125 0.41406250000000017 0.978125
0 0.3546875000000001 0.7546875 0.2390625000000001 0.7546875 0.2390625000000001 0.940625 0.3546875000000001 0.940625
0 0.3046875000000001 0.7109375 0.2093750000000001 0.7109375 0.2093750000000001 0.846875 0.3046875000000001 0.846875
0 0.45625000000000016 0.803125 0.3625000000000001 0.803125 0.3625000000000001 0.9953125 0.45625000000000016 0.9953125
0 0.1375 8.419446744138053e-18 0 0 7.654042494670958e-18 0.125 0.1375 0.125
0 0.0421875 2.774590404318222e-18 0.003125 3.827021247335479e-19 0.0031250000000000015 0.0265625 0.0421875 0.0265625
0 0.07968750000000001 0.0703125 0.010937500000000008 0.0703125 0.010937500000000013 0.1640625 0.07968750000000002 0.1640625
0 0.16250000000000003 0.0765625 0.0875 0.0765625 0.08750000000000001 0.2234375 0.16250000000000003 0.2234375
0 0.08281250000000002 0.1703125 0.010937500000000022 0.1703125 0.010937500000000027 0.246875 0.08281250000000002 0.246875
0 0.12343750000000005 0.2234375 0.035937500000000025 0.2234375 0.03593750000000003 0.3828125 0.12343750000000005 0.3828125
0 0.2203125 0.2078125 0.13437500000000005 0.2078125 0.13437500000000005 0.328125 0.2203125 0.328125
0 0.18125000000000005 0.3328125 0.09843750000000004 0.3328125 0.09843750000000004 0.4265625 0.18125000000000005 0.4265625
0 0.17500000000000007 0.453125 0.09531250000000005 0.453125 0.09531250000000005 0.5578125 0.1750000000000001 0.5578125
0 0.22812500000000008 0.5078125 0.11562500000000005 0.5078125 0.11562500000000006 0.6671875 0.22812500000000008 0.6671875
0 0.1625000000000001 0.60625 0.07968750000000006 0.60625 0.07968750000000008 0.7921875 0.1625000000000001 0.7921875
0 0.20312500000000008 0.7375 0.1453125000000001 0.7375 0.1453125000000001 0.7984375 0.20312500000000008 0.7984375
0 0.05000000000000008 0.540625 6.620746757890377e-17 0.540625 7.921933981984441e-17 0.753125 0.050000000000000086 0.753125
0 0.0500000000000001 0.7484375 9.165715887368473e-17 0.7484375 9.969390349308924e-17 0.8796875 0.050000000000000114 0.8796875
0 0.050000000000000114 0.884375 1.0830470129959405e-16 0.884375 1.1500198848243113e-16 0.99375 0.050000000000000114 0.99375
0 0.3078125000000001 0.5296875 0.21093750000000008 0.5296875 0.21093750000000008 0.7 0.3078125000000001 0.7
0 0.3734375000000001 0.459375 0.2968750000000001 0.459375 0.2968750000000001 0.584375 0.3734375000000001 0.584375
0 0.3296875000000001 0.43125 0.2578125000000001 0.43125 0.2578125000000001 0.5578125 0.3296875000000001 0.5578125
0 0.34062500000000007 0.3 0.2578125 0.3 0.25781250000000006 0.4375 0.34062500000000007 0.4375
0 0.30000000000000004 0.2515625 0.19218750000000004 0.2515625 0.19218750000000004 0.409375 0.3000000000000001 0.409375
0 0.2718750000000001 0.4 0.17812500000000003 0.4 0.17812500000000003 0.5203125 0.2718750000000001 0.5203125
0 0.3078125 0.12500000000000006 0.221875 0.12500000000000006 0.221875 0.2515625 0.3078125 0.2515625
0 0.3265625 0.026562500000000037 0.2421875 0.026562500000000034 0.2421875 0.16406250000000006 0.3265625 0.16406250000000006
0 0.3703125 3.664372844323721e-17 0.228125 2.7937255105548996e-17 0.228125 0.06562500000000003 0.3703125 0.06562500000000004