0 0.8078125 0.503125 0.621875 0.503125 0.621875 0.690625 0.8078125 0.6906250000000002
0 0.884375 0.5796875000000001 0.809375 0.5796875000000001 0.809375 0.6562500000000002 0.884375 0.6562500000000002
0 0.65 0.4640625 0.490625 0.4640625 0.490625 0.625 0.65 0.625
0 0.6453125000000001 0.5484375 0.3968750000000001 0.5484375 0.3968750000000001 0.8 0.6453125000000002 0.8
0 0.48125 0.540625 0.3546875000000001 0.540625 0.3546875000000001 0.7015625 0.48125 0.7015625
0 0.5234375000000001 0.6671875 0.3312500000000001 0.6671875 0.3312500000000001 0.89375 0.5234375000000002 0.89375
0 0.5890625000000002 0.8 0.4203125000000002 0.8 0.4203125000000002 0.9453125 0.5890625000000002 0.9453125
0 0.4171875000000001 0.6859375 0.3140625000000001 0.6859375 0.3140625000000001 0.84375 0.41718750000000016 0.84375
0 0.6734375 0.2734375000000001 0.59375 0.2734375000000001 0.59375 0.3671875000000001 0.6734375 0.3671875000000001
0 0.9953125 0.4906250000000002 0.953125 0.4906250000000002 0.953125 0.5796875000000001 0.9953125 0.5796875000000001
0 0.6453125 0.2218750000000001 0.5890625 0.2218750000000001 0.5890625 0.2718750000000001 0.6453125 0.2718750000000001
0 0.7625 0.21250000000000008 0.6453125 0.21250000000000008 0.6453125 0.3234375000000001 0.7625 0.3234375000000001
0 0.8140625 0.3156250000000001 0.7578125 0.3156250000000001 0.7578125 0.3750000000000001 0.8140625 0.3750000000000001
0 0.5703125 0.2468750000000001 0.4390625 0.2468750000000001 0.4390625 0.3828125000000001 0.5703125 0.3828125000000001
0 0.5140625 0.3968750000000001 0.490625 0.3968750000000001 0.490625 0.4265625 0.5140625 0.4265625
0 0.4859375 0.16562500000000005 0.3546875 0.16562500000000005 0.35468750000000004 0.3921875 0.4859375 0.3921875000000001
0 0.51875 0.10156250000000004 0.40625 0.10156250000000004 0.40625 0.2515625000000001 0.51875 0.2515625000000001
0 0.6359375 0.07187500000000008 0.48125 0.07187500000000006 0.48125 0.2515625000000001 0.6359375 0.2515625000000001
0 0.771875 0.11093750000000009 0.6546875 0.11093750000000009 0.6546875 0.3531250000000001 0.771875 0.3531250000000001
0 0.9578125 0.1828125000000001 0.6828125 0.1828125000000001 0.6828125 0.3781250000000001 0.9578125 0.3781250000000001
0 0.378125 0.012500000000000035 0.24375 0.012500000000000028 0.24375 0.16250000000000003 0.378125 0.16250000000000003
0 0.44375 4.525452624974203e-17 0.2953125 3.6165350787320275e-17 0.2953125 0.08906250000000004 0.44375 0.08906250000000004
0 0.603125 6.553773886062008e-17 0.4671875 5.72139676476654e-17 0.4671875 0.09375000000000007 0.603125 0.09375000000000007
0 0.309375 0.04687500000000003 0.1921875 0.04687500000000002 0.1921875 0.17812500000000003 0.309375 0.17812500000000003
0 0.24375000000000005 0.28125 0.16875000000000004 0.28125 0.16875000000000004 0.378125 0.24375000000000008 0.378125
0 0.19687500000000005 0.35 0.07968750000000005 0.35 0.07968750000000005 0.45625 0.19687500000000005 0.45625
0 0.12187500000000004 0.3578125 0.04687500000000004 0.3578125 0.04687500000000005 0.459375 0.12187500000000004 0.459375
0 0.060937500000000054 0.4421875 5.415235064979703e-17 0.4421875 6.151936655091782e-17 0.5625 0.06093750000000007 0.5625
0 0.19687500000000008 0.46875 0.10781250000000005 0.46875 0.10781250000000006 0.5578125 0.19687500000000008 0.5578125
0 0.1828125000000001 0.575 0.07500000000000007 0.575 0.07500000000000008 0.671875 0.1828125000000001 0.671875
0 0.10781250000000009 0.6421875 0.046875000000000076 0.6421875 0.04687500000000008 0.6890625 0.10781250000000009 0.6890625
0 0.14062500000000008 0.715625 0.05625000000000009 0.715625 0.05625000000000009 0.7796875 0.14062500000000008 0.7796875
0 0.1781250000000001 0.6640625 0.11250000000000009 0.6640625 0.11250000000000009 0.71875 0.1781250000000001 0.71875
0 0.21093750000000008 0.703125 0.1687500000000001 0.703125 0.1687500000000001 0.7328125 0.21093750000000008 0.7328125