0 0.925 0.6765625000000002 0.840625 0.6765625000000002 0.840625 0.8609375 0.925 0.8609375
0 0.9359375 0.5312500000000002 0.8578125 0.5312500000000002 0.8578125 0.6984375000000002 0.9359375 0.6984375000000002
0 0.84375 0.4359375000000002 0.7484375 0.4359375000000002 0.7484375 0.6031250000000001 0.84375 0.6031250000000001
0 0.7484375 0.4750000000000001 0.70625 0.475 0.70625 0.6031250000000001 0.7484375 0.6031250000000001
0 0.7234375 0.525 0.6421875 0.525 0.6421875 0.6765625 0.7234375 0.6765625
0 0.840625 0.6421875000000001 0.734375 0.6421875000000001 0.7343750000000001 0.7656250000000002 0.840625 0.7656250000000002
0 0.84375 0.7265625000000001 0.7093750000000002 0.7265625 0.7093750000000002 0.89375 0.84375 0.89375
0 0.7484375000000002 0.8 0.6140625000000002 0.8 0.6140625000000002 0.928125 0.7484375000000002 0.928125
0 0.6843750000000001 0.6265625 0.584375 0.6265625 0.5843750000000001 0.821875 0.6843750000000002 0.821875
0 0.7125 0.3515625000000001 0.603125 0.3515625000000001 0.603125 0.5640625 0.7125 0.5640625
0 0.7203125 0.2687500000000001 0.5859375 0.2687500000000001 0.5859375 0.4078125 0.7203125 0.4078125
0 0.625 0.16718750000000007 0.5046875 0.16718750000000004 0.5046875 0.3578125000000001 0.625 0.3578125000000001
0 0.63125 0.2734375000000001 0.575 0.2734375000000001 0.575 0.3578125000000001 0.63125 0.3578125000000001
0 0.528125 0.2406250000000001 0.4578125 0.2406250000000001 0.4578125 0.3078125000000001 0.528125 0.3078125000000001
0 0.53125 0.2968750000000001 0.4578125 0.2968750000000001 0.4578125 0.425 0.53125 0.425
0 0.4546875 0.25781250000000006 0.3234375 0.2578125 0.32343750000000004 0.38593750000000004 0.4546875 0.3859375000000001
0 0.465625 0.29687500000000006 0.3234375 0.296875 0.32343750000000004 0.446875 0.465625 0.446875
0 0.5 0.41875 0.3515625000000001 0.41875 0.3515625000000001 0.5875 0.5 0.5875
0 0.603125 0.3750000000000001 0.4859375 0.3750000000000001 0.4859375 0.609375 0.603125 0.609375
0 0.5328125000000001 0.559375 0.4265625 0.559375 0.42656250000000007 0.7484375 0.5328125000000001 0.7484375
0 0.6062500000000001 0.715625 0.5140625 0.715625 0.5140625000000001 0.9046875 0.6062500000000002 0.9046875
0 0.5890625 0.5859375 0.5171875 0.5859375 0.5171875 0.709375 0.5890625 0.709375
0 0.5390625000000002 0.759375 0.42968750000000017 0.759375 0.42968750000000017 0.971875 0.5390625000000002 0.971875
0 0.4640625000000001 0.6421875 0.3828125000000001 0.6421875 0.3828125000000001 0.8046875 0.46406250000000016 0.8046875
0 0.43281250000000016 0.7765625 0.3656250000000001 0.7765625 0.3656250000000001 0.9046875 0.43281250000000016 0.9046875
0 0.38750000000000007 0.6984375 0.3234375000000001 0.6984375 0.3234375000000001 0.7984375 0.38750000000000007 0.7984375
0 0.3828125000000001 0.559375 0.2765625000000001 0.559375 0.2765625000000001 0.715625 0.3828125000000001 0.715625
0 0.3296875 0.346875 0.259375 0.346875 0.259375 0.453125 0.3296875000000001 0.453125
0 0.3296875000000001 0.3796875 0.2375000000000001 0.3796875 0.2375000000000001 0.5484375 0.3296875000000001 0.5484375
0 0.25468750000000007 0.36875 0.15625000000000006 0.36875 0.15625000000000006 0.5640625 0.25468750000000007 0.5640625
0 0.29375000000000007 0.559375 0.1984375000000001 0.559375 0.1984375000000001 0.8109375 0.29375000000000007 0.8109375
0 0.3687500000000001 0.7609375 0.23437500000000008 0.7609375 0.23437500000000008 0.9453125 0.3687500000000001 0.9453125
0 0.2296875000000001 0.7046875 0.1312500000000001 0.7046875 0.1312500000000001 0.9046875 0.2296875000000001 0.9046875
0 0.1843750000000001 0.6375 0.08125000000000009 0.6375 0.0812500000000001 0.85 0.1843750000000001 0.85
0 0.16718750000000007 0.4703125 0.010937500000000058 0.4703125 0.010937500000000069 0.665625 0.1671875000000001 0.665625
0 0.18125000000000008 0.5640625 0.014062500000000066 0.5640625 0.01406250000000008 0.771875 0.18125000000000008 0.771875
0 0.13125000000000012 0.709375 0.02187500000000009 0.709375 0.0218750000000001 0.921875 0.13125000000000014 0.921875