0 0.5296875 0.30312500000000003 0.3390625 0.303125 0.33906250000000004 0.546875 0.5296875 0.546875
0 0.6890625 0.2234375000000001 0.5140625 0.2234375000000001 0.5140625 0.4375 0.6890625 0.4375
0 0.865625 0.3390625000000001 0.6703125 0.3390625000000001 0.6703125 0.5828125000000001 0.865625 0.5828125000000002
0 0.9609375 0.5125000000000002 0.8015625 0.5125000000000002 0.8015625 0.7218750000000002 0.9609375 0.7218750000000002
0 0.696875 0.4421875 0.5015625 0.4421875 0.5015625 0.6765625 0.696875 0.6765625
0 0.8046875 0.5765625000000001 0.6578125 0.5765625 0.6578125000000001 0.7562500000000001 0.8046875 0.7562500000000002
0 0.809375 0.7515625000000001 0.6656250000000001 0.7515625 0.6656250000000001 0.9203125 0.809375 0.9203125
0 0.6765625000000001 0.6765625 0.4984375 0.6765625 0.4984375000000001 0.8953125 0.6765625000000002 0.8953125
0 0.5296875000000001 0.5421875 0.3265625000000001 0.5421875 0.3265625000000001 0.8015625 0.5296875000000002 0.8015625
0 0.5218750000000002 0.790625 0.3390625000000001 0.790625 0.3390625000000001 0.9203125 0.5218750000000002 0.9203125
0 0.3593750000000001 0.6765625 0.14843750000000008 0.6765625 0.1484375000000001 0.9203125 0.3593750000000001 0.9203125
0 0.21093750000000008 0.528125 0.040625000000000064 0.528125 0.04062500000000008 0.7421875 0.21093750000000008 0.7421875
0 0.3656250000000001 0.4125 0.18750000000000006 0.4125 0.18750000000000006 0.6515625 0.3656250000000001 0.6515625
0 0.21562500000000004 0.2734375 0.023437500000000035 0.2734375 0.02343750000000005 0.528125 0.2156250000000001 0.528125
0 0.38593750000000004 0.17500000000000004 0.1953125 0.17500000000000004 0.19531250000000003 0.4140625 0.3859375000000001 0.4140625
0 0.5453125 0.08906250000000006 0.3703125 0.08906250000000004 0.3703125 0.3140625000000001 0.5453125 0.3140625000000001
0 0.7328125 7.711447813380989e-17 0.5265625 6.448530801760282e-17 0.5265625 0.21875000000000008 0.7328125 0.21875000000000008
0 0.8296875 0.16406250000000008 0.678125 0.16406250000000008 0.678125 0.3390625000000001 0.8296875 0.3390625000000001
0 0.3984375 3.903561672282188e-17 0.2390625 2.9276712542116413e-17 0.2390625 0.17968750000000006 0.3984375 0.17968750000000006
0 0.2421875 0.04062500000000002 0.0640625 0.04062500000000001 0.06406250000000001 0.2546875 0.2421875 0.2546875
0 0.5765625 5.769234530358234e-17 0.365625 4.4776148593825096e-17 0.365625 0.08906250000000006 0.5765625 0.08906250000000007