0 0.85 0.6015625000000001 0.3500000000000001 0.6015625 0.3500000000000001 0.9171875 0.85 0.9171875
0 0.2640625000000001 0.4828125 0.11718750000000004 0.4828125 0.11718750000000007 0.7390625 0.2640625000000001 0.7390625
0 0.30781250000000004 0.2859375 0.18750000000000006 0.2859375 0.18750000000000006 0.3875 0.3078125000000001 0.3875
0 0.3609375 0.2671875 0.2640625 0.2671875 0.2640625 0.3453125 0.3609375 0.3453125
0 0.3531250000000001 0.375 0.2234375000000001 0.375 0.2234375000000001 0.678125 0.3531250000000001 0.678125
0 0.9 0.30937500000000007 0.8328125 0.30937500000000007 0.8328125 0.6015625000000002 0.9 0.6015625000000002
0 0.953125 0.5484375000000001 0.85 0.5484375000000001 0.85 0.7625000000000002 0.953125 0.7625000000000002
0 0.996875 0.47656250000000017 0.9234375 0.47656250000000017 0.9234375 0.6312500000000002 0.996875 0.6312500000000002
0 0.996875 0.7500000000000002 0.85625 0.7500000000000002 0.85625 0.99375 0.996875 0.99375
0 0.8609375 0.47656250000000017 0.740625 0.47656250000000017 0.740625 0.6609375000000002 0.8609375 0.6609375000000002
0 0.8296875 0.6250000000000002 0.7375 0.6250000000000002 0.7375 0.7437500000000001 0.8296875 0.7437500000000001
0 0.7671875 0.51875 0.6671875 0.51875 0.6671875 0.7031250000000001 0.7671875 0.7031250000000002
0 0.996875 0.22656250000000008 0.9296875 0.22656250000000008 0.9296875 0.3453125000000001 0.996875 0.3453125000000001
0 0.996875 0.33281250000000007 0.9671875 0.33281250000000007 0.9671875 0.44062500000000016 0.996875 0.44062500000000016
0 0.9625 0.3390625000000001 0.896875 0.3390625000000001 0.896875 0.5187500000000002 0.9625 0.5187500000000002
0 0.95 0.1718750000000001 0.8671875 0.17187500000000008 0.8671875 0.28593750000000007 0.95 0.28593750000000007
0 0.8875 0.1843750000000001 0.784375 0.1843750000000001 0.784375 0.2984375000000001 0.8875 0.2984375000000001
0 0.690625 0.006250000000000072 0.490625 0.006250000000000061 0.490625 0.16093750000000007 0.690625 0.1609375000000001
0 0.796875 0.09531250000000009 0.6765625 0.09531250000000009 0.6765625 0.22656250000000008 0.796875 0.22656250000000008
0 0.53125 0.03593750000000005 0.3609375 0.035937500000000046 0.3609375 0.22031250000000005 0.53125 0.22031250000000008
0 0.3828125 0.10156250000000004 0.29375 0.10156250000000004 0.29375 0.25625000000000003 0.3828125 0.2562500000000001
0 0.340625 0.11406250000000004 0.2140625 0.11406250000000004 0.2140625 0.2625 0.340625 0.2625
0 0.3359375000000001 0.8390625 0.2000000000000001 0.8390625 0.2000000000000001 0.99375 0.3359375000000001 0.99375
0 0.6375 0.3281250000000001 0.5375 0.3281250000000001 0.5375 0.5 0.6375 0.5
0 0.5203125 0.3937500000000001 0.45 0.3937500000000001 0.45 0.5125 0.5203125 0.5125
0 0.996875 0.018750000000000062 2.296212748401287e-18 0.01875 6.209341973801815e-17 0.9953125 0.996875 0.9953125
0 0.996875 0.18437500000000012 0.7859375 0.1843750000000001 0.7859375 0.5656250000000002 0.996875 0.5656250000000002
0 0.21718750000000003 0.03593750000000001 4.401074434435801e-18 0.0359375 5.57788346799146e-17 0.875 0.2171875000000001 0.875