0 0.3734375000000001 0.8453125 0.30937500000000007 0.8453125 0.30937500000000007 0.896875 0.3734375000000001 0.896875
0 0.4125000000000002 0.803125 0.3468750000000001 0.803125 0.3468750000000001 0.890625 0.4125000000000002 0.890625
0 0.48437500000000017 0.803125 0.3781250000000001 0.803125 0.3781250000000001 0.9015625 0.48437500000000017 0.9015625
0 0.9953125 0.834375 0.9390625 0.834375 0.9390625 0.9015625 0.9953125 0.9015625
0 0.996875 0.7875000000000002 0.9015625 0.7875000000000002 0.9015625 0.8703125 0.996875 0.8703125
0 0.996875 0.6953125000000002 0.915625 0.6953125000000002 0.915625 0.809375 0.996875 0.809375
0 0.9359375 0.6328125000000002 0.8546875 0.6328125000000002 0.8546875 0.7625000000000002 0.9359375 0.7625000000000002
0 0.928125 0.7312500000000002 0.8890625 0.7312500000000002 0.8890625 0.803125 0.928125 0.803125
0 0.9015625 0.7203125000000001 0.8140625 0.7203125000000001 0.8140625 0.8296875 0.9015625 0.8296875
0 0.8734375 0.6062500000000002 0.7828125 0.6062500000000002 0.7828125000000001 0.7453125000000002 0.8734375 0.7453125000000002
0 0.98125 0.4968750000000002 0.8890625 0.4968750000000002 0.8890625 0.6171875000000002 0.98125 0.6171875000000002
0 0.9953125 0.6265625000000001 0.9734375 0.6265625000000001 0.9734375 0.6890625000000001 0.9953125 0.6890625000000001
0 0.7593750000000001 0.6156250000000001 0.6875 0.615625 0.6875000000000001 0.7359375000000001 0.7593750000000001 0.7359375000000001
0 0.7984375000000001 0.6687500000000002 0.7515625 0.6687500000000002 0.7515625000000001 0.7453125000000002 0.7984375000000001 0.7453125000000002
0 0.7750000000000001 0.7718750000000001 0.7218750000000002 0.771875 0.7218750000000002 0.8234375 0.7750000000000001 0.8234375
0 0.7750000000000001 0.8453125 0.7218750000000002 0.8453125 0.7218750000000002 0.9015625 0.7750000000000001 0.9015625
0 0.603125 0.60625 0.5234375 0.60625 0.5234375 0.7 0.603125 0.7
0 0.61875 0.575 0.5234375 0.575 0.5234375 0.6421875 0.61875 0.6421875
0 0.5765625000000001 0.69375 0.5234375 0.69375 0.5234375000000001 0.7671875 0.5765625000000002 0.7671875
0 0.5234375000000001 0.6265625 0.4734375 0.6265625 0.47343750000000007 0.7515625 0.5234375000000002 0.7515625
0 0.4468750000000001 0.7046875 0.3859375000000001 0.7046875 0.3859375000000001 0.8078125 0.4468750000000002 0.8078125
0 0.4156250000000002 0.746875 0.3781250000000001 0.746875 0.3781250000000001 0.803125 0.4156250000000002 0.803125
0 0.45781250000000007 0.6328125 0.3750000000000001 0.6328125 0.3750000000000001 0.75625 0.4578125000000002 0.75625
0 0.51875 0.559375 0.428125 0.559375 0.428125 0.725 0.51875 0.725
0 0.057812500000000024 0.09375 1.1481063742006437e-17 0.09375 1.6551866894725946e-17 0.1765625 0.057812500000000024 0.1765625
0 0.1078125 0.08281250000000001 0.0578125 0.0828125 0.05781250000000001 0.1453125 0.1078125 0.1453125
0 0.1671875 0.109375 0.103125 0.109375 0.103125 0.18125 0.1671875 0.18125
0 0.2484375 0.12500000000000003 0.175 0.125 0.17500000000000002 0.19687500000000002 0.2484375 0.19687500000000005
0 0.2828125 0.09843750000000004 0.2296875 0.09843750000000002 0.2296875 0.14531250000000004 0.2828125 0.14531250000000004
0 0.3140625 0.10937500000000004 0.271875 0.10937500000000004 0.271875 0.17187500000000006 0.3140625 0.17187500000000006
0 0.3390625 0.08906250000000004 0.29375 0.08906250000000004 0.29375 0.14062500000000006 0.3390625 0.14062500000000006
0 0.3703125 0.13437500000000005 0.3046875 0.13437500000000005 0.3046875 0.21250000000000005 0.3703125 0.21250000000000008
0 0.409375 0.08281250000000004 0.3484375 0.08281250000000004 0.3484375 0.19687500000000005 0.409375 0.19687500000000005
0 0.4234375 0.04218750000000005 0.328125 0.042187500000000044 0.328125 0.14062500000000006 0.4234375 0.14062500000000006
0 0.38125 3.989669650347237e-17 0.2703125 3.3103733789451887e-17 0.2703125 0.08750000000000004 0.38125 0.08750000000000005
0 0.4 4.429777093790816e-17 0.3234375 3.9609669909922206e-17 0.3234375 0.11875000000000005 0.4 0.11875000000000005
0 0.4765625 5.3291270869146544e-17 0.39375 4.8220467716427034e-17 0.39375 0.08281250000000005 0.4765625 0.08281250000000007
0 0.4734375 0.07187500000000005 0.4203125 0.07187500000000005 0.4203125 0.14531250000000004 0.4734375 0.14531250000000004
0 0.55625 6.324152611221879e-17 0.4765625 5.836207402186604e-17 0.4765625 0.08750000000000006 0.55625 0.08750000000000006
0 0.5609375 0.026562500000000062 0.4921875 0.026562500000000055 0.4921875 0.09843750000000007 0.5609375 0.09843750000000007
0 0.5765625 0.02031250000000007 0.55 0.020312500000000067 0.55 0.08281250000000007 0.5765625 0.08281250000000007
0 0.5421875 0.08750000000000006 0.484375 0.08750000000000006 0.484375 0.14531250000000004 0.5421875 0.14531250000000004
0 0.6140625 7.1947999449907e-17 0.5609375 6.869503138967185e-17 0.5609375 0.026562500000000072 0.6140625 0.02656250000000008
0 0.6796875 7.921933981984441e-17 0.6140625 7.520096751014216e-17 0.6140625 0.07812500000000008 0.6796875 0.07812500000000008
0 0.7484375 8.716040890806553e-17 0.675 8.266365894244634e-17 0.675 0.09375000000000008 0.7484375 0.09375000000000008
0 0.79375 9.395337162208599e-17 0.740625 9.070040356185083e-17 0.740625 0.0828125000000001 0.79375 0.0828125000000001
0 0.79375 0.07187500000000009 0.725 0.07187500000000009 0.725 0.1609375000000001 0.79375 0.1609375000000001
0 0.828125 0.1296875000000001 0.7515625 0.1296875000000001 0.7515625 0.2171875000000001 0.828125 0.2171875000000001
0 0.8625 0.1921875000000001 0.7828125 0.1921875000000001 0.7828125 0.2593750000000001 0.8625 0.2593750000000001
0 0.9046875 0.16562500000000008 0.8390625 0.16562500000000008 0.8390625 0.25468750000000007 0.9046875 0.25468750000000007
0 0.9359375 0.19218750000000012 0.896875 0.1921875000000001 0.896875 0.2390625000000001 0.9359375 0.2390625000000001
0 0.9734375 0.2234375000000001 0.93125 0.2234375000000001 0.93125 0.2750000000000001 0.9734375 0.2750000000000001
0 0.93125 0.22812500000000008 0.88125 0.22812500000000008 0.88125 0.2796875000000001 0.93125 0.2796875000000001
0 0.9578125 0.2593750000000001 0.915625 0.2593750000000001 0.915625 0.2906250000000001 0.9578125 0.2906250000000001
0 0.9421875 0.2796875000000001 0.878125 0.2796875000000001 0.878125 0.3468750000000001 0.9421875 0.3468750000000001
0 0.9734375 0.2906250000000001 0.9234375 0.2906250000000001 0.9234375 0.4046875000000002 0.9734375 0.4046875000000002
0 0.9359375 0.3421875000000001 0.875 0.3421875000000001 0.875 0.3984375000000001 0.9359375 0.3984375000000001
0 0.996875 0.2750000000000001 0.9546875 0.2750000000000001 0.9546875 0.3312500000000001 0.996875 0.3312500000000001
0 0.996875 0.3265625000000001 0.9703125 0.3265625000000001 0.9703125 0.42500000000000016 0.996875 0.42500000000000016
0 0.996875 0.3890625000000001 0.95 0.3890625000000001 0.95 0.4656250000000002 0.996875 0.4656250000000002
0 0.984375 0.4046875000000002 0.9015625 0.4046875000000002 0.9015625 0.5281250000000002 0.984375 0.5281250000000002
0 0.9390625 0.41406250000000017 0.8546875 0.41406250000000017 0.8546875 0.5187500000000002 0.9390625 0.5187500000000002
0 0.88125 0.3734375000000001 0.8203125 0.3734375000000001 0.8203125 0.46093750000000017 0.88125 0.46093750000000017
0 0.878125 0.3109375000000001 0.8390625 0.3109375000000001 0.8390625 0.3890625000000001 0.878125 0.3890625000000001
0 0.9 0.2640625000000001 0.8359375 0.2640625000000001 0.8359375 0.3218750000000001 0.9 0.3218750000000001
0 0.878125 0.2750000000000001 0.7859375 0.2750000000000001 0.7859375 0.3671875000000001 0.878125 0.3671875000000001
0 0.809375 0.2234375000000001 0.7484375 0.2234375000000001 0.7484375 0.3218750000000001 0.809375 0.3218750000000001
0 0.79375 0.2953125000000001 0.7375 0.2953125000000001 0.7375 0.3734375000000001 0.79375 0.3734375000000001
0 0.8328125 0.3375000000000001 0.771875 0.3375000000000001 0.771875 0.40937500000000016 0.8328125 0.40937500000000016
0 0.8328125 0.41406250000000017 0.79375 0.41406250000000017 0.79375 0.49218750000000017 0.8328125 0.49218750000000017
0 0.7859375 0.4562500000000001 0.725 0.45625 0.725 0.5125000000000001 0.7859375 0.5125000000000002
0 0.775 0.3578125000000001 0.7140625 0.3578125000000001 0.7140625 0.4609375000000001 0.775 0.46093750000000017
0 0.10000000000000009 0.621875 7.615772282197602e-17 0.621875 8.189825469297925e-17 0.715625 0.10000000000000009 0.715625
0 0.1828125000000001 0.5859375 0.11875000000000009 0.5859375 0.11875000000000009 0.6578125 0.1828125000000001 0.6578125
0 0.2296875000000001 0.60625 0.14843750000000008 0.60625 0.14843750000000008 0.740625 0.2296875000000001 0.740625
0 0.2531250000000001 0.7046875 0.20312500000000008 0.7046875 0.20312500000000008 0.7671875 0.2531250000000001 0.7671875
0 0.30156250000000007 0.69375 0.2671875000000001 0.69375 0.2671875000000001 0.771875 0.30156250000000007 0.771875
0 0.27031250000000007 0.79375 0.2406250000000001 0.79375 0.2406250000000001 0.8453125 0.27031250000000007 0.8453125
0 0.19531250000000008 0.7453125 0.1218750000000001 0.7453125 0.1218750000000001 0.81875 0.19531250000000008 0.81875
0 0.2796875000000001 0.8390625 0.1843750000000001 0.8390625 0.1843750000000001 0.896875 0.2796875000000001 0.896875
0 0.4546875 0.14531250000000004 0.4125 0.14531250000000004 0.4125 0.17031250000000003 0.4546875 0.17031250000000003
0 0.4921875 0.17656250000000004 0.43125 0.17656250000000004 0.43125 0.2484375000000001 0.4921875 0.2484375000000001
0 0.51875 0.2328125000000001 0.4625 0.2328125000000001 0.4625 0.3218750000000001 0.51875 0.3218750000000001
0 0.534375 0.28593750000000007 0.503125 0.28593750000000007 0.503125 0.33281250000000007 0.534375 0.33281250000000007
0 0.6 0.2375000000000001 0.5265625 0.2375000000000001 0.5265625 0.3421875000000001 0.6 0.3421875000000001
0 0.6265625 0.3109375000000001 0.5875 0.3109375000000001 0.5875 0.3468750000000001 0.6265625 0.3468750000000001
0 0.6671875 0.3468750000000001 0.5765625 0.3468750000000001 0.5765625 0.3937500000000001 0.6671875 0.3937500000000001
0 0.6828125 0.3781250000000001 0.5765625 0.3781250000000001 0.5765625 0.471875 0.6828125 0.471875
0 0.6640625 0.4453125 0.5953125 0.4453125 0.5953125 0.534375 0.6640625 0.534375
0 0.7453125 0.4515625000000001 0.66875 0.4515625 0.66875 0.534375 0.7453125 0.5343750000000002
0 0.7015625 0.3218750000000001 0.61875 0.3218750000000001 0.61875 0.3937500000000001 0.7015625 0.3937500000000001
0 0.7328125 0.3312500000000001 0.690625 0.3312500000000001 0.690625 0.3625000000000001 0.7328125 0.3625000000000001
0 0.6828125 0.2375000000000001 0.6375 0.2375000000000001 0.6375 0.3265625000000001 0.6828125 0.3265625000000001
0 0.653125 0.2484375000000001 0.5953125 0.2484375000000001 0.5953125 0.3156250000000001 0.653125 0.3156250000000001
0 0.6640625 0.2171875000000001 0.5953125 0.2171875000000001 0.5953125 0.2484375000000001 0.6640625 0.2484375000000001
0 0.640625 0.18750000000000008 0.5609375 0.18750000000000008 0.5609375 0.23437500000000008 0.640625 0.23437500000000008
0 0.621875 0.1453125000000001 0.565625 0.1453125000000001 0.565625 0.1921875000000001 0.621875 0.1921875000000001
0 0.634375 0.06250000000000007 0.5609375 0.06250000000000007 0.5609375 0.1453125000000001 0.634375 0.1453125000000001
0 0.7140625 0.13437500000000008 0.6328125 0.13437500000000008 0.6328125 0.2390625000000001 0.7140625 0.2390625000000001
0 0.7328125 0.10937500000000008 0.675 0.10937500000000008 0.675 0.18125000000000008 0.7328125 0.18125000000000008
0 0.7703125 0.16562500000000008 0.7140625 0.16562500000000008 0.7140625 0.24375000000000008 0.7703125 0.24375000000000008
0 0.7375 0.2234375000000001 0.6875 0.2234375000000001 0.6875 0.3218750000000001 0.7375 0.3218750000000001
0 0.775 0.44062500000000016 0.728125 0.44062500000000016 0.728125 0.5171875000000001 0.775 0.5171875000000001
0 0.5921875 0.425 0.534375 0.425 0.534375 0.51875 0.5921875 0.51875
0 0.615625 0.51875 0.5390625 0.51875 0.5390625 0.590625 0.615625 0.590625
0 0.61875 0.58125 0.55 0.58125 0.55 0.64375 0.61875 0.64375
0 0.5265625 0.559375 0.4359375 0.559375 0.4359375 0.715625 0.5265625 0.715625
0 0.553125 0.534375 0.515625 0.534375 0.515625 0.6015625 0.553125 0.6015625
0 0.5453125 0.471875 0.5 0.471875 0.5 0.559375 0.5453125 0.559375
0 0.515625 0.4140625 0.46875 0.4140625 0.46875 0.5546875 0.515625 0.5546875
0 0.5796875 0.3218750000000001 0.496875 0.3218750000000001 0.496875 0.4359375 0.5796875 0.4359375
0 0.5 0.28593750000000007 0.415625 0.28593750000000007 0.415625 0.4984375 0.5 0.4984375
0 0.4765625 0.425 0.3937500000000001 0.425 0.3937500000000001 0.5484375 0.4765625 0.5484375
0 0.428125 0.24843750000000003 0.359375 0.2484375 0.359375 0.35781250000000003 0.428125 0.3578125000000001
0 0.43125 0.3578125000000001 0.38125 0.3578125000000001 0.38125000000000003 0.4140625 0.43125 0.4140625
0 0.3671875 0.259375 0.3171875 0.259375 0.3171875 0.34687500000000004 0.3671875 0.3468750000000001
0 0.36250000000000004 0.290625 0.275 0.290625 0.275 0.3984375 0.3625000000000001 0.3984375
0 0.4015625 0.39843750000000006 0.3281250000000001 0.3984375 0.3281250000000001 0.4765625 0.4015625 0.4765625
0 0.4359375 0.45625 0.3140625000000001 0.45625 0.3140625000000001 0.5234375 0.4359375 0.5234375
0 0.3859375000000001 0.51875 0.30156250000000007 0.51875 0.30156250000000007 0.60625 0.3859375000000001 0.60625
0 0.4234375 0.528125 0.3625000000000001 0.528125 0.3625000000000001 0.5859375 0.4234375 0.5859375
0 0.3859375000000001 0.58125 0.3625000000000001 0.58125 0.3625000000000001 0.628125 0.3859375000000001 0.628125
0 0.3812500000000001 0.6328125 0.3203125000000001 0.6328125 0.3203125000000001 0.7046875 0.3812500000000001 0.7046875
0 0.31718750000000007 0.5234375 0.19062500000000004 0.5234375 0.19062500000000007 0.646875 0.31718750000000007 0.646875
0 0.3281250000000001 0.4515625 0.2640625000000001 0.4515625 0.2640625000000001 0.55 0.3281250000000001 0.55
0 0.31718750000000007 0.378125 0.2171875000000001 0.378125 0.2171875000000001 0.5078125 0.31718750000000007 0.5078125
0 0.27187500000000003 0.3109375 0.203125 0.3109375 0.20312500000000006 0.409375 0.2718750000000001 0.409375
0 0.290625 0.275 0.240625 0.275 0.240625 0.3375 0.290625 0.3375
0 0.3140625 0.18125000000000005 0.2375 0.18125000000000005 0.2375 0.290625 0.3140625 0.290625
0 0.3328125 0.18750000000000006 0.290625 0.18750000000000006 0.290625 0.25 0.3328125 0.25
0 0.2828125 0.16093750000000004 0.2359375 0.16093750000000004 0.2359375 0.2015625 0.2828125 0.2015625
0 0.2296875 0.18593750000000003 0.16406250000000006 0.1859375 0.16406250000000006 0.275 0.2296875 0.275
0 0.240625 0.259375 0.18281250000000004 0.259375 0.18281250000000004 0.315625 0.240625 0.315625
0 0.20312500000000006 0.33125 0.14218750000000005 0.33125 0.14218750000000005 0.425 0.20312500000000008 0.425
0 0.2171875000000001 0.425 0.17187500000000006 0.425 0.17187500000000006 0.496875 0.2171875000000001 0.496875
0 0.19062500000000004 0.48125 0.12968750000000004 0.48125 0.12968750000000004 0.5390625 0.19062500000000004 0.5390625
0 0.13750000000000007 0.5234375 0.09843750000000007 0.5234375 0.09843750000000007 0.5796875 0.1375000000000001 0.5796875
0 0.10625000000000007 0.503125 0.023437500000000062 0.503125 0.023437500000000066 0.5953125 0.1062500000000001 0.5953125
0 0.10781250000000005 0.3671875 0.004687500000000044 0.3671875 0.004687500000000054 0.5078125 0.10781250000000005 0.5078125
0 0.12656250000000005 0.3109375 0.06093750000000005 0.3109375 0.06093750000000005 0.4203125 0.12656250000000005 0.4203125
0 0.16718750000000004 0.39375 0.11093750000000005 0.39375 0.11093750000000005 0.4453125 0.16718750000000004 0.4453125
0 0.17968750000000006 0.2640625 0.08750000000000002 0.2640625 0.08750000000000004 0.3421875 0.17968750000000006 0.3421875
0 0.10312500000000005 0.24375 0.015625000000000028 0.24375 0.015625000000000035 0.3625 0.10312500000000005 0.3625
0 0.07343750000000004 0.321875 0.026562500000000044 0.321875 0.026562500000000044 0.3984375 0.07343750000000004 0.3984375
0 0.010937500000000062 0.4453125 5.4535052774530576e-17 0.4453125 5.989288252080024e-17 0.5328125 0.010937500000000067 0.5328125
0 0.037500000000000026 0.1703125 2.085726579797836e-17 0.1703125 2.688482426253174e-17 0.26875 0.03750000000000003 0.26875
0 0.10625000000000002 0.1609375 0.034375000000000024 0.1609375 0.03437500000000003 0.253125 0.10625000000000004 0.253125
0 0.1765625 0.18125 0.115625 0.18125 0.11562500000000002 0.26875 0.17656250000000004 0.26875
0 0.7109375 0.5390625 0.6234375 0.5390625 0.6234375 0.653125 0.7109375 0.653125
0 0.790625 0.51875 0.6953125 0.51875 0.6953125 0.58125 0.790625 0.5812500000000002
0 0.8890625 1.0562578642645922e-16 0.8359375 1.0237281836622405e-16 0.8359375 0.06718750000000011 0.8890625 0.06718750000000011
0 0.996875 6.104098889500089e-17 0 0 5.520478149281428e-17 0.9015625 0.996875 0.9015625