0 0.44375 0.27343750000000006 0.34375 0.2734375 0.34375000000000006 0.459375 0.44375 0.459375
0 0.5671875 0.19531250000000006 0.390625 0.19531250000000006 0.39062500000000006 0.3921875000000001 0.5671875 0.3921875000000001
0 0.6640625 0.2468750000000001 0.540625 0.2468750000000001 0.540625 0.4125 0.6640625 0.4125
0 0.6609375 0.428125 0.525 0.428125 0.525 0.6078125 0.6609375 0.6078125
0 0.6796875 0.5046875 0.60625 0.5046875 0.60625 0.6546875 0.6796875 0.6546875
0 0.6250000000000001 0.625 0.490625 0.625 0.4906250000000001 0.7484375 0.6250000000000002 0.7484375
0 0.5171875 0.5421875 0.3859375000000001 0.5421875 0.3859375000000001 0.665625 0.5171875 0.665625
0 0.575 0.3765625000000001 0.4328125 0.3765625000000001 0.4328125 0.55625 0.575 0.55625
0 0.4203125 0.4078125 0.3125000000000001 0.4078125 0.3125000000000001 0.571875 0.4203125 0.571875
0 0.3937500000000001 0.515625 0.31718750000000007 0.515625 0.31718750000000007 0.603125 0.3937500000000001 0.603125
0 0.4875000000000001 0.5984375 0.34062500000000007 0.5984375 0.34062500000000007 0.7421875 0.48750000000000016 0.7421875
0 0.7078125000000001 0.19531250000000006 0.290625 0.19531250000000006 0.290625 0.79375 0.7078125000000002 0.79375