0 0.8953125 0.2296875000000001 0.6734375 0.2296875000000001 0.6734375 0.5796875000000001 0.8953125 0.5796875000000001
0 0.996875 0.0875000000000001 0.81875 0.0875000000000001 0.81875 0.3937500000000001 0.996875 0.3937500000000001
0 0.996875 0.6343750000000001 0.86875 0.6343750000000001 0.86875 0.9671875 0.996875 0.9671875
0 0.9640625 0.875 0.8140625 0.875 0.8140625 0.9953125 0.9640625 0.9953125
0 0.8703125 0.7156250000000001 0.6046875 0.715625 0.6046875 0.9953125 0.8703125 0.9953125
0 0.6687500000000001 0.56875 0.4515625 0.56875 0.4515625000000001 0.9015625 0.6687500000000002 0.9015625
0 0.7890625 0.5140625000000001 0.61875 0.5140625 0.61875 0.7156250000000001 0.7890625 0.7156250000000002
0 0.6625 0.2250000000000001 0.4296875 0.2250000000000001 0.4296875 0.5640625 0.6625 0.5640625
0 0.8078125 0.14218750000000008 0.61875 0.14218750000000008 0.61875 0.33281250000000007 0.8078125 0.33281250000000007
0 0.5921875 5.87447761465996e-17 0.3671875 4.4967499656191874e-17 0.3671875 0.2406250000000001 0.5921875 0.2406250000000001
0 0.8390625 8.649068018978182e-17 0.5734375 7.022583988860603e-17 0.5734375 0.1468750000000001 0.8390625 0.1468750000000001
0 0.4265625 0.11562500000000005 0.2046875 0.11562500000000005 0.20468750000000005 0.421875 0.4265625 0.421875
0 0.4515625 0.4109375 0.3421875000000001 0.4109375 0.3421875000000001 0.5640625 0.4515625 0.5640625
0 0.4218750000000001 0.4640625 0.17500000000000004 0.4640625 0.17500000000000007 0.7921875 0.42187500000000017 0.7921875
0 0.4578125000000002 0.7921875 0.2765625000000001 0.7921875 0.2765625000000001 0.9953125 0.4578125000000002 0.9953125
0 0.2828125000000001 0.78125 0.12031250000000009 0.78125 0.12031250000000011 0.9953125 0.2828125000000001 0.9953125
0 0.1859375000000001 0.6390625 7.826258450801054e-17 0.6390625 9.40490471532694e-17 0.896875 0.1859375000000001 0.896875
0 0.16406250000000014 0.91875 1.1251442467166307e-16 0.91875 1.1720252569964904e-16 0.9953125 0.16406250000000014 0.9953125
0 0.15937500000000007 0.2953125 3.6165350787320275e-17 0.2953125 5.625721233583154e-17 0.6234375 0.1593750000000001 0.6234375
0 0.290625 0.334375 0.11250000000000004 0.334375 0.11250000000000004 0.4984375 0.2906250000000001 0.4984375
0 0.2 0.10312500000000002 0.025000000000000012 0.103125 0.02500000000000003 0.328125 0.2 0.328125
0 0.3703125 3.3103733789451887e-17 0.1703125 2.085726579797836e-17 0.1703125 0.12500000000000003 0.3703125 0.12500000000000006
0 0.2109375 0.04843750000000001 0.03593750000000001 0.0484375 0.03593750000000002 0.14218750000000002 0.2109375 0.14218750000000005
0 0.029687500000000026 0.1421875 1.741294667537643e-17 0.1421875 2.5736717888331097e-17 0.278125 0.029687500000000033 0.278125
0 0.953125 0.40937500000000016 0.8296875 0.40937500000000016 0.8296875 0.6343750000000001 0.953125 0.6343750000000001