0 0.996875 0.5359375000000002 0.7796875 0.5359375000000002 0.7796875000000001 0.896875 0.996875 0.896875
0 0.76875 0.6031250000000001 0.6375 0.603125 0.6375 0.6953125000000001 0.76875 0.6953125000000002
0 0.8109375 0.6859375000000001 0.71875 0.6859375 0.7187500000000001 0.8140625 0.8109375 0.8140625
0 0.7187500000000001 0.690625 0.6140625 0.690625 0.6140625000000001 0.7890625 0.7187500000000002 0.7890625
0 0.7343750000000002 0.7734375000000001 0.5671875000000002 0.7734375 0.5671875000000002 0.9078125 0.7343750000000002 0.9078125
0 0.7921875000000002 0.809375 0.7218750000000002 0.809375 0.7218750000000002 0.9015625 0.7921875000000002 0.9015625
0 0.4625000000000001 0.6859375 0.27812500000000007 0.6859375 0.27812500000000007 0.9015625 0.4625000000000002 0.9015625
0 0.5906250000000001 0.665625 0.428125 0.665625 0.4281250000000001 0.896875 0.5906250000000002 0.896875
0 0.5359375 0.61875 0.475 0.61875 0.475 0.7015625 0.5359375 0.7015625
0 0.603125 0.61875 0.5375 0.61875 0.5375 0.721875 0.603125 0.721875
0 0.6375 0.55625 0.5875 0.55625 0.5875 0.6390625 0.6375 0.6390625
0 0.6015625 0.4890625 0.540625 0.4890625 0.540625 0.5828125 0.6015625 0.5828125
0 0.6609375 0.5046875 0.5953125 0.5046875 0.5953125 0.5875 0.6609375 0.5875
0 0.7375 0.5468750000000001 0.6640625 0.546875 0.6640625 0.6078125000000001 0.7375 0.6078125000000002
0 0.540625 0.5359375 0.4828125 0.5359375 0.4828125 0.6296875 0.540625 0.6296875
0 0.4828125 0.578125 0.4359375 0.578125 0.4359375 0.6609375 0.4828125 0.6609375
0 0.490625 0.53125 0.428125 0.53125 0.428125 0.5921875 0.490625 0.5921875
0 0.60625 0.4328125 0.5484375 0.4328125 0.5484375 0.5046875 0.60625 0.5046875
0 0.6640625 0.428125 0.60625 0.428125 0.60625 0.515625 0.6640625 0.515625
0 0.71875 0.4328125 0.66875 0.4328125 0.66875 0.5265625 0.71875 0.5265625
0 0.65625 0.4078125 0.5984375 0.4078125 0.5984375 0.44375 0.65625 0.44375
0 0.6875 0.3765625000000001 0.6328125 0.3765625000000001 0.6328125 0.4375 0.6875 0.4375
0 0.575 0.3765625000000001 0.509375 0.3765625000000001 0.509375 0.4484375 0.575 0.4484375
0 0.60625 0.3000000000000001 0.5515625 0.3000000000000001 0.5515625 0.37187500000000007 0.60625 0.37187500000000007
0 0.60625 0.37187500000000007 0.571875 0.37187500000000007 0.571875 0.4328125 0.60625 0.4328125
0 0.640625 0.32500000000000007 0.5953125 0.32500000000000007 0.5953125 0.4078125 0.640625 0.4078125
0 0.553125 0.3203125000000001 0.4953125 0.3203125000000001 0.4953125 0.37187500000000007 0.553125 0.37187500000000007
0 0.784375 0.16562500000000008 0.621875 0.16562500000000008 0.621875 0.4078125000000001 0.784375 0.4078125000000002
0 0.8296875 0.1750000000000001 0.771875 0.1750000000000001 0.771875 0.3203125000000001 0.8296875 0.3203125000000001
0 0.9265625 0.2218750000000001 0.7484375 0.2218750000000001 0.7484375 0.4078125000000002 0.9265625 0.4078125000000002
0 0.98125 0.27812500000000007 0.8578125 0.27812500000000007 0.8578125 0.4125000000000002 0.98125 0.4125000000000002
0 0.421875 0.5984375 0.3062500000000001 0.5984375 0.3062500000000001 0.690625 0.421875 0.690625
0 0.28593750000000007 0.453125 0.13437500000000005 0.453125 0.13437500000000008 0.634375 0.28593750000000007 0.634375
0 0.17812500000000006 0.5359375 0.023437500000000066 0.5359375 0.023437500000000076 0.6953125 0.1781250000000001 0.6953125
0 0.1281250000000001 0.659375 0.0046875000000000805 0.659375 0.004687500000000095 0.8921875 0.1281250000000001 0.8921875
0 0.32500000000000007 0.746875 0.03125000000000009 0.746875 0.0312500000000001 0.928125 0.32500000000000007 0.928125
0 0.3203125000000001 0.6234375 0.1781250000000001 0.6234375 0.1781250000000001 0.7890625 0.3203125000000001 0.7890625
0 0.1937500000000001 0.665625 0.10781250000000009 0.665625 0.10781250000000009 0.76875 0.1937500000000001 0.76875
0 0.17812500000000006 0.2984375 3.654805291205382e-17 0.2984375 5.931882933369991e-17 0.6703125 0.1781250000000001 0.6703125
0 0.4453125 0.05781250000000003 0.1515625 0.057812500000000024 0.15156250000000002 0.5421875 0.4453125 0.5421875
0 0.6296875 0.19687500000000008 0.525 0.19687500000000005 0.525 0.3359375000000001 0.6296875 0.3359375000000001