0 0.9671875 0.7812500000000002 0.81875 0.7812500000000002 0.81875 0.9953125 0.9671875 0.9953125
0 0.996875 0.809375 0.975 0.809375 0.975 0.984375 0.996875 0.984375
0 0.996875 0.6343750000000001 0.8953125 0.6343750000000001 0.8953125 0.846875 0.996875 0.846875
0 0.8875 0.7593750000000001 0.7968750000000002 0.7593750000000001 0.7968750000000002 0.978125 0.8875 0.978125
0 0.8234375 0.9515625 0.7546875000000002 0.9515625 0.7546875000000002 0.9953125 0.8234375 0.9953125
0 0.6843750000000002 0.9078125 0.6015625000000002 0.9078125 0.6015625000000002 0.9953125 0.6843750000000002 0.9953125
0 0.8015625 0.7656250000000001 0.6531250000000002 0.765625 0.6531250000000002 0.9953125 0.8015625 0.9953125
0 0.840625 0.6562500000000001 0.7203125 0.65625 0.7203125000000001 0.875 0.840625 0.875
0 0.8984375 0.5515625000000002 0.75 0.5515625000000002 0.7500000000000001 0.7765625000000002 0.8984375 0.7765625000000002
0 0.996875 0.4203125000000002 0.859375 0.4203125000000002 0.859375 0.6453125000000002 0.996875 0.6453125000000002
0 0.996875 0.33281250000000007 0.9671875 0.33281250000000007 0.9671875 0.5140625000000002 0.996875 0.5140625000000002
0 0.996875 0.15312500000000012 0.9421875 0.15312500000000012 0.9421875 0.3609375000000001 0.996875 0.3609375000000001
0 0.996875 1.198814405727839e-16 0.9609375 1.1768090335556595e-16 0.9609375 0.15312500000000012 0.996875 0.15312500000000012
0 0.9890625 0.06562500000000011 0.95 0.06562500000000011 0.95 0.16406250000000014 0.9890625 0.16406250000000014
0 0.9640625 1.1050523851681193e-16 0.840625 1.0294687155332437e-16 0.840625 0.07656250000000012 0.9640625 0.07656250000000012
0 0.9453125 0.0765625000000001 0.7828125 0.07656250000000009 0.7828125 0.3062500000000001 0.9453125 0.3062500000000001
0 0.959375 0.2906250000000001 0.8734375 0.2906250000000001 0.8734375 0.42187500000000017 0.959375 0.42187500000000017
0 0.88125 0.2953125000000001 0.7328125 0.2953125000000001 0.7328125 0.5078125000000002 0.88125 0.5078125000000002
0 0.8625 0.5031250000000002 0.81875 0.5031250000000002 0.81875 0.5625000000000002 0.8625 0.5625000000000002
0 0.815625 0.49687500000000007 0.6890625 0.496875 0.6890625 0.6500000000000001 0.815625 0.6500000000000001
0 0.7281250000000001 0.5843750000000001 0.5765625 0.584375 0.5765625000000001 0.809375 0.7281250000000001 0.809375
0 0.6453125000000002 0.7546875 0.49218750000000017 0.7546875 0.49218750000000017 0.9734375 0.6453125000000002 0.9734375
0 0.5625000000000002 0.9625 0.46093750000000017 0.9625 0.46093750000000017 0.9953125 0.5625000000000002 0.9953125
0 0.5937500000000002 0.890625 0.46406250000000016 0.890625 0.46406250000000016 0.9953125 0.5937500000000002 0.9953125
0 0.4859375000000002 0.7375 0.34062500000000007 0.7375 0.34062500000000007 0.9515625 0.4859375000000002 0.9515625
0 0.40156250000000016 0.934375 0.2609375000000001 0.934375 0.2609375000000001 0.9953125 0.40156250000000016 0.9953125
0 0.46406250000000016 0.95625 0.3906250000000001 0.95625 0.3906250000000001 0.9953125 0.46406250000000016 0.9953125
0 0.3703125000000001 0.809375 0.2468750000000001 0.809375 0.2468750000000001 0.978125 0.3703125000000001 0.978125
0 0.2750000000000001 0.9515625 0.2000000000000001 0.9515625 0.2000000000000001 0.9953125 0.2750000000000001 0.9953125
0 0.3125000000000001 0.7046875 0.16406250000000008 0.7046875 0.1640625000000001 0.9234375 0.3125000000000001 0.9234375
0 0.3593750000000001 0.6171875 0.2468750000000001 0.6171875 0.2468750000000001 0.8140625 0.3593750000000001 0.8140625
0 0.44218750000000007 0.51875 0.2890625000000001 0.51875 0.2890625000000001 0.759375 0.4421875000000002 0.759375
0 0.5734375 0.584375 0.425 0.584375 0.4250000000000001 0.7984375 0.5734375000000002 0.7984375
0 0.6015625 0.37187500000000007 0.4453125 0.37187500000000007 0.4453125 0.6015625 0.6015625 0.6015625
0 0.7390625 0.3609375000000001 0.6046875 0.3609375000000001 0.6046875 0.5796875000000001 0.7390625 0.5796875000000001
0 0.6296875 0.43125 0.5546875 0.43125 0.5546875 0.6234375 0.6296875 0.6234375
0 0.728125 0.3000000000000001 0.5984375 0.3000000000000001 0.5984375 0.42656250000000007 0.728125 0.4265625000000002
0 0.7859375 0.1375000000000001 0.6453125 0.1375000000000001 0.6453125 0.35625000000000007 0.7859375 0.35625000000000007
0 0.8546875 9.577120671457036e-17 0.709375 8.687338231451536e-17 0.709375 0.1468750000000001 0.8546875 0.1468750000000001
0 0.73125 8.065447278759521e-17 0.5859375 7.175664838754022e-17 0.5859375 0.15781250000000008 0.73125 0.15781250000000008
0 0.6703125 0.11562500000000009 0.590625 0.11562500000000009 0.590625 0.30156250000000007 0.6703125 0.30156250000000007
0 0.6421875 0.13593750000000007 0.49375 0.13593750000000004 0.49375 0.3609375000000001 0.6421875 0.3609375000000001
0 0.54375 0.2843750000000001 0.428125 0.2843750000000001 0.428125 0.43125 0.54375 0.43125
0 0.5 0.15937500000000004 0.428125 0.15937500000000004 0.428125 0.2906250000000001 0.5 0.2906250000000001
0 0.5828125 6.190206867565137e-17 0.428125 5.2430191088496056e-17 0.428125 0.17500000000000007 0.5828125 0.1750000000000001
0 0.428125 4.726371240459315e-17 0.34375 4.209723372069027e-17 0.34375 0.08750000000000005 0.428125 0.08750000000000005
0 0.1984375000000001 0.8421875 0.0328125000000001 0.8421875 0.03281250000000011 0.9953125 0.19843750000000013 0.9953125
0 0.04062500000000012 0.9234375 1.130884778587634e-16 0.9234375 1.1710685016846565e-16 0.9890625 0.04062500000000012 0.9890625
0 0.0984375000000001 0.7109375 8.706473337688214e-17 0.7109375 1.0074633433610647e-16 0.934375 0.09843750000000011 0.934375
0 0.23593750000000008 0.6671875 0.10468750000000009 0.6671875 0.10468750000000009 0.8640625 0.23593750000000008 0.8640625
0 0.2390625000000001 0.48125 0.09062500000000007 0.48125 0.09062500000000008 0.7 0.2390625000000001 0.7
0 0.10156250000000007 0.4859375 5.95101803960667e-17 0.4859375 7.491394091659199e-17 0.7375 0.10156250000000008 0.7375
0 0.33281250000000007 0.3875 0.2250000000000001 0.3875 0.2250000000000001 0.6125 0.33281250000000007 0.6125
0 0.24218750000000006 0.290625 0.10156250000000004 0.290625 0.10156250000000004 0.4984375 0.24218750000000008 0.4984375
0 0.12031250000000004 0.39375 4.8220467716427034e-17 0.39375 5.65442389293817e-17 0.5296875 0.12031250000000004 0.5296875
0 0.14062500000000003 0.1796875 2.2005372172179003e-17 0.1796875 3.6356701849687046e-17 0.4140625 0.14062500000000006 0.4140625
0 0.32656250000000003 0.17500000000000002 0.18125 0.175 0.18125000000000002 0.3875 0.3265625000000001 0.3875
0 0.4125 0.2671875 0.29375 0.2671875 0.29375000000000007 0.39375000000000004 0.4125 0.3937500000000001
0 0.2390625 0.10312500000000002 0.09375000000000003 0.103125 0.09375000000000003 0.284375 0.2390625 0.284375
0 0.3703125 0.05000000000000003 0.2390625 0.050000000000000024 0.2390625 0.18125000000000005 0.3703125 0.18125000000000005
0 0.45 0.07656250000000005 0.3078125 0.07656250000000005 0.3078125 0.29531250000000003 0.45 0.2953125000000001
0 0.346875 3.386913803891899e-17 0.20625 2.525834023241416e-17 0.20625 0.09218750000000003 0.346875 0.09218750000000005
0 0.2015625 1.521240945815853e-17 0.046875 5.7405318710032185e-18 0.04687500000000001 0.0921875 0.2015625 0.09218750000000002
0 0.246875 0.03906250000000003 0.159375 0.03906250000000002 0.159375 0.12656250000000002 0.246875 0.12656250000000005
0 0.10937500000000003 6.697287182837089e-18 0 0 1.2055116929106758e-17 0.196875 0.10937500000000004 0.196875
0 0.996875 6.104098889500089e-17 0 0 6.09453133638175e-17 0.9953125 0.996875 0.9953125