0 0.13125000000000003 0.2078125 0.057812500000000024 0.2078125 0.05781250000000003 0.328125 0.13125000000000003 0.328125
0 0.27656250000000004 0.2890625 0.07656250000000005 0.2890625 0.07656250000000006 0.6890625 0.2765625000000001 0.6890625
0 0.15625000000000008 0.6171875 0.03593750000000008 0.6171875 0.03593750000000008 0.7703125 0.15625000000000008 0.7703125
0 0.2906250000000001 0.540625 0.17812500000000003 0.540625 0.17812500000000006 0.7265625 0.2906250000000001 0.7265625
0 0.290625 0.2453125 0.240625 0.2453125 0.240625 0.328125 0.290625 0.328125
0 0.2953125 0.07031250000000003 0.26875 0.07031250000000003 0.26875 0.13125000000000003 0.2953125 0.13125000000000003
0 0.3015625 2.803293063673238e-17 0.15625 1.9135106236677395e-17 0.15625 0.05937500000000003 0.3015625 0.059375000000000046
0 0.4609375 5.0229653871278156e-17 0.359375 4.4010744344358005e-17 0.359375 0.12500000000000006 0.4609375 0.12500000000000006
0 0.38125 0.01562500000000004 0.2984375 0.015625000000000038 0.2984375 0.12031250000000004 0.38125 0.12031250000000004
0 0.55 0.015625000000000062 0.4953125 0.015625000000000062 0.4953125 0.09843750000000007 0.55 0.09843750000000007
0 0.6328125 0.004687500000000073 0.55625 0.004687500000000068 0.55625 0.12031250000000009 0.6328125 0.12031250000000009
0 0.6875 0.006250000000000079 0.61875 0.006250000000000075 0.61875 0.09375000000000008 0.6875 0.09375000000000008
0 0.709375 8.15155525682457e-17 0.621875 7.615772282197602e-17 0.621875 0.07031250000000008 0.709375 0.07031250000000008
0 0.7609375 9.022202590593392e-17 0.7125 8.725608443924891e-17 0.7125 0.03281250000000009 0.7609375 0.03281250000000009
0 0.7921875 9.32836429038023e-17 0.73125 8.955229718765019e-17 0.73125 0.07656250000000009 0.7921875 0.07656250000000009
0 0.8328125 0.0390625000000001 0.759375 0.03906250000000009 0.759375 0.1375000000000001 0.8328125 0.1375000000000001
0 0.8359375 1.0017228114900615e-16 0.8 9.797174393178826e-17 0.8 0.0437500000000001 0.8359375 0.0437500000000001
0 0.8828125 1.0457335558344195e-16 0.825 1.0103336092965664e-16 0.825 0.05937500000000011 0.8828125 0.05937500000000011
0 0.9390625 0.026562500000000107 0.859375 0.0265625000000001 0.859375 0.10937500000000011 0.9390625 0.10937500000000014
0 0.978125 1.139495576394139e-16 0.8828125 1.0811335023722728e-16 0.8828125 0.04843750000000012 0.978125 0.04843750000000012
0 0.996875 1.1873333419858324e-16 0.9421875 1.1538469060716468e-16 0.9421875 0.13125000000000014 0.996875 0.13125000000000014
0 0.996875 0.11562500000000013 0.9453125 0.11562500000000013 0.9453125 0.2250000000000001 0.996875 0.2250000000000001
0 0.953125 0.09375000000000011 0.8796875 0.09375000000000011 0.8796875 0.20312500000000008 0.953125 0.20312500000000008
0 0.978125 0.1906250000000001 0.890625 0.1906250000000001 0.890625 0.2953125000000001 0.978125 0.2953125000000001
0 0.996875 0.30156250000000007 0.95625 0.30156250000000007 0.95625 0.43281250000000016 0.996875 0.43281250000000016
0 0.975 0.37187500000000007 0.9234375 0.37187500000000007 0.9234375 0.46406250000000016 0.975 0.46406250000000016
0 0.996875 0.42187500000000017 0.959375 0.42187500000000017 0.959375 0.5203125000000002 0.996875 0.5203125000000002
0 0.9828125 0.46406250000000016 0.90625 0.46406250000000016 0.90625 0.5515625000000002 0.9828125 0.5515625000000002
0 0.98125 0.5406250000000001 0.909375 0.5406250000000001 0.909375 0.6562500000000002 0.98125 0.6562500000000002
0 0.93125 0.6062500000000002 0.8625 0.6062500000000002 0.8625 0.6937500000000002 0.93125 0.6937500000000002
0 0.996875 0.6453125000000002 0.928125 0.6453125000000002 0.928125 0.7546875000000002 0.996875 0.7546875000000002
0 0.996875 0.7484375000000002 0.934375 0.7484375000000002 0.934375 0.8421875 0.996875 0.8421875
0 0.996875 0.83125 0.95625 0.83125 0.95625 0.9078125 0.996875 0.9078125
0 0.86875 0.809375 0.8 0.809375 0.8 0.9078125 0.86875 0.9078125
0 0.9234375 0.86875 0.8296875 0.86875 0.8296875 0.95625 0.9234375 0.95625
0 0.9484375 0.7046875000000001 0.8765625 0.7046875000000001 0.8765625 0.8203125 0.9484375 0.8203125
0 0.8921875 0.6609375000000002 0.8046875 0.6609375000000002 0.8046875 0.7593750000000001 0.8921875 0.7593750000000001
0 0.865625 0.5359375000000002 0.775 0.5359375000000002 0.775 0.6671875000000002 0.865625 0.6671875000000002
0 0.8984375 0.4859375000000002 0.8140625 0.4859375000000002 0.8140625 0.5953125000000001 0.8984375 0.5953125000000001
0 0.8953125 0.3984375000000001 0.840625 0.3984375000000001 0.840625 0.5031250000000002 0.8953125 0.5031250000000002
0 0.8546875 0.4109375000000002 0.775 0.4109375000000002 0.775 0.5312500000000002 0.8546875 0.5312500000000002
0 0.8796875 0.3125000000000001 0.8328125 0.3125000000000001 0.8328125 0.4109375000000002 0.8796875 0.4109375000000002
0 0.928125 0.3890625000000001 0.8703125 0.3890625000000001 0.8703125 0.4656250000000002 0.928125 0.4656250000000002
0 0.953125 0.3125000000000001 0.8734375 0.3125000000000001 0.8734375 0.3890625000000001 0.953125 0.3890625000000001
0 0.8984375 0.2406250000000001 0.85 0.2406250000000001 0.85 0.3109375000000001 0.8984375 0.3109375000000001
0 0.84375 0.31718750000000007 0.7703125 0.31718750000000007 0.7703125 0.4312500000000002 0.84375 0.4312500000000002
0 0.884375 0.0984375000000001 0.7859375 0.0984375000000001 0.7859375 0.27812500000000007 0.884375 0.27812500000000007
0 0.7921875 0.1359375000000001 0.73125 0.1359375000000001 0.73125 0.2406250000000001 0.7921875 0.2406250000000001
0 0.7671875 0.20312500000000008 0.70625 0.20312500000000008 0.70625 0.3125000000000001 0.7671875 0.3125000000000001
0 0.7828125 0.2843750000000001 0.7171875 0.2843750000000001 0.7171875 0.3937500000000001 0.7828125 0.3937500000000001
0 0.734375 0.14843750000000008 0.6875 0.14843750000000008 0.6875 0.23593750000000008 0.734375 0.23593750000000008
0 0.709375 0.048437500000000085 0.6515625 0.04843750000000008 0.6515625 0.1531250000000001 0.709375 0.1531250000000001
0 0.7640625 0.04375000000000009 0.7125 0.04375000000000009 0.7125 0.1531250000000001 0.7640625 0.1531250000000001
0 0.6875 0.10937500000000008 0.621875 0.10937500000000008 0.621875 0.2296875000000001 0.6875 0.2296875000000001
0 0.621875 0.10937500000000008 0.559375 0.10937500000000008 0.559375 0.1906250000000001 0.621875 0.1906250000000001
0 0.571875 0.06562500000000007 0.5171875 0.06562500000000007 0.5171875 0.17968750000000006 0.571875 0.17968750000000008
0 0.5265625 0.11562500000000005 0.465625 0.11562500000000005 0.465625 0.19218750000000004 0.5265625 0.19218750000000004
0 0.4875 5.635288786701493e-17 0.4328125 5.300424427559639e-17 0.4328125 0.06562500000000006 0.4875 0.06562500000000007
0 0.007812500000000085 0.6671875 8.170690363061247e-17 0.6671875 8.572527594031472e-17 0.7328125 0.007812500000000088 0.7328125
0 0.021875000000000096 0.7265625 8.897824400054988e-17 0.7265625 9.538850458983681e-17 0.83125 0.0218750000000001 0.83125
0 0.0656250000000001 0.7265625 0.01875000000000009 0.7265625 0.018750000000000093 0.8203125 0.06562500000000011 0.8203125
0 0.12343750000000009 0.7375 0.06562500000000009 0.7375 0.06562500000000009 0.8140625 0.12343750000000009 0.8140625
0 0.12343750000000009 0.8203125 0.05156250000000011 0.8203125 0.05156250000000011 0.9015625 0.12343750000000009 0.9015625
0 0.10937500000000014 0.9078125 0.03593750000000011 0.9078125 0.035937500000000115 0.9953125 0.10937500000000014 0.9953125
0 0.17500000000000013 0.9078125 0.10625000000000014 0.9078125 0.10625000000000014 0.9953125 0.17500000000000013 0.9953125
0 0.057812500000000114 0.83125 1.0179876517912373e-16 0.83125 1.0715659492539341e-16 0.91875 0.057812500000000114 0.91875
0 0.2000000000000001 0.69375 0.14843750000000008 0.69375 0.14843750000000008 0.7328125 0.2000000000000001 0.7328125
0 0.2406250000000001 0.7109375 0.15625000000000008 0.7109375 0.15625000000000008 0.7765625 0.2406250000000001 0.7765625
0 0.3125000000000001 0.715625 0.2328125000000001 0.715625 0.2328125000000001 0.8203125 0.3125000000000001 0.8203125
0 0.3500000000000001 0.6234375 0.2734375000000001 0.6234375 0.2734375000000001 0.765625 0.3500000000000001 0.765625
0 0.3750000000000001 0.5359375 0.2953125000000001 0.5359375 0.2953125000000001 0.628125 0.3750000000000001 0.628125
0 0.35625000000000007 0.459375 0.30937500000000007 0.459375 0.30937500000000007 0.5359375 0.35625000000000007 0.5359375
0 0.3312500000000001 0.4265625 0.2828125000000001 0.4265625 0.2828125000000001 0.496875 0.3312500000000001 0.496875
0 0.35000000000000003 0.2890625 0.28125 0.2890625 0.28125000000000006 0.4046875 0.3500000000000001 0.4046875
0 0.4109375 0.30000000000000004 0.3453125 0.3 0.3453125 0.39375000000000004 0.4109375 0.3937500000000001
0 0.3671875000000001 0.38281250000000006 0.31718750000000007 0.3828125 0.31718750000000007 0.43125 0.3671875000000001 0.43125
0 0.3968750000000001 0.415625 0.3593750000000001 0.415625 0.3593750000000001 0.5078125 0.3968750000000001 0.5078125
0 0.4703125 0.415625 0.3937500000000001 0.415625 0.3937500000000001 0.5359375 0.4703125 0.5359375
0 0.4515625 0.3546875000000001 0.403125 0.3546875000000001 0.403125 0.4046875 0.4515625 0.4046875
0 0.509375 0.3609375000000001 0.446875 0.3609375000000001 0.446875 0.475 0.509375 0.475
0 0.575 0.3390625000000001 0.50625 0.3390625000000001 0.50625 0.4265625 0.575 0.4265625
0 0.5671875 0.4328125 0.509375 0.4328125 0.509375 0.5203125 0.5671875 0.5203125
0 0.446875 0.51875 0.3781250000000001 0.51875 0.3781250000000001 0.6125 0.446875 0.6125
0 0.4687500000000001 0.634375 0.3343750000000001 0.634375 0.3343750000000001 0.8203125 0.46875000000000017 0.8203125
0 0.3531250000000001 0.7703125 0.2906250000000001 0.7703125 0.2906250000000001 0.8421875 0.3531250000000001 0.8421875
0 0.36406250000000007 0.8421875 0.2906250000000001 0.8421875 0.2906250000000001 0.934375 0.36406250000000007 0.934375
0 0.2515625000000001 0.803125 0.1390625000000001 0.803125 0.13906250000000012 0.9125 0.2515625000000001 0.9125
0 0.3281250000000001 0.8203125 0.2406250000000001 0.8203125 0.2406250000000001 0.9953125 0.3281250000000001 0.9953125
0 0.3890625000000001 0.9078125 0.3203125000000001 0.9078125 0.3203125000000001 0.9953125 0.3890625000000001 0.9953125
0 0.44843750000000016 0.9515625 0.3828125000000001 0.9515625 0.3828125000000001 0.9953125 0.44843750000000016 0.9953125
0 0.5156250000000002 0.934375 0.4437500000000002 0.934375 0.4437500000000002 0.9953125 0.5156250000000002 0.9953125
0 0.48437500000000017 0.8140625 0.4265625000000002 0.8140625 0.4265625000000002 0.9453125 0.48437500000000017 0.9453125
0 0.43281250000000016 0.8359375 0.3671875000000001 0.8359375 0.3671875000000001 0.9296875 0.43281250000000016 0.9296875
0 0.5203125000000002 0.759375 0.4468750000000002 0.759375 0.4468750000000002 0.83125 0.5203125000000002 0.83125
0 0.5281250000000001 0.65 0.4625 0.65 0.4625000000000001 0.759375 0.5281250000000002 0.759375
0 0.6843750000000002 0.9453125 0.6187500000000001 0.9453125 0.6187500000000001 0.9953125 0.6843750000000002 0.9953125
0 0.6906250000000002 0.8421875 0.6296875000000002 0.8421875 0.6296875000000002 0.9453125 0.6906250000000002 0.9453125
0 0.7593750000000001 0.803125 0.6984375000000002 0.803125 0.6984375000000002 0.9125 0.7593750000000001 0.9125
0 0.7312500000000002 0.7265625000000001 0.6578125000000001 0.7265625 0.6578125000000001 0.825 0.7312500000000002 0.825
0 0.7859375000000001 0.6390625000000001 0.7125 0.6390625 0.7125000000000001 0.7593750000000001 0.7859375000000002 0.7593750000000001
0 0.7203125000000001 0.6453125 0.671875 0.6453125 0.6718750000000001 0.7375 0.7203125000000001 0.7375
0 0.8078125 0.5796875000000001 0.7390625 0.5796875000000001 0.7390625 0.7000000000000002 0.8078125 0.7000000000000002
0 0.8484375 0.7046875000000001 0.771875 0.7046875000000001 0.7718750000000001 0.7812500000000002 0.8484375 0.7812500000000002
0 0.7671875 0.5406250000000001 0.7234375 0.540625 0.7234375 0.6062500000000001 0.7671875 0.6062500000000002
0 0.7890625 0.4703125000000001 0.7234375 0.4703125 0.7234375 0.5515625000000001 0.7890625 0.5515625000000002
0 0.778125 0.3937500000000001 0.7125 0.3937500000000001 0.7125 0.48125000000000007 0.778125 0.4812500000000002
0 0.73125 0.31718750000000007 0.6625 0.31718750000000007 0.6625 0.4312500000000001 0.73125 0.4312500000000002
0 0.6796875 0.5625 0.61875 0.5625 0.61875 0.65 0.6796875 0.65
0 0.6828125 0.48125 0.64375 0.48125 0.64375 0.5578125 0.6828125 0.5578125
0 0.7203125 0.4484375 0.6578125 0.4484375 0.6578125 0.525 0.7203125 0.525
0 0.6515625 0.453125 0.5671875 0.453125 0.5671875 0.56875 0.6515625 0.56875
0 0.6359375 0.3390625000000001 0.575 0.3390625000000001 0.575 0.4375 0.6359375 0.4375
0 0.684375 0.3109375000000001 0.61875 0.3109375000000001 0.61875 0.4046875 0.684375 0.4046875
0 0.6109375 0.31718750000000007 0.5703125 0.31718750000000007 0.5703125 0.3500000000000001 0.6109375 0.3500000000000001
0 0.646875 0.2140625000000001 0.578125 0.2140625000000001 0.578125 0.3125000000000001 0.646875 0.3125000000000001
0 0.578125 0.51875 0.534375 0.51875 0.534375 0.6125 0.578125 0.6125
0 0.603125 0.5953125 0.5421875 0.5953125 0.5421875 0.6609375 0.603125 0.6609375
0 0.6328125000000001 0.6671875 0.53125 0.6671875 0.5312500000000001 0.7921875 0.6328125000000002 0.7921875
0 0.6734375000000001 0.6671875 0.615625 0.6671875 0.6156250000000001 0.7765625 0.6734375000000001 0.7765625
0 0.6031250000000001 0.7921875 0.5453125000000002 0.7921875 0.5453125000000002 0.940625 0.6031250000000001 0.940625
0 0.5453125000000002 0.7875 0.49531250000000016 0.7875 0.49531250000000016 0.9125 0.5453125000000002 0.9125
0 0.6906250000000002 0.803125 0.5890625000000002 0.803125 0.5890625000000002 0.8640625 0.6906250000000002 0.8640625
0 0.5812500000000002 0.9453125 0.5203125000000002 0.9453125 0.5203125000000002 0.9953125 0.5812500000000002 0.9953125
0 0.4796875 0.12031250000000004 0.3234375 0.12031250000000004 0.3234375 0.26250000000000007 0.4796875 0.26250000000000007
0 0.4578125 4.8507494309977197e-17 0.334375 4.0949127346489623e-17 0.334375 0.13125000000000003 0.4578125 0.13125000000000003