0 0.996875 0.7296875000000002 0.7828125000000001 0.7296875000000002 0.7828125000000001 0.8953125 0.996875 0.8953125
0 0.996875 0.0625000000000001 0.6828125 0.06250000000000008 0.6828125 0.7390625000000001 0.996875 0.7390625000000002
0 0.9953125 1.0744362151894358e-16 0.759375 9.299661631025214e-17 0.759375 0.12968750000000012 0.9953125 0.12968750000000012
0 0.75625 7.481826538540861e-17 0.465625 5.702261658529863e-17 0.465625 0.2812500000000001 0.75625 0.2812500000000001
0 0.6984375 0.24531250000000004 0.328125 0.2453125 0.32812500000000006 0.7296875 0.6984375000000002 0.7296875
0 0.7359375000000001 0.7187500000000001 0.3781250000000001 0.71875 0.3781250000000001 0.9015625 0.7359375000000001 0.9015625
0 0.8015625 0.6609375000000001 0.6484375 0.6609375 0.6484375000000001 0.90625 0.8015625 0.90625
0 0.44218750000000007 0.6984375 0.2250000000000001 0.6984375 0.2250000000000001 0.9015625 0.4421875000000002 0.9015625
0 0.32812500000000006 0.3484375 4.267128690779059e-17 0.3484375 7.300043029292426e-17 0.84375 0.3281250000000001 0.84375
0 0.4734375 3.463454228838608e-17 0.0921875 1.1289712679639661e-17 0.09218750000000002 0.421875 0.4734375 0.421875
0 0.12656250000000005 0.1203125 1.4734031802241592e-17 0.1203125 4.11404784088564e-17 0.5515625 0.12656250000000008 0.5515625
0 0.08750000000000001 5.357829746269671e-18 0 0 7.367015901120796e-18 0.1203125 0.08750000000000002 0.1203125
0 0.0453125000000001 0.7859375 9.62495843704873e-17 0.7859375 1.0294687155332439e-16 0.8953125 0.04531250000000011 0.8953125
0 0.2328125000000001 0.84375 0.0453125000000001 0.84375 0.0453125000000001 0.90625 0.2328125000000001 0.90625
0 0.996875 6.104098889500089e-17 0 0 5.520478149281428e-17 0.9015625 0.996875 0.9015625