0 0.9359375 0.2140625000000001 0.7078125 0.2140625000000001 0.7078125 0.5359375000000001 0.9359375 0.5359375000000002
0 0.5625000000000001 0.5 0.3468750000000001 0.5 0.3468750000000001 0.78125 0.5625000000000002 0.78125
0 0.26562500000000006 0.296875 0.03437500000000003 0.296875 0.03437500000000006 0.59375 0.2656250000000001 0.59375
0 0.996875 0.06718750000000011 0.9734375 0.06718750000000011 0.9734375 0.3750000000000001 0.996875 0.3750000000000001
0 0.996875 0.10937500000000014 0.94375 0.10937500000000014 0.94375 0.9953125 0.996875 0.9953125
0 0.9734375 0.1250000000000001 0.8890625 0.12500000000000008 0.8890625 0.890625 0.9734375 0.890625
0 0.909375 0.12031250000000011 0.8296875 0.12031250000000009 0.8296875 0.9953125 0.909375 0.9953125
0 0.8484375 0.0062500000000001 0.7828125 0.0062500000000000975 0.7828125000000001 0.928125 0.8484375 0.928125
0 0.7640625000000001 0.0984375000000001 0.6890625 0.0984375000000001 0.6890625000000001 0.9953125 0.7640625000000002 0.9953125
0 0.7984375000000001 0.5265625000000002 0.7484375 0.5265625000000002 0.7484375000000001 0.9421875 0.7984375000000001 0.9421875
0 0.6921875000000001 0.10468750000000009 0.6390625 0.10468750000000009 0.6390625000000001 0.9953125 0.6921875000000002 0.9953125
0 0.6468750000000001 0.05156250000000008 0.559375 0.05156250000000007 0.5593750000000001 0.90625 0.6468750000000002 0.90625
0 0.5890625 0.07812500000000007 0.4984375 0.07812500000000007 0.4984375000000001 0.9375 0.5890625000000002 0.9375
0 0.5062500000000001 0.09375000000000006 0.4375 0.09375000000000004 0.4375000000000001 0.8484375 0.5062500000000002 0.8484375
0 0.4484375000000001 0.08906250000000004 0.403125 0.08906250000000004 0.40312500000000007 0.9328125 0.44843750000000016 0.9328125
0 0.4062500000000001 0.10937500000000004 0.35 0.10937500000000004 0.35000000000000003 0.890625 0.40625000000000017 0.890625
0 0.3609375 0.14062500000000006 0.3078125 0.14062500000000006 0.30781250000000004 0.9015625 0.3609375000000001 0.9015625
0 0.31562500000000004 0.12031250000000004 0.228125 0.12031250000000004 0.22812500000000005 0.875 0.3156250000000001 0.875
0 0.2671875 0.15156250000000002 0.1796875 0.1515625 0.17968750000000006 0.9328125 0.2671875000000001 0.9328125
0 0.17500000000000007 0.057812500000000024 0.1109375 0.057812500000000024 0.11093750000000006 0.9953125 0.17500000000000013 0.9953125
0 0.13750000000000004 0.06875000000000002 0.10625 0.06875000000000002 0.10625000000000004 0.834375 0.1375000000000001 0.834375
0 0.12187500000000007 0.1359375 0.05625000000000002 0.1359375 0.056250000000000064 0.9640625 0.12187500000000014 0.9640625
0 0.06093750000000007 0.1515625 0.015625000000000017 0.1515625 0.015625000000000062 0.9109375 0.06093750000000011 0.9109375