0 0.5281250000000001 0.7109375 0.08437500000000009 0.7109375 0.0843750000000001 0.99375 0.5281250000000002 0.99375
0 0.4781250000000001 0.6921875 0.45 0.6921875 0.45000000000000007 0.7609375 0.4781250000000002 0.7609375
0 0.4906250000000002 0.7484375 0.4593750000000002 0.7484375 0.4593750000000002 0.7984375 0.4906250000000002 0.7984375
0 0.984375 0.8734375 0.8765625 0.8734375 0.8765625 0.99375 0.984375 0.99375
0 0.975 0.8046875 0.90625 0.8046875 0.90625 0.91875 0.975 0.91875
0 0.996875 0.7859375000000002 0.971875 0.7859375000000002 0.971875 0.9 0.996875 0.9
0 0.88125 0.90625 0.7671875000000001 0.90625 0.7671875000000001 0.99375 0.88125 0.99375
0 0.7734375000000002 0.8171875 0.6953125000000002 0.8171875 0.6953125000000002 0.99375 0.7734375000000002 0.99375
0 0.8296875 0.5218750000000001 0.6921875 0.521875 0.6921875000000001 0.8421875 0.8296875 0.8421875
0 0.921875 0.5906250000000002 0.7890625 0.5906250000000002 0.7890625000000001 0.91875 0.921875 0.91875
0 0.98125 0.7359375000000001 0.934375 0.7359375000000001 0.934375 0.8234375 0.98125 0.8234375
0 0.996875 1.1107929170391227e-16 0.8171875 1.0007660561782277e-16 0.8171875 0.2453125000000001 0.996875 0.2453125000000001
0 0.890625 0.0875000000000001 0.84375 0.0875000000000001 0.84375 0.22656250000000008 0.890625 0.22656250000000008
0 0.925 0.1640625000000001 0.884375 0.16406250000000008 0.884375 0.2453125000000001 0.925 0.2453125000000001
0 0.996875 0.18906250000000013 0.959375 0.18906250000000013 0.959375 0.4281250000000002 0.996875 0.4281250000000002
0 0.99375 0.2390625000000001 0.965625 0.2390625000000001 0.965625 0.4281250000000002 0.99375 0.4281250000000002
0 0.98125 0.3140625000000001 0.953125 0.3140625000000001 0.953125 0.42187500000000017 0.98125 0.42187500000000017
0 0.965625 0.22031250000000008 0.9375 0.22031250000000008 0.9375 0.3140625000000001 0.965625 0.3140625000000001
0 0.928125 0.2140625000000001 0.871875 0.2140625000000001 0.871875 0.33281250000000007 0.928125 0.33281250000000007
0 0.95 0.2765625000000001 0.909375 0.2765625000000001 0.909375 0.3781250000000001 0.95 0.3781250000000001
0 0.95625 0.2640625000000001 0.8046875 0.2640625000000001 0.8046875 0.5718750000000001 0.95625 0.5718750000000001
0 0.859375 0.5156250000000002 0.815625 0.5156250000000002 0.815625 0.5906250000000002 0.859375 0.5906250000000002
0 0.896875 0.5406250000000001 0.840625 0.5406250000000001 0.840625 0.6296875000000002 0.896875 0.6296875000000002
0 0.925 0.5781250000000002 0.890625 0.5781250000000002 0.890625 0.6484375000000002 0.925 0.6484375000000002
0 0.934375 0.6343750000000001 0.8875 0.6343750000000001 0.8875 0.7359375000000001 0.934375 0.7359375000000001
0 0.953125 0.6921875000000002 0.91875 0.6921875000000002 0.91875 0.7921875000000002 0.953125 0.7921875000000002
0 0.984375 0.6546875000000002 0.946875 0.6546875000000002 0.946875 0.7234375000000002 0.984375 0.7234375000000002
0 0.996875 0.5906250000000002 0.946875 0.5906250000000002 0.946875 0.6609375000000002 0.996875 0.6609375000000002
0 0.959375 0.5343750000000002 0.925 0.5343750000000002 0.925 0.6484375000000002 0.959375 0.6484375000000002
0 0.996875 0.4468750000000002 0.959375 0.4468750000000002 0.959375 0.6031250000000001 0.996875 0.6031250000000001
0 0.8140625 9.184850993605148e-17 0.6859375 8.400311637901375e-17 0.6859375 0.3968750000000001 0.8140625 0.3968750000000001
0 0.871875 9.366634502853585e-17 0.6578125 8.055879725641184e-17 0.6578125 0.4281250000000001 0.871875 0.4281250000000002
0 0.8109375 0.3906250000000001 0.7296875 0.3906250000000001 0.7296875 0.5593750000000002 0.8109375 0.5593750000000002
0 0.7265625 0.22031250000000008 0.478125 0.22031250000000008 0.478125 0.7109375000000001 0.7265625 0.7109375000000002
0 0.6031250000000001 0.553125 0.48125 0.553125 0.48125000000000007 0.8046875 0.6031250000000001 0.8046875
0 0.6234375000000002 0.7296875 0.5187500000000002 0.7296875 0.5187500000000002 0.9375 0.6234375000000002 0.9375
0 0.6031250000000001 0.9375 0.5062500000000002 0.9375 0.5062500000000002 0.99375 0.6031250000000001 0.99375
0 0.6953125000000002 0.7734375 0.5875000000000001 0.7734375 0.5875000000000001 0.99375 0.6953125000000002 0.99375
0 0.6921875000000001 0.6796875 0.61875 0.6796875 0.6187500000000001 0.88125 0.6921875000000002 0.88125
0 0.615625 6.754692501547121e-17 0.4875 5.970153145843348e-17 0.4875 0.15156250000000007 0.615625 0.1515625000000001
0 0.6640625 7.768853132091023e-17 0.6046875 7.405286113594152e-17 0.6046875 0.13281250000000008 0.6640625 0.13281250000000008
0 0.6921875 0.12656250000000008 0.571875 0.12656250000000008 0.571875 0.2578125000000001 0.6921875 0.2578125000000001
0 0.6484375 0.1765625000000001 0.6109375 0.1765625000000001 0.6109375 0.2328125000000001 0.6484375 0.2328125000000001
0 0.415625 4.047074969057269e-17 0.2453125 3.004211679158351e-17 0.2453125 0.20781250000000004 0.415625 0.2078125000000001
0 0.509375 0.15781250000000005 0.3421875 0.15781250000000005 0.34218750000000003 0.409375 0.509375 0.409375
0 0.49687500000000007 0.18906250000000005 0.2609375 0.18906250000000005 0.26093750000000004 0.7546875 0.4968750000000002 0.7546875
0 0.534375 0.15156250000000004 0.475 0.15156250000000004 0.475 0.27031250000000007 0.534375 0.27031250000000007
0 0.578125 0.18906250000000008 0.525 0.18906250000000005 0.525 0.3140625000000001 0.578125 0.3140625000000001
0 0.528125 0.2640625000000001 0.490625 0.2640625000000001 0.490625 0.3578125000000001 0.528125 0.3578125000000001
0 0.478125 0.07500000000000005 0.425 0.07500000000000004 0.425 0.18281250000000004 0.478125 0.18281250000000004
0 0.45 0.03125000000000005 0.403125 0.03125000000000004 0.403125 0.13906250000000003 0.45 0.13906250000000003
0 0.496875 5.692694105411524e-17 0.4328125 5.300424427559639e-17 0.4328125 0.07500000000000005 0.496875 0.07500000000000007
0 0.53125 0.03125000000000006 0.478125 0.031250000000000056 0.478125 0.15156250000000004 0.53125 0.15156250000000004
0 0.553125 6.486801014233637e-17 0.50625 6.199774420683476e-17 0.50625 0.08125000000000007 0.553125 0.08125000000000007
0 0.5859375 0.06875000000000006 0.5484375 0.06875000000000006 0.5484375 0.16406250000000008 0.5859375 0.16406250000000008
0 0.559375 0.08750000000000006 0.51875 0.08750000000000006 0.51875 0.2015625000000001 0.559375 0.2015625000000001
0 0.453125 0.33906250000000004 0.2828125 0.3390625 0.2828125 0.7171875 0.453125 0.7171875
0 0.3140625000000001 0.6609375 0.2796875000000001 0.6609375 0.2796875000000001 0.7046875 0.3140625000000001 0.7046875
0 0.32031250000000006 0.3265625 0.2578125 0.3265625 0.25781250000000006 0.490625 0.3203125000000001 0.490625
0 0.2578125000000001 0.365625 0.17968750000000006 0.365625 0.17968750000000006 0.521875 0.2578125000000001 0.521875
0 0.21718750000000003 0.2390625 0.14062500000000006 0.2390625 0.14062500000000006 0.396875 0.2171875000000001 0.396875
0 0.28593750000000007 0.2390625 0.2109375 0.2390625 0.21093750000000006 0.3640625 0.28593750000000007 0.3640625
0 0.2484375 0.10625000000000002 0.1734375 0.10625 0.17343750000000002 0.2453125 0.2484375 0.2453125
0 0.1765625 0.1140625 0.1 0.1140625 0.10000000000000002 0.2765625 0.17656250000000004 0.2765625
0 0.2109375 2.1335643453895294e-17 0.1375 1.6838893488276106e-17 0.1375 0.12656250000000002 0.2109375 0.12656250000000005
0 0.2234375 0.025000000000000022 0.1984375 0.025000000000000022 0.1984375 0.08750000000000002 0.2234375 0.08750000000000002
0 0.2140625 2.4492935982947065e-17 0.1859375 2.27707764216461e-17 0.1859375 0.012500000000000025 0.2140625 0.012500000000000028
0 0.2828125 0.2265625 0.2640625 0.2265625 0.2640625 0.2890625 0.2828125 0.2890625
0 0.3046875 0.2703125 0.2796875 0.2703125 0.2796875 0.3265625 0.3046875 0.3265625
0 0.2890625000000001 0.515625 0.19843750000000004 0.515625 0.19843750000000007 0.6546875 0.2890625000000001 0.6546875
0 0.2828125000000001 0.634375 0.12343750000000009 0.634375 0.12343750000000009 0.7359375 0.2828125000000001 0.7359375
0 0.2078125000000001 0.515625 0.15781250000000005 0.515625 0.15781250000000008 0.6109375 0.2078125000000001 0.6109375
0 0.17656250000000004 0.459375 0.14531250000000004 0.459375 0.14531250000000004 0.528125 0.17656250000000004 0.528125
0 0.17968750000000006 0.403125 0.15781250000000005 0.403125 0.15781250000000005 0.453125 0.17968750000000006 0.453125
0 0.15468750000000003 0.415625 0.12968750000000004 0.415625 0.12968750000000004 0.459375 0.15468750000000003 0.459375
0 0.14843750000000006 0.2765625 0.07500000000000004 0.2765625 0.07500000000000004 0.440625 0.14843750000000006 0.440625
0 0.09218750000000003 0.2328125 0.06093750000000002 0.2328125 0.06093750000000003 0.3140625 0.09218750000000005 0.3140625
0 0.10156250000000003 0.1765625 0.06406250000000002 0.1765625 0.06406250000000002 0.2328125 0.10156250000000004 0.2328125
0 0.1328125 0.057812500000000024 0.1046875 0.057812500000000024 0.1046875 0.1140625 0.1328125 0.1140625
0 0.09531250000000001 0.07500000000000001 0.04531250000000001 0.075 0.04531250000000002 0.1765625 0.09531250000000002 0.1765625
0 0.05625 0.006250000000000004 0.021875 0.006250000000000003 0.021875000000000006 0.06875 0.05625 0.06875