0 0.9953125 0.47187500000000016 0.7734375 0.47187500000000016 0.7734375 0.6765625000000002 0.9953125 0.6765625000000002
0 0.959375 0.5421875000000002 0.778125 0.5421875000000002 0.7781250000000001 0.7593750000000001 0.959375 0.7593750000000001
0 0.89375 0.2796875000000001 0.70625 0.2796875000000001 0.70625 0.45781250000000007 0.89375 0.4578125000000002
0 0.9515625 0.4265625000000002 0.9375 0.4265625000000002 0.9375 0.44531250000000017 0.9515625 0.44531250000000017
0 0.9953125 0.44531250000000017 0.9828125 0.44531250000000017 0.9828125 0.4671875000000002 0.9953125 0.4671875000000002
0 0.9734375 0.45312500000000017 0.9546875 0.45312500000000017 0.9546875 0.4671875000000002 0.9734375 0.4671875000000002
0 0.9828125 0.47187500000000016 0.95625 0.47187500000000016 0.95625 0.48437500000000017 0.9828125 0.48437500000000017
0 0.96875 0.3781250000000001 0.95625 0.3781250000000001 0.95625 0.39531250000000007 0.96875 0.39531250000000007
0 0.9875 0.3468750000000001 0.9609375 0.3468750000000001 0.9609375 0.3687500000000001 0.9875 0.3687500000000001
0 0.990625 0.06250000000000011 0.9734375 0.06250000000000011 0.9734375 0.0796875000000001 0.990625 0.0796875000000001
0 0.96875 0.07656250000000012 0.9515625 0.07656250000000012 0.9515625 0.09843750000000011 0.96875 0.09843750000000011
0 0.9953125 0.08906250000000011 0.9828125 0.08906250000000011 0.9828125 0.09687500000000011 0.9953125 0.09687500000000011
0 0.9875 0.12031250000000013 0.9609375 0.12031250000000013 0.9609375 0.13750000000000012 0.9875 0.13750000000000012
0 0.9421875 0.12031250000000013 0.9328125 0.12031250000000013 0.9328125 0.13750000000000012 0.9421875 0.13750000000000012
0 0.2484375000000001 0.621875 7.615772282197602e-17 0.621875 9.902417477480551e-17 0.9953125 0.2484375000000001 0.9953125
0 0.4218750000000001 0.684375 0.1687500000000001 0.684375 0.16875000000000012 0.959375 0.42187500000000017 0.959375
0 0.5656250000000002 0.7515625 0.3609375000000001 0.7515625 0.3609375000000001 0.9953125 0.5656250000000002 0.9953125
0 0.6406250000000001 0.6359375 0.5421875 0.6359375 0.5421875 0.7640625 0.6406250000000002 0.7640625
0 0.5421875 0.684375 0.4625 0.684375 0.4625000000000001 0.8 0.5421875000000002 0.8
0 0.6218750000000002 0.76875 0.5562500000000001 0.76875 0.5562500000000001 0.8359375 0.6218750000000002 0.8359375
0 0.6265625000000001 0.8046875 0.5421875000000002 0.8046875 0.5421875000000002 0.8796875 0.6265625000000001 0.8796875
0 0.6578125000000001 0.81875 0.6265625000000001 0.81875 0.6265625000000001 0.8984375 0.6578125000000001 0.8984375
0 0.6718750000000001 0.675 0.609375 0.675 0.6093750000000001 0.8046875 0.6718750000000002 0.8046875
0 0.7343750000000001 0.6578125000000001 0.68125 0.6578125 0.6812500000000001 0.7593750000000001 0.7343750000000002 0.7593750000000001
0 0.8453125 0.6578125000000001 0.7609375 0.6578125000000001 0.7609375 0.7515625000000001 0.8453125 0.7515625000000001
0 0.746875 0.5515625000000001 0.6703125 0.5515625 0.6703125 0.6218750000000001 0.746875 0.6218750000000002
0 0.7734375000000002 0.7343750000000001 0.6937500000000002 0.734375 0.6937500000000002 0.85 0.7734375000000002 0.85
0 0.5875 0.546875 0.5078125 0.546875 0.5078125 0.6046875 0.5875 0.6046875
0 0.7515625 0.5468750000000001 0.6671875 0.546875 0.6671875 0.6312500000000001 0.7515625 0.6312500000000002
0 0.68125 0.471875 0.6453125 0.471875 0.6453125 0.5421875 0.68125 0.5421875
0 0.8359375 0.4671875000000001 0.4140625 0.4671875 0.4140625000000001 0.96875 0.8359375 0.96875
0 0.778125 0.4671875000000001 0.684375 0.4671875 0.684375 0.6093750000000001 0.778125 0.6093750000000002
0 0.7515625 0.09843750000000008 0.559375 0.09843750000000007 0.559375 0.2765625000000001 0.7515625 0.2765625000000001
0 0.809375 0.1593750000000001 0.7296875 0.1593750000000001 0.7296875 0.26250000000000007 0.809375 0.26250000000000007
0 0.778125 0.12031250000000009 0.75625 0.12031250000000009 0.75625 0.1687500000000001 0.778125 0.1687500000000001
0 0.6 0.20468750000000008 0.546875 0.20468750000000008 0.546875 0.2796875000000001 0.6 0.2796875000000001
0 0.8140625 0.053125000000000075 0.6265625 0.05312500000000007 0.6265625 0.14218750000000008 0.8140625 0.14218750000000008
0 0.9515625 0.14687500000000014 0.9109375 0.14687500000000014 0.9109375 0.3156250000000001 0.9515625 0.3156250000000001
0 0.996875 0.06250000000000011 0.81875 0.06250000000000011 0.81875 0.2890625000000001 0.996875 0.2890625000000001
0 0.9953125 0.0843750000000001 0.8046875 0.08437500000000009 0.8046875 0.2843750000000001 0.9953125 0.2843750000000001
0 0.8671875 0.0984375000000001 0.809375 0.0984375000000001 0.809375 0.1828125000000001 0.8671875 0.1828125000000001
0 0.871875 0.1468750000000001 0.8 0.1468750000000001 0.8 0.2218750000000001 0.871875 0.2218750000000001
0 0.875 0.18750000000000008 0.8046875 0.18750000000000008 0.8046875 0.2671875000000001 0.875 0.2671875000000001
0 0.8671875 0.2093750000000001 0.7953125 0.2093750000000001 0.7953125 0.2718750000000001 0.8671875 0.2718750000000001
0 0.9109375 0.09843750000000011 0.840625 0.09843750000000011 0.840625 0.2718750000000001 0.9109375 0.2718750000000001
0 0.578125 0.03593750000000006 0.4171875 0.03593750000000005 0.4171875 0.3281250000000001 0.578125 0.3281250000000001
0 0.453125 0.11562500000000005 0.2984375 0.11562500000000005 0.2984375 0.32500000000000007 0.453125 0.32500000000000007
0 0.3203125 0.1375 0.16875 0.1375 0.16875 0.2890625 0.3203125 0.2890625
0 0.29375000000000007 0.271875 0.14218750000000005 0.271875 0.14218750000000005 0.4 0.29375000000000007 0.4
0 0.4046875 0.2984375 0.275 0.2984375 0.275 0.440625 0.4046875 0.440625
0 0.534375 0.3109375000000001 0.4140625 0.3109375000000001 0.4140625 0.4453125 0.534375 0.4453125
0 0.6234375 0.4359375 0.503125 0.4359375 0.503125 0.56875 0.6234375 0.56875
0 0.6984375 0.2812500000000001 0.534375 0.2812500000000001 0.534375 0.4765625 0.6984375 0.4765625
0 0.5109375 0.4265625 0.3781250000000001 0.4265625 0.3781250000000001 0.5640625 0.5109375 0.5640625
0 0.3031250000000001 0.4046875 0.13906250000000003 0.4046875 0.13906250000000003 0.5328125 0.3031250000000001 0.5328125
0 0.3515625000000001 0.471875 0.13281250000000006 0.471875 0.13281250000000006 0.6140625 0.3515625000000001 0.6140625
0 0.409375 0.421875 0.19062500000000004 0.421875 0.19062500000000007 0.6265625 0.409375 0.6265625
0 0.4046875 0.5203125 0.2406250000000001 0.5203125 0.2406250000000001 0.63125 0.4046875 0.63125
0 0.4140625 0.546875 0.2000000000000001 0.546875 0.2000000000000001 0.684375 0.4140625 0.684375
0 0.440625 0.565625 0.26250000000000007 0.565625 0.26250000000000007 0.6765625 0.440625 0.6765625
0 0.5015625000000001 0.546875 0.3421875000000001 0.546875 0.3421875000000001 0.759375 0.5015625000000001 0.759375
0 0.5296875000000001 0.621875 0.39531250000000007 0.621875 0.39531250000000007 0.8140625 0.5296875000000002 0.8140625
0 0.4625 0.56875 0.3156250000000001 0.56875 0.3156250000000001 0.6796875 0.4625 0.6796875
0 0.10625000000000004 0.30625 3.750480822388769e-17 0.30625 4.209723372069027e-17 0.38125 0.10625000000000004 0.38125
0 0.15156250000000002 0.1609375 0.04843750000000002 0.1609375 0.04843750000000003 0.2453125 0.15156250000000004 0.2453125
0 0.2171875 0.004687500000000022 0.1515625 0.004687500000000018 0.1515625 0.10156250000000003 0.2171875 0.10156250000000004