0 0.5828125 0.34062500000000007 0.5 0.34062500000000007 0.5 0.5671875 0.5828125 0.5671875
0 0.7171875 0.3937500000000001 0.5921875 0.3937500000000001 0.5921875 0.6671875 0.7171875 0.6671875
0 0.9265625 0.2468750000000001 0.83125 0.2468750000000001 0.83125 0.4734375000000002 0.9265625 0.4734375000000002
0 0.946875 0.4203125000000002 0.9046875 0.4203125000000002 0.9046875 0.5062500000000002 0.946875 0.5062500000000002
0 0.996875 0.2000000000000001 0.934375 0.2000000000000001 0.934375 0.3859375000000001 0.996875 0.3859375000000001
0 0.996875 0.006250000000000114 0.871875 0.006250000000000105 0.871875 0.2531250000000001 0.996875 0.2531250000000001
0 0.934375 0.7531250000000002 0.9109375 0.7531250000000002 0.9109375 0.8140625 0.934375 0.8140625
0 0.996875 0.5531250000000002 0.9046875 0.5531250000000002 0.9046875 0.7406250000000002 0.996875 0.7406250000000002
0 0.996875 0.4203125000000002 0.946875 0.4203125000000002 0.946875 0.5406250000000001 0.996875 0.5406250000000001
0 0.8875 0.6062500000000002 0.8421875 0.6062500000000002 0.8421875 0.6937500000000002 0.8875 0.6937500000000002
0 0.940625 0.89375 0.9046875 0.89375 0.9046875 0.9796875 0.940625 0.9796875
0 0.9703125 0.846875 0.946875 0.846875 0.946875 0.89375 0.9703125 0.89375
0 0.996875 0.8203125 0.9734375 0.8203125 0.9734375 0.9 0.996875 0.9
0 0.990625 0.8875 0.9671875 0.8875 0.9671875 0.953125 0.990625 0.953125
0 0.9765625 0.9 0.946875 0.9 0.946875 0.959375 0.9765625 0.959375
0 0.9828125 0.7406250000000002 0.9640625 0.7406250000000002 0.9640625 0.7937500000000002 0.9828125 0.7937500000000002
0 0.996875 0.7343750000000002 0.9828125 0.7343750000000002 0.9828125 0.8078125 0.996875 0.8078125
0 0.996875 0.7000000000000002 0.9765625 0.7000000000000002 0.9765625 0.7265625000000002 0.996875 0.7265625000000002
0 0.9109375 0.7000000000000002 0.7625 0.7000000000000002 0.7625000000000001 0.99375 0.9109375 0.99375
0 0.75 0.4000000000000001 0.7234375 0.4 0.7234375 0.4531250000000001 0.75 0.45312500000000017
0 0.8421875 0.42656250000000007 0.7171875 0.4265625 0.7171875000000001 0.753125 0.8421875 0.7531250000000002
0 0.828125 0.29375000000000007 0.771875 0.29375000000000007 0.771875 0.41406250000000017 0.828125 0.41406250000000017
0 0.803125 0.2406250000000001 0.7796875 0.2406250000000001 0.7796875 0.2796875000000001 0.803125 0.2796875000000001
0 0.771875 0.2531250000000001 0.7453125 0.2531250000000001 0.7453125 0.3140625000000001 0.771875 0.3140625000000001
0 0.771875 0.3609375000000001 0.7421875 0.3609375000000001 0.7421875 0.41406250000000017 0.771875 0.41406250000000017
0 0.7390625 0.3468750000000001 0.7125 0.3468750000000001 0.7125 0.3937500000000001 0.7390625 0.3937500000000001
0 0.7265625 0.6406250000000001 0.703125 0.640625 0.703125 0.70625 0.7265625 0.7062500000000002
0 0.6765625000000001 0.6671875 0.653125 0.6671875 0.6531250000000001 0.740625 0.6765625000000002 0.740625
0 0.7437500000000001 0.753125 0.6640625000000002 0.753125 0.6640625000000002 0.9140625 0.7437500000000001 0.9140625
0 0.7625000000000002 0.8796875 0.7203125000000001 0.8796875 0.7203125000000001 0.99375 0.7625000000000002 0.99375
0 0.6765625000000002 0.90625 0.6500000000000001 0.90625 0.6500000000000001 0.9734375 0.6765625000000002 0.9734375
0 0.6640625000000002 0.7328125 0.6078125000000002 0.7328125 0.6078125000000002 0.8671875 0.6640625000000002 0.8671875
0 0.6218750000000002 0.8734375 0.5781250000000002 0.8734375 0.5781250000000002 0.99375 0.6218750000000002 0.99375
0 0.5781250000000001 0.7 0.5484375 0.7 0.5484375000000001 0.7734375 0.5781250000000002 0.7734375
0 0.5984375 0.6265625 0.575 0.6265625 0.575 0.70625 0.5984375 0.70625
0 0.628125 0.640625 0.6015625 0.640625 0.6015625 0.7140625 0.628125 0.7140625
0 0.5984375 0.559375 0.565625 0.559375 0.565625 0.6265625 0.5984375 0.6265625
0 0.6453125 0.2734375000000001 0.6046875 0.2734375000000001 0.6046875 0.37968750000000007 0.6453125 0.37968750000000007
0 0.746875 0.10781250000000009 0.640625 0.10781250000000009 0.640625 0.3609375000000001 0.746875 0.3609375000000001
0 0.759375 9.022202590593392e-17 0.7140625 8.744743550161569e-17 0.7140625 0.02656250000000009 0.759375 0.02656250000000009
0 0.8875 1.0084200986728988e-16 0.759375 9.299661631025214e-17 0.759375 0.2468750000000001 0.8875 0.2468750000000001
0 0.7171875 7.510529197895878e-17 0.509375 6.23804463315683e-17 0.509375 0.3468750000000001 0.7171875 0.3468750000000001
0 0.5953125 6.16150420821012e-17 0.4109375 5.032532940246154e-17 0.4109375 0.3203125000000001 0.5953125 0.3203125000000001
0 0.5234375 0.3203125000000001 0.4671875 0.3203125000000001 0.4671875 0.4203125 0.5234375 0.4203125
0 0.5 0.4734375 0.4703125 0.4734375 0.4703125 0.559375 0.5 0.559375
0 0.5484375 0.5671875 0.4921875 0.5671875 0.4921875 0.6796875 0.5484375 0.6796875
0 0.5625000000000002 0.759375 0.4546875000000002 0.759375 0.4546875000000002 0.99375 0.5625000000000002 0.99375
0 0.4578125000000002 0.840625 0.4046875000000002 0.840625 0.4046875000000002 0.9734375 0.4578125000000002 0.9734375
0 0.4906250000000001 0.5671875 0.3515625000000001 0.5671875 0.3515625000000001 0.853125 0.4906250000000002 0.853125
0 0.45 0.32031250000000006 0.3515625 0.3203125 0.35156250000000006 0.540625 0.45 0.540625
0 0.3921875 0.15312500000000004 0.3484375 0.15312500000000004 0.3484375 0.24687500000000004 0.3921875 0.2468750000000001
0 0.3546875000000001 0.440625 0.3125000000000001 0.440625 0.3125000000000001 0.540625 0.3546875000000001 0.540625
0 0.3546875000000001 0.7140625 0.3031250000000001 0.7140625 0.3031250000000001 0.80625 0.3546875000000001 0.80625
0 0.3687500000000001 0.8140625 0.3218750000000001 0.8140625 0.3218750000000001 0.934375 0.3687500000000001 0.934375
0 0.3187500000000001 0.653125 0.2796875000000001 0.653125 0.2796875000000001 0.746875 0.3187500000000001 0.746875
0 0.39531250000000007 0.546875 0.2562500000000001 0.546875 0.2562500000000001 0.646875 0.39531250000000007 0.646875
0 0.30156250000000007 0.70625 0.2093750000000001 0.70625 0.2093750000000001 0.9140625 0.30156250000000007 0.9140625
0 0.3281250000000001 0.8734375 0.16406250000000008 0.8734375 0.1640625000000001 0.9796875 0.3281250000000001 0.9796875
0 0.22656250000000008 0.653125 0.1453125000000001 0.653125 0.1453125000000001 0.8734375 0.22656250000000008 0.8734375
0 0.19375000000000006 0.5328125 0.10781250000000005 0.5328125 0.10781250000000006 0.7203125 0.1937500000000001 0.7203125
0 0.11875000000000006 0.3265625 3.999237203465575e-17 0.3265625 5.348262193151332e-17 0.546875 0.11875000000000009 0.546875
0 0.2000000000000001 0.4203125 5.147343577666219e-17 0.4203125 8.658635572096521e-17 0.99375 0.2000000000000001 0.99375
0 0.10937500000000004 0.1859375 2.27707764216461e-17 0.1859375 3.138157422815093e-17 0.3265625 0.10937500000000004 0.3265625
0 0.11875000000000005 0.3 0.039062500000000035 0.3 0.03906250000000004 0.4140625 0.11875000000000005 0.4140625
0 0.08906250000000002 5.453505277453058e-18 0 0 9.376202055971923e-18 0.153125 0.08906250000000002 0.153125
0 0.1375 1.4064303083957884e-17 0.0921875 1.1289712679639661e-17 0.0921875 0.040625000000000015 0.1375 0.04062500000000002
0 0.1765625 0.006250000000000018 0.1078125 0.006250000000000014 0.10781250000000002 0.246875 0.17656250000000004 0.246875
0 0.25 2.4397260451763677e-17 0.1484375 1.8178350924843523e-17 0.1484375 0.17968750000000003 0.25 0.17968750000000006
0 0.246875 2.4971313638864e-17 0.1609375 1.9709159423777714e-17 0.1609375 0.16718750000000002 0.246875 0.16718750000000004
0 0.21406250000000004 0.09375000000000003 0.115625 0.09375000000000003 0.11562500000000002 0.4328125 0.2140625000000001 0.4328125
0 0.2859375 0.2390625 0.07968750000000002 0.2390625 0.07968750000000004 0.346875 0.2859375 0.346875
0 0.27968750000000003 0.17968750000000003 0.1375 0.1796875 0.1375 0.453125 0.2796875000000001 0.453125
0 0.2796875 0.12031250000000004 0.2171875 0.12031250000000004 0.2171875 0.18593750000000003 0.2796875 0.18593750000000003
0 0.2828125 0.040625000000000036 0.24375 0.040625000000000036 0.24375 0.12031250000000004 0.2828125 0.12031250000000004
0 0.39687500000000003 0.2671875 0.275 0.2671875 0.275 0.6140625 0.3968750000000001 0.6140625
0 0.33125000000000004 0.2203125 0.2296875 0.2203125 0.22968750000000004 0.5859375 0.3312500000000001 0.5859375
0 0.34218750000000003 0.2265625 0.2375 0.2265625 0.23750000000000004 0.60625 0.3421875000000001 0.60625
0 0.35468750000000004 0.2265625 0.25625 0.2265625 0.25625000000000003 0.5875 0.3546875000000001 0.5875
0 0.35156250000000006 0.15312500000000004 0.2 0.15312500000000004 0.20000000000000004 0.5671875 0.3515625000000001 0.5671875
0 0.21250000000000008 0.4671875 0.17656250000000004 0.4671875 0.17656250000000007 0.6265625 0.21250000000000008 0.6265625
0 0.20000000000000004 0.3609375 0.13125000000000003 0.3609375 0.13125000000000003 0.534375 0.2000000000000001 0.534375
0 0.44375 4.6881010279859617e-17 0.321875 3.941831884755543e-17 0.321875 0.15312500000000004 0.44375 0.15312500000000004
0 0.359375 4.1618856064773335e-17 0.3203125 3.922696778518866e-17 0.3203125 0.059375000000000046 0.359375 0.059375000000000046
0 0.321875 3.721778163033753e-17 0.2859375 3.501724441311963e-17 0.2859375 0.10625000000000004 0.321875 0.10625000000000004