0 0.5859375 0.12031250000000007 0.2625 0.12031250000000004 0.26250000000000007 0.3765625 0.5859375 0.3765625000000001
0 0.353125 0.3234375 0.2953125 0.3234375 0.29531250000000003 0.3890625 0.3531250000000001 0.3890625
0 0.29531250000000003 0.2734375 0.2375 0.2734375 0.23750000000000004 0.371875 0.2953125000000001 0.371875
0 0.38593750000000004 0.3453125 0.265625 0.3453125 0.26562500000000006 0.44375 0.3859375000000001 0.44375
0 0.421875 0.37187500000000007 0.3453125000000001 0.371875 0.3453125000000001 0.4265625 0.421875 0.4265625
0 0.4265625 0.4046875 0.3828125000000001 0.4046875 0.3828125000000001 0.453125 0.4265625 0.453125
0 0.4046875 0.4375 0.2953125000000001 0.4375 0.2953125000000001 0.48125 0.4046875 0.48125
0 0.3062500000000001 0.3875 0.2296875000000001 0.3875 0.2296875000000001 0.503125 0.3062500000000001 0.503125
0 0.3203125000000001 0.48125 0.2687500000000001 0.48125 0.2687500000000001 0.5515625 0.3203125000000001 0.5515625
0 0.3812500000000001 0.4640625 0.30937500000000007 0.4640625 0.30937500000000007 0.546875 0.3812500000000001 0.546875
0 0.4 0.475 0.3703125000000001 0.475 0.3703125000000001 0.5578125 0.4 0.5578125
0 0.4578125 0.4703125 0.3781250000000001 0.4703125 0.3781250000000001 0.56875 0.4578125 0.56875
0 0.465625 0.4046875 0.4078125 0.4046875 0.4078125 0.48125 0.465625 0.48125
0 0.5015625 0.4375 0.41875 0.4375 0.41875 0.65625 0.5015625 0.65625
0 0.46875 0.525 0.3312500000000001 0.525 0.3312500000000001 0.715625 0.46875 0.715625
0 0.3281250000000001 0.5515625 0.2796875000000001 0.5515625 0.2796875000000001 0.6171875 0.3281250000000001 0.6171875
0 0.3593750000000001 0.5515625 0.3203125000000001 0.5515625 0.3203125000000001 0.5953125 0.3593750000000001 0.5953125
0 0.3671875000000001 0.5734375 0.30937500000000007 0.5734375 0.30937500000000007 0.6453125 0.3671875000000001 0.6453125
0 0.3265625000000001 0.6453125 0.2984375000000001 0.6453125 0.2984375000000001 0.69375 0.3265625000000001 0.69375
0 0.3812500000000001 0.678125 0.24375000000000008 0.678125 0.24375000000000008 0.8140625 0.3812500000000001 0.8140625
0 0.4843750000000001 0.678125 0.3828125000000001 0.678125 0.3828125000000001 0.803125 0.48437500000000017 0.803125
0 0.4000000000000002 0.7375 0.3125000000000001 0.7375 0.3125000000000001 0.8578125 0.4000000000000002 0.8578125
0 0.4437500000000002 0.7875 0.34843750000000007 0.7875 0.34843750000000007 0.9125 0.4437500000000002 0.9125
0 0.2593750000000001 0.6390625 0.17187500000000008 0.6390625 0.17187500000000008 0.759375 0.2593750000000001 0.759375
0 0.3203125000000001 0.5953125 0.23593750000000008 0.5953125 0.23593750000000008 0.7109375 0.3203125000000001 0.7109375
0 0.2796875000000001 0.5515625 0.19687500000000008 0.5515625 0.19687500000000008 0.6453125 0.2796875000000001 0.6453125
0 0.2000000000000001 0.6125 0.1375000000000001 0.6125 0.1375000000000001 0.7265625 0.2000000000000001 0.7265625
0 0.2140625000000001 0.540625 0.17500000000000004 0.540625 0.17500000000000007 0.6125 0.2140625000000001 0.6125
0 0.1750000000000001 0.5578125 0.07656250000000006 0.5578125 0.07656250000000007 0.7 0.1750000000000001 0.7
0 0.0984375000000001 0.7328125 0.04062500000000009 0.7328125 0.04062500000000009 0.83125 0.09843750000000011 0.83125
0 0.1312500000000001 0.721875 0.0906250000000001 0.721875 0.0906250000000001 0.803125 0.1312500000000001 0.803125
0 0.15000000000000008 0.8140625 0.12343750000000009 0.8140625 0.12343750000000009 0.8640625 0.15000000000000008 0.8640625
0 0.16406250000000008 0.825 0.1453125000000001 0.825 0.1453125000000001 0.8640625 0.16406250000000008 0.8640625
0 0.19687500000000008 0.825 0.16406250000000008 0.825 0.16406250000000008 0.8796875 0.19687500000000008 0.8796875
0 0.25468750000000007 0.825 0.2328125000000001 0.825 0.2328125000000001 0.86875 0.25468750000000007 0.86875
0 0.2828125000000001 0.8359375 0.25468750000000007 0.8359375 0.25468750000000007 0.8796875 0.2828125000000001 0.8796875
0 0.3265625000000001 0.8578125 0.2984375000000001 0.8578125 0.2984375000000001 0.9015625 0.3265625000000001 0.9015625
0 0.3531250000000001 0.8640625 0.3312500000000001 0.8640625 0.3312500000000001 0.9125 0.3531250000000001 0.9125
0 0.1781250000000001 0.7703125 0.1375000000000001 0.7703125 0.1375000000000001 0.83125 0.1781250000000001 0.83125
0 0.25468750000000007 0.7 0.12031250000000009 0.7 0.12031250000000009 0.8203125 0.25468750000000007 0.8203125
0 0.4734375 0.3281250000000001 0.4 0.3281250000000001 0.4 0.4203125 0.4734375 0.4203125
0 0.5453125 0.33281250000000007 0.4734375 0.33281250000000007 0.4734375 0.3828125000000001 0.5453125 0.3828125000000001
0 0.64375 0.37187500000000007 0.471875 0.37187500000000007 0.471875 0.4640625 0.64375 0.4640625
0 0.6109375 0.3234375000000001 0.5453125 0.3234375000000001 0.5453125 0.3890625000000001 0.6109375 0.3890625000000001
0 0.84375 0.2843750000000001 0.61875 0.2843750000000001 0.61875 0.4484375000000001 0.84375 0.44843750000000016
0 0.93125 0.44843750000000016 0.7859375 0.44843750000000016 0.7859375 0.6718750000000002 0.93125 0.6718750000000002
0 0.8109375 0.3937500000000001 0.6515625 0.3937500000000001 0.6515625 0.5468750000000001 0.8109375 0.5468750000000002
0 0.64375 0.4421875 0.5265625 0.4421875 0.5265625 0.584375 0.64375 0.584375
0 0.5421875 0.43125 0.4984375 0.43125 0.4984375 0.5953125 0.5421875 0.5953125
0 0.6328125000000001 0.56875 0.471875 0.56875 0.4718750000000001 0.7328125 0.6328125000000002 0.7328125
0 0.5125000000000001 0.715625 0.4796875 0.715625 0.4796875000000001 0.7703125 0.5125000000000002 0.7703125
0 0.5562500000000001 0.69375 0.5171875 0.69375 0.5171875000000001 0.759375 0.5562500000000001 0.759375
0 0.5890625 0.6390625 0.5453125 0.6390625 0.5453125 0.7109375 0.5890625 0.7109375
0 0.6296875 0.60625 0.575 0.60625 0.575 0.671875 0.6296875 0.671875
0 0.640625 0.590625 0.6140625 0.590625 0.6140625 0.65625 0.640625 0.65625
0 0.665625 0.5625 0.6328125 0.5625 0.6328125 0.628125 0.665625 0.628125
0 0.690625 0.525 0.6296875 0.525 0.6296875 0.5734375 0.690625 0.5734375
0 0.6984375 0.5515625 0.665625 0.5515625 0.665625 0.6171875 0.6984375 0.6171875
0 0.7234375 0.540625 0.690625 0.540625 0.690625 0.5953125 0.7234375 0.5953125
0 0.66875 0.628125 0.646875 0.628125 0.646875 0.671875 0.66875 0.671875
0 0.709375 0.6125 0.66875 0.6125 0.66875 0.6609375 0.709375 0.6609375
0 0.73125 0.5796875000000001 0.69375 0.5796875 0.69375 0.6343750000000001 0.73125 0.6343750000000001
0 0.75625 0.5734375000000002 0.73125 0.5734375000000002 0.73125 0.6234375000000002 0.75625 0.6234375000000002
0 0.778125 0.5578125000000002 0.753125 0.5578125000000002 0.753125 0.5953125000000001 0.778125 0.5953125000000001
0 0.7671875 0.5296875000000001 0.7171875 0.5296875 0.7171875 0.5796875000000001 0.7671875 0.5796875000000001
0 0.8109375 0.5406250000000001 0.7703125 0.5406250000000001 0.7703125 0.5953125000000001 0.8109375 0.5953125000000001
0 0.840625 0.5734375000000002 0.803125 0.5734375000000002 0.803125 0.6390625000000002 0.840625 0.6390625000000002
0 0.8578125 0.5578125000000002 0.8296875 0.5578125000000002 0.8296875 0.6234375000000002 0.8578125 0.6234375000000002
0 0.6984375 0.65625 0.665625 0.65625 0.665625 0.7046875 0.6984375 0.7046875
0 0.753125 0.628125 0.715625 0.628125 0.715625 0.6562500000000001 0.753125 0.6562500000000002
0 0.8140625 0.6062500000000002 0.753125 0.6062500000000002 0.753125 0.6718750000000002 0.8140625 0.6718750000000002
0 0.8484375 0.6562500000000002 0.7828125 0.6562500000000002 0.7828125000000001 0.7593750000000001 0.8484375 0.7593750000000001
0 0.890625 0.6234375000000002 0.821875 0.6234375000000002 0.821875 0.7375000000000002 0.890625 0.7375000000000002
0 0.890625 0.7218750000000002 0.846875 0.7218750000000002 0.846875 0.83125 0.890625 0.83125
0 0.90625 0.8203125 0.86875 0.8203125 0.86875 0.875 0.90625 0.875
0 0.93125 0.809375 0.89375 0.809375 0.89375 0.86875 0.93125 0.86875
0 0.95 0.7218750000000002 0.884375 0.7218750000000002 0.884375 0.8140625 0.95 0.8140625
0 0.9703125 0.803125 0.934375 0.803125 0.934375 0.853125 0.9703125 0.853125
0 0.975 0.6937500000000002 0.9203125 0.6937500000000002 0.9203125 0.7812500000000002 0.975 0.7812500000000002
0 0.93125 0.6781250000000002 0.8828125 0.6781250000000002 0.8828125 0.7484375000000002 0.93125 0.7484375000000002
0 0.7234375 0.475 0.6875 0.475 0.6875 0.540625 0.7234375 0.540625
0 0.7828125 0.5031250000000002 0.7390625 0.5031250000000002 0.7390625 0.5515625000000002 0.7828125 0.5515625000000002
0 0.8109375 0.4750000000000002 0.7703125 0.4750000000000002 0.7703125 0.5250000000000001 0.8109375 0.5250000000000001
0 0.715625 0.4328125 0.6765625 0.4328125 0.6765625 0.4765625 0.715625 0.4765625
0 0.734375 0.4093750000000001 0.709375 0.409375 0.709375 0.4593750000000001 0.734375 0.4593750000000002
0 0.759375 0.4156250000000002 0.73125 0.4156250000000002 0.73125 0.4750000000000002 0.759375 0.4750000000000002
0 0.7828125 0.4437500000000002 0.7609375 0.4437500000000002 0.7609375 0.47656250000000017 0.7828125 0.47656250000000017
0 0.70625 0.3984375000000001 0.684375 0.3984375000000001 0.684375 0.4265625 0.70625 0.4265625
0 0.6765625 0.415625 0.6546875 0.415625 0.6546875 0.4640625 0.6765625 0.4640625
0 0.865625 0.7546875000000002 0.7968750000000002 0.7546875000000002 0.7968750000000002 0.846875 0.865625 0.846875
0 0.8578125 0.8359375 0.8109375 0.8359375 0.8109375 0.8859375 0.8578125 0.8859375
0 0.825 0.853125 0.7859375000000002 0.853125 0.7859375000000002 0.9125 0.825 0.9125
0 0.815625 0.7765625000000002 0.7390625000000002 0.7765625000000002 0.7390625000000002 0.9078125 0.815625 0.9078125
0 0.8078125 0.6828125000000002 0.73125 0.6828125000000002 0.7312500000000001 0.7875000000000002 0.8078125 0.7875000000000002
0 0.81875 0.6015625000000002 0.753125 0.6015625000000002 0.753125 0.6671875000000002 0.81875 0.6671875000000002
0 0.7640625000000001 0.6562500000000001 0.690625 0.65625 0.690625 0.7546875000000001 0.7640625000000002 0.7546875000000002
0 0.7203125000000001 0.6890625 0.6578125 0.6890625 0.6578125000000001 0.7921875 0.7203125000000001 0.7921875
0 0.7421875000000002 0.7812500000000001 0.6625000000000002 0.78125 0.6625000000000002 0.9234375 0.7421875000000002 0.9234375
0 0.6906250000000002 0.7375 0.6187500000000001 0.7375 0.6187500000000001 0.8421875 0.6906250000000002 0.8421875
0 0.6578125000000001 0.65625 0.596875 0.65625 0.596875 0.765625 0.6578125000000001 0.765625
0 0.6187500000000001 0.7109375 0.5640625 0.7109375 0.5640625000000001 0.7984375 0.6187500000000001 0.7984375
0 0.6734375000000001 0.83125 0.6078125000000002 0.83125 0.6078125000000002 0.934375 0.6734375000000001 0.934375
0 0.5531250000000002 0.7921875 0.42968750000000017 0.7921875 0.42968750000000017 0.8578125 0.5531250000000002 0.8578125
0 0.5593750000000002 0.765625 0.4546875000000002 0.765625 0.4546875000000002 0.8859375 0.5593750000000002 0.8859375
0 0.5500000000000002 0.7875 0.43750000000000017 0.7875 0.43750000000000017 0.8203125 0.5500000000000002 0.8203125
0 0.6250000000000002 0.7765625 0.5562500000000001 0.7765625 0.5562500000000001 0.8203125 0.6250000000000002 0.8203125
0 0.6000000000000002 0.8140625 0.5562500000000001 0.8140625 0.5562500000000001 0.86875 0.6000000000000002 0.86875
0 0.5968750000000002 0.8578125 0.5531250000000002 0.8578125 0.5531250000000002 0.890625 0.5968750000000002 0.890625
0 0.6000000000000002 0.890625 0.4515625000000002 0.890625 0.4515625000000002 0.9234375 0.6000000000000002 0.9234375