0 0.996875 0.5875000000000001 0.9140625 0.5875000000000001 0.9140625 0.9890625 0.996875 0.9890625
0 0.940625 0.6828125000000002 0.79375 0.6828125000000002 0.7937500000000001 0.9765625 0.940625 0.9765625
0 0.990625 0.921875 0.85 0.921875 0.85 0.99375 0.990625 0.99375
0 0.8171875 0.940625 0.6781250000000002 0.940625 0.6781250000000002 0.99375 0.8171875 0.99375
0 0.9140625 0.4312500000000001 0.6578125 0.43125 0.6578125000000001 0.99375 0.9140625 0.99375
0 0.996875 0.4421875000000002 0.896875 0.4421875000000002 0.896875 0.6109375000000001 0.996875 0.6109375000000001
0 0.95 0.3000000000000001 0.7703125 0.3000000000000001 0.7703125 0.4906250000000002 0.95 0.4906250000000002
0 0.996875 0.2390625000000001 0.9328125 0.2390625000000001 0.9328125 0.5031250000000002 0.996875 0.5031250000000002
0 0.946875 0.1734375000000001 0.740625 0.17343750000000008 0.740625 0.40156250000000016 0.946875 0.40156250000000016
0 0.996875 1.1347117998349694e-16 0.85625 1.0486038217699211e-16 0.85625 0.2812500000000001 0.996875 0.2812500000000001
0 0.909375 9.816309499415503e-17 0.69375 8.495987169084762e-17 0.69375 0.2390625000000001 0.909375 0.2390625000000001
0 0.7640625000000001 0.09062500000000007 0.4484375 0.09062500000000004 0.4484375000000001 0.8859375 0.7640625000000002 0.8859375
0 0.7187500000000001 0.6171875 0.5125 0.6171875 0.5125000000000001 0.99375 0.7187500000000002 0.99375
0 0.5218750000000002 0.7484375 0.3453125000000001 0.7484375 0.3453125000000001 0.99375 0.5218750000000002 0.99375
0 0.4828125000000001 0.36562500000000003 0.2468750000000001 0.365625 0.2468750000000001 0.8734375 0.4828125000000002 0.8734375
0 0.521875 5.0038302808911385e-17 0.2953125 3.6165350787320275e-17 0.29531250000000003 0.37187500000000007 0.521875 0.37187500000000007
0 0.325 2.879833488619948e-17 0.1453125 1.7795648800109975e-17 0.1453125 0.346875 0.325 0.346875
0 0.23906250000000004 0.3171875 3.884426566045511e-17 0.3171875 7.079989307570636e-17 0.8390625 0.2390625000000001 0.8390625
0 0.2531250000000001 0.4734375 5.79793718971325e-17 0.4734375 8.983932378120038e-17 0.99375 0.2531250000000001 0.99375
0 0.08281250000000004 0.14375 1.7604297737743203e-17 0.14375 3.300805825826851e-17 0.3953125 0.08281250000000004 0.3953125
0 0.16250000000000003 0.084375 0.059375 0.084375 0.059375000000000025 0.3359375 0.16250000000000003 0.3359375
0 0.2828125 0.09687500000000003 0.153125 0.09687500000000002 0.153125 0.3421875 0.2828125 0.3421875
0 0.321875 2.8224281699099153e-17 0.1390625 1.703024455064288e-17 0.13906250000000003 0.346875 0.321875 0.346875
0 0.1359375 8.323771212954668e-18 0 0 9.184850993605149e-18 0.15 0.1359375 0.15