0 0.875 0.6046875000000002 0.771875 0.6046875000000002 0.7718750000000001 0.7500000000000002 0.875 0.7500000000000002
0 0.771875 0.47343750000000007 0.6421875 0.4734375 0.6421875 0.6671875 0.771875 0.6671875000000002
0 0.7984375000000001 0.6203125 0.6265625 0.6203125 0.6265625000000001 0.7859375000000001 0.7984375000000001 0.7859375000000002
0 0.896875 0.7703125000000001 0.6562500000000002 0.7703125 0.6562500000000002 0.9953125 0.896875 0.9953125
0 0.634375 0.3390625000000001 0.51875 0.3390625000000001 0.51875 0.4421875 0.634375 0.4421875
0 0.634375 0.428125 0.5875 0.428125 0.5875 0.50625 0.634375 0.50625
0 0.6796875 0.4125 0.6328125 0.4125 0.6328125 0.459375 0.6796875 0.459375
0 0.6984375 0.4421875 0.6484375 0.4421875 0.6484375 0.515625 0.6984375 0.515625
0 0.7328125 0.4640625000000001 0.6953125 0.4640625 0.6953125 0.5421875 0.7328125 0.5421875000000002
0 0.7515625 0.4796875000000001 0.721875 0.4796875 0.721875 0.5625000000000001 0.7515625 0.5625000000000002
0 0.7671875 0.4843750000000001 0.640625 0.484375 0.640625 0.6609375000000001 0.7671875 0.6609375000000002
0 0.7015625000000001 0.71875 0.56875 0.71875 0.5687500000000001 0.8953125 0.7015625000000002 0.8953125
0 0.6531250000000002 0.890625 0.6218750000000002 0.890625 0.6218750000000002 0.9375 0.6531250000000002 0.9375
0 0.6531250000000002 0.9421875 0.6062500000000002 0.9421875 0.6062500000000002 0.9953125 0.6531250000000002 0.9953125
0 0.6265625000000001 0.8953125 0.5500000000000002 0.8953125 0.5500000000000002 0.9953125 0.6265625000000001 0.9953125
0 0.6031250000000001 0.796875 0.5156250000000002 0.796875 0.5156250000000002 0.9171875 0.6031250000000001 0.9171875
0 0.5687500000000001 0.69375 0.46875 0.69375 0.4687500000000001 0.7875 0.5687500000000002 0.7875
0 0.58125 0.7140625 0.5203125 0.7140625 0.5203125000000001 0.7765625 0.5812500000000002 0.7765625
0 0.5687500000000002 0.7453125 0.4968750000000002 0.7453125 0.4968750000000002 0.8125 0.5687500000000002 0.8125
0 0.5718750000000001 0.7859375 0.5000000000000002 0.7859375 0.5000000000000002 0.9640625 0.5718750000000001 0.9640625
0 0.503125 0.725 0.465625 0.725 0.46562500000000007 0.865625 0.5031250000000002 0.865625
0 0.45781250000000007 0.7234375 0.33281250000000007 0.7234375 0.33281250000000007 0.8390625 0.4578125000000002 0.8390625
0 0.4625000000000002 0.734375 0.4234375000000002 0.734375 0.4234375000000002 0.8015625 0.4625000000000002 0.8015625
0 0.48437500000000017 0.7875 0.3859375000000001 0.7875 0.3859375000000001 0.928125 0.48437500000000017 0.928125
0 0.4968750000000002 0.828125 0.4500000000000002 0.828125 0.4500000000000002 0.8953125 0.4968750000000002 0.8953125
0 0.5187500000000002 0.9125 0.4500000000000002 0.9125 0.4500000000000002 0.975 0.5187500000000002 0.975
0 0.5500000000000002 0.9484375 0.4203125000000002 0.9484375 0.4203125000000002 0.9953125 0.5500000000000002 0.9953125
0 0.4281250000000002 0.8703125 0.2593750000000001 0.8703125 0.2593750000000001 0.9375 0.4281250000000002 0.9375
0 0.3656250000000001 0.828125 0.2406250000000001 0.828125 0.2406250000000001 0.9375 0.3656250000000001 0.9375
0 0.3859375000000001 0.84375 0.3390625000000001 0.84375 0.3390625000000001 0.875 0.3859375000000001 0.875
0 0.3203125000000001 0.8078125 0.2171875000000001 0.8078125 0.2171875000000001 0.8796875 0.3203125000000001 0.8796875
0 0.3781250000000001 0.7921875 0.23593750000000008 0.7921875 0.23593750000000008 0.84375 0.3781250000000001 0.84375
0 0.3859375000000001 0.75 0.1687500000000001 0.75 0.1687500000000001 0.828125 0.3859375000000001 0.828125
0 0.30937500000000007 0.703125 0.2218750000000001 0.703125 0.2218750000000001 0.7609375 0.30937500000000007 0.7609375
0 0.2593750000000001 0.834375 0.19531250000000008 0.834375 0.1953125000000001 0.94375 0.2593750000000001 0.94375
0 0.2593750000000001 0.8078125 0.17968750000000008 0.8078125 0.17968750000000008 0.8640625 0.2593750000000001 0.8640625
0 0.3203125000000001 0.8234375 0.2296875000000001 0.8234375 0.2296875000000001 0.8703125 0.3203125000000001 0.8703125
0 0.4203125000000002 0.9265625 0.2515625000000001 0.9265625 0.2515625000000001 0.9953125 0.4203125000000002 0.9953125
0 0.5468750000000002 0.9640625 0.4437500000000002 0.9640625 0.4437500000000002 0.9953125 0.5468750000000002 0.9953125
0 0.2484375000000001 0.96875 0.19531250000000014 0.96875 0.19531250000000014 0.9953125 0.2484375000000001 0.9953125
0 0.2140625000000001 0.8859375 0.14062500000000008 0.8859375 0.1406250000000001 0.9890625 0.2140625000000001 0.9890625
0 0.17968750000000014 0.9171875 0.11875000000000013 0.9171875 0.11875000000000013 0.9953125 0.17968750000000014 0.9953125
0 0.17968750000000008 0.8234375 0.12656250000000008 0.8234375 0.12656250000000008 0.8859375 0.17968750000000008 0.8859375
0 0.17187500000000008 0.7765625 0.1140625000000001 0.7765625 0.1140625000000001 0.8390625 0.17187500000000008 0.8390625
0 0.2218750000000001 0.725 0.17187500000000008 0.725 0.17187500000000008 0.7875 0.2218750000000001 0.7875
0 0.2296875000000001 0.671875 0.17968750000000008 0.671875 0.17968750000000008 0.7234375 0.2296875000000001 0.7234375
0 0.1843750000000001 0.6671875 0.15000000000000008 0.6671875 0.15000000000000008 0.7078125 0.1843750000000001 0.7078125
0 0.18750000000000008 0.7078125 0.14062500000000008 0.7078125 0.14062500000000008 0.765625 0.18750000000000008 0.765625
0 0.15000000000000008 0.678125 0.10000000000000009 0.678125 0.10000000000000009 0.725 0.15000000000000008 0.725
0 0.1453125000000001 0.7140625 0.08750000000000009 0.7140625 0.08750000000000009 0.796875 0.1453125000000001 0.796875
0 0.11093750000000009 0.7765625 0.06406250000000009 0.7765625 0.0640625000000001 0.8328125 0.11093750000000009 0.8328125
0 0.12656250000000008 0.8171875 0.07343750000000011 0.8171875 0.07343750000000011 0.9015625 0.12656250000000008 0.9015625
0 0.0765625000000001 0.7546875 0.02968750000000009 0.7546875 0.029687500000000096 0.8234375 0.07656250000000012 0.8234375
0 0.06562500000000009 0.7234375 0.03906250000000009 0.7234375 0.03906250000000009 0.7453125 0.06562500000000009 0.7453125
0 0.10000000000000009 0.71875 0.06562500000000009 0.71875 0.06562500000000009 0.7765625 0.10000000000000009 0.7765625
0 0.15312500000000007 0.5359375 6.563341439180346e-17 0.5359375 7.77842068520936e-17 0.734375 0.1531250000000001 0.734375
0 0.3140625 0.3015625 0.203125 0.3015625 0.20312500000000006 0.4328125 0.3140625000000001 0.4328125
0 0.275 0.2390625 0.17500000000000004 0.2390625 0.17500000000000004 0.296875 0.275 0.296875
0 0.5046875 0.20312500000000008 0.428125 0.20312500000000008 0.428125 0.27031250000000007 0.5046875 0.27031250000000007
0 0.515625 0.2390625000000001 0.428125 0.2390625000000001 0.428125 0.3546875000000001 0.515625 0.3546875000000001
0 0.515625 0.28593750000000007 0.45 0.28593750000000007 0.45 0.3703125000000001 0.515625 0.3703125000000001
0 0.515625 0.37968750000000007 0.4625 0.37968750000000007 0.4625 0.421875 0.515625 0.421875
0 0.428125 0.26093750000000004 0.3203125 0.2609375 0.3203125 0.30156250000000007 0.428125 0.30156250000000007
0 0.20312500000000006 0.1921875 0.07343750000000002 0.1921875 0.07343750000000004 0.46875 0.20312500000000008 0.46875
0 0.10000000000000005 0.3125 3.827021247335479e-17 0.3125 4.305398903252414e-17 0.390625 0.10000000000000005 0.390625
0 0.07968750000000006 0.4625 5.663991446056509e-17 0.4625 6.467665907996959e-17 0.59375 0.07968750000000006 0.59375
0 0.32500000000000007 0.71875 0.2984375000000001 0.71875 0.2984375000000001 0.7609375 0.32500000000000007 0.7609375
0 0.3437500000000001 0.6921875 0.3203125000000001 0.6921875 0.3203125000000001 0.7296875 0.3437500000000001 0.7296875
0 0.3671875000000001 0.6875 0.34843750000000007 0.6875 0.34843750000000007 0.7140625 0.3671875000000001 0.7140625
0 0.3890625000000001 0.6984375 0.3625000000000001 0.6984375 0.3625000000000001 0.7296875 0.3890625000000001 0.7296875
0 0.4234375 0.6875 0.3968750000000001 0.6875 0.3968750000000001 0.7140625 0.4234375 0.7140625
0 0.4390625 0.6828125 0.4234375 0.6828125 0.4234375 0.7078125 0.4390625 0.7078125
0 0.4625 0.6984375 0.428125 0.6984375 0.428125 0.7234375 0.4625 0.7234375
0 0.4703125 0.6609375 0.44375 0.6609375 0.44375 0.6984375 0.4703125 0.6984375
0 0.4890625 0.671875 0.465625 0.671875 0.465625 0.6921875 0.4890625 0.6921875
0 0.5 0.678125 0.484375 0.678125 0.484375 0.69375 0.5 0.69375
0 0.5375 0.6828125 0.5 0.6828125 0.5 0.7140625 0.5375 0.7140625
0 0.5578125 0.6984375 0.534375 0.6984375 0.534375 0.7296875 0.5578125000000002 0.7296875
0 0.5765625 0.6765625 0.55 0.6765625 0.55 0.7140625 0.5765625 0.7140625
0 0.6000000000000001 0.703125 0.5734375 0.703125 0.5734375 0.7390625 0.6000000000000002 0.7390625
0 0.6109375 0.678125 0.5875 0.678125 0.5875 0.709375 0.6109375 0.709375
0 0.6218750000000001 0.6921875 0.5953125 0.6921875 0.5953125000000001 0.7296875 0.6218750000000002 0.7296875
0 0.6109375 0.6515625 0.5921875 0.6515625 0.5921875 0.6828125 0.6109375 0.6828125
0 0.6328125 0.6625 0.6109375 0.6625 0.6109375 0.69375 0.6328125 0.69375
0 0.29375000000000007 0.7078125 0.2750000000000001 0.7078125 0.2750000000000001 0.7453125 0.29375000000000007 0.7453125
0 0.3203125000000001 0.6921875 0.29375000000000007 0.6921875 0.29375000000000007 0.71875 0.3203125000000001 0.71875
0 0.2671875000000001 0.703125 0.2562500000000001 0.703125 0.2562500000000001 0.734375 0.2671875000000001 0.734375
0 0.28593750000000007 0.6828125 0.2640625000000001 0.6828125 0.2640625000000001 0.71875 0.28593750000000007 0.71875
0 0.3046875000000001 0.646875 0.2828125000000001 0.646875 0.2828125000000001 0.678125 0.3046875000000001 0.678125
0 0.3281250000000001 0.646875 0.3046875000000001 0.646875 0.3046875000000001 0.678125 0.3281250000000001 0.678125
0 0.3437500000000001 0.640625 0.3281250000000001 0.640625 0.3281250000000001 0.6671875 0.3437500000000001 0.6671875
0 0.3750000000000001 0.65625 0.34843750000000007 0.65625 0.34843750000000007 0.6984375 0.3750000000000001 0.6984375
0 0.4421875 0.625 0.4125 0.625 0.4125 0.6671875 0.4421875 0.6671875
0 0.4609375 0.546875 0.4390625 0.546875 0.4390625 0.578125 0.4609375 0.578125
0 0.465625 0.584375 0.4421875 0.584375 0.4421875 0.615625 0.465625 0.615625
0 0.5265625 0.5421875 0.5046875 0.5421875 0.5046875 0.5734375 0.5265625 0.5734375
0 0.3781250000000001 0.5359375 0.3515625000000001 0.5359375 0.3515625000000001 0.5734375 0.3781250000000001 0.5734375
0 0.3390625000000001 0.515625 0.30937500000000007 0.515625 0.30937500000000007 0.5578125 0.3390625000000001 0.5578125
0 0.13437500000000008 0.5109375 0.09218750000000006 0.5109375 0.09218750000000006 0.546875 0.13437500000000008 0.546875
0 0.17187500000000006 0.515625 0.11875000000000005 0.515625 0.11875000000000006 0.578125 0.17187500000000008 0.578125
0 0.2218750000000001 0.4640625 0.10625000000000004 0.4640625 0.10625000000000004 0.5421875 0.2218750000000001 0.5421875
0 0.3515625000000001 0.4171875 0.2093750000000001 0.4171875 0.2093750000000001 0.5046875 0.3515625000000001 0.5046875
0 0.4203125 0.4015625 0.2984375000000001 0.4015625 0.2984375000000001 0.46875 0.4203125 0.46875
0 0.46875 0.4375 0.30156250000000007 0.4375 0.30156250000000007 0.5109375 0.46875 0.5109375
0 0.5 0.4375 0.4234375 0.4375 0.4234375 0.6984375 0.5 0.6984375
0 0.6875 0.5109375 0.4546875 0.5109375 0.4546875 0.703125 0.6875 0.703125
0 0.571875 0.4578125 0.5 0.4578125 0.5 0.5109375 0.571875 0.5109375
0 0.465625 0.46875 0.3468750000000001 0.46875 0.3468750000000001 0.703125 0.465625 0.703125
0 0.3812500000000001 0.484375 0.2250000000000001 0.484375 0.2250000000000001 0.6984375 0.3812500000000001 0.6984375
0 0.3734375000000001 0.5203125 0.15312500000000004 0.5203125 0.15312500000000007 0.6671875 0.3734375000000001 0.6671875