0 0.6078125 0.1750000000000001 0.578125 0.1750000000000001 0.578125 0.21875000000000008 0.6078125 0.21875000000000008
0 0.596875 0.1593750000000001 0.5671875 0.1593750000000001 0.5671875 0.20312500000000008 0.596875 0.20312500000000008
0 0.5671875 0.09375000000000007 0.5375 0.09375000000000007 0.5375 0.13750000000000007 0.5671875 0.1375000000000001
0 0.5203125 0.11562500000000005 0.49375 0.11562500000000005 0.49375 0.15937500000000004 0.5203125 0.15937500000000004
0 0.5453125 0.2296875000000001 0.5171875 0.2296875000000001 0.5171875 0.27812500000000007 0.5453125 0.27812500000000007
0 0.334375 0.18593750000000003 0.30625 0.18593750000000003 0.30625 0.2296875 0.334375 0.2296875
0 0.309375 0.12500000000000006 0.2796875 0.12500000000000006 0.2796875 0.17500000000000004 0.309375 0.17500000000000004
0 0.2796875 0.18593750000000003 0.2546875 0.18593750000000003 0.2546875 0.2296875 0.2796875 0.2296875
0 0.315625 0.25625 0.2875 0.25625 0.2875 0.30625 0.315625 0.30625
0 0.2546875 0.12656250000000005 0.2296875 0.12656250000000005 0.2296875 0.17031250000000003 0.2546875 0.17031250000000003
0 0.2765625000000001 0.475 0.2390625000000001 0.475 0.2390625000000001 0.5625 0.2765625000000001 0.5625
0 0.4625 0.4859375 0.4296875 0.4859375 0.4296875 0.540625 0.4625 0.540625
0 0.996875 0.6890625000000001 0.9484375 0.6890625000000001 0.9484375 0.7765625000000002 0.996875 0.7765625000000002
0 0.86875 0.6781250000000002 0.8359375 0.6781250000000002 0.8359375 0.7437500000000001 0.86875 0.7437500000000001
0 0.928125 0.6890625000000001 0.8734375 0.6890625000000001 0.8734375 0.7484375000000002 0.928125 0.7484375000000002
0 0.996875 0.6062500000000002 0.8078125 0.6062500000000002 0.8078125 0.7000000000000002 0.996875 0.7000000000000002
0 0.8109375 0.5953125000000001 0.690625 0.5953125 0.690625 0.7000000000000001 0.8109375 0.7000000000000002
0 0.6875 0.51875 0.5375 0.51875 0.5375 0.65 0.6875 0.65
0 0.996875 0.940625 0.959375 0.940625 0.959375 0.9953125 0.996875 0.9953125
0 0.996875 0.875 0.978125 0.875 0.978125 0.934375 0.996875 0.934375
0 0.996875 0.8359375 0.9484375 0.8359375 0.9484375 0.9078125 0.996875 0.9078125
0 0.98125 0.890625 0.9421875 0.890625 0.9421875 0.934375 0.98125 0.934375
0 0.9640625 0.9296875 0.934375 0.9296875 0.934375 0.9671875 0.9640625 0.9671875