0 0.996875 0.6984375000000002 0.925 0.6984375000000002 0.925 0.9265625 0.996875 0.9265625
0 0.95625 0.9 0.9109375 0.9 0.9109375 0.9265625 0.95625 0.9265625
0 0.9515625 0.83125 0.871875 0.83125 0.871875 0.9265625 0.9515625 0.9265625
0 0.94375 0.6781250000000001 0.7234375 0.678125 0.7234375000000001 0.9265625 0.94375 0.9265625
0 0.8203125 0.825 0.6859375000000002 0.825 0.6859375000000002 0.93125 0.8203125 0.93125
0 0.7078125000000002 0.8203125 0.5171875000000001 0.8203125 0.5171875000000001 0.925 0.7078125000000002 0.925
0 0.5703125000000001 0.6984375 0.3531250000000001 0.6984375 0.3531250000000001 0.9265625 0.5703125000000002 0.9265625
0 0.34843750000000007 0.8046875 0.2015625000000001 0.8046875 0.2015625000000001 0.9265625 0.34843750000000007 0.9265625
0 0.20312500000000008 0.8359375 0.0484375000000001 0.8359375 0.048437500000000105 0.9265625 0.20312500000000008 0.9265625
0 0.11562500000000012 0.671875 8.22809568177128e-17 0.671875 9.778039286942148e-17 0.925 0.11562500000000013 0.925
0 0.22812500000000008 0.625 0.07187500000000006 0.625 0.07187500000000009 0.8359375 0.22812500000000008 0.8359375
0 0.4015625000000001 0.525 0.2218750000000001 0.525 0.2218750000000001 0.815625 0.40156250000000016 0.815625
0 0.5953125000000001 0.571875 0.3859375000000001 0.571875 0.3859375000000001 0.809375 0.5953125000000001 0.809375
0 0.56875 0.45 0.4046875 0.45 0.4046875 0.5765625 0.56875 0.5765625
0 0.753125 0.6250000000000001 0.5796875 0.625 0.5796875000000001 0.825 0.7531250000000002 0.825
0 0.865625 0.5875000000000001 0.7375 0.5875000000000001 0.7375 0.7359375000000001 0.865625 0.7359375000000001
0 0.996875 0.5453125000000002 0.8546875 0.5453125000000002 0.8546875 0.7515625000000001 0.996875 0.7515625000000001
0 0.996875 0.49218750000000017 0.940625 0.49218750000000017 0.940625 0.6031250000000001 0.996875 0.6031250000000001
0 0.8796875 0.41875000000000007 0.7234375 0.41875 0.7234375 0.5921875000000001 0.8796875 0.5921875000000002
0 0.7375 0.5078125000000001 0.6859375 0.5078125 0.6859375 0.6031250000000001 0.7375 0.6031250000000001
0 0.7375 0.5078125000000001 0.5734375 0.5078125 0.5734375 0.6453125000000001 0.7375 0.6453125000000002
0 0.6484375 0.4125 0.5625 0.4125 0.5625 0.5765625 0.6484375 0.5765625
0 0.75 0.3281250000000001 0.61875 0.3281250000000001 0.61875 0.5125000000000001 0.75 0.5125000000000002
0 0.7828125 0.17968750000000008 0.678125 0.17968750000000008 0.678125 0.3921875000000001 0.7828125 0.3921875000000001
0 0.996875 0.1640625000000001 0.753125 0.16406250000000008 0.753125 0.5187500000000002 0.996875 0.5187500000000002
0 0.6890625 0.08906250000000007 0.4796875 0.08906250000000007 0.4796875 0.4234375 0.6890625 0.4234375
0 0.5625 0.3390625000000001 0.4265625 0.3390625000000001 0.4265625 0.4875 0.5625 0.4875
0 0.4265625 0.4234375 0.3187500000000001 0.4234375 0.3187500000000001 0.5609375 0.4265625 0.5609375
0 0.32500000000000007 0.4921875 0.24375000000000008 0.4921875 0.24375000000000008 0.58125 0.32500000000000007 0.58125
0 0.3187500000000001 0.3859375 0.23593750000000008 0.3859375 0.23593750000000008 0.5078125 0.3187500000000001 0.5078125
0 0.24687500000000004 0.3390625 0.16562500000000005 0.3390625 0.16562500000000005 0.44375 0.2468750000000001 0.44375
0 0.2734375000000001 0.45 0.15000000000000005 0.45 0.15000000000000008 0.6078125 0.2734375000000001 0.6078125
0 0.15000000000000008 0.55 6.735557395310443e-17 0.55 7.548799410369232e-17 0.6828125 0.15000000000000008 0.6828125
0 0.13906250000000006 0.328125 4.0183723097022526e-17 0.328125 5.539613255518106e-17 0.5765625 0.1390625000000001 0.5765625
0 0.20937500000000003 0.2546875 0.12031250000000004 0.2546875 0.12031250000000004 0.365625 0.2093750000000001 0.365625
0 0.446875 0.048437500000000036 0.184375 0.04843750000000002 0.184375 0.4390625 0.446875 0.4390625
0 0.4875 0.2750000000000001 0.4421875 0.2750000000000001 0.4421875 0.3390625000000001 0.4875 0.3390625000000001
0 0.4875 0.02656250000000005 0.39375 0.026562500000000044 0.39375 0.2531250000000001 0.4875 0.2531250000000001
0 0.5125 0.09531250000000006 0.4609375 0.09531250000000006 0.4609375 0.22812500000000008 0.5125 0.22812500000000008
0 0.546875 5.826639849068266e-17 0.4046875 4.955992515299445e-17 0.4046875 0.16875000000000007 0.546875 0.1687500000000001
0 0.5625 0.010937500000000067 0.5203125 0.010937500000000063 0.5203125 0.09062500000000007 0.5625 0.09062500000000007
0 0.684375 7.539231857250894e-17 0.546875 6.697287182837088e-17 0.546875 0.11562500000000009 0.684375 0.11562500000000009
0 0.6328125 0.021875000000000075 0.584375 0.02187500000000007 0.584375 0.08437500000000006 0.6328125 0.08437500000000006
0 0.659375 0.046875000000000076 0.621875 0.046875000000000076 0.621875 0.09531250000000008 0.659375 0.09531250000000009
0 0.7109375 0.09531250000000009 0.659375 0.09531250000000009 0.659375 0.16406250000000008 0.7109375 0.16406250000000008
0 0.7609375 0.08437500000000009 0.7046875 0.08437500000000009 0.7046875 0.19531250000000008 0.7609375 0.19531250000000008
0 0.94375 1.0840037683077742e-16 0.8265625 1.0122471199202341e-16 0.8265625 0.11562500000000012 0.94375 0.11562500000000013
0 0.9734375 0.03125000000000012 0.94375 0.03125000000000011 0.94375 0.0953125000000001 0.9734375 0.0953125000000001
0 0.996875 1.1768090335556595e-16 0.925 1.1327982892113018e-16 0.925 0.10625000000000014 0.996875 0.10625000000000014
0 0.9953125 0.10000000000000013 0.9328125 0.10000000000000013 0.9328125 0.2015625000000001 0.9953125 0.2015625000000001
0 0.9328125 0.12187500000000011 0.828125 0.1218750000000001 0.828125 0.1750000000000001 0.9328125 0.17500000000000013
0 0.8359375 0.0734375000000001 0.7984375 0.07343750000000009 0.7984375 0.14843750000000008 0.8359375 0.14843750000000008
0 0.83125 0.11718750000000008 0.75 0.11718750000000008 0.75 0.2062500000000001 0.83125 0.2062500000000001
0 0.828125 0.04843750000000009 0.7609375 0.04843750000000009 0.7609375 0.13281250000000008 0.828125 0.13281250000000008
0 0.775 8.878689293818311e-17 0.675 8.266365894244634e-17 0.675 0.08437500000000009 0.775 0.08437500000000009
0 0.8234375 9.711066415113777e-17 0.7625 9.337931843498569e-17 0.7625 0.0734375000000001 0.8234375 0.07343750000000011
0 0.678125 7.500961644777538e-17 0.546875 6.697287182837088e-17 0.546875 0.09062500000000008 0.678125 0.0906250000000001
0 0.396875 3.645237738087043e-17 0.1984375 2.430158492058029e-17 0.1984375 0.13281250000000006 0.396875 0.13281250000000006
0 0.1921875 0.17031250000000003 0.1171875 0.1703125 0.11718750000000003 0.2546875 0.19218750000000004 0.2546875
0 0.12656250000000002 0.035937500000000004 4.401074434435801e-18 0.0359375 2.6789148731348354e-17 0.4015625 0.12656250000000005 0.4015625
0 0.1921875 0.12656250000000002 0.09843750000000002 0.1265625 0.09843750000000002 0.17968750000000003 0.1921875 0.17968750000000006
0 0.171875 1.578646264525885e-17 0.0859375 1.0524308430172567e-17 0.0859375 0.084375 0.171875 0.08437500000000002
0 0.2171875 2.3344829608746423e-17 0.1640625 2.0091861548511263e-17 0.1640625 0.015625000000000024 0.2171875 0.015625000000000028
0 0.1015625 6.218909526920153e-18 0 0 5.549180808636445e-18 0.09062500000000001 0.1015625 0.09062500000000002
0 0.2734375 1.83697019872103e-17 0.0265625 3.2529680602351567e-18 0.02656250000000001 0.153125 0.2734375 0.15312500000000004
0 0.996875 6.104098889500089e-17 0 0 5.702261658529863e-17 0.93125 0.996875 0.93125