0 0.25781250000000006 0.11562500000000002 0.07343750000000002 0.115625 0.07343750000000004 0.4765625 0.2578125000000001 0.4765625
0 0.34218750000000003 0.3609375 0.225 0.3609375 0.22500000000000003 0.5515625 0.3421875000000001 0.5515625
0 0.2828125 0.284375 0.221875 0.284375 0.22187500000000004 0.3828125 0.2828125000000001 0.3828125
0 0.24375 0.16875000000000004 0.1859375 0.16875000000000004 0.18593750000000003 0.284375 0.24375 0.284375
0 0.184375 1.4829707333424978e-17 0.0578125 7.079989307570636e-18 0.05781250000000001 0.12500000000000003 0.184375 0.12500000000000006
0 0.10937500000000003 0.08750000000000001 1.071565949253934e-17 0.0875 2.5066989170047385e-17 0.321875 0.10937500000000004 0.321875
0 0.032812500000000015 0.0546875 6.6972871828370884e-18 0.0546875 1.5021058395791755e-17 0.190625 0.03281250000000002 0.190625
0 0.06093750000000001 3.7313457161520924e-18 0 0 6.31458505810354e-18 0.103125 0.06093750000000002 0.103125
0 0.04375000000000005 0.3234375 3.9609669909922206e-17 0.3234375 4.6976685811043e-17 0.44375 0.04375000000000005 0.44375
0 0.11250000000000007 0.328125 4.0183723097022526e-17 0.328125 5.520478149281428e-17 0.5734375 0.11250000000000009 0.5734375
0 0.05468750000000007 0.546875 6.697287182837088e-17 0.546875 7.166097285635683e-17 0.6234375 0.05468750000000007 0.6234375
0 0.06562500000000007 0.628125 7.692312707144312e-17 0.628125 8.735175997043229e-17 0.7984375 0.06562500000000009 0.7984375
0 0.21875000000000008 0.5296875 0.057812500000000065 0.5296875 0.05781250000000008 0.7109375 0.21875000000000008 0.7109375
0 0.19218750000000007 0.3984375 0.043750000000000046 0.3984375 0.04375000000000006 0.634375 0.1921875000000001 0.634375
0 0.3531250000000001 0.7046875 0.11562500000000009 0.7046875 0.11562500000000009 0.8578125 0.3531250000000001 0.8578125
0 0.4984375000000001 0.65625 0.3343750000000001 0.65625 0.3343750000000001 0.896875 0.4984375000000002 0.896875
0 0.43281250000000016 0.8359375 0.16406250000000008 0.8359375 0.1640625000000001 0.9953125 0.43281250000000016 0.9953125
0 0.515625 0.4421875 0.3890625000000001 0.4421875 0.3890625000000001 0.6015625 0.515625 0.6015625
0 0.596875 0.2296875000000001 0.3671875 0.2296875000000001 0.36718750000000006 0.4265625 0.596875 0.4265625
0 0.5421875 0.04843750000000006 0.3859375 0.04843750000000004 0.3859375 0.2406250000000001 0.5421875 0.2406250000000001
0 0.4265625 0.043750000000000046 0.259375 0.04375000000000003 0.259375 0.30000000000000004 0.4265625 0.3000000000000001
0 0.803125 7.759285578972683e-17 0.4640625 5.683126552293186e-17 0.4640625 0.21250000000000008 0.803125 0.21250000000000008
0 0.8828125 0.04843750000000009 0.6546875 0.04843750000000008 0.6546875 0.3500000000000001 0.8828125 0.3500000000000001
0 0.8953125 0.1921875000000001 0.6296875 0.1921875000000001 0.6296875 0.4218750000000001 0.8953125 0.42187500000000017
0 0.996875 1.1404523317059726e-16 0.865625 1.0600848855119278e-16 0.865625 0.5296875000000002 0.996875 0.5296875000000002
0 0.996875 0.44843750000000016 0.78125 0.44843750000000016 0.7812500000000001 0.9671875 0.996875 0.9671875
0 0.909375 0.5515625000000001 0.625 0.5515625 0.6250000000000001 0.91875 0.909375 0.91875
0 0.8765625 0.3828125000000001 0.5640625 0.3828125000000001 0.5640625000000001 0.884375 0.8765625 0.884375