0 0.8375 0.6671875 0.7046875 0.6671875 0.7046875000000001 0.8765625 0.8375 0.8765625
0 0.996875 0.41718750000000016 0.7921875 0.41718750000000016 0.7921875 0.825 0.996875 0.825
0 0.9484375 0.25468750000000007 0.8109375 0.25468750000000007 0.8109375 0.4343750000000002 0.9484375 0.4343750000000002
0 0.95 0.3734375000000001 0.8453125 0.3734375000000001 0.8453125 0.5703125000000002 0.95 0.5703125000000002
0 0.8109375 0.19843750000000007 0.465625 0.19843750000000004 0.46562500000000007 0.9046875 0.8109375 0.9046875
0 0.7609375000000002 0.8640625 0.7140625000000002 0.8640625 0.7140625000000002 0.9375 0.7609375000000002 0.9375
0 0.6125000000000002 0.83125 0.4859375000000002 0.83125 0.4859375000000002 0.978125 0.6125000000000002 0.978125
0 0.5078125000000002 0.853125 0.4187500000000002 0.853125 0.4187500000000002 0.9484375 0.5078125000000002 0.9484375
0 0.44062500000000016 0.7625 0.3593750000000001 0.7625 0.3593750000000001 0.8921875 0.44062500000000016 0.8921875
0 0.44375 0.609375 0.37968750000000007 0.609375 0.37968750000000007 0.7234375 0.44375 0.7234375
0 0.4687500000000001 0.565625 0.3453125000000001 0.565625 0.3453125000000001 0.790625 0.46875000000000017 0.790625
0 0.5921875 0.2765625000000001 0.4265625 0.2765625000000001 0.4265625 0.5765625 0.5921875 0.5765625
0 0.8203125 0.1687500000000001 0.746875 0.1687500000000001 0.746875 0.2656250000000001 0.8203125 0.2656250000000001
0 0.6265625 0.04531250000000007 0.4796875 0.045312500000000054 0.4796875 0.3109375000000001 0.6265625 0.3109375000000001
0 0.609375 6.792962714020475e-17 0.5 6.123233995736766e-17 0.5 0.06718750000000007 0.609375 0.06718750000000007
0 0.5 0.06718750000000005 0.41875 0.06718750000000004 0.41875 0.10156250000000004 0.5 0.10156250000000004
0 0.4890625 0.08437500000000006 0.3484375 0.08437500000000005 0.3484375 0.321875 0.4890625 0.3218750000000001
0 0.44375 0.31093750000000003 0.2703125 0.3109375 0.27031250000000007 0.5765625 0.44375 0.5765625
0 0.3453125000000001 0.5546875 0.2500000000000001 0.5546875 0.2500000000000001 0.6734375 0.3453125000000001 0.6734375
0 0.35625000000000007 0.6609375 0.2156250000000001 0.6609375 0.2156250000000001 0.846875 0.35625000000000007 0.846875
0 0.2156250000000001 0.7125 0.1765625000000001 0.7125 0.1765625000000001 0.8078125 0.2156250000000001 0.8078125
0 0.30625 0.13593750000000002 0.1015625 0.1359375 0.10156250000000004 0.7 0.3062500000000001 0.7
0 0.353125 0.15312500000000004 0.2828125 0.15312500000000004 0.2828125 0.3 0.353125 0.3
0 0.13437500000000005 0.4125 0.06406250000000005 0.4125 0.06406250000000005 0.503125 0.13437500000000005 0.503125
0 0.11250000000000007 0.48125 0.07812500000000007 0.48125 0.07812500000000007 0.565625 0.11250000000000009 0.565625
0 0.18750000000000006 0.209375 0.08437500000000002 0.209375 0.08437500000000003 0.3953125 0.18750000000000006 0.3953125
0 0.2109375 0.14687500000000003 0.10625 0.146875 0.10625000000000002 0.3109375 0.2109375 0.3109375
0 0.2390625 0.09062500000000002 0.134375 0.09062500000000002 0.13437500000000002 0.265625 0.2390625 0.265625
0 0.275 0.06875000000000003 0.196875 0.06875000000000002 0.19687500000000002 0.2265625 0.275 0.2265625
0 0.303125 0.056250000000000036 0.25 0.05625000000000002 0.25 0.19843750000000004 0.303125 0.19843750000000004