0 0.996875 0.6937500000000002 0.775 0.6937500000000002 0.7750000000000001 0.9953125 0.996875 0.9953125
0 0.996875 0.4078125000000001 0.703125 0.4078125 0.7031250000000001 0.7359375000000001 0.996875 0.7359375000000001
0 0.815625 0.5875000000000001 0.6953125 0.5875 0.6953125000000001 0.7453125 0.815625 0.7453125000000002
0 0.7890625000000001 0.6093750000000001 0.5375 0.609375 0.5375000000000001 0.9953125 0.7890625000000002 0.9953125
0 0.79375 0.2484375000000001 0.5078125 0.2484375000000001 0.5078125 0.6515625 0.79375 0.6515625000000002
0 0.996875 0.2062500000000001 0.9140625 0.2062500000000001 0.9140625 0.4234375000000002 0.996875 0.4234375000000002
0 0.9953125 1.0744362151894358e-16 0.759375 9.299661631025214e-17 0.759375 0.2796875000000001 0.9953125 0.2796875000000001
0 0.978125 0.2328125000000001 0.79375 0.2328125000000001 0.79375 0.4234375000000002 0.978125 0.4234375000000002
0 0.8 7.615772282197602e-17 0.44375 5.43437017121638e-17 0.44375 0.3281250000000001 0.8 0.3281250000000001
0 0.5265625 0.15468750000000003 0.225 0.15468750000000003 0.22500000000000003 0.678125 0.5265625 0.678125
0 0.55 0.4765625 0.2640625000000001 0.4765625 0.2640625000000001 0.7671875 0.5500000000000002 0.7671875
0 0.5343750000000002 0.75625 0.3843750000000001 0.75625 0.3843750000000001 0.8890625 0.5343750000000002 0.8890625
0 0.5593750000000002 0.840625 0.5078125000000002 0.840625 0.5078125000000002 0.9421875 0.5593750000000002 0.9421875
0 0.5453125000000002 0.9 0.3234375000000001 0.9 0.3234375000000001 0.9953125 0.5453125000000002 0.9953125
0 0.3906250000000001 0.5765625 7.060854201333958e-17 0.5765625 9.529282905865343e-17 0.9796875 0.3906250000000001 0.9796875
0 0.13906250000000003 0.07343750000000002 8.993499931238374e-18 0.0734375 4.468047306264171e-17 0.65625 0.1390625000000001 0.65625
0 0.32656250000000003 2.4588611514130457e-17 0.075 9.184850993605149e-18 0.07500000000000002 0.4234375 0.3265625000000001 0.4234375
0 0.24375000000000008 0.390625 0.12812500000000004 0.390625 0.12812500000000007 0.5875 0.24375000000000008 0.5875
0 0.05312500000000011 0.8671875 1.0619983961355955e-16 0.8671875 1.1404523317059726e-16 0.9953125 0.05312500000000011 0.9953125
0 0.48125 4.927289855944429e-17 0.3234375 3.9609669909922206e-17 0.3234375 0.12656250000000005 0.48125 0.12656250000000005
0 0.0828125 5.070803152719509e-18 0 0 4.879452090352735e-18 0.0796875 0.0828125 0.0796875
0 0.996875 6.104098889500089e-17 0 0 6.09453133638175e-17 0.9953125 0.996875 0.9953125