0 0.9734375 0.5359375000000001 0.7109375 0.5359375 0.7109375000000001 0.9390625 0.9734375 0.9390625
0 0.9953125 0.6437500000000002 0.81875 0.6437500000000002 0.81875 0.9953125 0.9953125 0.9953125
0 0.996875 0.3609375000000001 0.834375 0.3609375000000001 0.834375 0.6437500000000002 0.996875 0.6437500000000002
0 0.996875 1.1050523851681195e-16 0.8078125 9.892849924362213e-17 0.8078125 0.37187500000000007 0.996875 0.37187500000000007
0 0.9953125 1.1930738738568357e-16 0.953125 1.1672414804373209e-16 0.953125 0.04062500000000012 0.9953125 0.04062500000000012
0 0.915625 9.672796202640423e-17 0.6640625 8.132420150587893e-17 0.6640625 0.2218750000000001 0.915625 0.2218750000000001
0 0.7921875 0.19531250000000008 0.721875 0.19531250000000008 0.721875 0.2890625000000001 0.7921875 0.2890625000000001
0 0.815625 0.0984375000000001 0.71875 0.0984375000000001 0.71875 0.1906250000000001 0.815625 0.1906250000000001
0 0.7421875 0.1296875000000001 0.66875 0.1296875000000001 0.66875 0.22656250000000008 0.7421875 0.22656250000000008
0 0.7296875 0.2062500000000001 0.65625 0.2062500000000001 0.65625 0.3187500000000001 0.7296875 0.3187500000000001
0 0.6953125 0.2734375000000001 0.5984375 0.2734375000000001 0.5984375 0.3968750000000001 0.6953125 0.3968750000000001
0 0.7375 0.3156250000000001 0.625 0.3156250000000001 0.625 0.4546875000000001 0.7375 0.4546875000000002
0 0.6609375 0.4328125 0.5875 0.4328125 0.5875 0.571875 0.6609375 0.571875
0 0.6328125 0.3765625000000001 0.575 0.3765625000000001 0.575 0.453125 0.6328125 0.453125
0 0.603125 0.3000000000000001 0.553125 0.3000000000000001 0.553125 0.37187500000000007 0.603125 0.37187500000000007
0 0.559375 0.2578125000000001 0.5140625 0.2578125000000001 0.5140625 0.3046875000000001 0.559375 0.3046875000000001
0 0.609375 0.2171875000000001 0.5484375 0.2171875000000001 0.5484375 0.29375000000000007 0.609375 0.29375000000000007
0 0.65625 0.2218750000000001 0.6140625 0.2218750000000001 0.6140625 0.2671875000000001 0.65625 0.2671875000000001
0 0.5875 0.1546875000000001 0.5453125 0.1546875000000001 0.5453125 0.2218750000000001 0.5875 0.2218750000000001
0 0.671875 0.08750000000000008 0.5828125 0.08750000000000006 0.5828125 0.2734375000000001 0.671875 0.2734375000000001
0 0.5984375 0.035937500000000074 0.5171875 0.03593750000000007 0.5171875 0.15468750000000006 0.5984375 0.1546875000000001
0 0.5296875 0.02500000000000006 0.4984375 0.025000000000000057 0.4984375 0.08281250000000007 0.5296875 0.08281250000000007
0 0.7609375 7.807123344564377e-17 0.5140625 6.295449951866863e-17 0.5140625 0.11875000000000006 0.7609375 0.11875000000000009
0 0.5515625 0.07187500000000005 0.3015625 0.07187500000000005 0.30156250000000007 0.37187500000000007 0.5515625 0.37187500000000007
0 0.6109375 0.29375000000000007 0.35625 0.29375 0.35625000000000007 0.675 0.6109375 0.675
0 0.9234375 0.06718750000000008 0.428125 0.06718750000000004 0.4281250000000001 0.7984375000000001 0.9234375 0.7984375000000001
0 0.7078125000000001 0.7109375 0.61875 0.7109375 0.6187500000000001 0.825 0.7078125000000002 0.825
0 0.7265625000000002 0.76875 0.6406250000000002 0.76875 0.6406250000000002 0.896875 0.7265625000000002 0.896875
0 0.8234375 0.85 0.6109375000000001 0.85 0.6109375000000001 0.9953125 0.8234375 0.9953125
0 0.4 3.2721031664718344e-17 0.134375 1.6456191363542558e-17 0.134375 0.12812500000000002 0.4 0.12812500000000004
0 0.4140625 4.075777628412285e-17 0.2515625 3.080752104105061e-17 0.2515625 0.26875000000000004 0.4140625 0.2687500000000001
0 0.4671875 4.659398368630945e-17 0.29375 3.59739997249535e-17 0.29375000000000007 0.44375 0.4671875 0.44375
0 0.5140625 4.7837765591693485e-17 0.2671875 3.2721031664718344e-17 0.2671875 0.6546875 0.5140625 0.6546875
0 0.5015625000000001 0.6234375 0.29375000000000007 0.6234375 0.29375000000000007 0.840625 0.5015625000000001 0.840625
0 0.4671875000000002 0.840625 0.3984375000000001 0.840625 0.3984375000000001 0.94375 0.4671875000000002 0.94375
0 0.48750000000000016 0.9171875 0.44531250000000017 0.9171875 0.44531250000000017 0.96875 0.48750000000000016 0.96875
0 0.4984375000000002 0.9796875 0.4750000000000002 0.9796875 0.4750000000000002 0.9953125 0.4984375000000002 0.9953125
0 0.5250000000000001 0.928125 0.4859375000000002 0.928125 0.4859375000000002 0.96875 0.5250000000000001 0.96875
0 0.5406250000000001 0.9640625 0.5015625000000001 0.9640625 0.5015625000000001 0.9890625 0.5406250000000001 0.9890625
0 0.5875000000000001 0.9234375 0.5296875000000002 0.9234375 0.5296875000000002 0.9953125 0.5875000000000001 0.9953125
0 0.6328125000000002 0.9484375 0.5796875000000001 0.9484375 0.5796875000000001 0.9953125 0.6328125000000002 0.9953125
0 0.6093750000000002 0.8859375 0.5718750000000001 0.8859375 0.5718750000000001 0.9640625 0.6093750000000002 0.9640625
0 0.6250000000000002 0.840625 0.5828125000000002 0.840625 0.5828125000000002 0.896875 0.6250000000000002 0.896875
0 0.6328125000000002 0.76875 0.5906250000000002 0.76875 0.5906250000000002 0.8453125 0.6328125000000002 0.8453125
0 0.7031250000000002 0.7265625 0.6171875000000002 0.7265625 0.6171875000000002 0.825 0.7031250000000002 0.825
0 0.5984375000000002 0.7890625 0.5359375000000002 0.7890625 0.5359375000000002 0.85 0.5984375000000002 0.85
0 0.5796875000000001 0.840625 0.5218750000000002 0.840625 0.5218750000000002 0.9234375 0.5796875000000001 0.9234375
0 0.5515625000000002 0.8046875 0.4906250000000002 0.8046875 0.4906250000000002 0.865625 0.5515625000000002 0.865625
0 0.4906250000000002 0.8 0.4437500000000002 0.8 0.4437500000000002 0.8515625 0.4906250000000002 0.8515625
0 0.45625000000000016 0.7890625 0.4281250000000002 0.7890625 0.4281250000000002 0.840625 0.45625000000000016 0.840625
0 0.3937500000000001 0.8515625 0.3437500000000001 0.8515625 0.3437500000000001 0.9234375 0.3937500000000001 0.9234375
0 0.3984375000000001 0.8359375 0.3671875000000001 0.8359375 0.3671875000000001 0.85625 0.3984375000000001 0.85625
0 0.3859375000000001 0.9125 0.3437500000000001 0.9125 0.3437500000000001 0.959375 0.3859375000000001 0.959375
0 0.41718750000000016 0.9234375 0.3703125000000001 0.9234375 0.3703125000000001 0.9953125 0.41718750000000016 0.9953125
0 0.4625000000000002 0.9484375 0.40937500000000016 0.9484375 0.40937500000000016 0.9953125 0.4625000000000002 0.9953125
0 0.3390625000000001 0.659375 0.29375000000000007 0.659375 0.29375000000000007 0.7015625 0.3390625000000001 0.7015625
0 0.37812500000000004 0.32031250000000006 0.18125000000000005 0.3203125 0.18125000000000008 0.6546875 0.3781250000000001 0.6546875
0 0.559375 0.07812500000000004 0.2546875 0.07812500000000003 0.25468750000000007 0.36562500000000003 0.559375 0.3656250000000001
0 0.22500000000000003 1.454268073987482e-17 0.0125 1.5308084989341916e-18 0.012500000000000022 0.365625 0.2250000000000001 0.365625
0 0.35625 0.09375000000000004 0.2984375 0.09375000000000004 0.2984375 0.16093750000000004 0.35625 0.16093750000000004
0 0.05000000000000003 3.0616169978683847e-18 0 0 3.348643591418544e-17 0.546875 0.050000000000000065 0.546875
0 0.29375000000000007 0.1296875 1.5882138176442238e-17 0.1296875 6.888638245203862e-17 0.9953125 0.29375000000000007 0.9953125
0 0.2093750000000001 0.5265625 0.12343750000000005 0.5265625 0.12343750000000006 0.7421875 0.2093750000000001 0.7421875
0 0.23593750000000008 0.628125 0.2078125000000001 0.628125 0.2078125000000001 0.6859375 0.23593750000000008 0.6859375
0 0.26250000000000007 0.6546875 0.2156250000000001 0.6546875 0.2156250000000001 0.721875 0.26250000000000007 0.721875
0 0.2593750000000001 0.68125 0.1859375000000001 0.68125 0.1859375000000001 0.753125 0.2593750000000001 0.753125
0 0.2468750000000001 0.7265625 0.19687500000000008 0.7265625 0.19687500000000008 0.7984375 0.2468750000000001 0.7984375
0 0.2000000000000001 0.721875 0.1546875000000001 0.721875 0.1546875000000001 0.7828125 0.2000000000000001 0.7828125
0 0.1437500000000001 0.7375 0.11250000000000009 0.7375 0.11250000000000009 0.7734375 0.1437500000000001 0.7734375
0 0.2000000000000001 0.7890625 0.1546875000000001 0.7890625 0.1546875000000001 0.85625 0.2000000000000001 0.85625
0 0.25468750000000007 0.79375 0.2015625000000001 0.79375 0.2015625000000001 0.8921875 0.25468750000000007 0.8921875
0 0.21250000000000008 0.85625 0.1546875000000001 0.85625 0.15468750000000012 0.9234375 0.21250000000000008 0.9234375
0 0.20468750000000008 0.9171875 0.14687500000000014 0.9171875 0.14687500000000014 0.9953125 0.20468750000000008 0.9953125
0 0.22812500000000008 0.94375 0.18906250000000013 0.94375 0.18906250000000013 0.9953125 0.22812500000000008 0.9953125
0 0.24375000000000008 0.928125 0.2093750000000001 0.928125 0.2093750000000001 0.9953125 0.24375000000000008 0.9953125
0 0.2390625000000001 0.88125 0.11250000000000009 0.88125 0.11250000000000011 0.9953125 0.2390625000000001 0.9953125
0 0.16250000000000012 0.784375 0.06875000000000009 0.784375 0.0687500000000001 0.9390625 0.16250000000000014 0.9390625
0 0.996875 6.104098889500089e-17 0 0 6.09453133638175e-17 0.9953125 0.996875 0.9953125