0 0.5890625 0.11250000000000007 0.2890625 0.11250000000000004 0.28906250000000006 0.5921875 0.5890625 0.5921875
0 0.7578125 0.053125000000000075 0.515625 0.05312500000000007 0.515625 0.4609375000000001 0.7578125 0.46093750000000017
0 0.996875 0.0828125000000001 0.7609375 0.0828125000000001 0.7609375 0.5203125000000002 0.996875 0.5203125000000002
0 0.996875 0.4968750000000002 0.7671875 0.4968750000000002 0.7671875000000001 0.8109375 0.996875 0.8109375
0 0.996875 0.7453125000000002 0.7750000000000001 0.7453125000000002 0.7750000000000001 0.99375 0.996875 0.99375
0 0.7109375000000001 0.55625 0.4015625 0.55625 0.4015625000000001 0.99375 0.7109375000000002 0.99375
0 0.7906250000000001 0.4671875000000001 0.5625 0.4671875 0.5625000000000001 0.8875 0.7906250000000001 0.8875
0 0.4718750000000001 0.54375 0.2156250000000001 0.54375 0.2156250000000001 0.9765625 0.47187500000000016 0.9765625
0 0.4078125000000002 0.8171875 0.0875000000000001 0.8171875 0.0875000000000001 0.99375 0.4078125000000002 0.99375
0 0.2093750000000001 0.5203125 6.371990376813572e-17 0.5203125 9.270958971670199e-17 0.99375 0.2093750000000001 0.99375
0 0.31718750000000007 0.23125 0.08750000000000002 0.23125 0.08750000000000005 0.609375 0.31718750000000007 0.609375
0 0.11718750000000004 0.265625 3.2529680602351567e-17 0.265625 4.91772230282609e-17 0.5375 0.11718750000000004 0.5375
0 0.2703125 1.7221595613009652e-17 0.0109375 1.3394574365674175e-18 0.010937500000000015 0.2484375 0.2703125 0.2484375
0 0.5453125 4.898587196589413e-17 0.2546875 3.119022316578415e-17 0.2546875 0.15312500000000007 0.5453125 0.1531250000000001
0 0.8890625 9.730201521350454e-17 0.7 8.572527594031472e-17 0.7 0.14843750000000008 0.8890625 0.14843750000000008
0 0.996875 1.1624577038781518e-16 0.9015625 1.1040956298562856e-16 0.9015625 0.1421875000000001 0.996875 0.14218750000000013