0 0.13281250000000006 0.28125 0.04218750000000003 0.28125 0.04218750000000005 0.5609375 0.13281250000000008 0.5609375
0 0.31250000000000006 0.14062500000000003 0.128125 0.140625 0.12812500000000002 0.4734375 0.3125000000000001 0.4734375
0 0.04062500000000006 0.3421875 4.190588265832349e-17 0.3421875 5.262154215086284e-17 0.5171875 0.040625000000000064 0.5171875
0 0.02968750000000008 0.490625 6.008423358316702e-17 0.490625 7.998474406931151e-17 0.815625 0.0296875000000001 0.815625
0 0.1437500000000001 0.640625 0.07968750000000009 0.640625 0.0796875000000001 0.903125 0.1437500000000001 0.903125
0 0.1234375 1.1863765866739984e-17 0.0703125 8.610797806504827e-18 0.07031250000000001 0.09687500000000002 0.1234375 0.09687500000000002
0 0.12656250000000002 0.07031250000000001 0.0890625 0.0703125 0.08906250000000002 0.2984375 0.12656250000000005 0.2984375
0 0.09375000000000001 0.08750000000000001 0.0703125 0.0875 0.07031250000000001 0.2453125 0.09375000000000003 0.2453125
0 0.2046875 0.07031250000000001 0.071875 0.0703125 0.07187500000000002 0.30625 0.2046875 0.30625
0 0.36875 0.009375000000000033 0.165625 0.009375000000000019 0.16562500000000002 0.19375000000000003 0.36875 0.19375000000000003
0 0.3109375 2.6789148731348354e-17 0.1265625 1.549943605170869e-17 0.1265625 0.14843750000000003 0.3109375 0.14843750000000006
0 0.35781250000000003 0.28125 0.18281250000000004 0.28125 0.18281250000000007 0.7109375 0.3578125000000001 0.7109375
0 0.3609375000000001 0.746875 0.13437500000000008 0.746875 0.1343750000000001 0.9921875 0.3609375000000001 0.9921875
0 0.13906250000000014 0.9125 0.09843750000000011 0.9125 0.09843750000000011 0.990625 0.13906250000000014 0.990625
0 0.10625000000000011 0.8421875 0.05468750000000011 0.8421875 0.05468750000000011 0.990625 0.10625000000000014 0.990625
0 0.4390625000000002 0.728125 0.35625000000000007 0.728125 0.35625000000000007 0.990625 0.4390625000000002 0.990625
0 0.3828125000000001 0.921875 0.3531250000000001 0.921875 0.3531250000000001 0.9921875 0.3828125000000001 0.9921875
0 0.5078125000000001 0.7203125 0.4328125 0.7203125 0.4328125000000001 0.9921875 0.5078125000000002 0.9921875
0 0.4796875000000001 0.08750000000000005 0.3046875 0.08750000000000005 0.30468750000000006 0.815625 0.47968750000000016 0.815625
0 0.575 0.11406250000000007 0.4296875 0.11406250000000004 0.4296875 0.534375 0.575 0.534375
0 0.734375 7.309610582410764e-17 0.459375 5.625721233583154e-17 0.459375 0.14062500000000006 0.734375 0.14062500000000008
0 0.69375 0.14062500000000008 0.6140625 0.14062500000000008 0.6140625 0.5703125 0.69375 0.5703125
0 0.64375 0.14062500000000008 0.5734375 0.14062500000000008 0.5734375 0.3062500000000001 0.64375 0.3062500000000001
0 0.921875 1.0773064811249373e-16 0.8375 1.0256416942859082e-16 0.8375 0.1484375000000001 0.921875 0.14843750000000014
0 0.9984375 0.017187500000000116 0.9109375 0.017187500000000112 0.9109375 0.22812500000000008 0.9984375 0.22812500000000008
0 0.9984375 0.25468750000000007 0.965625 0.25468750000000007 0.965625 0.815625 0.9984375 0.815625
0 0.996875 0.7375000000000002 0.9296875 0.7375000000000002 0.9296875 0.9921875 0.996875 0.9921875
0 0.6953125000000001 0.640625 0.6296875 0.640625 0.6296875000000001 0.946875 0.6953125000000002 0.946875
0 0.7234375000000002 0.878125 0.6531250000000002 0.878125 0.6531250000000002 0.9921875 0.7234375000000002 0.9921875
0 0.6578125000000001 0.5 0.5734375 0.5 0.5734375 0.9734375 0.6578125000000001 0.9734375
0 0.6500000000000001 0.5359375 0.48125 0.5359375 0.48125000000000007 0.7453125 0.6500000000000001 0.7453125
0 0.659375 0.684375 0.4765625 0.684375 0.4765625000000001 0.990625 0.6593750000000002 0.990625