0 0.996875 0.9125 0.8359375 0.9125 0.8359375 0.9953125 0.996875 0.9953125
0 0.996875 0.7328125000000002 0.9453125 0.7328125000000002 0.9453125 0.9953125 0.996875 0.9953125
0 0.95625 0.7812500000000001 0.7234375000000002 0.78125 0.7234375000000002 0.9625 0.95625 0.9625
0 0.975 0.875 0.7671875000000001 0.875 0.7671875000000001 0.9953125 0.975 0.9953125
0 0.846875 0.6500000000000001 0.5640625 0.65 0.5640625000000001 0.8859375 0.846875 0.8859375
0 0.996875 0.3546875000000001 0.684375 0.3546875000000001 0.6843750000000001 0.7984375000000001 0.996875 0.7984375000000001
0 0.9453125 0.1640625000000001 0.7703125 0.16406250000000008 0.7703125 0.40937500000000016 0.9453125 0.40937500000000016
0 0.996875 0.3281250000000001 0.909375 0.3281250000000001 0.909375 0.49218750000000017 0.996875 0.49218750000000017
0 0.996875 0.17031250000000012 0.9015625 0.1703125000000001 0.9015625 0.3453125000000001 0.996875 0.3453125000000001
0 0.9953125 1.1615009485663178e-16 0.9015625 1.1040956298562856e-16 0.9015625 0.1796875000000001 0.9953125 0.17968750000000014
0 0.8546875 0.0937500000000001 0.69375 0.09375000000000008 0.69375 0.2906250000000001 0.8546875 0.2906250000000001
0 0.909375 0.0875000000000001 0.7703125 0.08750000000000009 0.7703125 0.1796875000000001 0.909375 0.17968750000000014
0 0.95625 9.931120136835567e-17 0.665625 8.15155525682457e-17 0.665625 0.0875000000000001 0.95625 0.0875000000000001
0 0.70625 8.180257916179587e-17 0.6296875 7.711447813380989e-17 0.6296875 0.10937500000000008 0.70625 0.10937500000000008
0 0.753125 0.09375000000000008 0.509375 0.09375000000000007 0.509375 0.3890625000000001 0.753125 0.3890625000000001
0 0.8 0.26250000000000007 0.5375 0.26250000000000007 0.5375 0.5515625000000001 0.8 0.5515625000000002
0 0.58125 0.634375 0.3531250000000001 0.634375 0.3531250000000001 0.9953125 0.5812500000000002 0.9953125
0 0.5812500000000002 0.8640625 0.5234375000000002 0.8640625 0.5234375000000002 0.9953125 0.5812500000000002 0.9953125
0 0.6625000000000002 0.8859375 0.5562500000000001 0.8859375 0.5562500000000001 0.9953125 0.6625000000000002 0.9953125
0 0.7500000000000002 0.8859375 0.6484375000000002 0.8859375 0.6484375000000002 0.9953125 0.7500000000000002 0.9953125
0 0.4000000000000001 0.6671875 0.19687500000000008 0.6671875 0.1968750000000001 0.9953125 0.4000000000000002 0.9953125
0 0.2906250000000001 0.9234375 0.10156250000000014 0.9234375 0.10156250000000014 0.9953125 0.2906250000000001 0.9953125
0 0.2156250000000001 0.5796875 0.07031250000000007 0.5796875 0.07031250000000008 0.95625 0.2156250000000001 0.95625
0 0.25468750000000007 0.6015625 0.15625000000000008 0.6015625 0.1562500000000001 0.9296875 0.25468750000000007 0.9296875
0 0.4687500000000001 0.503125 0.24375000000000008 0.503125 0.24375000000000008 0.7921875 0.46875000000000017 0.7921875
0 0.534375 0.3546875000000001 0.403125 0.3546875000000001 0.40312500000000007 0.7484375 0.5343750000000002 0.7484375
0 0.4296875 0.4046875 0.2875000000000001 0.4046875 0.2875000000000001 0.65 0.4296875 0.65
0 0.2984375000000001 0.3828125 0.15312500000000004 0.3828125 0.15312500000000007 0.6125 0.2984375000000001 0.6125
0 0.36718750000000006 0.07656250000000003 0.21875 0.07656250000000002 0.21875000000000006 0.48125 0.3671875000000001 0.48125
0 0.6296875 0.004687500000000061 0.3609375 0.004687500000000044 0.3609375 0.4046875 0.6296875 0.4046875
0 0.4984375 0.0062500000000000515 0.3453125 0.006250000000000042 0.3453125 0.27968750000000003 0.4984375 0.2796875000000001
0 0.45 4.468047306264171e-17 0.2796875 3.425184016365254e-17 0.2796875 0.21250000000000005 0.45 0.21250000000000008
0 0.3234375 2.9085361479749636e-17 0.1515625 1.8561053049577072e-17 0.1515625 0.11406250000000002 0.3234375 0.11406250000000004
0 0.22968750000000004 2.0283212610878037e-17 0.1015625 1.2437819053840305e-17 0.10156250000000003 0.4921875 0.2296875000000001 0.4921875
0 0.16718750000000004 0.39375 0.05468750000000004 0.39375 0.054687500000000056 0.496875 0.16718750000000004 0.496875
0 0.10156250000000011 0.546875 6.697287182837088e-17 0.546875 9.443174927800294e-17 0.9953125 0.10156250000000014 0.9953125
0 0.13125000000000014 0.9078125 0.09062500000000011 0.9078125 0.09062500000000011 0.9953125 0.13125000000000014 0.9953125
0 0.10937500000000007 0.4703125 5.759666977239896e-17 0.4703125 7.26177281681907e-17 0.715625 0.10937500000000008 0.715625
0 0.09062500000000008 0.6171875 0.046875000000000076 0.6171875 0.04687500000000008 0.6890625 0.0906250000000001 0.6890625
0 0.10468750000000004 0.2625 0.021875000000000033 0.2625 0.021875000000000047 0.503125 0.10468750000000004 0.503125
0 0.025000000000000057 0.34375 4.209723372069027e-17 0.34375 5.3099919806779773e-17 0.5234375 0.025000000000000067 0.5234375
0 0.08437500000000003 0.2453125 3.004211679158351e-17 0.2453125 3.7122106099154144e-17 0.3609375 0.08437500000000005 0.3609375
0 0.12343750000000002 7.558366963487572e-18 0 0 1.703024455064288e-17 0.278125 0.12343750000000005 0.278125
0 0.03593750000000002 2.2005372172179012e-18 0 0 1.8082675393660138e-17 0.2953125 0.03593750000000003 0.2953125