0 0.7484375 0.17500000000000007 0.5109375 0.17500000000000004 0.5109375 0.49687500000000007 0.7484375 0.4968750000000002
0 0.5453125 0.19062500000000007 0.3078125 0.19062500000000004 0.30781250000000004 0.5875 0.5453125 0.5875
0 0.925 0.4234375000000001 0.70625 0.4234375 0.70625 0.6234375000000001 0.925 0.6234375000000002
0 0.8953125 0.4984375000000001 0.70625 0.4984375 0.70625 0.6515625 0.8953125 0.6515625000000002
0 0.8234375 0.51875 0.66875 0.51875 0.66875 0.6765625000000001 0.8234375 0.6765625000000002
0 0.959375 0.6140625000000002 0.7515625 0.6140625000000002 0.7515625000000001 0.7937500000000002 0.959375 0.7937500000000002
0 0.9734375 0.7093750000000001 0.721875 0.709375 0.721875 0.93125 0.9734375 0.93125
0 0.609375 0.5078125 0.4546875 0.5078125 0.4546875 0.61875 0.609375 0.61875
0 0.7750000000000001 0.5140625000000001 0.5375 0.5140625 0.5375000000000001 0.7406250000000001 0.7750000000000001 0.7406250000000002
0 0.5078125000000001 0.5765625 0.2750000000000001 0.5765625 0.2750000000000001 0.8421875 0.5078125000000002 0.8421875
0 0.6390625000000001 0.634375 0.38750000000000007 0.634375 0.38750000000000007 0.9734375 0.6390625000000002 0.9734375
0 0.7718750000000001 0.6937500000000001 0.5421875 0.69375 0.5421875 0.984375 0.7718750000000002 0.984375
0 0.6468750000000002 0.953125 0.5531250000000002 0.953125 0.5531250000000002 0.9953125 0.6468750000000002 0.9953125