0 0.996875 0.35625000000000007 0.6328125 0.35625000000000007 0.6328125000000001 0.9125 0.996875 0.9125
0 0.996875 0.8140625 0.903125 0.8140625 0.903125 0.9953125 0.996875 0.9953125
0 0.85 0.8140625 0.46406250000000016 0.8140625 0.46406250000000016 0.9953125 0.85 0.9953125
0 0.5671875000000001 0.4953125 0.21250000000000008 0.4953125 0.21250000000000008 0.959375 0.5671875000000002 0.959375
0 0.4125000000000002 0.9171875 0.12343750000000013 0.9171875 0.12343750000000013 0.9953125 0.4125000000000002 0.9953125
0 0.22031250000000008 0.5359375 6.563341439180346e-17 0.5359375 9.309229184143553e-17 0.984375 0.22031250000000008 0.984375
0 0.33281250000000007 0.14375000000000002 1.7604297737743203e-17 0.14375 4.573290390565898e-17 0.603125 0.33281250000000007 0.603125
0 0.1765625 1.0811335023722729e-17 0 0 1.4159978615141272e-17 0.23125 0.17656250000000004 0.23125
0 0.4828125 4.066210075293946e-17 0.18125 2.2196723234545777e-17 0.18125000000000002 0.25312500000000004 0.4828125 0.2531250000000001
0 0.7421875 0.07812500000000007 0.3484375 0.07812500000000004 0.34843750000000007 0.5937500000000001 0.7421875 0.5937500000000002
0 0.9921875 0.004687500000000105 0.7140625 0.004687500000000087 0.7140625 0.3921875000000001 0.9921875 0.3921875000000001
0 0.7765625 7.854961110156071e-17 0.50625 6.199774420683476e-17 0.50625 0.15468750000000006 0.7765625 0.1546875000000001