0 0.9671875 0.6281250000000002 0.8328125 0.6281250000000002 0.8328125 0.940625 0.9671875 0.940625
0 0.95625 0.2843750000000001 0.6984375 0.2843750000000001 0.6984375 0.7328125000000001 0.95625 0.7328125000000002
0 0.890625 0.1140625000000001 0.8515625 0.1140625000000001 0.8515625 0.2734375000000001 0.890625 0.2734375000000001
0 0.8140625 0.07187500000000009 0.7671875 0.07187500000000009 0.7671875 0.2796875000000001 0.8140625 0.2796875000000001
0 0.7453125 0.05937500000000009 0.6953125 0.05937500000000009 0.6953125 0.2843750000000001 0.7453125 0.2843750000000001
0 0.6625 0.14218750000000008 0.5671875 0.14218750000000008 0.5671875 0.27812500000000007 0.6625 0.27812500000000007
0 0.665625 0.3390625000000001 0.55625 0.3390625000000001 0.55625 0.4640625 0.665625 0.4640625
0 0.4796875 0.465625 0.44375 0.465625 0.44375 0.509375 0.4796875 0.509375
0 0.4796875 0.525 0.4359375 0.525 0.4359375 0.5625 0.4796875 0.5625
0 0.4625 0.5625 0.440625 0.5625 0.440625 0.6015625 0.4625 0.6015625
0 0.4265625 0.43125 0.4046875 0.43125 0.4046875 0.48125 0.4265625 0.48125
0 0.4078125 0.475 0.3781250000000001 0.475 0.3781250000000001 0.525 0.4078125 0.525
0 0.4328125 0.496875 0.3968750000000001 0.496875 0.3968750000000001 0.546875 0.4328125 0.546875
0 0.4328125 0.5515625 0.3921875000000001 0.5515625 0.3921875000000001 0.590625 0.4328125 0.590625
0 0.4484375 0.584375 0.4046875 0.584375 0.4046875 0.6453125 0.4484375 0.6453125
0 0.6765625 0.546875 0.5671875 0.546875 0.5671875 0.715625 0.6765625 0.715625
0 0.7343750000000001 0.6937500000000001 0.621875 0.69375 0.6218750000000001 0.846875 0.7343750000000002 0.846875
0 0.6140625000000001 0.6828125 0.5125 0.6828125 0.5125000000000001 0.8421875 0.6140625000000002 0.8421875
0 0.46562500000000007 0.7109375 0.36406250000000007 0.7109375 0.36406250000000007 0.846875 0.4656250000000002 0.846875
0 0.5265625 0.12031250000000004 0.33125 0.12031250000000004 0.33125000000000004 0.38281250000000006 0.5265625 0.3828125000000001
0 0.3609375000000001 0.475 0.2296875000000001 0.475 0.2296875000000001 0.940625 0.3609375000000001 0.940625
0 0.1265625000000001 0.671875 0.0984375000000001 0.671875 0.0984375000000001 0.9953125 0.12656250000000013 0.9953125
0 0.1421875000000001 0.7765625 0.11562500000000009 0.7765625 0.11562500000000012 0.9953125 0.14218750000000013 0.9953125
0 0.1640625000000001 0.7375 0.1375000000000001 0.7375 0.13750000000000012 0.9953125 0.16406250000000014 0.9953125
0 0.1890625000000001 0.7703125 0.1531250000000001 0.7703125 0.15312500000000012 0.9953125 0.18906250000000013 0.9953125
0 0.2078125000000001 0.7546875 0.1750000000000001 0.7546875 0.1750000000000001 0.9953125 0.2078125000000001 0.9953125
0 0.0984375000000001 0.7375 0.057812500000000086 0.7375 0.0578125000000001 0.9953125 0.09843750000000011 0.9953125
0 0.32656250000000003 1.999618601732788e-17 0 0 4.8794520903527353e-17 0.796875 0.3265625000000001 0.796875