0 0.996875 0.2734375000000001 0.9234375 0.2734375000000001 0.9234375 0.3859375000000001 0.996875 0.3859375000000001
0 0.984375 0.3609375000000001 0.903125 0.3609375000000001 0.903125 0.45312500000000017 0.984375 0.45312500000000017
0 0.996875 0.4125000000000002 0.9546875 0.4125000000000002 0.9546875 0.5000000000000002 0.996875 0.5000000000000002
0 0.996875 0.47968750000000016 0.965625 0.47968750000000016 0.965625 0.5468750000000002 0.996875 0.5468750000000002
0 0.984375 0.47968750000000016 0.8875 0.47968750000000016 0.8875 0.5671875000000002 0.984375 0.5671875000000002
0 0.9953125 0.5578125000000002 0.95 0.5578125000000002 0.95 0.6453125000000002 0.9953125 0.6453125000000002
0 0.946875 0.3921875000000001 0.8390625 0.3921875000000001 0.8390625 0.5046875000000002 0.946875 0.5046875000000002
0 0.8953125 0.2890625000000001 0.7765625 0.2890625000000001 0.7765625 0.4078125000000002 0.8953125 0.4078125000000002
0 0.9109375 0.2734375000000001 0.8453125 0.2734375000000001 0.8453125 0.3859375000000001 0.9109375 0.3859375000000001
0 0.934375 0.2687500000000001 0.8765625 0.2687500000000001 0.8765625 0.3656250000000001 0.934375 0.3656250000000001
0 0.996875 0.2640625000000001 0.9109375 0.2640625000000001 0.9109375 0.3000000000000001 0.996875 0.3000000000000001
0 0.996875 0.2015625000000001 0.93125 0.2015625000000001 0.93125 0.2687500000000001 0.996875 0.2687500000000001
0 0.8375 0.3671875000000001 0.7296875 0.3671875000000001 0.7296875 0.4546875000000002 0.8375 0.4546875000000002
0 0.7875 0.30937500000000007 0.7296875 0.30937500000000007 0.7296875 0.3703125000000001 0.7875 0.3703125000000001
0 0.7921875 0.2312500000000001 0.6953125 0.2312500000000001 0.6953125 0.3453125000000001 0.7921875 0.3453125000000001
0 0.8265625 0.22656250000000008 0.76875 0.22656250000000008 0.76875 0.2984375000000001 0.8265625 0.2984375000000001
0 0.7375 0.32500000000000007 0.6328125 0.32500000000000007 0.6328125 0.3921875000000001 0.7375 0.3921875000000001
0 0.671875 0.3046875000000001 0.6453125 0.3046875000000001 0.6453125 0.3203125000000001 0.671875 0.3203125000000001
0 0.6328125 0.3453125000000001 0.571875 0.3453125000000001 0.571875 0.3765625000000001 0.6328125 0.3765625000000001
0 0.65625 0.09843750000000007 0.425 0.09843750000000004 0.425 0.2171875000000001 0.65625 0.2171875000000001
0 0.6140625 0.17500000000000007 0.4203125 0.17500000000000004 0.4203125 0.2890625000000001 0.6140625 0.2890625000000001
0 0.603125 0.2640625000000001 0.4640625 0.2640625000000001 0.4640625 0.3515625000000001 0.603125 0.3515625000000001
0 0.6921875 0.2578125000000001 0.5953125 0.2578125000000001 0.5953125 0.3453125000000001 0.6921875 0.3453125000000001
0 0.721875 0.1703125000000001 0.625 0.1703125000000001 0.625 0.2890625000000001 0.721875 0.2890625000000001
0 0.7875 0.1390625000000001 0.7109375 0.1390625000000001 0.7109375 0.22656250000000008 0.7875 0.22656250000000008
0 0.9953125 0.2015625000000001 0.81875 0.2015625000000001 0.81875 0.2890625000000001 0.9953125 0.2890625000000001
0 0.14218750000000005 0.2828125 3.463454228838608e-17 0.2828125 4.6976685811042996e-17 0.484375 0.14218750000000005 0.484375
0 0.215625 0.153125 1.8752404111943846e-17 0.153125 2.7650228511998833e-17 0.2984375 0.215625 0.2984375
0 0.259375 0.3203125 0.15156250000000004 0.3203125 0.15156250000000007 0.5828125 0.2593750000000001 0.5828125
0 0.4796875 0.09375000000000004 0.175 0.09375000000000003 0.17500000000000004 0.5625 0.4796875 0.5625
0 0.625 0.4890625 0.521875 0.4890625 0.521875 0.5828125 0.625 0.5828125
0 0.6265625 0.4953125 0.56875 0.4953125 0.56875 0.55625 0.6265625 0.55625
0 0.721875 0.53125 0.6296875 0.53125 0.6296875 0.61875 0.721875 0.61875
0 0.7375 0.5562500000000001 0.6875 0.55625 0.6875 0.70625 0.7375 0.7062500000000002
0 0.771875 0.4234375000000002 0.7375 0.4234375000000002 0.7375 0.5515625000000002 0.771875 0.5515625000000002
0 0.7953125 0.4437500000000002 0.7609375 0.4437500000000002 0.7609375 0.5718750000000001 0.7953125 0.5718750000000001
0 0.81875 0.48437500000000017 0.7453125 0.48437500000000017 0.7453125 0.6437500000000002 0.81875 0.6437500000000002
0 0.5796875 0.4125 0.525 0.4125 0.525 0.453125 0.5796875 0.453125
0 0.5484375 0.34062500000000007 0.4546875 0.34062500000000007 0.4546875 0.453125 0.5484375 0.453125
0 0.7484375 0.3812500000000001 0.440625 0.3812500000000001 0.440625 0.7015625000000001 0.7484375 0.7015625000000002
0 0.9234375 0.4390625000000002 0.7421875 0.4390625000000002 0.7421875 0.6296875000000002 0.9234375 0.6296875000000002
0 0.7953125000000001 0.690625 0.703125 0.690625 0.7031250000000001 0.7734375000000001 0.7953125000000002 0.7734375000000002
0 0.7109375000000001 0.721875 0.6453125 0.721875 0.6453125000000001 0.809375 0.7109375000000002 0.809375
0 0.6984375 0.659375 0.621875 0.659375 0.6218750000000001 0.7375 0.6984375000000002 0.7375
0 0.6531250000000001 0.6953125 0.5828125 0.6953125 0.5828125000000001 0.809375 0.6531250000000002 0.809375
0 0.6171875 0.6390625 0.55625 0.6390625 0.55625 0.70625 0.6171875 0.70625
0 0.559375 0.61875 0.50625 0.61875 0.50625 0.7015625 0.559375 0.7015625
0 0.6031250000000001 0.70625 0.5296875 0.70625 0.5296875000000001 0.79375 0.6031250000000001 0.79375
0 0.5718750000000001 0.7578125 0.5250000000000001 0.7578125 0.5250000000000001 0.8140625 0.5718750000000001 0.8140625
0 0.6296875000000002 0.7828125 0.5671875000000002 0.7828125 0.5671875000000002 0.840625 0.6296875000000002 0.840625
0 0.6031250000000001 0.81875 0.5218750000000002 0.81875 0.5218750000000002 0.8609375 0.6031250000000001 0.8609375
0 0.5718750000000001 0.834375 0.4937500000000002 0.834375 0.4937500000000002 0.8921875 0.5718750000000001 0.8921875
0 0.5250000000000001 0.778125 0.45625000000000016 0.778125 0.45625000000000016 0.865625 0.5250000000000001 0.865625
0 0.4984375000000002 0.8453125 0.4359375000000002 0.8453125 0.4359375000000002 0.9125 0.4984375000000002 0.9125
0 0.43281250000000016 0.8296875 0.3937500000000001 0.8296875 0.3937500000000001 0.871875 0.43281250000000016 0.871875
0 0.40156250000000016 0.79375 0.3468750000000001 0.79375 0.3468750000000001 0.8453125 0.40156250000000016 0.8453125
0 0.4671875000000002 0.746875 0.3625000000000001 0.746875 0.3625000000000001 0.8453125 0.4671875000000002 0.8453125
0 0.4828125000000001 0.7109375 0.3781250000000001 0.7109375 0.3781250000000001 0.778125 0.4828125000000002 0.778125
0 0.5250000000000001 0.721875 0.4859375 0.721875 0.4859375000000001 0.778125 0.5250000000000001 0.778125
0 0.4828125 0.634375 0.3750000000000001 0.634375 0.3750000000000001 0.7171875 0.4828125 0.7171875
0 0.5281250000000001 0.665625 0.475 0.665625 0.4750000000000001 0.7375 0.5281250000000002 0.7375
0 0.459375 0.59375 0.3984375000000001 0.59375 0.3984375000000001 0.6296875 0.459375 0.6296875
0 0.521875 0.5984375 0.459375 0.5984375 0.459375 0.6703125 0.521875 0.6703125
0 0.3984375000000001 0.5984375 0.34062500000000007 0.5984375 0.34062500000000007 0.6546875 0.3984375000000001 0.6546875
0 0.3468750000000001 0.778125 0.27812500000000007 0.778125 0.27812500000000007 0.840625 0.3468750000000001 0.840625
0 0.3625000000000001 0.825 0.3046875000000001 0.825 0.3046875000000001 0.865625 0.3625000000000001 0.865625
0 0.3046875000000001 0.825 0.2390625000000001 0.825 0.2390625000000001 0.9015625 0.3046875000000001 0.9015625
0 0.30156250000000007 0.7578125 0.2312500000000001 0.7578125 0.2312500000000001 0.81875 0.30156250000000007 0.81875
0 0.3312500000000001 0.68125 0.27031250000000007 0.68125 0.27031250000000007 0.778125 0.3312500000000001 0.778125
0 0.3625000000000001 0.7421875 0.3281250000000001 0.7421875 0.3281250000000001 0.7984375 0.3625000000000001 0.7984375
0 0.3750000000000001 0.665625 0.33281250000000007 0.665625 0.33281250000000007 0.7484375 0.3750000000000001 0.7484375
0 0.3546875000000001 0.6140625 0.30156250000000007 0.6140625 0.30156250000000007 0.68125 0.3546875000000001 0.68125
0 0.3125000000000001 0.6390625 0.2468750000000001 0.6390625 0.2468750000000001 0.7328125 0.3125000000000001 0.7328125
0 0.2750000000000001 0.690625 0.1859375000000001 0.690625 0.1859375000000001 0.7890625 0.2750000000000001 0.7890625
0 0.20468750000000008 0.59375 0.1625000000000001 0.59375 0.1625000000000001 0.6609375 0.20468750000000008 0.6609375
0 0.26250000000000007 0.5875 0.20468750000000008 0.5875 0.20468750000000008 0.665625 0.26250000000000007 0.665625
0 0.3125000000000001 0.5671875 0.2468750000000001 0.5671875 0.2468750000000001 0.6234375 0.3125000000000001 0.6234375
0 0.17343750000000008 0.625 0.11250000000000009 0.625 0.11250000000000009 0.696875 0.17343750000000008 0.696875
0 0.21250000000000008 0.7109375 0.11562500000000009 0.7109375 0.11562500000000009 0.865625 0.21250000000000008 0.865625
0 0.22031250000000008 0.665625 0.15781250000000008 0.665625 0.15781250000000008 0.7375 0.22031250000000008 0.7375
0 0.11562500000000009 0.6390625 0.03437500000000008 0.6390625 0.034375000000000086 0.6859375 0.11562500000000009 0.6859375
0 0.07656250000000009 0.684375 8.381176531664698e-17 0.684375 8.955229718765019e-17 0.778125 0.07656250000000009 0.778125
0 0.0734375000000001 0.7328125 8.974364825001696e-17 0.7328125 9.701498861995437e-17 0.8515625 0.07343750000000011 0.8515625
0 0.03437500000000011 0.8203125 1.0045930774255631e-16 0.8203125 1.0581713748882599e-16 0.9078125 0.034375000000000114 0.9078125
0 0.10468750000000011 0.8203125 1.0045930774255631e-16 0.8203125 1.0734794598776019e-16 0.9328125 0.10468750000000013 0.9328125
0 0.12343750000000009 0.721875 0.08125000000000009 0.721875 0.08125000000000009 0.809375 0.12343750000000009 0.809375
0 0.17812500000000012 0.840625 0.07031250000000011 0.840625 0.07031250000000011 0.959375 0.17812500000000014 0.959375
0 0.20468750000000008 0.8671875 0.1625000000000001 0.8671875 0.16250000000000012 0.990625 0.20468750000000008 0.990625
0 0.2328125000000001 0.825 0.2015625000000001 0.825 0.2015625000000001 0.9953125 0.2328125000000001 0.9953125
0 0.2734375000000001 0.8921875 0.22812500000000008 0.8921875 0.22812500000000008 0.9953125 0.2734375000000001 0.9953125
0 0.3203125000000001 0.8859375 0.2390625000000001 0.8859375 0.2390625000000001 0.9953125 0.3203125000000001 0.9953125
0 0.042187500000000114 0.9328125 1.1423658423296405e-16 0.9328125 1.1777657888674937e-16 0.990625 0.04218750000000012 0.990625