0 0.9953125 0.6125 0.7046875 0.6125 0.7046875000000001 0.9953125 0.9953125 0.9953125
0 0.85625 0.4765625000000001 0.7 0.4765625 0.7 0.7125000000000001 0.85625 0.7125000000000001
0 0.9359375 0.4031250000000002 0.746875 0.4031250000000002 0.746875 0.5921875000000002 0.9359375 0.5921875000000002
0 0.9390625 0.44531250000000017 0.8828125 0.44531250000000017 0.8828125 0.6437500000000002 0.9390625 0.6437500000000002
0 0.996875 0.3937500000000001 0.90625 0.3937500000000001 0.90625 0.6500000000000001 0.996875 0.6500000000000001
0 0.959375 0.3515625000000001 0.8421875 0.3515625000000001 0.8421875 0.4500000000000002 0.959375 0.4500000000000002
0 0.946875 0.26250000000000007 0.853125 0.26250000000000007 0.853125 0.3671875000000001 0.946875 0.3671875000000001
0 0.8375 0.26250000000000007 0.7578125 0.26250000000000007 0.7578125 0.4187500000000002 0.8375 0.4187500000000002
0 0.784375 0.1984375000000001 0.73125 0.1984375000000001 0.73125 0.3828125000000001 0.784375 0.3828125000000001
0 0.8484375 0.1781250000000001 0.784375 0.1781250000000001 0.784375 0.2609375000000001 0.8484375 0.2609375000000001
0 0.8 0.09375000000000008 0.6890625 0.09375000000000008 0.6890625 0.1468750000000001 0.8 0.1468750000000001
0 0.875 0.14218750000000008 0.7421875 0.14218750000000008 0.7421875 0.3203125000000001 0.875 0.3203125000000001
0 0.978125 0.0937500000000001 0.7921875 0.09375000000000008 0.7921875 0.4031250000000002 0.978125 0.4031250000000002
0 0.996875 0.2140625000000001 0.9328125 0.2140625000000001 0.9328125 0.42968750000000017 0.996875 0.42968750000000017
0 0.8859375 8.486419615966424e-17 0.5 6.123233995736766e-17 0.5 0.16250000000000006 0.8859375 0.1625000000000001
0 0.6359375 0.015625000000000066 0.4734375 0.015625000000000056 0.4734375 0.16250000000000006 0.6359375 0.1625000000000001
0 0.6140625 0.15156250000000007 0.5265625 0.15156250000000004 0.5265625 0.23593750000000008 0.6140625 0.23593750000000008
0 0.64375 0.15781250000000008 0.48125 0.15781250000000005 0.48125 0.2984375000000001 0.64375 0.2984375000000001
0 0.7343750000000001 0.07812500000000007 0.4171875 0.07812500000000004 0.4171875000000001 0.96875 0.7343750000000002 0.96875
0 0.6859375000000002 0.74375 0.5265625000000002 0.74375 0.5265625000000002 0.9953125 0.6859375000000002 0.9953125
0 0.7921875 0.7015625000000001 0.6515625 0.7015625 0.6515625 0.9953125 0.7921875000000002 0.9953125
0 0.996875 0.6125 0.696875 0.6125 0.6968750000000001 0.9953125 0.996875 0.9953125
0 0.2156250000000001 0.7859375 9.62495843704873e-17 0.7859375 1.0907010554906115e-16 0.9953125 0.2156250000000001 0.9953125
0 0.1062500000000001 0.70625 0.05625000000000009 0.70625 0.0562500000000001 0.90625 0.1062500000000001 0.90625
0 0.2578125000000001 0.7015625 0.07187500000000009 0.7015625 0.0718750000000001 0.853125 0.2578125000000001 0.853125
0 0.1781250000000001 0.6546875 0.12500000000000008 0.6546875 0.12500000000000008 0.7375 0.1781250000000001 0.7375
0 0.24218750000000008 0.634375 0.2015625000000001 0.634375 0.2015625000000001 0.7234375 0.24218750000000008 0.7234375
0 0.20156250000000003 0.14687500000000003 0.018750000000000017 0.146875 0.018750000000000037 0.4875 0.2015625000000001 0.4875
0 0.26875000000000004 0.2828125 0.2203125 0.2828125 0.22031250000000005 0.5125 0.2687500000000001 0.5125
0 0.2953125 3.1764276352884476e-17 0.2234375 2.7363201918448673e-17 0.2234375 0.3453125 0.2953125 0.3453125
0 0.228125 0.07343750000000002 0.0765625 0.0734375 0.0765625 0.17812500000000003 0.228125 0.17812500000000003
0 0.2359375 0.15156250000000002 0.1484375 0.1515625 0.14843750000000003 0.2359375 0.2359375 0.2359375
0 0.5375 4.1236153940039786e-17 0.1359375 1.6647542425909335e-17 0.13593750000000002 0.31875000000000003 0.5375 0.3187500000000001
0 0.4890625 0.08906250000000006 0.4171875 0.08906250000000004 0.4171875 0.2140625000000001 0.4890625 0.2140625000000001
0 0.39062500000000006 0.2984375 0.2796875 0.2984375 0.27968750000000003 0.5078125 0.3906250000000001 0.5078125
0 0.15468750000000003 9.471877587155312e-18 0 0 2.8224281699099153e-17 0.4609375 0.15468750000000003 0.4609375
0 0.16718750000000007 0.41875 5.128208471429541e-17 0.41875 7.11825952004399e-17 0.74375 0.1671875000000001 0.74375
0 0.36406250000000007 0.30937500000000007 0.018750000000000037 0.309375 0.01875000000000007 0.8265625 0.36406250000000007 0.8265625
0 0.2890625000000001 0.8484375 0.2093750000000001 0.8484375 0.2093750000000001 0.9953125 0.2890625000000001 0.9953125
0 0.5375000000000002 0.7328125 0.3375000000000001 0.7328125 0.3375000000000001 0.9953125 0.5375000000000002 0.9953125
0 0.5609375000000001 0.36718750000000006 0.2234375000000001 0.3671875 0.2234375000000001 0.9953125 0.5609375000000002 0.9953125
0 0.5125 0.3140625000000001 0.3796875 0.3140625000000001 0.37968750000000007 0.45625 0.5125 0.45625
0 0.5984375 0.2562500000000001 0.4390625 0.2562500000000001 0.4390625 0.3921875000000001 0.5984375 0.3921875000000001
0 0.21875000000000006 0.271875 0.10625000000000004 0.271875 0.10625000000000004 0.3765625 0.21875000000000008 0.3765625
0 0.996875 6.104098889500089e-17 0 0 6.09453133638175e-17 0.9953125 0.996875 0.9953125