0 0.996875 0.7671875000000001 0.7656250000000002 0.7671875000000001 0.7656250000000002 0.9953125 0.996875 0.9953125
0 0.859375 0.7359375000000001 0.6593750000000002 0.7359375 0.6593750000000002 0.9953125 0.859375 0.9953125
0 0.7890625000000001 0.7156250000000001 0.6171875 0.715625 0.6171875000000001 0.9296875 0.7890625000000002 0.9296875
0 0.8984375 0.4468750000000002 0.7265625 0.4468750000000002 0.7265625000000001 0.7406250000000002 0.8984375 0.7406250000000002
0 0.996875 0.4421875000000002 0.8171875 0.4421875000000002 0.8171875 0.7812500000000002 0.996875 0.7812500000000002
0 0.996875 0.15312500000000012 0.859375 0.1531250000000001 0.859375 0.4578125000000002 0.996875 0.4578125000000002
0 0.996875 0.11250000000000013 0.95 0.11250000000000013 0.95 0.15781250000000013 0.996875 0.15781250000000013
0 0.9765625 0.006250000000000117 0.9296875 0.006250000000000114 0.9296875 0.11250000000000013 0.9765625 0.11250000000000013
0 0.9953125 0.00468750000000012 0.9765625 0.0046875000000001195 0.9765625 0.12187500000000014 0.9953125 0.12187500000000014
0 0.9953125 1.1806360548029952e-16 0.9328125 1.1423658423296405e-16 0.9328125 0.009375000000000118 0.9953125 0.009375000000000123
0 0.871875 0.3109375000000001 0.75 0.3109375000000001 0.75 0.4781250000000002 0.871875 0.4781250000000002
0 0.734375 0.6093750000000001 0.578125 0.609375 0.578125 0.7250000000000001 0.734375 0.7250000000000002
0 0.640625 0.4359375 0.403125 0.4359375 0.403125 0.7109375 0.640625 0.7109375
0 0.765625 0.3296875000000001 0.575 0.3296875000000001 0.575 0.6046875 0.765625 0.6046875000000002
0 0.7703125 0.3546875000000001 0.7234375 0.3546875000000001 0.7234375 0.3859375000000001 0.7703125 0.3859375000000001
0 0.5984375 0.3812500000000001 0.496875 0.3812500000000001 0.496875 0.4515625 0.5984375 0.4515625
0 0.5781250000000001 0.70625 0.3937500000000001 0.70625 0.3937500000000001 0.8078125 0.5781250000000002 0.8078125
0 0.45000000000000007 0.6796875 0.3593750000000001 0.6796875 0.3593750000000001 0.8125 0.4500000000000002 0.8125
0 0.17656250000000012 0.8078125 0.0906250000000001 0.8078125 0.0906250000000001 0.9296875 0.17656250000000012 0.9296875
0 0.25468750000000007 0.8890625 0.1531250000000001 0.8890625 0.15312500000000012 0.9953125 0.25468750000000007 0.9953125
0 0.16093750000000012 0.903125 0.05156250000000011 0.903125 0.05156250000000011 0.9953125 0.16093750000000012 0.9953125
0 0.0656250000000001 0.7921875 9.701498861995439e-17 0.7921875 1.0199011624149052e-16 0.8734375 0.06562500000000011 0.8734375
0 0.06562500000000009 0.7109375 8.706473337688214e-17 0.7109375 9.32836429038023e-17 0.8125 0.06562500000000009 0.8125
0 0.10937500000000008 0.7515625 0.06562500000000009 0.7515625 0.0656250000000001 0.8328125 0.10937500000000008 0.8328125
0 0.37968750000000007 0.61875 0.2468750000000001 0.61875 0.2468750000000001 0.7359375 0.37968750000000007 0.7359375
0 0.4296875 0.6140625 0.3750000000000001 0.6140625 0.3750000000000001 0.675 0.4296875 0.675
0 0.4265625 0.4375 0.28593750000000007 0.4375 0.28593750000000007 0.6203125 0.4265625 0.6203125
0 0.46875 0.33593750000000006 0.34375 0.3359375 0.34375000000000006 0.4828125 0.46875 0.4828125
0 0.5078125 0.30937500000000007 0.390625 0.30937500000000007 0.39062500000000006 0.4515625 0.5078125 0.4515625
0 0.6453125 0.27031250000000007 0.5234375 0.27031250000000007 0.5234375 0.3968750000000001 0.6453125 0.3968750000000001
0 0.36250000000000004 0.3546875 0.265625 0.3546875 0.26562500000000006 0.4875 0.3625000000000001 0.4875
0 0.2812500000000001 0.4828125 0.21875000000000008 0.4828125 0.21875000000000008 0.5984375 0.2812500000000001 0.5984375
0 0.34843750000000007 0.4515625 0.25468750000000007 0.4515625 0.25468750000000007 0.6140625 0.34843750000000007 0.6140625
0 0.2968750000000001 0.609375 0.2062500000000001 0.609375 0.2062500000000001 0.7 0.2968750000000001 0.7
0 0.23437500000000008 0.625 0.18750000000000008 0.625 0.18750000000000008 0.6796875 0.23437500000000008 0.6796875
0 0.4484375 0.2953125000000001 0.3671875 0.2953125000000001 0.3671875 0.35625000000000007 0.4484375 0.35625000000000007
0 0.5234375 0.3765625000000001 0.5046875 0.3765625000000001 0.5046875 0.3968750000000001 0.5234375 0.3968750000000001
0 0.36718750000000006 0.31562500000000004 0.265625 0.315625 0.26562500000000006 0.37031250000000004 0.3671875000000001 0.3703125000000001
0 0.27031250000000007 0.3453125 0.16406250000000006 0.3453125 0.16406250000000006 0.4625 0.27031250000000007 0.4625
0 0.2656250000000001 0.4625 0.13281250000000006 0.4625 0.13281250000000006 0.5890625 0.2656250000000001 0.5890625
0 0.21093750000000008 0.5890625 0.10937500000000008 0.5890625 0.10937500000000008 0.6234375 0.21093750000000008 0.6234375
0 0.78125 0.1687500000000001 0.721875 0.1687500000000001 0.721875 0.25468750000000007 0.78125 0.25468750000000007
0 0.8234375 0.1671875000000001 0.7734375 0.1671875000000001 0.7734375 0.2687500000000001 0.8234375 0.2687500000000001
0 0.8671875 0.1281250000000001 0.796875 0.1281250000000001 0.796875 0.23437500000000008 0.8671875 0.23437500000000008
0 0.903125 0.010937500000000107 0.8328125 0.010937500000000103 0.8328125 0.11718750000000008 0.903125 0.11718750000000008
0 0.909375 1.0926145661142792e-16 0.875 1.0715659492539341e-16 0.875 0.015625000000000108 0.909375 0.01562500000000011
0 0.871875 1.0122471199202343e-16 0.78125 9.567553118338697e-17 0.78125 0.0453125000000001 0.871875 0.04531250000000011
0 0.83125 0.045312500000000096 0.734375 0.04531250000000009 0.734375 0.1671875000000001 0.83125 0.1671875000000001
0 0.78125 8.945662165646683e-17 0.6796875 8.323771212954667e-17 0.6796875 0.07656250000000009 0.78125 0.07656250000000009
0 0.746875 0.07187500000000009 0.703125 0.07187500000000009 0.703125 0.17343750000000008 0.746875 0.17343750000000008
0 0.17656250000000004 0.43125 0.07031250000000004 0.43125 0.07031250000000006 0.5234375 0.17656250000000004 0.5234375
0 0.12968750000000004 0.4109375 0.03593750000000005 0.4109375 0.03593750000000006 0.5328125 0.12968750000000004 0.5328125
0 0.07031250000000007 0.54375 0.023437500000000066 0.54375 0.02343750000000007 0.5984375 0.07031250000000007 0.5984375
0 0.14062500000000006 0.5328125 0.05937500000000007 0.5328125 0.05937500000000007 0.59375 0.14062500000000008 0.59375
0 0.22656250000000006 0.2890625 0.10156250000000004 0.2890625 0.10156250000000004 0.40625 0.22656250000000008 0.40625
0 0.17187500000000006 0.259375 0.09687500000000002 0.259375 0.09687500000000003 0.309375 0.17187500000000006 0.309375
0 0.11406250000000004 0.3046875 0.03593750000000003 0.3046875 0.035937500000000046 0.4109375 0.11406250000000004 0.4109375
0 0.08125000000000006 0.4046875 4.955992515299445e-17 0.4046875 5.644856339819831e-17 0.5171875 0.08125000000000007 0.5171875
0 0.050000000000000065 0.521875 6.39112548305025e-17 0.521875 6.735557395310443e-17 0.578125 0.050000000000000065 0.578125
0 0.03437500000000005 0.3390625 4.152318053358994e-17 0.3390625 4.592425496802574e-17 0.4109375 0.03437500000000006 0.4109375
0 0.484375 0.15781250000000005 0.390625 0.15781250000000005 0.390625 0.2796875000000001 0.484375 0.2796875000000001
0 0.6875 0.15781250000000008 0.6015625 0.15781250000000008 0.6015625 0.2796875000000001 0.6875 0.2796875000000001
0 0.6484375 0.05625000000000008 0.5109375 0.056250000000000064 0.5109375 0.2078125000000001 0.6484375 0.2078125000000001
0 0.703125 0.03593750000000008 0.640625 0.03593750000000008 0.640625 0.1375000000000001 0.703125 0.1375000000000001
0 0.675 7.577502069724248e-17 0.5625 6.888638245203862e-17 0.5625 0.05625000000000008 0.675 0.05625000000000009
0 0.5625 6.23804463315683e-17 0.45625 5.587451021109799e-17 0.45625 0.07656250000000006 0.5625 0.07656250000000006
0 0.51875 0.06718750000000005 0.421875 0.06718750000000004 0.421875 0.17343750000000005 0.51875 0.17343750000000005
0 0.4890625 0.15781250000000005 0.3953125 0.15781250000000005 0.3953125 0.2843750000000001 0.4890625 0.2843750000000001
0 0.5125 0.2390625000000001 0.4734375 0.2390625000000001 0.4734375 0.3000000000000001 0.5125 0.3000000000000001
0 0.53125 0.14687500000000003 0.496875 0.14687500000000003 0.496875 0.2078125000000001 0.53125 0.2078125000000001
0 0.3796875 0.17343750000000005 0.3046875 0.17343750000000005 0.3046875 0.23906250000000004 0.3796875 0.2390625000000001
0 0.3859375 0.22343750000000004 0.3515625 0.2234375 0.3515625 0.3140625 0.3859375 0.3140625000000001
0 0.3625 0.2640625 0.296875 0.2640625 0.296875 0.3203125 0.3625 0.3203125
0 0.4140625 0.09218750000000005 0.3203125 0.09218750000000005 0.3203125 0.17812500000000003 0.4140625 0.17812500000000003
0 0.4453125 4.927289855944429e-17 0.359375 4.4010744344358005e-17 0.359375 0.07656250000000005 0.4453125 0.07656250000000005
0 0.2625 0.2734375 0.215625 0.2734375 0.215625 0.3453125 0.2625 0.3453125
0 0.3 0.2640625 0.265625 0.2640625 0.265625 0.3203125 0.3 0.3203125
0 0.28125 0.209375 0.2265625 0.209375 0.2265625 0.275 0.28125 0.275
0 0.2265625 0.2078125 0.17187500000000006 0.2078125 0.17187500000000006 0.2890625 0.2265625 0.2890625
0 0.25 0.15312500000000004 0.1875 0.15312500000000004 0.18750000000000003 0.2140625 0.25 0.2140625
0 0.3125 0.11250000000000004 0.2421875 0.11250000000000004 0.2421875 0.18750000000000006 0.3125 0.18750000000000006
0 0.309375 0.06562500000000003 0.2703125 0.06562500000000002 0.2703125 0.12187500000000004 0.309375 0.12187500000000004
0 0.3625 0.03593750000000004 0.3125 0.03593750000000003 0.3125 0.10156250000000004 0.3625 0.10156250000000004
0 0.2546875 0.07187500000000002 0.2078125 0.07187500000000002 0.2078125 0.14687500000000003 0.2546875 0.14687500000000003