0 0.821875 0.6812500000000001 0.6421875 0.68125 0.6421875000000001 0.9 0.821875 0.9
0 0.6468750000000001 0.6921875 0.475 0.6921875 0.4750000000000001 0.9484375 0.6468750000000002 0.9484375
0 0.6046875 0.48125 0.425 0.48125 0.425 0.696875 0.6046875 0.696875
0 0.6765625000000001 0.6078125 0.596875 0.6078125 0.596875 0.7390625 0.6765625000000002 0.7390625
0 0.4796875000000001 0.6546875 0.27812500000000007 0.6546875 0.27812500000000007 0.8953125 0.47968750000000016 0.8953125
0 0.4640625 0.5609375 0.2968750000000001 0.5609375 0.2968750000000001 0.696875 0.4640625 0.696875
0 0.28593750000000007 0.5765625 0.09218750000000006 0.5765625 0.09218750000000009 0.8171875 0.28593750000000007 0.8171875
0 0.3265625000000001 0.4875 0.15625000000000006 0.4875 0.15625000000000006 0.64375 0.3265625000000001 0.64375
0 0.475 0.41875 0.2015625000000001 0.41875 0.2015625000000001 0.55 0.475 0.55
0 0.575 0.015625000000000066 0.4796875 0.015625000000000062 0.4796875 0.5125 0.575 0.5125
0 0.7765625 0.4609375000000001 0.5828125 0.4609375 0.5828125 0.628125 0.7765625 0.6281250000000002