0 0.890625 0.22656250000000008 0.6203125 0.22656250000000008 0.6203125 0.6250000000000001 0.890625 0.6250000000000002
0 0.8203125 0.5000000000000002 0.746875 0.5000000000000002 0.746875 0.6312500000000002 0.8203125 0.6312500000000002
0 0.8828125 0.3812500000000001 0.8203125 0.3812500000000001 0.8203125 0.5171875000000001 0.8828125 0.5171875000000001
0 0.890625 0.2500000000000001 0.8203125 0.2500000000000001 0.8203125 0.3687500000000001 0.890625 0.3687500000000001
0 0.84375 0.3031250000000001 0.7828125 0.3031250000000001 0.7828125 0.4046875000000002 0.84375 0.4046875000000002
0 0.8140625 0.4000000000000002 0.75625 0.4000000000000002 0.75625 0.4890625000000002 0.8140625 0.4890625000000002
0 0.7640625 0.35625000000000007 0.7265625 0.35625000000000007 0.7265625 0.44062500000000016 0.7640625 0.44062500000000016
0 0.746875 0.3750000000000001 0.70625 0.3750000000000001 0.70625 0.4765625000000001 0.746875 0.47656250000000017
0 0.746875 0.22031250000000008 0.6765625 0.22031250000000008 0.6765625 0.33281250000000007 0.746875 0.33281250000000007
0 0.7 0.3390625000000001 0.6265625 0.3390625000000001 0.6265625 0.453125 0.7 0.453125
0 0.9296875 0.17812500000000012 0.75 0.1781250000000001 0.75 0.4046875000000002 0.9296875 0.4046875000000002
0 0.5640625 0.15468750000000006 0.5109375 0.15468750000000003 0.5109375 0.2796875000000001 0.5640625 0.2796875000000001
0 0.4765625 0.11875000000000005 0.4203125 0.11875000000000005 0.4203125 0.2140625000000001 0.4765625 0.2140625000000001
0 0.5140625 0.22031250000000008 0.4375 0.22031250000000008 0.4375 0.3625000000000001 0.5140625 0.3625000000000001
0 0.596875 0.28593750000000007 0.5265625 0.28593750000000007 0.5265625 0.434375 0.596875 0.434375
0 0.5265625 0.3750000000000001 0.45625 0.3750000000000001 0.45625 0.5125 0.5265625 0.5125
0 0.4578125 0.2750000000000001 0.384375 0.2750000000000001 0.384375 0.3937500000000001 0.4578125 0.3937500000000001
0 0.440625 0.2140625000000001 0.40625 0.2140625000000001 0.40625 0.28593750000000007 0.440625 0.28593750000000007
0 0.490625 0.4640625 0.4296875 0.4640625 0.4296875 0.5828125 0.490625 0.5828125
0 0.4640625 0.38750000000000007 0.4171875 0.38750000000000007 0.4171875 0.4765625 0.4640625 0.4765625
0 0.4203125 0.3921875 0.3531250000000001 0.3921875 0.3531250000000001 0.5 0.4203125 0.5
0 0.3671875000000001 0.446875 0.3000000000000001 0.446875 0.3000000000000001 0.553125 0.3671875000000001 0.553125
0 0.3500000000000001 0.546875 0.3000000000000001 0.546875 0.3000000000000001 0.6609375 0.3500000000000001 0.6609375
0 0.3937500000000001 0.546875 0.34062500000000007 0.546875 0.34062500000000007 0.690625 0.3937500000000001 0.690625
0 0.4171875 0.5125 0.3703125000000001 0.5125 0.3703125000000001 0.625 0.4171875 0.625
0 0.496875 0.5484375 0.409375 0.5484375 0.409375 0.703125 0.496875 0.703125
0 0.54375 0.6078125 0.4859375 0.6078125 0.4859375 0.703125 0.54375 0.703125
0 0.4531250000000001 0.6375 0.3937500000000001 0.6375 0.3937500000000001 0.75625 0.45312500000000017 0.75625
0 0.4171875000000001 0.6609375 0.3500000000000001 0.6609375 0.3500000000000001 0.74375 0.41718750000000016 0.74375
0 0.503125 0.703125 0.44375 0.703125 0.4437500000000001 0.834375 0.5031250000000002 0.834375
0 0.5093750000000001 0.75625 0.4265625000000002 0.75625 0.4265625000000002 0.8875 0.5093750000000001 0.8875
0 0.45625000000000016 0.7734375 0.36406250000000007 0.7734375 0.36406250000000007 0.875 0.45625000000000016 0.875
0 0.47968750000000016 0.8390625 0.4203125000000002 0.8390625 0.4203125000000002 0.9171875 0.47968750000000016 0.9171875
0 0.35000000000000003 0.05312500000000003 0.1328125 0.05312500000000002 0.13281250000000006 0.6375 0.3500000000000001 0.6375
0 0.6000000000000001 0.12500000000000006 0.29375 0.12500000000000006 0.29375000000000007 0.928125 0.6000000000000002 0.928125
0 0.3000000000000001 0.7984375 0.009375000000000097 0.7984375 0.009375000000000109 0.99375 0.3000000000000001 0.99375
0 0.017187500000000102 0.709375 8.687338231451536e-17 0.709375 1.0036363221137293e-16 0.9296875 0.017187500000000116 0.9296875
0 0.990625 0.6140625000000002 0.94375 0.6140625000000002 0.94375 0.7156250000000002 0.990625 0.7156250000000002
0 0.9375 0.6250000000000002 0.8875 0.6250000000000002 0.8875 0.7328125000000002 0.9375 0.7328125000000002
0 0.9234375 0.5953125000000001 0.8828125 0.5953125000000001 0.8828125 0.6546875000000002 0.9234375 0.6546875000000002
0 0.8875 0.6312500000000002 0.8265625 0.6312500000000002 0.8265625 0.7328125000000002 0.8875 0.7328125000000002
0 0.859375 0.6906250000000002 0.796875 0.6906250000000002 0.7968750000000001 0.809375 0.859375 0.809375
0 0.9875 0.7031250000000002 0.9375 0.7031250000000002 0.9375 0.8046875 0.9875 0.8046875
0 0.95 0.7203125000000001 0.9 0.7203125000000001 0.9 0.8265625 0.95 0.8265625
0 0.9234375 0.7625000000000002 0.8671875 0.7625000000000002 0.8671875 0.8390625 0.9234375 0.8390625
0 0.996875 0.7859375000000002 0.9625 0.7859375000000002 0.9625 0.9046875 0.996875 0.9046875
0 0.9734375 0.821875 0.90625 0.821875 0.90625 0.8875 0.9734375 0.8875
0 0.803125 0.7500000000000002 0.7531250000000002 0.7500000000000002 0.7531250000000002 0.8578125 0.803125 0.8578125
0 0.8171875 0.7203125000000001 0.7796875 0.7203125000000001 0.7796875000000001 0.803125 0.8171875 0.803125
0 0.7765625000000002 0.821875 0.7093750000000002 0.821875 0.7093750000000002 0.9046875 0.7765625000000002 0.9046875
0 0.8140625 0.809375 0.7609375000000002 0.809375 0.7609375000000002 0.9109375 0.8140625 0.9109375
0 0.8765625 0.828125 0.8140625 0.828125 0.8140625 0.9234375 0.8765625 0.9234375
0 0.9 0.8390625 0.8671875 0.8390625 0.8671875 0.9234375 0.9 0.9234375
0 0.9734375 0.875 0.9 0.875 0.9 0.99375 0.9734375 0.99375
0 0.896875 0.9046875 0.8328125 0.9046875 0.8328125 0.9875 0.896875 0.9875
0 0.8328125 0.9234375 0.8 0.9234375 0.8 0.99375 0.8328125 0.99375
0 0.7796875000000002 0.940625 0.7296875000000002 0.940625 0.7296875000000002 0.99375 0.7796875000000002 0.99375
0 0.7171875000000002 0.940625 0.6640625000000002 0.940625 0.6640625000000002 0.99375 0.7171875000000002 0.99375
0 0.996875 0.9703125 0.9734375 0.9703125 0.9734375 0.99375 0.996875 0.99375
0 0.996875 0.6078125000000001 0.6625 0.6078125 0.6625000000000001 0.99375 0.996875 0.99375