0 0.259375 2.631077107543142e-17 0.1703125 2.085726579797836e-17 0.1703125 0.02812500000000003 0.259375 0.028125000000000032
0 0.340625 3.463454228838608e-17 0.225 2.7554552980815448e-17 0.225 0.08437500000000003 0.340625 0.08437500000000005
0 0.425 4.774209006051009e-17 0.3546875 4.343669115725768e-17 0.3546875 0.02343750000000005 0.425 0.02343750000000005
0 0.6453125 6.582476545417024e-17 0.4296875 5.262154215086284e-17 0.4296875 0.05156250000000007 0.6453125 0.05156250000000009
0 0.690625 0.048437500000000085 0.6109375 0.04843750000000008 0.6109375 0.09531250000000008 0.690625 0.09531250000000009
0 0.725 0.007812500000000083 0.640625 0.007812500000000078 0.640625 0.0671875000000001 0.725 0.0671875000000001
0 0.7796875 0.03281250000000009 0.7203125 0.03281250000000009 0.7203125 0.06093750000000009 0.7796875 0.06093750000000009
0 0.8109375 0.0437500000000001 0.78125 0.0437500000000001 0.78125 0.0750000000000001 0.8109375 0.0750000000000001
0 0.884375 0.023437500000000104 0.8 0.0234375000000001 0.8 0.0640625000000001 0.884375 0.0640625000000001
0 0.9 0.039062500000000104 0.8203125 0.0390625000000001 0.8203125 0.10781250000000009 0.9 0.10781250000000009
0 0.840625 0.0843750000000001 0.7796875 0.08437500000000009 0.7796875 0.12343750000000009 0.840625 0.12343750000000009
0 0.88125 0.08437500000000012 0.8359375 0.08437500000000012 0.8359375 0.12343750000000009 0.88125 0.12343750000000009
0 0.9203125 0.1109375000000001 0.8546875 0.11093750000000009 0.8546875 0.1593750000000001 0.9203125 0.15937500000000013
0 0.85 0.11562500000000009 0.790625 0.11562500000000009 0.790625 0.1390625000000001 0.85 0.1390625000000001
0 0.790625 0.06093750000000009 0.740625 0.06093750000000009 0.740625 0.12031250000000009 0.790625 0.12031250000000009
0 0.7546875 0.06406250000000009 0.6953125 0.06406250000000009 0.6953125 0.09531250000000009 0.7546875 0.09531250000000009
0 0.7 0.08437500000000009 0.6546875 0.08437500000000009 0.6546875 0.1281250000000001 0.7 0.1281250000000001
0 0.7703125 0.10468750000000009 0.690625 0.10468750000000009 0.690625 0.14062500000000008 0.7703125 0.14062500000000008
0 0.790625 0.1312500000000001 0.7109375 0.1312500000000001 0.7109375 0.1750000000000001 0.790625 0.1750000000000001
0 0.8703125 0.1468750000000001 0.8 0.1468750000000001 0.8 0.21093750000000008 0.8703125 0.21093750000000008
0 0.9 0.1437500000000001 0.8453125 0.1437500000000001 0.8453125 0.18750000000000008 0.9 0.18750000000000008
0 0.790625 0.17187500000000008 0.715625 0.17187500000000008 0.715625 0.21875000000000008 0.790625 0.21875000000000008
0 0.709375 0.1281250000000001 0.6453125 0.1281250000000001 0.6453125 0.17968750000000008 0.709375 0.17968750000000008
0 0.734375 0.17968750000000008 0.6453125 0.17968750000000008 0.6453125 0.2312500000000001 0.734375 0.2312500000000001
0 0.640625 0.1468750000000001 0.575 0.1468750000000001 0.575 0.2156250000000001 0.640625 0.2156250000000001
0 0.70625 0.2078125000000001 0.6109375 0.2078125000000001 0.6109375 0.26250000000000007 0.70625 0.26250000000000007
0 0.7703125 0.2234375000000001 0.7 0.2234375000000001 0.7 0.27812500000000007 0.7703125 0.27812500000000007
0 0.85 0.2078125000000001 0.775 0.2078125000000001 0.775 0.25468750000000007 0.85 0.25468750000000007
0 0.8859375 0.24375000000000008 0.80625 0.24375000000000008 0.80625 0.3421875000000001 0.8859375 0.3421875000000001
0 0.9109375 0.2312500000000001 0.8609375 0.2312500000000001 0.8609375 0.2828125000000001 0.9109375 0.2828125000000001
0 0.90625 0.1906250000000001 0.8609375 0.1906250000000001 0.8609375 0.2312500000000001 0.90625 0.2312500000000001
0 0.9109375 0.3109375000000001 0.8609375 0.3109375000000001 0.8609375 0.3546875000000001 0.9109375 0.3546875000000001
0 0.884375 0.3234375000000001 0.7953125 0.3234375000000001 0.7953125 0.5578125000000002 0.884375 0.5578125000000002
0 0.8359375 0.2671875000000001 0.5859375 0.2671875000000001 0.5859375 0.5734375 0.8359375 0.5734375000000002
0 0.734375 0.3156250000000001 0.6703125 0.3156250000000001 0.6703125 0.39531250000000007 0.734375 0.39531250000000007
0 0.7296875 0.2828125000000001 0.675 0.2828125000000001 0.675 0.3312500000000001 0.7296875 0.3312500000000001
0 0.6703125 0.2671875000000001 0.5296875 0.2671875000000001 0.5296875 0.3906250000000001 0.6703125 0.3906250000000001
0 0.65 0.23593750000000008 0.565625 0.23593750000000008 0.565625 0.2906250000000001 0.65 0.2906250000000001
0 0.590625 0.11875000000000006 0.4703125 0.11875000000000005 0.4703125 0.3109375000000001 0.590625 0.3109375000000001
0 0.675 0.032812500000000064 0.4703125 0.03281250000000006 0.4703125 0.14843750000000006 0.675 0.14843750000000008
0 0.525 0.03281250000000005 0.290625 0.032812500000000036 0.290625 0.16406250000000006 0.525 0.16406250000000006
0 0.490625 0.08750000000000005 0.3046875 0.08750000000000005 0.3046875 0.2984375 0.490625 0.2984375000000001
0 0.5 0.24375000000000008 0.4203125 0.24375000000000008 0.4203125 0.40625 0.5 0.40625
0 0.4296875 0.2984375 0.275 0.2984375 0.275 0.4140625 0.4296875 0.4140625
0 0.3203125 0.2109375 0.15000000000000005 0.2109375 0.15000000000000005 0.33125 0.3203125 0.33125
0 0.3453125 0.12343750000000005 0.234375 0.12343750000000005 0.234375 0.2234375 0.3453125 0.2234375
0 0.390625 0.16718750000000004 0.35 0.16718750000000004 0.35 0.18750000000000006 0.390625 0.18750000000000006
0 0.290625 0.056250000000000036 0.165625 0.05625000000000002 0.165625 0.14375000000000002 0.290625 0.14375000000000004
0 0.2296875 0.12656250000000002 0.1046875 0.1265625 0.10468750000000002 0.23125 0.2296875 0.23125
0 0.290625 0.33125 0.10000000000000005 0.33125 0.10000000000000005 0.478125 0.2906250000000001 0.478125
0 0.3296875000000001 0.4859375 0.15000000000000005 0.4859375 0.15000000000000008 0.6140625 0.3296875000000001 0.6140625
0 0.409375 0.5625 0.27031250000000007 0.5625 0.27031250000000007 0.6609375 0.409375 0.6609375
0 0.3546875000000001 0.546875 0.3296875000000001 0.546875 0.3296875000000001 0.5625 0.3546875000000001 0.5625
0 0.43125 0.403125 0.2609375000000001 0.403125 0.2609375000000001 0.5296875 0.43125 0.5296875
0 0.4703125 0.4984375 0.3593750000000001 0.4984375 0.3593750000000001 0.5734375 0.4703125 0.5734375
0 0.6109375 0.3828125000000001 0.43125 0.3828125000000001 0.43125 0.5265625 0.6109375 0.5265625
0 0.6546875 0.4578125 0.575 0.4578125 0.575 0.534375 0.6546875 0.534375
0 0.7203125 0.3750000000000001 0.5953125 0.3750000000000001 0.5953125 0.465625 0.7203125 0.465625
0 0.8 0.5218750000000001 0.6546875 0.521875 0.6546875 0.6500000000000001 0.8 0.6500000000000001
0 0.875 0.5578125000000002 0.8 0.5578125000000002 0.8 0.6250000000000002 0.875 0.6250000000000002
0 0.675 0.565625 0.6 0.565625 0.6 0.65 0.675 0.65
0 0.6 0.55 0.434375 0.55 0.434375 0.6765625 0.6 0.6765625
0 0.9046875 0.5546875000000002 0.7953125 0.5546875000000002 0.7953125 0.6531250000000002 0.9046875 0.6531250000000002
0 0.2812500000000001 0.6171875 0.1609375000000001 0.6171875 0.1609375000000001 0.721875 0.2812500000000001 0.721875
0 0.3453125000000001 0.6453125 0.2406250000000001 0.6453125 0.2406250000000001 0.7296875 0.3453125000000001 0.7296875
0 0.4796875000000001 0.65 0.34062500000000007 0.65 0.34062500000000007 0.7578125 0.47968750000000016 0.7578125
0 0.6296875000000001 0.6734375 0.465625 0.6734375 0.46562500000000007 0.7921875 0.6296875000000002 0.7921875
0 0.3046875000000001 0.7171875 0.20468750000000008 0.7171875 0.20468750000000008 0.809375 0.3046875000000001 0.809375
0 0.3843750000000001 0.7296875 0.3000000000000001 0.7296875 0.3000000000000001 0.784375 0.3843750000000001 0.784375
0 0.3812500000000001 0.78125 0.21093750000000008 0.78125 0.21093750000000008 0.928125 0.3812500000000001 0.928125
0 0.5062500000000002 0.7609375 0.3859375000000001 0.7609375 0.3859375000000001 0.871875 0.5062500000000002 0.871875
0 0.7156250000000002 0.7484375 0.5296875000000002 0.7484375 0.5296875000000002 0.8328125 0.7156250000000002 0.8328125
0 0.95 0.6171875000000001 0.590625 0.6171875 0.5906250000000001 0.9328125 0.95 0.9328125
0 0.6843750000000002 0.7609375 0.2250000000000001 0.7609375 0.2250000000000001 0.9765625 0.6843750000000002 0.9765625
0 0.5953125000000001 0.9453125 0.3906250000000001 0.9453125 0.3906250000000001 0.996875 0.5953125000000001 0.996875
0 0.7203125000000001 0.88125 0.5843750000000002 0.88125 0.5843750000000002 0.996875 0.7203125000000001 0.996875
0 0.3500000000000001 0.9453125 0.2656250000000001 0.9453125 0.2656250000000001 0.996875 0.3500000000000001 0.996875
0 0.4046875000000002 0.9640625 0.3546875000000001 0.9640625 0.3546875000000001 0.996875 0.4046875000000002 0.996875
0 0.2843750000000001 0.9375 0.2000000000000001 0.9375 0.2000000000000001 0.996875 0.2843750000000001 0.996875
0 0.1906250000000001 0.8921875 0.12031250000000009 0.8921875 0.12031250000000011 0.925 0.19062500000000013 0.925
0 0.2000000000000001 0.928125 0.10937500000000014 0.928125 0.10937500000000014 0.9765625 0.2000000000000001 0.9765625
0 0.2296875000000001 0.9640625 0.17031250000000014 0.9640625 0.17031250000000014 0.996875 0.2296875000000001 0.996875
0 0.34062500000000007 0.6375 0.05468750000000009 0.6375 0.0546875000000001 0.940625 0.34062500000000007 0.940625
0 0.3109375000000001 0.6734375 0.1359375000000001 0.6734375 0.1359375000000001 0.85625 0.3109375000000001 0.85625