0 0.8578125 0.19531250000000008 0.590625 0.19531250000000008 0.590625 0.6796875000000001 0.8578125 0.6796875000000002
0 0.8265625 0.29375000000000007 0.7015625 0.29375000000000007 0.7015625 0.5515625000000001 0.8265625 0.5515625000000002
0 0.3515625000000001 0.5953125 0.29375000000000007 0.5953125 0.29375000000000007 0.6359375 0.3515625000000001 0.6359375
0 0.39531250000000007 0.5828125 0.3515625000000001 0.5828125 0.3515625000000001 0.61875 0.39531250000000007 0.61875
0 0.4484375 0.578125 0.4 0.578125 0.4 0.6171875 0.4484375 0.6171875
0 0.5109375 0.5640625 0.4578125 0.5640625 0.4578125 0.6140625 0.5109375 0.6140625
0 0.56875 0.559375 0.5109375 0.559375 0.5109375 0.6046875 0.56875 0.6046875
0 0.61875 0.5515625 0.565625 0.5515625 0.565625 0.6 0.61875 0.6
0 0.5875 0.6578125 0.534375 0.6578125 0.534375 0.70625 0.5875 0.70625
0 0.6312500000000001 0.6765625 0.590625 0.6765625 0.5906250000000001 0.7296875 0.6312500000000002 0.7296875
0 0.6578125 0.6890625 0.6359375 0.6890625 0.6359375 0.7109375 0.6578125 0.7109375
0 0.5781250000000002 0.7296875 0.5328125000000001 0.7296875 0.5328125000000001 0.7609375 0.5781250000000002 0.7609375
0 0.5015625 0.675 0.4578125 0.675 0.4578125 0.7109375 0.5015625 0.7109375
0 0.4453125 0.684375 0.4234375 0.684375 0.4234375 0.725 0.4453125 0.725
0 0.6578125 0.5203125 0.23593750000000008 0.5203125 0.23593750000000008 0.6484375 0.6578125 0.6484375
0 0.640625 0.4453125 0.16875000000000004 0.4453125 0.16875000000000007 0.5953125 0.640625 0.5953125
0 0.653125 0.4140625 0.5421875 0.4140625 0.5421875 0.4984375 0.653125 0.4984375
0 0.7375 0.24531250000000004 0.14218750000000005 0.2453125 0.14218750000000008 0.6453125000000001 0.7375 0.6453125000000002
0 0.515625 0.30625 0.16406250000000006 0.30625 0.16406250000000006 0.5953125 0.515625 0.5953125
0 0.7640625 0.21718750000000003 0.271875 0.2171875 0.271875 0.35156250000000006 0.7640625 0.3515625000000001
0 0.37812500000000004 0.34687500000000004 0.13281250000000006 0.346875 0.13281250000000006 0.409375 0.3781250000000001 0.409375
0 0.2531250000000001 0.4359375 0.11093750000000005 0.4359375 0.11093750000000006 0.56875 0.2531250000000001 0.56875