0 0.7640625000000001 0.31718750000000007 0.6546875 0.31718750000000007 0.6546875000000001 0.99375 0.7640625000000002 0.99375
0 0.6796875000000001 0.2953125000000001 0.4328125 0.2953125000000001 0.4328125000000001 0.99375 0.6796875000000002 0.99375
0 0.6078125000000001 0.30625 0.3453125 0.30625 0.3453125 0.8296875 0.6078125000000002 0.8296875
0 0.571875 0.26875000000000004 0.2703125 0.26875 0.27031250000000007 0.7171875 0.571875 0.7171875
0 0.53125 0.17500000000000004 0.3671875 0.17500000000000004 0.36718750000000006 0.5078125 0.53125 0.5078125
0 0.625 0.021875000000000068 0.5125 0.02187500000000006 0.5125 0.23437500000000008 0.625 0.23437500000000008
0 0.7765625 8.113285044351215e-17 0.5484375 6.716422289073765e-17 0.5484375 0.27812500000000007 0.7765625 0.27812500000000007
0 0.7234375 0.23593750000000008 0.6 0.23593750000000008 0.6 0.3343750000000001 0.7234375 0.3343750000000001
0 0.86875 9.510147799628666e-17 0.684375 8.381176531664698e-17 0.684375 0.1859375000000001 0.86875 0.1859375000000001
0 0.4718750000000001 0.634375 0.09843750000000007 0.634375 0.0984375000000001 0.9953125 0.47187500000000016 0.9953125
0 0.15625000000000006 0.4703125 5.759666977239896e-17 0.4703125 7.300043029292426e-17 0.721875 0.15625000000000008 0.721875
0 0.2984375000000001 0.371875 0.15625000000000006 0.371875 0.15625000000000006 0.678125 0.2984375000000001 0.678125
0 0.37187500000000007 0.33437500000000003 0.2921875 0.334375 0.29218750000000004 0.5859375 0.37187500000000007 0.5859375
0 0.4109375 0.31093750000000003 0.359375 0.3109375 0.359375 0.3609375 0.4109375 0.3609375000000001
0 0.12343750000000005 0.225 2.7554552980815448e-17 0.225 4.027939862820592e-17 0.4328125 0.12343750000000005 0.4328125
0 0.2765625 0.2078125 0.12343750000000005 0.2078125 0.12343750000000005 0.3609375 0.2765625 0.3609375
0 0.3453125 0.19687500000000005 0.2578125 0.19687500000000005 0.2578125 0.3328125 0.3453125 0.3328125
0 0.4546875 0.18593750000000003 0.3421875 0.18593750000000003 0.3421875 0.24531250000000004 0.4546875 0.2453125000000001
0 0.4359375 0.23437500000000006 0.3421875 0.234375 0.3421875 0.31718750000000007 0.4359375 0.31718750000000007