0 0.7765625 0.26875000000000004 0.08125000000000002 0.26875 0.08125000000000007 0.984375 0.7765625000000002 0.984375
0 0.7343750000000001 0.70625 0.3125000000000001 0.70625 0.3125000000000001 0.9953125 0.7343750000000002 0.9953125
0 0.4828125 0.17500000000000004 0.28125 0.17500000000000004 0.28125 0.25312500000000004 0.4828125 0.2531250000000001
0 0.934375 8.553392487794795e-17 0.4625 5.663991446056509e-17 0.4625 0.2312500000000001 0.934375 0.2312500000000001
0 0.01875000000000002 0.0859375 1.0524308430172567e-17 0.0859375 2.0378888142061426e-17 0.246875 0.018750000000000027 0.246875
0 0.20000000000000004 0.20625 2.525834023241416e-17 0.20625 4.324534009489091e-17 0.5 0.2000000000000001 0.5
0 0.14218750000000008 0.4796875 5.87447761465996e-17 0.4796875 8.304636106717989e-17 0.8765625 0.14218750000000008 0.8765625
0 0.103125 6.31458505810354e-18 0 0 3.4443191226019317e-18 0.05625000000000001 0.103125 0.05625000000000002
4 0.996875 0.0828125000000001 0.65625 0.0828125000000001 0.6562500000000001 0.9953125 0.996875 0.9953125
4 0.65625 4.1331829471223166e-17 0.01875 2.296212748401287e-18 0.018750000000000017 0.26875000000000004 0.65625 0.2687500000000001
4 0.5375 0.25312500000000004 0.24375 0.253125 0.24375 0.3296875 0.5375 0.3296875000000001
4 0.1421875000000001 0.865625 1.0600848855119278e-16 0.865625 1.1385388210823048e-16 0.99375 0.14218750000000013 0.99375