0 0.4953125 0.03750000000000004 0.175 0.03750000000000002 0.17500000000000002 0.32812500000000006 0.4953125 0.3281250000000001
0 0.34218750000000003 0.2671875 0.18593750000000003 0.2671875 0.18593750000000003 0.5359375 0.3421875000000001 0.5359375
0 0.509375 0.32343750000000004 0.3015625 0.3234375 0.30156250000000007 0.5859375 0.509375 0.5859375
0 0.5421875 0.3109375000000001 0.4109375 0.3109375000000001 0.4109375 0.48125 0.5421875 0.48125
0 0.6375 0.19062500000000007 0.50625 0.19062500000000004 0.50625 0.3937500000000001 0.6375 0.3937500000000001
0 0.6875 0.3609375000000001 0.55625 0.3609375000000001 0.55625 0.525 0.6875 0.525
0 0.6484375 0.453125 0.5171875 0.453125 0.5171875 0.5734375 0.6484375 0.5734375
0 0.796875 0.3390625000000001 0.6984375 0.3390625000000001 0.6984375 0.4593750000000001 0.796875 0.4593750000000002
0 0.81875 0.2734375000000001 0.7125 0.2734375000000001 0.7125 0.3609375000000001 0.81875 0.3609375000000001
0 0.9203125 0.35625000000000007 0.8109375 0.35625000000000007 0.8109375 0.5203125000000002 0.9203125 0.5203125000000002
0 0.8515625 0.40937500000000016 0.75 0.40937500000000016 0.75 0.5468750000000002 0.8515625 0.5468750000000002
0 0.9234375 0.5078125000000002 0.821875 0.5078125000000002 0.821875 0.6125000000000002 0.9234375 0.6125000000000002
0 0.9421875 0.5843750000000002 0.7890625 0.5843750000000002 0.7890625000000001 0.7593750000000001 0.9421875 0.7593750000000001
0 0.7812500000000001 0.5953125000000001 0.665625 0.5953125 0.6656250000000001 0.7437500000000001 0.7812500000000002 0.7437500000000001
0 0.93125 0.7000000000000001 0.6765625 0.7 0.6765625000000001 0.86875 0.93125 0.86875
0 0.7812500000000002 0.7984375000000001 0.6765625000000002 0.7984375 0.6765625000000002 0.934375 0.7812500000000002 0.934375
0 0.6843750000000002 0.7765625 0.6109375000000001 0.7765625 0.6109375000000001 0.9078125 0.6843750000000002 0.9078125
0 0.6156250000000001 0.6828125 0.484375 0.6828125 0.4843750000000001 0.8859375 0.6156250000000002 0.8859375
0 0.5062500000000001 0.634375 0.3453125000000001 0.634375 0.3453125000000001 0.8421875 0.5062500000000002 0.8421875
0 0.3234375000000001 0.590625 0.1859375000000001 0.590625 0.1859375000000001 0.7328125 0.3234375000000001 0.7328125
0 0.21093750000000008 0.525 0.09375000000000007 0.525 0.09375000000000008 0.7046875 0.21093750000000008 0.7046875
0 0.3453125000000001 0.7703125 0.1781250000000001 0.7703125 0.17812500000000012 0.95625 0.3453125000000001 0.95625
0 0.1812500000000001 0.7765625 0.0328125000000001 0.7765625 0.032812500000000105 0.9234375 0.18125000000000013 0.9234375
0 0.1781250000000001 0.5953125 0.007812500000000073 0.5953125 0.007812500000000083 0.7703125 0.1781250000000001 0.7703125