0 0.4406250000000001 0.46875 0.11250000000000004 0.46875 0.11250000000000009 0.9484375 0.44062500000000016 0.9484375
0 0.5296875000000001 0.38125000000000003 0.2390625000000001 0.38125 0.2390625000000001 0.9234375 0.5296875000000002 0.9234375
0 0.6296875000000001 0.35625000000000007 0.346875 0.35625 0.34687500000000004 0.871875 0.6296875000000002 0.871875
0 0.6796875000000001 0.3609375000000001 0.440625 0.3609375000000001 0.4406250000000001 0.809375 0.6796875000000002 0.809375
0 0.8875 0.4796875000000001 0.4984375 0.4796875 0.4984375000000001 0.7468750000000001 0.8875 0.7468750000000002
0 0.95 0.3156250000000001 0.5203125 0.3156250000000001 0.5203125 0.5578125 0.95 0.5578125000000002
0 0.9 0.18125000000000008 0.5296875 0.18125000000000005 0.5296875 0.41875000000000007 0.9 0.4187500000000002
0 0.7765625 0.07187500000000008 0.5328125 0.07187500000000006 0.5328125 0.3656250000000001 0.7765625 0.3656250000000001
0 0.65625 7.041719095097281e-17 0.49375 6.046693570790056e-17 0.49375 0.3500000000000001 0.65625 0.3500000000000001
0 0.4984375 0.05625000000000004 0.1234375 0.05625000000000002 0.12343750000000002 0.4328125 0.4984375 0.4328125
0 0.50625 0.27343750000000006 0.07343750000000004 0.2734375 0.07343750000000006 0.546875 0.50625 0.546875
0 0.5140625 0.17031250000000003 0.309375 0.17031250000000003 0.309375 0.3296875 0.5140625 0.3296875000000001
0 0.38593750000000004 0.051562500000000025 0.0890625 0.0515625 0.08906250000000002 0.38593750000000004 0.3859375000000001 0.3859375000000001
0 0.4796875 0.06250000000000004 0.14375 0.06250000000000003 0.14375000000000002 0.29375000000000007 0.4796875 0.29375000000000007