0 0.80625 0.4328125000000001 0.4171875 0.4328125 0.4171875000000001 0.928125 0.80625 0.928125
0 0.996875 0.5156250000000002 0.8 0.5156250000000002 0.8 0.7312500000000002 0.996875 0.7312500000000002
0 0.996875 0.7015625000000001 0.71875 0.7015625 0.7187500000000001 0.9953125 0.996875 0.9953125
0 0.6562500000000002 0.9171875 0.41718750000000016 0.9171875 0.41718750000000016 0.9953125 0.6562500000000002 0.9953125
0 0.4359375000000001 0.6390625 0.10468750000000009 0.6390625 0.10468750000000011 0.9953125 0.4359375000000002 0.9953125
0 0.4359375 0.403125 0.24375000000000008 0.403125 0.24375000000000008 0.665625 0.4359375 0.665625
0 0.6453125 0.2687500000000001 0.4859375 0.2687500000000001 0.4859375 0.4546875 0.6453125 0.4546875
0 0.9703125 0.2843750000000001 0.6265625 0.2843750000000001 0.6265625 0.5625000000000001 0.9703125 0.5625000000000002
0 0.95 0.0984375000000001 0.7828125 0.0984375000000001 0.7828125 0.3296875000000001 0.95 0.3296875000000001
0 0.8109375 8.869121740699972e-17 0.6375 7.807123344564376e-17 0.6375 0.16562500000000008 0.8109375 0.16562500000000008
0 0.7453125 0.1437500000000001 0.6140625 0.1437500000000001 0.6140625 0.32500000000000007 0.7453125 0.32500000000000007
0 0.8 0.13437500000000008 0.7109375 0.13437500000000008 0.7109375 0.2828125000000001 0.8 0.2828125000000001
0 0.671875 0.08281250000000008 0.540625 0.08281250000000007 0.540625 0.2015625000000001 0.671875 0.2015625000000001
0 0.60625 0.18125000000000008 0.490625 0.18125000000000005 0.490625 0.3000000000000001 0.60625 0.3000000000000001
0 0.5171875 0.12968750000000004 0.409375 0.12968750000000004 0.409375 0.29375000000000007 0.5171875 0.29375000000000007
0 0.5328125 0.10312500000000005 0.475 0.10312500000000005 0.475 0.2015625000000001 0.5328125 0.2015625000000001
0 0.5640625 0.09843750000000007 0.521875 0.09843750000000007 0.521875 0.15468750000000006 0.5640625 0.1546875000000001
0 0.4828125 0.06718750000000005 0.4015625 0.06718750000000004 0.4015625 0.14375000000000004 0.4828125 0.14375000000000004
0 0.409375 0.13437500000000005 0.309375 0.13437500000000005 0.309375 0.26250000000000007 0.409375 0.26250000000000007
0 0.4015625 0.09843750000000004 0.3203125 0.09843750000000004 0.3203125 0.15000000000000005 0.4015625 0.15000000000000005
0 0.259375 0.215625 0.12343750000000005 0.215625 0.12343750000000005 0.325 0.259375 0.325
0 0.4953125 0.24687500000000004 0.08593750000000003 0.246875 0.08593750000000004 0.546875 0.4953125 0.546875
0 0.2515625000000001 0.4078125 0.03125000000000004 0.4078125 0.03125000000000007 0.7328125 0.2515625000000001 0.7328125
0 0.12031250000000007 0.459375 5.625721233583154e-17 0.459375 7.204367498109039e-17 0.7171875 0.12031250000000009 0.7171875
0 0.1421875000000001 0.659375 8.075014831877861e-17 0.659375 1.0026795668018957e-16 0.978125 0.14218750000000013 0.978125