0 0.5796875 0.07343750000000007 0.5 0.07343750000000007 0.5 0.18437500000000007 0.5796875 0.1843750000000001
0 0.5453125 0.021875000000000065 0.4953125 0.02187500000000006 0.4953125 0.09531250000000006 0.5453125 0.09531250000000006
0 0.515625 0.05781250000000006 0.44375 0.057812500000000044 0.44375 0.16250000000000003 0.515625 0.16250000000000003
0 0.40625 0.057812500000000044 0.296875 0.057812500000000044 0.296875 0.18437500000000004 0.40625 0.18437500000000004
0 0.3453125 0.026562500000000037 0.2484375 0.026562500000000034 0.2484375 0.15312500000000004 0.3453125 0.15312500000000004
0 0.6765625 0.1375000000000001 0.6125 0.1375000000000001 0.6125 0.18906250000000008 0.6765625 0.18906250000000008
0 0.721875 0.0906250000000001 0.66875 0.0906250000000001 0.66875 0.16406250000000008 0.721875 0.16406250000000008
0 0.6875 0.07343750000000009 0.6359375 0.07343750000000009 0.6359375 0.12656250000000008 0.6875 0.12656250000000008
0 0.6703125 0.09531250000000008 0.625 0.09531250000000006 0.625 0.14218750000000008 0.6703125 0.14218750000000008
0 0.7890625 0.02187500000000009 0.684375 0.021875000000000082 0.684375 0.1218750000000001 0.7890625 0.1218750000000001
0 0.871875 0.11093750000000009 0.8046875 0.11093750000000009 0.8046875 0.17968750000000008 0.871875 0.17968750000000008
0 0.85 0.0687500000000001 0.815625 0.06875000000000009 0.815625 0.11562500000000009 0.85 0.11562500000000009
0 0.890625 0.10000000000000009 0.85 0.10000000000000009 0.85 0.1625000000000001 0.890625 0.1625000000000001
0 0.8796875 0.032812500000000105 0.8453125 0.0328125000000001 0.8453125 0.1062500000000001 0.8796875 0.1062500000000001
0 0.9359375 0.06875000000000012 0.884375 0.06875000000000012 0.884375 0.16875000000000012 0.9359375 0.16875000000000012
0 0.9625 0.08906250000000011 0.9328125 0.08906250000000011 0.9328125 0.15312500000000012 0.9625 0.15312500000000012
0 0.203125 0.06875000000000002 0.15 0.06875000000000002 0.15 0.16250000000000003 0.203125 0.16250000000000003
0 0.184375 0.04218750000000001 0.0296875 0.0421875 0.029687500000000006 0.13125000000000003 0.184375 0.13125000000000003
0 0.14375000000000002 0.1046875 0.06093750000000002 0.1046875 0.06093750000000002 0.184375 0.14375000000000004 0.184375
0 0.9671875 0.3046875000000001 0.828125 0.3046875000000001 0.828125 0.48437500000000017 0.9671875 0.48437500000000017
0 0.925 0.3109375000000001 0.8234375 0.3109375000000001 0.8234375 0.4203125000000002 0.925 0.4203125000000002
0 0.9359375 0.3421875000000001 0.834375 0.3421875000000001 0.834375 0.4468750000000002 0.9359375 0.4468750000000002
0 0.94375 0.3578125000000001 0.85625 0.3578125000000001 0.85625 0.47968750000000016 0.94375 0.47968750000000016
0 0.965625 0.34843750000000007 0.9140625 0.34843750000000007 0.9140625 0.4906250000000002 0.965625 0.4906250000000002
0 0.8078125 0.3265625000000001 0.628125 0.3265625000000001 0.628125 0.47343750000000007 0.8078125 0.4734375000000002
0 0.7109375 0.3734375000000001 0.684375 0.3734375000000001 0.684375 0.4734375 0.7109375 0.4734375
0 0.6046875 0.3375000000000001 0.4328125 0.3375000000000001 0.4328125 0.46875 0.6046875 0.46875
0 0.6046875 0.4 0.5828125 0.4 0.5828125 0.446875 0.6046875 0.446875
0 0.5796875 0.415625 0.5609375 0.415625 0.5609375 0.453125 0.5796875 0.453125
0 0.590625 0.3890625000000001 0.5671875 0.3890625000000001 0.5671875 0.4109375 0.590625 0.4109375
0 0.5421875 0.3468750000000001 0.5125 0.3468750000000001 0.5125 0.3843750000000001 0.5421875 0.3843750000000001
0 0.5609375 0.3687500000000001 0.5421875 0.3687500000000001 0.5421875 0.39531250000000007 0.5609375 0.39531250000000007
0 0.5859375 0.36406250000000007 0.5640625 0.36406250000000007 0.5640625 0.3906250000000001 0.5859375 0.3906250000000001
0 0.534375 0.415625 0.5046875 0.415625 0.5046875 0.4578125 0.534375 0.4578125
0 0.5609375 0.40625 0.5375 0.40625 0.5375 0.4484375 0.5609375 0.4484375
0 0.534375 0.3906250000000001 0.515625 0.3906250000000001 0.515625 0.421875 0.534375 0.421875
0 0.496875 0.3578125000000001 0.478125 0.3578125000000001 0.478125 0.4109375 0.496875 0.4109375
0 0.51875 0.3578125000000001 0.5 0.3578125000000001 0.5 0.3890625000000001 0.51875 0.3890625000000001
0 0.4890625 0.4109375 0.4625 0.4109375 0.4625 0.453125 0.4890625 0.453125
0 0.4625 0.40625 0.4390625 0.40625 0.4390625 0.4640625 0.4625 0.4640625
0 0.4734375 0.3625000000000001 0.4546875 0.3625000000000001 0.4546875 0.4 0.4734375 0.4
0 0.38750000000000007 0.321875 0.259375 0.321875 0.259375 0.4734375 0.38750000000000007 0.4734375
0 0.20625000000000004 0.3421875 0.12031250000000004 0.3421875 0.12031250000000004 0.4734375 0.2062500000000001 0.4734375
0 0.12031250000000004 0.353125 0.04531250000000005 0.353125 0.04531250000000005 0.46875 0.12031250000000004 0.46875
0 0.21093750000000008 0.5046875 0.056250000000000064 0.5046875 0.056250000000000064 0.584375 0.21093750000000008 0.584375
0 0.2078125000000001 0.546875 0.042187500000000065 0.546875 0.04218750000000007 0.6421875 0.2078125000000001 0.6421875
0 0.20312500000000008 0.5375 0.03750000000000007 0.5375 0.037500000000000075 0.646875 0.20312500000000008 0.646875
0 0.5609375 0.5109375 0.440625 0.5109375 0.440625 0.63125 0.5609375 0.63125
0 0.5875 0.5265625 0.478125 0.5265625 0.478125 0.646875 0.5875 0.646875
0 0.6234375 0.5578125 0.4625 0.5578125 0.4625 0.6375 0.6234375 0.6375
0 0.37968750000000007 0.5109375 0.2593750000000001 0.5109375 0.2593750000000001 0.6625 0.37968750000000007 0.6625
0 0.7640625 0.5000000000000001 0.6546875 0.5 0.6546875 0.6578125000000001 0.7640625 0.6578125000000001
0 0.9671875 0.5468750000000002 0.846875 0.5468750000000002 0.846875 0.6578125000000001 0.9671875 0.6578125000000001
0 0.9296875 0.5156250000000002 0.8015625 0.5156250000000002 0.8015625 0.6265625000000001 0.9296875 0.6265625000000001
0 0.9328125 0.8 0.834375 0.8 0.834375 0.9265625 0.9328125 0.9265625
0 0.965625 0.8734375 0.8609375 0.8734375 0.8609375 0.946875 0.965625 0.946875
0 0.6312500000000002 0.8046875 0.5421875000000002 0.8046875 0.5421875000000002 0.96875 0.6312500000000002 0.96875
0 0.2968750000000001 0.8109375 0.1843750000000001 0.8109375 0.18437500000000012 0.9578125 0.2968750000000001 0.9578125
0 0.14687500000000012 0.7953125 0.0296875000000001 0.7953125 0.02968750000000011 0.9578125 0.14687500000000014 0.9578125
0 0.5078125000000002 0.80625 0.3312500000000001 0.80625 0.3312500000000001 0.975 0.5078125000000002 0.975
0 0.815625 0.7953125000000001 0.6687500000000002 0.7953125 0.6687500000000002 0.9578125 0.815625 0.9578125