0 0.996875 0.6718750000000002 0.8203125 0.6718750000000002 0.8203125 0.890625 0.996875 0.890625
0 0.996875 0.46406250000000016 0.825 0.46406250000000016 0.825 0.7390625000000002 0.996875 0.7390625000000002
0 0.996875 0.1359375000000001 0.6984375 0.1359375000000001 0.6984375 0.5156250000000001 0.996875 0.5156250000000002
0 0.996875 0.020312500000000115 0.8890625 0.02031250000000011 0.8890625 0.3281250000000001 0.996875 0.3281250000000001
0 0.9125 0.0265625000000001 0.74375 0.02656250000000009 0.74375 0.2296875000000001 0.9125 0.2296875000000001
0 0.996875 1.1385388210823048e-16 0.8625 1.0562578642645922e-16 0.8625 0.12031250000000011 0.996875 0.12031250000000013
0 0.75625 0.010937500000000079 0.553125 0.010937500000000067 0.553125 0.23437500000000008 0.75625 0.23437500000000008
0 0.6609375 0.23437500000000008 0.5234375 0.23437500000000008 0.5234375 0.5359375 0.6609375 0.5359375
0 0.840625 0.3281250000000001 0.565625 0.3281250000000001 0.565625 0.6671875 0.840625 0.6671875000000002
0 0.7984375000000001 0.6093750000000001 0.4890625 0.609375 0.48906250000000007 0.8953125 0.7984375000000001 0.8953125
0 0.8359375 0.7562500000000001 0.6718750000000002 0.75625 0.6718750000000002 0.896875 0.8359375 0.896875
0 0.88125 0.6359375 0.4390625 0.6359375 0.4390625000000001 0.8953125 0.88125 0.8953125
0 0.5734375 0.6140625 0.44375 0.6140625 0.4437500000000001 0.8125 0.5734375000000002 0.8125
0 0.5984375000000001 0.2078125000000001 0.3703125 0.2078125000000001 0.37031250000000004 0.7609375 0.5984375000000002 0.7609375
0 0.66875 0.2140625000000001 0.5046875 0.2140625000000001 0.5046875 0.53125 0.66875 0.53125
0 0.5796875 5.558748361754783e-17 0.328125 4.0183723097022526e-17 0.328125 0.33281250000000007 0.5796875 0.33281250000000007
0 0.61875 7.319178135529103e-17 0.5765625 7.060854201333958e-17 0.5765625 0.06718750000000007 0.61875 0.06718750000000007
0 0.22187500000000004 0.3328125 4.075777628412285e-17 0.3328125 6.218909526920153e-17 0.6828125 0.2218750000000001 0.6828125
0 0.2906250000000001 0.625 0.03437500000000008 0.625 0.03437500000000009 0.8953125 0.2906250000000001 0.8953125
0 0.43437500000000007 0.6140625 7.520096751014216e-17 0.6140625 9.270958971670199e-17 0.9 0.4343750000000002 0.9
0 0.571875 0.5359375 0.48125 0.5359375 0.48125 0.609375 0.571875 0.609375
0 0.5000000000000002 0.7859375 0.4156250000000002 0.7859375 0.4156250000000002 0.90625 0.5000000000000002 0.90625
0 0.3781250000000001 0.46875 0.2250000000000001 0.46875 0.2250000000000001 0.6875 0.3781250000000001 0.6875
0 0.3593750000000001 0.396875 0.27812500000000007 0.396875 0.27812500000000007 0.584375 0.3593750000000001 0.584375
0 0.36250000000000004 0.21875 2.6789148731348354e-17 0.21875 4.2384260314240426e-17 0.4734375 0.3625000000000001 0.4734375
0 0.378125 3.67394039744206e-17 0.221875 2.71718508560819e-17 0.221875 0.20781250000000004 0.378125 0.2078125000000001
0 0.4125 4.4202095406724777e-17 0.309375 3.788751034862124e-17 0.309375 0.23437500000000006 0.4125 0.23437500000000008
0 0.2828125 0.1921875 0.09531250000000002 0.1921875 0.09531250000000004 0.296875 0.2828125 0.296875
0 0.14843750000000003 0.1296875 1.5882138176442238e-17 0.1296875 2.5066989170047385e-17 0.2796875 0.14843750000000006 0.2796875
0 0.221875 0.057812500000000024 0.10625 0.057812500000000024 0.10625000000000002 0.19843750000000002 0.221875 0.19843750000000004
0 0.190625 1.9422132830227558e-17 0.1265625 1.549943605170869e-17 0.1265625 0.06250000000000003 0.190625 0.06250000000000003
0 0.1296875 7.941069088221119e-18 0 0 9.567553118338697e-18 0.15625 0.1296875 0.15625