0 0.6937500000000001 0.5765625 0.43125 0.5765625 0.4312500000000001 0.984375 0.6937500000000002 0.984375
0 0.9390625 0.5859375000000001 0.6859375 0.5859375 0.6859375000000001 0.9953125 0.9390625 0.9953125
0 0.996875 0.7375000000000002 0.90625 0.7375000000000002 0.90625 0.921875 0.996875 0.921875
0 0.9171875 0.5187500000000002 0.8375 0.5187500000000002 0.8375 0.6437500000000002 0.9171875 0.6437500000000002
0 0.996875 0.3828125000000001 0.871875 0.3828125000000001 0.871875 0.5812500000000002 0.996875 0.5812500000000002
0 0.8109375 0.3937500000000001 0.7046875 0.3937500000000001 0.7046875 0.5875000000000001 0.8109375 0.5875000000000001
0 0.5828125 0.3812500000000001 0.4921875 0.3812500000000001 0.4921875 0.565625 0.5828125 0.565625
0 0.496875 0.2984375000000001 0.3796875 0.2984375000000001 0.37968750000000007 0.5234375 0.496875 0.5234375
0 0.4203125000000001 0.4921875 0.22031250000000008 0.4921875 0.22031250000000008 0.8484375 0.4203125000000002 0.8484375
0 0.2234375000000001 0.4140625 0.037500000000000054 0.4140625 0.037500000000000075 0.7484375 0.2234375000000001 0.7484375
0 0.734375 0.29375000000000007 0.6703125 0.29375000000000007 0.6703125 0.4078125000000001 0.734375 0.4078125000000002
0 0.840625 0.3046875000000001 0.76875 0.3046875000000001 0.76875 0.3937500000000001 0.840625 0.3937500000000001
0 0.9890625 0.3046875000000001 0.8671875 0.3046875000000001 0.8671875 0.3781250000000001 0.9890625 0.3781250000000001
0 0.5421875 0.17343750000000005 0.4921875 0.17343750000000005 0.4921875 0.2156250000000001 0.5421875 0.2156250000000001
0 0.06406250000000005 0.340625 4.171453159595672e-17 0.340625 5.673558999174847e-17 0.5859375 0.06406250000000006 0.5859375