0 0.8015625 0.12031250000000007 0.2984375 0.12031250000000004 0.2984375 0.6171875000000001 0.8015625 0.6171875000000002
0 0.896875 0.6703125000000002 0.7890625 0.6703125000000002 0.7890625000000001 0.809375 0.896875 0.809375
0 0.9125 0.6703125000000002 0.8140625 0.6703125000000002 0.8140625 0.7031250000000002 0.9125 0.7031250000000002
0 0.1953125000000001 0.846875 0.15000000000000008 0.846875 0.1500000000000001 0.9140625 0.19531250000000014 0.9140625
0 0.3031250000000001 0.8953125 0.2609375000000001 0.8953125 0.2609375000000001 0.9375 0.3031250000000001 0.9375
0 0.3609375000000001 0.865625 0.3234375000000001 0.865625 0.3234375000000001 0.9375 0.3609375000000001 0.9375
0 0.3937500000000001 0.8859375 0.3656250000000001 0.8859375 0.3656250000000001 0.9234375 0.3937500000000001 0.9234375
0 0.0750000000000001 0.646875 0.020312500000000077 0.646875 0.020312500000000084 0.7140625 0.0750000000000001 0.7140625
0 0.09218750000000007 0.5890625 0.042187500000000065 0.5890625 0.04218750000000007 0.6453125 0.09218750000000009 0.6453125
0 0.10468750000000009 0.575 0.07187500000000006 0.575 0.07187500000000006 0.5890625 0.10468750000000009 0.5890625
0 0.1281250000000001 0.55 0.09531250000000006 0.55 0.09531250000000006 0.584375 0.1281250000000001 0.584375
0 0.18750000000000006 0.540625 0.15468750000000003 0.540625 0.15468750000000006 0.5734375 0.18750000000000008 0.5734375
0 0.2000000000000001 0.5125 0.16718750000000004 0.5125 0.16718750000000004 0.540625 0.2000000000000001 0.540625
0 0.2531250000000001 0.4875 0.2156250000000001 0.4875 0.2156250000000001 0.5265625 0.2531250000000001 0.5265625
0 0.2953125000000001 0.459375 0.2453125000000001 0.459375 0.2453125000000001 0.5078125 0.2953125000000001 0.5078125
0 0.3203125000000001 0.4265625 0.2953125000000001 0.4265625 0.2953125000000001 0.4734375 0.3203125000000001 0.4734375
0 0.3609375000000001 0.45 0.3203125000000001 0.45 0.3203125000000001 0.4875 0.3609375000000001 0.4875
0 0.2328125000000001 0.56875 0.1828125000000001 0.56875 0.1828125000000001 0.6125 0.2328125000000001 0.6125
0 0.27031250000000007 0.5703125 0.2328125000000001 0.5703125 0.2328125000000001 0.6265625 0.27031250000000007 0.6265625
0 0.2250000000000001 0.5515625 0.18750000000000008 0.5515625 0.18750000000000008 0.5703125 0.2250000000000001 0.5703125
0 0.2609375000000001 0.521875 0.22031250000000008 0.521875 0.22031250000000008 0.56875 0.2609375000000001 0.56875
0 0.3031250000000001 0.53125 0.2609375000000001 0.53125 0.2609375000000001 0.5640625 0.3031250000000001 0.5640625
0 0.3312500000000001 0.503125 0.3031250000000001 0.503125 0.3031250000000001 0.5546875 0.3312500000000001 0.5546875
0 0.3734375000000001 0.4921875 0.3312500000000001 0.4921875 0.3312500000000001 0.53125 0.3734375000000001 0.53125
0 0.1828125000000001 0.5890625 0.1375000000000001 0.5890625 0.1375000000000001 0.63125 0.1828125000000001 0.63125
0 0.1375000000000001 0.6125 0.09531250000000006 0.6125 0.09531250000000008 0.6453125 0.1375000000000001 0.6453125
0 0.15781250000000008 0.640625 0.08750000000000009 0.640625 0.08750000000000009 0.6796875 0.15781250000000008 0.6796875
0 0.2000000000000001 0.6265625 0.15000000000000008 0.6265625 0.15000000000000008 0.675 0.2000000000000001 0.675
0 0.2453125000000001 0.6359375 0.2078125000000001 0.6359375 0.2078125000000001 0.6796875 0.2453125000000001 0.6796875
0 0.27812500000000007 0.65 0.2484375000000001 0.65 0.2484375000000001 0.69375 0.27812500000000007 0.69375
0 0.3156250000000001 0.603125 0.2734375000000001 0.603125 0.2734375000000001 0.665625 0.3156250000000001 0.665625
0 0.3453125000000001 0.6078125 0.3078125000000001 0.6078125 0.3078125000000001 0.65 0.3453125000000001 0.65
0 0.3906250000000001 0.59375 0.34843750000000007 0.59375 0.34843750000000007 0.6453125 0.3906250000000001 0.6453125
0 0.3812500000000001 0.5640625 0.3531250000000001 0.5640625 0.3531250000000001 0.603125 0.3812500000000001 0.603125
0 0.403125 0.540625 0.3781250000000001 0.540625 0.3781250000000001 0.584375 0.403125 0.584375
0 0.4234375 0.56875 0.3937500000000001 0.56875 0.3937500000000001 0.6171875 0.4234375 0.6171875
0 0.6640625 0.59375 0.6265625 0.59375 0.6265625 0.6453125 0.6640625 0.6453125
0 0.70625 0.603125 0.66875 0.603125 0.66875 0.6703125 0.70625 0.6703125
0 0.465625 0.603125 0.403125 0.603125 0.403125 0.640625 0.465625 0.640625
0 0.49375 0.6359375 0.440625 0.6359375 0.440625 0.675 0.49375 0.675
0 0.5390625 0.646875 0.48125 0.646875 0.48125 0.703125 0.5390625 0.703125
0 0.59375 0.6171875 0.5515625 0.6171875 0.5515625 0.665625 0.59375 0.665625
0 0.63125 0.63125 0.59375 0.63125 0.59375 0.684375 0.63125 0.684375
0 0.6390625 0.6703125 0.609375 0.6703125 0.609375 0.703125 0.6390625 0.703125
0 0.68125 0.6609375 0.6359375 0.6609375 0.6359375 0.6984375 0.68125 0.6984375
0 0.7093750000000001 0.6890625 0.6765625 0.6890625 0.6765625000000001 0.7421875 0.7093750000000002 0.7421875
0 0.7390625 0.6796875000000001 0.70625 0.6796875 0.70625 0.7125000000000001 0.7390625 0.7125000000000001
0 0.16562500000000008 0.7265625 0.12031250000000009 0.7265625 0.12031250000000009 0.7609375 0.16562500000000008 0.7609375
0 0.1703125000000001 0.684375 0.12031250000000009 0.684375 0.12031250000000009 0.721875 0.1703125000000001 0.721875
0 0.2156250000000001 0.6984375 0.1750000000000001 0.6984375 0.1750000000000001 0.728125 0.2156250000000001 0.728125
0 0.2531250000000001 0.7078125 0.2078125000000001 0.7078125 0.2078125000000001 0.746875 0.2531250000000001 0.746875
0 0.2156250000000001 0.728125 0.1703125000000001 0.728125 0.1703125000000001 0.784375 0.2156250000000001 0.784375
0 0.18750000000000008 0.7796875 0.1296875000000001 0.7796875 0.1296875000000001 0.828125 0.18750000000000008 0.828125
0 0.1546875000000001 0.765625 0.07968750000000009 0.765625 0.0796875000000001 0.8328125 0.1546875000000001 0.8328125
0 0.2328125000000001 0.8046875 0.1828125000000001 0.8046875 0.1828125000000001 0.85625 0.2328125000000001 0.85625
0 0.2656250000000001 0.803125 0.2328125000000001 0.803125 0.2328125000000001 0.8421875 0.2656250000000001 0.8421875
0 0.27031250000000007 0.8515625 0.2156250000000001 0.8515625 0.2156250000000001 0.9140625 0.27031250000000007 0.9140625
0 0.3156250000000001 0.8515625 0.2656250000000001 0.8515625 0.2656250000000001 0.9 0.3156250000000001 0.9
0 0.3234375000000001 0.7984375 0.2734375000000001 0.7984375 0.2734375000000001 0.8515625 0.3234375000000001 0.8515625
0 0.3703125000000001 0.809375 0.33281250000000007 0.809375 0.33281250000000007 0.865625 0.3703125000000001 0.865625
0 0.4281250000000002 0.8328125 0.3828125000000001 0.8328125 0.3828125000000001 0.8796875 0.4281250000000002 0.8796875
0 0.4781250000000002 0.8328125 0.4281250000000002 0.8328125 0.4281250000000002 0.8953125 0.4781250000000002 0.8953125
0 0.5062500000000002 0.85625 0.46406250000000016 0.85625 0.46406250000000016 0.91875 0.5062500000000002 0.91875
0 0.5687500000000002 0.846875 0.5109375000000002 0.846875 0.5109375000000002 0.9046875 0.5687500000000002 0.9046875
0 0.5812500000000002 0.8046875 0.5265625000000002 0.8046875 0.5265625000000002 0.8515625 0.5812500000000002 0.8515625
0 0.6312500000000002 0.784375 0.5890625000000002 0.784375 0.5890625000000002 0.8421875 0.6312500000000002 0.8421875
0 0.6687500000000002 0.75625 0.6187500000000001 0.75625 0.6187500000000001 0.8234375 0.6687500000000002 0.8234375
0 0.6187500000000001 0.7609375 0.5812500000000002 0.7609375 0.5812500000000002 0.803125 0.6187500000000001 0.803125
0 0.6609375000000002 0.73125 0.6234375000000002 0.73125 0.6234375000000002 0.7609375 0.6609375000000002 0.7609375
0 0.6765625000000001 0.7078125 0.6390625 0.7078125 0.6390625000000001 0.746875 0.6765625000000002 0.746875
0 0.5984375000000001 0.7171875 0.565625 0.7171875 0.565625 0.7703125 0.5984375000000002 0.7703125
0 0.6140625000000001 0.6984375 0.58125 0.6984375 0.58125 0.728125 0.6140625000000002 0.728125
0 0.6109375 0.6703125 0.5609375 0.6703125 0.5609375 0.703125 0.6109375 0.703125
0 0.3312500000000001 0.69375 0.2906250000000001 0.69375 0.2906250000000001 0.7375 0.3312500000000001 0.7375
0 0.3812500000000001 0.684375 0.3359375000000001 0.684375 0.3359375000000001 0.7171875 0.3812500000000001 0.7171875
0 0.4390625 0.6609375 0.3984375000000001 0.6609375 0.3984375000000001 0.7171875 0.4390625 0.7171875
0 0.4781250000000001 0.7171875 0.440625 0.7171875 0.4406250000000001 0.7796875 0.4781250000000002 0.7796875
0 0.4437500000000002 0.7375 0.4109375000000002 0.7375 0.4109375000000002 0.784375 0.4437500000000002 0.784375
0 0.51875 0.7125 0.48125 0.7125 0.48125000000000007 0.775 0.5187500000000002 0.775
0 0.5640625000000001 0.7171875 0.5234375 0.7171875 0.5234375000000001 0.765625 0.5640625000000001 0.765625
0 0.5562500000000001 0.7609375 0.5234375000000002 0.7609375 0.5234375000000002 0.8078125 0.5562500000000001 0.8078125
0 0.5281250000000002 0.7796875 0.4781250000000002 0.7796875 0.4781250000000002 0.8234375 0.5281250000000002 0.8234375
0 0.4656250000000002 0.784375 0.4203125000000002 0.784375 0.4203125000000002 0.8328125 0.4656250000000002 0.8328125
0 0.4234375000000002 0.7984375 0.3812500000000001 0.7984375 0.3812500000000001 0.8421875 0.4234375000000002 0.8421875
0 0.3984375000000001 0.7515625 0.3656250000000001 0.7515625 0.3656250000000001 0.7984375 0.3984375000000001 0.7984375
0 0.3656250000000001 0.728125 0.33281250000000007 0.728125 0.33281250000000007 0.775 0.3656250000000001 0.775
0 0.3578125000000001 0.775 0.33281250000000007 0.775 0.33281250000000007 0.8140625 0.3578125000000001 0.8140625
0 0.3359375000000001 0.7421875 0.2953125000000001 0.7421875 0.2953125000000001 0.784375 0.3359375000000001 0.784375
0 0.3031250000000001 0.728125 0.2531250000000001 0.728125 0.2531250000000001 0.8 0.3031250000000001 0.8
0 0.2578125000000001 0.765625 0.2156250000000001 0.765625 0.2156250000000001 0.803125 0.2578125000000001 0.803125