0 0.10937500000000004 0.2375 2.9085361479749636e-17 0.2375 4.362804221962446e-17 0.475 0.10937500000000004 0.475
0 0.05937500000000003 0.184375 2.2579425359279323e-17 0.184375 2.803293063673238e-17 0.2734375 0.059375000000000046 0.2734375
0 0.023437500000000056 0.375 4.592425496802575e-17 0.375 5.539613255518106e-17 0.5296875 0.023437500000000066 0.5296875
0 0.11718750000000007 0.4109375 0.03281250000000006 0.4109375 0.032812500000000064 0.546875 0.11718750000000008 0.546875
0 0.6296875 6.840800479612169e-17 0.4875 5.970153145843348e-17 0.4875 0.22031250000000008 0.6296875 0.22031250000000008
0 0.740625 0.08281250000000008 0.6296875 0.08281250000000007 0.6296875 0.19687500000000008 0.740625 0.19687500000000008
0 0.859375 0.10156250000000008 0.74375 0.10156250000000008 0.74375 0.3218750000000001 0.859375 0.3218750000000001
0 0.8140625 0.2093750000000001 0.690625 0.2093750000000001 0.690625 0.3937500000000001 0.8140625 0.3937500000000001
0 0.859375 0.30937500000000007 0.79375 0.30937500000000007 0.79375 0.45312500000000017 0.859375 0.45312500000000017
0 0.7828125 0.3750000000000001 0.690625 0.3750000000000001 0.690625 0.45781250000000007 0.7828125 0.4578125000000002
0 0.8203125 0.3921875000000001 0.7765625 0.3921875000000001 0.7765625 0.44062500000000016 0.8203125 0.44062500000000016
0 0.7 0.3156250000000001 0.590625 0.3156250000000001 0.590625 0.4515625 0.7 0.4515625
0 0.703125 0.22031250000000008 0.6203125 0.22031250000000008 0.6203125 0.33281250000000007 0.703125 0.33281250000000007
0 0.65625 0.12500000000000006 0.5203125 0.12500000000000006 0.5203125 0.3390625000000001 0.65625 0.3390625000000001
0 0.603125 0.2796875000000001 0.54375 0.2796875000000001 0.54375 0.3984375000000001 0.603125 0.3984375000000001
0 0.55 0.2671875000000001 0.45 0.2671875000000001 0.45 0.3812500000000001 0.55 0.3812500000000001
0 0.6 0.3515625000000001 0.453125 0.3515625000000001 0.453125 0.4765625 0.6 0.4765625
0 0.453125 0.38750000000000007 0.3968750000000001 0.38750000000000007 0.3968750000000001 0.4765625 0.453125 0.4765625
0 0.4734375 0.2562500000000001 0.3671875 0.2562500000000001 0.36718750000000006 0.4515625 0.4734375 0.4515625
0 0.484375 0.22031250000000008 0.38125 0.22031250000000008 0.38125 0.2921875000000001 0.484375 0.2921875000000001
0 0.490625 0.11250000000000004 0.4 0.11250000000000004 0.4 0.2562500000000001 0.490625 0.2562500000000001
0 0.403125 0.16718750000000004 0.3203125 0.16718750000000004 0.3203125 0.28593750000000007 0.403125 0.28593750000000007
0 0.37031250000000004 0.26875000000000004 0.2765625 0.26875 0.27656250000000004 0.4296875 0.3703125000000001 0.4296875
0 0.3328125 0.203125 0.290625 0.203125 0.290625 0.2796875 0.3328125 0.2796875
0 0.296875 0.275 0.25625 0.275 0.25625 0.3046875 0.296875 0.3046875
0 0.27656250000000004 0.3046875 0.2328125 0.3046875 0.23281250000000003 0.3640625 0.2765625000000001 0.3640625
0 0.2531250000000001 0.3640625 0.22656250000000008 0.3640625 0.22656250000000008 0.4296875 0.2531250000000001 0.4296875
0 0.28593750000000007 0.375 0.2468750000000001 0.375 0.2468750000000001 0.440625 0.28593750000000007 0.440625
0 0.20312500000000006 0.3453125 0.13281250000000006 0.3453125 0.13281250000000006 0.4171875 0.20312500000000008 0.4171875
0 0.23593750000000008 0.36875 0.2000000000000001 0.36875 0.2000000000000001 0.434375 0.23593750000000008 0.434375
0 0.12656250000000005 0.3453125 0.10625000000000004 0.3453125 0.10625000000000004 0.4046875 0.12656250000000005 0.4046875
0 0.18281250000000004 0.3875 0.12031250000000004 0.3875 0.12031250000000004 0.4578125 0.18281250000000004 0.4578125
0 0.859375 0.8453125 0.8 0.8453125 0.8 0.99375 0.859375 0.99375
0 0.859375 0.6734375000000001 0.7734375 0.6734375000000001 0.7734375000000001 0.9640625 0.859375 0.9640625
0 0.859375 0.45312500000000017 0.7671875 0.45312500000000017 0.7671875000000001 0.7265625000000002 0.859375 0.7265625000000002
0 0.7703125000000001 0.7140625 0.5734375 0.7140625 0.5734375 0.99375 0.7703125000000002 0.99375
0 0.7968750000000001 0.6421875000000001 0.7125 0.6421875 0.7125000000000001 0.7796875000000001 0.7968750000000002 0.7796875000000002
0 0.803125 0.45781250000000007 0.7 0.4578125 0.7 0.6968750000000001 0.803125 0.6968750000000001
0 0.7234375 0.453125 0.55625 0.453125 0.55625 0.709375 0.7234375 0.709375
0 0.7203125000000001 0.6609375 0.5734375 0.6609375 0.5734375 0.8265625 0.7203125000000001 0.8265625
0 0.7171875 0.440625 0.6375 0.440625 0.6375 0.5171875 0.7171875 0.5171875
0 0.8234375 0.4468750000000002 0.759375 0.4468750000000002 0.759375 0.5062500000000002 0.8234375 0.5062500000000002
0 0.59375 0.453125 0.4765625 0.453125 0.4765625 0.6671875 0.59375 0.6671875
0 0.5875000000000001 0.6546875 0.453125 0.6546875 0.4531250000000001 0.946875 0.5875000000000001 0.946875
0 0.5937500000000002 0.934375 0.4593750000000002 0.934375 0.4593750000000002 0.99375 0.5937500000000002 0.99375
0 0.4859375000000002 0.86875 0.3703125000000001 0.86875 0.3703125000000001 0.99375 0.4859375000000002 0.99375
0 0.4875000000000001 0.6609375 0.37968750000000007 0.6609375 0.37968750000000007 0.8984375 0.48750000000000016 0.8984375
0 0.5078125 0.440625 0.38750000000000007 0.440625 0.38750000000000007 0.696875 0.5078125 0.696875
0 0.3906250000000001 0.446875 0.3000000000000001 0.446875 0.3000000000000001 0.6546875 0.3906250000000001 0.6546875
0 0.4140625000000001 0.6546875 0.3500000000000001 0.6546875 0.3500000000000001 0.7375 0.41406250000000017 0.7375
0 0.37968750000000007 0.625 0.2140625000000001 0.625 0.2140625000000001 0.9046875 0.37968750000000007 0.9046875
0 0.3671875000000001 0.8515625 0.1937500000000001 0.8515625 0.19375000000000012 0.99375 0.3671875000000001 0.99375
0 0.2296875000000001 0.828125 0.1375000000000001 0.828125 0.13750000000000012 0.99375 0.2296875000000001 0.99375
0 0.2468750000000001 0.625 0.1531250000000001 0.625 0.1531250000000001 0.8390625 0.2468750000000001 0.8390625
0 0.15312500000000012 0.809375 0.0437500000000001 0.809375 0.04375000000000011 0.99375 0.15312500000000012 0.99375
0 0.050000000000000114 0.8578125 0.014062500000000106 0.8578125 0.014062500000000113 0.99375 0.050000000000000114 0.99375
0 0.1703125000000001 0.6671875 0.1062500000000001 0.6671875 0.1062500000000001 0.8515625 0.1703125000000001 0.8515625
0 0.3078125000000001 0.5546875 0.18750000000000008 0.5546875 0.18750000000000008 0.64375 0.3078125000000001 0.64375
0 0.3671875000000001 0.434375 0.2296875000000001 0.434375 0.2296875000000001 0.559375 0.3671875000000001 0.559375
0 0.1828125000000001 0.578125 0.12031250000000009 0.578125 0.12031250000000009 0.684375 0.1828125000000001 0.684375
0 0.2671875000000001 0.4234375 0.15312500000000004 0.4234375 0.15312500000000007 0.571875 0.2671875000000001 0.571875
0 0.15781250000000008 0.446875 0.08750000000000005 0.446875 0.08750000000000005 0.571875 0.15781250000000008 0.571875
0 0.10937500000000007 0.5421875 6.639881864127056e-17 0.5421875 8.132420150587893e-17 0.7859375 0.10937500000000008 0.7859375
0 0.13437500000000008 0.6140625 0.010937500000000076 0.6140625 0.01093750000000009 0.8578125 0.13437500000000008 0.8578125
0 0.04062500000000011 0.7859375 9.62495843704873e-17 0.7859375 1.0897443001787776e-16 0.99375 0.04062500000000012 0.99375