0 0.9578125 0.9015625 0.7953125000000002 0.9015625 0.7953125000000002 0.9953125 0.9578125 0.9953125
0 0.996875 0.865625 0.9265625 0.865625 0.9265625 0.9953125 0.996875 0.9953125
0 0.996875 0.5671875000000002 0.7890625 0.5671875000000002 0.7890625000000001 0.9171875 0.996875 0.9171875
0 0.996875 0.49531250000000016 0.9 0.49531250000000016 0.9 0.7015625000000002 0.996875 0.7015625000000002
0 0.996875 0.7062500000000002 0.9734375 0.7062500000000002 0.9734375 0.88125 0.996875 0.88125
0 0.8921875 0.3609375000000001 0.715625 0.3609375000000001 0.715625 0.6859375000000001 0.8921875 0.6859375000000002
0 0.996875 0.27812500000000007 0.8234375 0.27812500000000007 0.8234375 0.5359375000000002 0.996875 0.5359375000000002
0 0.8390625 0.2578125000000001 0.68125 0.2578125000000001 0.68125 0.4843750000000001 0.8390625 0.48437500000000017
0 0.865625 0.10312500000000009 0.7078125 0.10312500000000009 0.7078125 0.2828125000000001 0.865625 0.2828125000000001
0 0.9578125 0.10781250000000012 0.83125 0.10781250000000009 0.83125 0.3296875000000001 0.9578125 0.3296875000000001
0 0.9953125 0.0718750000000001 0.9078125 0.0718750000000001 0.9078125 0.2218750000000001 0.9953125 0.2218750000000001
0 0.996875 0.17500000000000013 0.9421875 0.17500000000000013 0.9421875 0.3453125000000001 0.996875 0.3453125000000001
0 0.896875 1.0246849389740744e-16 0.7765625 9.510147799628666e-17 0.7765625 0.11875000000000009 0.896875 0.11875000000000009
0 0.9421875 0.04687500000000011 0.8890625 0.04687500000000011 0.8890625 0.11406250000000011 0.9421875 0.11406250000000014
0 0.784375 0.010937500000000091 0.6921875 0.010937500000000086 0.6921875 0.1453125000000001 0.784375 0.1453125000000001
0 0.6734375 0.04687500000000007 0.553125 0.04687500000000007 0.553125 0.2062500000000001 0.6734375 0.2062500000000001
0 0.7078125 0.10781250000000006 0.5390625 0.10781250000000005 0.5390625 0.428125 0.7078125 0.428125
0 0.6953125 0.4015625 0.6078125 0.4015625 0.6078125 0.53125 0.6953125 0.53125
0 0.746875 0.5265625 0.584375 0.5265625 0.584375 0.7125000000000001 0.746875 0.7125000000000001
0 0.8265625 0.659375 0.5078125 0.659375 0.5078125000000001 0.9953125 0.8265625 0.9953125
0 0.5578125000000002 0.8609375 0.4390625000000002 0.8609375 0.4390625000000002 0.9953125 0.5578125000000002 0.9953125
0 0.58125 0.6390625 0.4421875 0.6390625 0.44218750000000007 0.871875 0.5812500000000002 0.871875
0 0.45000000000000007 0.690625 0.2500000000000001 0.690625 0.2500000000000001 0.9078125 0.4500000000000002 0.9078125
0 0.5390625000000002 0.85625 0.2312500000000001 0.85625 0.2312500000000001 0.9953125 0.5390625000000002 0.9953125
0 0.23437500000000008 0.7109375 8.706473337688214e-17 0.7109375 1.0447768005225858e-16 0.9953125 0.23437500000000008 0.9953125
0 0.3046875000000001 0.5 0.07812500000000007 0.5 0.07812500000000008 0.7625 0.3046875000000001 0.7625
0 0.5078125 0.44375 0.3031250000000001 0.44375 0.3031250000000001 0.70625 0.5078125 0.70625
0 0.5421875 0.15000000000000005 0.33125 0.15000000000000005 0.33125000000000004 0.4375 0.5421875 0.4375
0 0.37343750000000003 0.27812500000000007 0.15312500000000004 0.278125 0.15312500000000004 0.5359375 0.3734375000000001 0.5359375
0 0.35 0.10781250000000005 0.184375 0.10781250000000005 0.184375 0.278125 0.35 0.278125
0 0.22656250000000006 0.2265625 0.057812500000000024 0.2265625 0.05781250000000003 0.38125 0.22656250000000008 0.38125
0 0.23125000000000004 0.340625 4.171453159595672e-17 0.340625 5.625721233583154e-17 0.578125 0.2312500000000001 0.578125
0 0.10312500000000009 0.5765625 7.060854201333958e-17 0.5765625 8.132420150587893e-17 0.7515625 0.10312500000000009 0.7515625