0 0.7265625000000002 0.7796875000000001 0.6562500000000002 0.7796875 0.6562500000000002 0.8921875 0.7265625000000002 0.8921875
0 0.7625000000000002 0.8453125 0.6968750000000001 0.8453125 0.6968750000000001 0.9515625 0.7625000000000002 0.9515625
0 0.996875 0.8578125 0.6937500000000002 0.8578125 0.6937500000000002 0.99375 0.996875 0.99375
0 0.990625 0.821875 0.9234375 0.821875 0.9234375 0.946875 0.990625 0.946875
0 0.8296875 0.8453125 0.7796875000000002 0.8453125 0.7796875000000002 0.921875 0.8296875 0.921875
0 0.8 0.565625 0.65625 0.565625 0.65625 0.7203125000000001 0.8 0.7203125000000001
0 0.996875 0.4578125000000002 0.8203125 0.4578125000000002 0.8203125 0.6968750000000001 0.996875 0.6968750000000001
0 0.996875 0.5656250000000002 0.809375 0.5656250000000002 0.809375 0.7734375000000002 0.996875 0.7734375000000002
0 0.8703125 0.6375000000000002 0.8125 0.6375000000000002 0.8125 0.7031250000000002 0.8703125 0.7031250000000002
0 0.903125 0.1609375000000001 0.6765625 0.1609375000000001 0.6765625 0.4640625000000001 0.903125 0.46406250000000016
0 0.7109375 0.04843750000000008 0.5609375 0.048437500000000064 0.5609375 0.3390625000000001 0.7109375 0.3390625000000001
0 0.7375 0.17968750000000008 0.6875 0.17968750000000008 0.6875 0.3343750000000001 0.7375 0.3343750000000001
0 0.6296875 6.879070692085523e-17 0.49375 6.046693570790056e-17 0.49375 0.3281250000000001 0.6296875 0.3281250000000001
0 0.5609375 0.2671875000000001 0.484375 0.2671875000000001 0.484375 0.3515625000000001 0.5609375 0.3515625000000001
0 0.5578125 6.23804463315683e-17 0.4609375 5.644856339819831e-17 0.4609375 0.2500000000000001 0.5578125 0.2500000000000001
0 0.4671875 0.03593750000000005 0.3296875 0.035937500000000046 0.3296875 0.26250000000000007 0.4671875 0.26250000000000007
0 0.4796875 0.20781250000000004 0.3265625 0.2078125 0.32656250000000003 0.38750000000000007 0.4796875 0.38750000000000007
0 0.6640625000000001 0.6140625 0.534375 0.6140625 0.534375 0.7984375 0.6640625000000002 0.7984375
0 0.6437500000000002 0.7390625 0.4500000000000002 0.7390625 0.4500000000000002 0.953125 0.6437500000000002 0.953125
0 0.6640625000000002 0.75625 0.5875000000000001 0.75625 0.5875000000000001 0.8515625 0.6640625000000002 0.8515625
0 0.6328125000000002 0.9109375 0.5406250000000001 0.9109375 0.5406250000000001 0.99375 0.6328125000000002 0.99375
0 0.5265625000000002 0.928125 0.41718750000000016 0.928125 0.41718750000000016 0.99375 0.5265625000000002 0.99375
0 0.5375000000000002 0.7625 0.15781250000000008 0.7625 0.1578125000000001 0.99375 0.5375000000000002 0.99375
0 0.4468750000000001 0.6125 0.2093750000000001 0.6125 0.2093750000000001 0.875 0.4468750000000002 0.875
0 0.4468750000000001 0.565625 0.15625000000000008 0.565625 0.15625000000000008 0.75 0.4468750000000002 0.75
0 0.14062500000000008 0.565625 0.10312500000000009 0.565625 0.10312500000000009 0.6375 0.14062500000000008 0.6375
0 0.11718750000000008 0.625 0.08281250000000007 0.625 0.08281250000000008 0.684375 0.11718750000000008 0.684375
0 0.15625000000000008 0.6375 0.12343750000000009 0.6375 0.12343750000000009 0.696875 0.15625000000000008 0.696875
0 0.12343750000000009 0.696875 0.09687500000000009 0.696875 0.09687500000000009 0.7734375 0.12343750000000009 0.7734375
0 0.09375000000000008 0.690625 0.06406250000000009 0.690625 0.06406250000000009 0.7625 0.09375000000000008 0.7625
0 0.07031250000000008 0.6421875 0.03281250000000008 0.6421875 0.032812500000000085 0.7203125 0.07031250000000008 0.7203125
0 0.08750000000000008 0.625 0.06406250000000006 0.625 0.06406250000000008 0.684375 0.08750000000000009 0.684375
0 0.03281250000000009 0.684375 0.0031250000000000834 0.684375 0.0031250000000000886 0.7734375 0.0328125000000001 0.7734375
0 0.06406250000000009 0.7375 0.034375000000000086 0.7375 0.03437500000000009 0.809375 0.06406250000000009 0.809375
0 0.10937500000000008 0.75625 0.0671875000000001 0.75625 0.0671875000000001 0.8390625 0.10937500000000008 0.8390625
0 0.0968750000000001 0.7921875 9.701498861995439e-17 0.7921875 1.0505173323935891e-16 0.9234375 0.09687500000000011 0.9234375
0 0.050000000000000114 0.8640625 1.0581713748882599e-16 0.8640625 1.130884778587634e-16 0.9828125 0.050000000000000114 0.9828125
0 0.053125000000000075 0.5421875 6.639881864127056e-17 0.5421875 7.510529197895876e-17 0.684375 0.05312500000000009 0.684375
0 0.09062500000000008 0.559375 0.06093750000000007 0.559375 0.060937500000000075 0.6375 0.0906250000000001 0.6375
0 0.2796875 2.898968594856625e-17 0.19375 2.3727531733479968e-17 0.19375000000000003 0.2140625 0.2796875 0.2140625
0 0.27343750000000006 0.05937500000000003 0.1359375 0.059375000000000025 0.13593750000000002 0.38125 0.2734375000000001 0.38125
0 0.340625 0.023437500000000038 0.2765625 0.023437500000000035 0.2765625 0.321875 0.340625 0.321875
2 0.840625 0.43437500000000007 0.653125 0.434375 0.6531250000000001 0.7265625000000001 0.840625 0.7265625000000002
2 0.23437500000000006 0.07187500000000002 0.1140625 0.07187500000000002 0.11406250000000004 0.63125 0.23437500000000008 0.63125
2 0.14375000000000004 0.06562500000000002 0.053125 0.065625 0.05312500000000003 0.559375 0.1437500000000001 0.559375