0 0.996875 0.9078125 0.8703125 0.9078125 0.8703125 0.9953125 0.996875 0.9953125
0 0.996875 0.86875 0.9671875 0.86875 0.9671875 0.9234375 0.996875 0.9234375
0 0.996875 0.6609375000000002 0.8625 0.6609375000000002 0.8625 0.9125 0.996875 0.9125
0 0.934375 0.5406250000000001 0.8375 0.5406250000000001 0.8375 0.6609375000000002 0.934375 0.6609375000000002
0 0.996875 0.46406250000000016 0.9234375 0.46406250000000016 0.9234375 0.7046875000000001 0.996875 0.7046875000000001
0 0.8625 0.5468750000000001 0.7140625 0.546875 0.7140625 0.7656250000000001 0.8625 0.7656250000000002
0 0.884375 0.5953125000000001 0.678125 0.5953125 0.6781250000000001 0.9015625 0.884375 0.9015625
0 0.7390625000000001 0.6343750000000001 0.5984375 0.634375 0.5984375000000001 0.809375 0.7390625000000002 0.809375
0 0.8765625 0.8203125 0.7140625000000002 0.8203125 0.7140625000000002 0.9953125 0.8765625 0.9953125
0 0.8625 0.9453125 0.7718750000000002 0.9453125 0.7718750000000002 0.9953125 0.8625 0.9953125
0 0.978125 0.3937500000000001 0.821875 0.3937500000000001 0.821875 0.5796875000000001 0.978125 0.5796875000000001
0 0.996875 0.4046875000000002 0.9390625 0.4046875000000002 0.9390625 0.4703125000000002 0.996875 0.4703125000000002
0 0.996875 0.3671875000000001 0.9234375 0.3671875000000001 0.9234375 0.4109375000000002 0.996875 0.4109375000000002
0 0.9203125 0.37187500000000007 0.884375 0.37187500000000007 0.884375 0.3984375000000001 0.9203125 0.3984375000000001
0 0.9609375 0.27812500000000007 0.90625 0.27812500000000007 0.90625 0.3828125000000001 0.9609375 0.3828125000000001
0 0.996875 0.2687500000000001 0.95625 0.2687500000000001 0.95625 0.3781250000000001 0.996875 0.3781250000000001
0 0.9203125 0.27812500000000007 0.8546875 0.27812500000000007 0.8546875 0.3828125000000001 0.9203125 0.3828125000000001
0 0.9125 0.23593750000000008 0.8484375 0.23593750000000008 0.8484375 0.2796875000000001 0.9125 0.2796875000000001
0 0.9609375 0.13125000000000012 0.865625 0.1312500000000001 0.865625 0.26250000000000007 0.9609375 0.26250000000000007
0 0.996875 0.17031250000000014 0.9453125 0.17031250000000014 0.9453125 0.2796875000000001 0.996875 0.2796875000000001
0 0.9421875 0.2515625000000001 0.9125 0.2515625000000001 0.9125 0.2843750000000001 0.9421875 0.2843750000000001
0 0.8328125 0.0984375000000001 0.746875 0.0984375000000001 0.746875 0.2953125000000001 0.8328125 0.2953125000000001
0 0.8765625 0.2515625000000001 0.7796875 0.2515625000000001 0.7796875 0.3656250000000001 0.8765625 0.3656250000000001
0 0.8765625 0.3218750000000001 0.6921875 0.3218750000000001 0.6921875 0.6890625000000001 0.8765625 0.6890625000000001
0 0.8375 0.4859375000000002 0.796875 0.4859375000000002 0.796875 0.5250000000000001 0.8375 0.5250000000000001
0 0.859375 0.5250000000000001 0.8234375 0.5250000000000001 0.8234375 0.5578125000000002 0.859375 0.5578125000000002
0 0.996875 0.03281250000000012 0.9171875 0.03281250000000011 0.9171875 0.16875000000000012 0.996875 0.16875000000000012
0 0.9953125 1.198814405727839e-16 0.9625 1.1787225441793274e-16 0.9625 0.037500000000000124 0.9953125 0.037500000000000124
0 0.953125 1.1337550445231355e-16 0.8984375 1.1002686086089502e-16 0.8984375 0.06562500000000011 0.953125 0.06562500000000011
0 0.846875 1.0036363221137293e-16 0.7921875 9.701498861995439e-17 0.7921875 0.0265625000000001 0.846875 0.0265625000000001
0 0.9140625 1.0352092474042471e-16 0.7765625 9.510147799628666e-17 0.7765625 0.010937500000000103 0.9140625 0.01093750000000011
0 0.8953125 0.010937500000000103 0.76875 0.010937500000000095 0.76875 0.0765625000000001 0.8953125 0.07656250000000012
0 0.9171875 0.07031250000000011 0.8484375 0.07031250000000011 0.8484375 0.1640625000000001 0.9171875 0.16406250000000014
0 0.8453125 0.0546875000000001 0.8015625 0.05468750000000009 0.8015625 0.12031250000000009 0.8453125 0.12031250000000009
0 0.8875 0.015625000000000104 0.821875 0.0156250000000001 0.821875 0.1531250000000001 0.8875 0.1531250000000001
0 0.7609375 8.983932378120038e-17 0.70625 8.649068018978182e-17 0.70625 0.07656250000000009 0.7609375 0.07656250000000009
0 0.8296875 0.10312500000000009 0.7421875 0.10312500000000009 0.7421875 0.3062500000000001 0.8296875 0.3062500000000001
0 0.8015625 0.1531250000000001 0.746875 0.1531250000000001 0.746875 0.2953125000000001 0.8015625 0.2953125000000001
0 0.8484375 0.1921875000000001 0.7359375 0.1921875000000001 0.7359375 0.2796875000000001 0.8484375 0.2796875000000001
0 0.8484375 0.16406250000000008 0.796875 0.16406250000000008 0.796875 0.2015625000000001 0.8484375 0.2015625000000001
0 0.8265625 0.11562500000000009 0.7796875 0.11562500000000009 0.7796875 0.1593750000000001 0.8265625 0.1593750000000001
0 0.7578125 0.3609375000000001 0.659375 0.3609375000000001 0.659375 0.5296875000000001 0.7578125 0.5296875000000002
0 0.8078125 0.3609375000000001 0.7421875 0.3609375000000001 0.7421875 0.43750000000000017 0.8078125 0.43750000000000017
0 0.753125 0.3609375000000001 0.725 0.3609375000000001 0.725 0.4046875000000001 0.753125 0.4046875000000002
0 0.7796875 0.3125000000000001 0.721875 0.3125000000000001 0.721875 0.3671875000000001 0.7796875 0.3671875000000001
0 0.7390625 0.27812500000000007 0.6890625 0.27812500000000007 0.6890625 0.3390625000000001 0.7390625 0.3390625000000001
0 0.7203125 0.3281250000000001 0.6921875 0.3281250000000001 0.6921875 0.37187500000000007 0.7203125 0.37187500000000007
0 0.7609375 0.2250000000000001 0.70625 0.2250000000000001 0.70625 0.2796875000000001 0.7609375 0.2796875000000001
0 0.7171875 0.19687500000000008 0.684375 0.19687500000000008 0.684375 0.2515625000000001 0.7171875 0.2515625000000001
0 0.6890625 0.2078125000000001 0.659375 0.2078125000000001 0.659375 0.2562500000000001 0.6890625 0.2562500000000001
0 0.653125 0.20312500000000008 0.628125 0.20312500000000008 0.628125 0.23593750000000008 0.653125 0.23593750000000008
0 0.6265625 0.1750000000000001 0.6015625 0.1750000000000001 0.6015625 0.2078125000000001 0.6265625 0.2078125000000001
0 0.615625 0.14843750000000008 0.5875 0.14843750000000008 0.5875 0.20312500000000008 0.615625 0.20312500000000008
0 0.70625 0.054687500000000076 0.5984375 0.05468750000000007 0.5984375 0.2015625000000001 0.70625 0.2015625000000001
0 0.8015625 0.07656250000000009 0.7109375 0.07656250000000009 0.7109375 0.1359375000000001 0.8015625 0.1359375000000001
0 0.746875 0.1312500000000001 0.70625 0.1312500000000001 0.70625 0.1750000000000001 0.746875 0.1750000000000001
0 0.746875 0.1750000000000001 0.70625 0.1750000000000001 0.70625 0.21875000000000008 0.746875 0.21875000000000008
0 0.7171875 0.03281250000000008 0.56875 0.032812500000000064 0.56875 0.08750000000000008 0.7171875 0.08750000000000009
0 0.6125 7.051286648215619e-17 0.5390625 6.6016116516537e-17 0.5390625 0.05468750000000007 0.6125 0.05468750000000007
0 0.66875 7.596637175960925e-17 0.571875 7.003448882623926e-17 0.571875 0.04843750000000007 0.66875 0.04843750000000008
0 0.703125 8.409879191019715e-17 0.6703125 8.208960575534602e-17 0.6703125 0.021875000000000085 0.703125 0.02187500000000009
0 0.6890625 0.2843750000000001 0.590625 0.2843750000000001 0.590625 0.3609375000000001 0.6890625 0.3609375000000001
0 0.6671875 0.2406250000000001 0.634375 0.2406250000000001 0.634375 0.2890625000000001 0.6671875 0.2890625000000001
0 0.63125 0.2078125000000001 0.51875 0.2078125000000001 0.51875 0.2843750000000001 0.63125 0.2843750000000001
0 0.703125 0.3828125000000001 0.54375 0.3828125000000001 0.54375 0.60625 0.703125 0.60625
0 0.6453125 0.56875 0.5328125 0.56875 0.5328125 0.6890625 0.6453125 0.6890625
0 0.721875 0.65 0.5984375 0.65 0.5984375000000001 0.803125 0.7218750000000002 0.803125
0 0.8875 0.7593750000000001 0.7328125000000002 0.7593750000000001 0.7328125000000002 0.896875 0.8875 0.896875
0 0.7359375000000001 0.7328125000000001 0.6203125000000002 0.7328125 0.6203125000000002 0.8859375 0.7359375000000001 0.8859375
0 0.7390625000000002 0.934375 0.5984375000000002 0.934375 0.5984375000000002 0.9953125 0.7390625000000002 0.9953125
0 0.6515625000000002 0.8640625 0.5546875000000002 0.8640625 0.5546875000000002 0.9890625 0.6515625000000002 0.9890625
0 0.7031250000000002 0.875 0.6406250000000002 0.875 0.6406250000000002 0.940625 0.7031250000000002 0.940625
0 0.6375000000000002 0.7765625 0.5875000000000001 0.7765625 0.5875000000000001 0.875 0.6375000000000002 0.875
0 0.6187500000000001 0.6609375 0.4640625 0.6609375 0.4640625000000001 0.9515625 0.6187500000000001 0.9515625
0 0.5687500000000002 0.9125 0.4781250000000002 0.9125 0.4781250000000002 0.9953125 0.5687500000000002 0.9953125
0 0.5000000000000002 0.759375 0.40156250000000016 0.759375 0.40156250000000016 0.9953125 0.5000000000000002 0.9953125
0 0.5000000000000002 0.7375 0.4593750000000002 0.7375 0.4593750000000002 0.7984375 0.5000000000000002 0.7984375
0 0.590625 0.65625 0.51875 0.65625 0.51875 0.7109375 0.590625 0.7109375
0 0.5328125 0.6125 0.5 0.6125 0.5 0.671875 0.5328125 0.671875
0 0.546875 0.48125 0.4640625 0.48125 0.4640625 0.6171875 0.546875 0.6171875
0 0.56875 0.3937500000000001 0.525 0.3937500000000001 0.525 0.5140625 0.56875 0.5140625
0 0.40156250000000016 0.8578125 0.2828125000000001 0.8578125 0.2828125000000001 0.9953125 0.40156250000000016 0.9953125
0 0.28593750000000007 0.934375 0.2687500000000001 0.934375 0.2687500000000001 0.9953125 0.28593750000000007 0.9953125
0 0.3296875000000001 0.78125 0.22031250000000008 0.78125 0.22031250000000008 0.934375 0.3296875000000001 0.934375
0 0.4281250000000001 0.721875 0.3234375000000001 0.721875 0.3234375000000001 0.875 0.4281250000000002 0.875
0 0.49687500000000007 0.6390625 0.39531250000000007 0.6390625 0.39531250000000007 0.759375 0.4968750000000002 0.759375
0 0.5 0.5796875 0.428125 0.5796875 0.428125 0.678125 0.5 0.678125
0 0.4671875 0.5359375 0.428125 0.5359375 0.428125 0.6125 0.4671875 0.6125
0 0.43125 0.4703125 0.3437500000000001 0.4703125 0.3437500000000001 0.5625 0.43125 0.5625
0 0.43125 0.546875 0.3046875000000001 0.546875 0.3046875000000001 0.6671875 0.43125 0.6671875
0 0.3843750000000001 0.6234375 0.2609375000000001 0.6234375 0.2609375000000001 0.7875 0.3843750000000001 0.7875
0 0.2640625000000001 0.8578125 0.1671875000000001 0.8578125 0.1671875000000001 0.9953125 0.2640625000000001 0.9953125
0 0.17812500000000014 0.91875 0.025000000000000112 0.91875 0.025000000000000116 0.9953125 0.17812500000000014 0.9953125
0 0.18437500000000012 0.78125 0.05468750000000009 0.78125 0.0546875000000001 0.9625 0.18437500000000012 0.9625
0 0.2531250000000001 0.715625 0.15625000000000008 0.715625 0.15625000000000008 0.8640625 0.2531250000000001 0.8640625
0 0.3109375000000001 0.56875 0.1921875000000001 0.56875 0.1921875000000001 0.7546875 0.3109375000000001 0.7546875
0 0.34843750000000007 0.51875 0.2687500000000001 0.51875 0.2687500000000001 0.6015625 0.34843750000000007 0.6015625
0 0.2640625000000001 0.4921875 0.2140625000000001 0.4921875 0.2140625000000001 0.5734375 0.2640625000000001 0.5734375
0 0.24375000000000008 0.48125 0.18906250000000005 0.48125 0.18906250000000005 0.5359375 0.24375000000000008 0.5359375
0 0.2140625000000001 0.4 0.16250000000000003 0.4 0.16250000000000003 0.4875 0.2140625000000001 0.4875
0 0.2250000000000001 0.4046875 0.17343750000000005 0.4046875 0.17343750000000005 0.459375 0.2250000000000001 0.459375
0 0.17812500000000006 0.43125 0.046875000000000056 0.43125 0.04687500000000006 0.5734375 0.1781250000000001 0.5734375
0 0.1781250000000001 0.5578125 0.032812500000000064 0.5578125 0.03281250000000008 0.765625 0.1781250000000001 0.765625
0 0.18906250000000008 0.5953125 0.10156250000000008 0.5953125 0.10156250000000008 0.7375 0.18906250000000008 0.7375
0 0.1593750000000001 0.721875 0.057812500000000086 0.721875 0.057812500000000086 0.8140625 0.1593750000000001 0.8140625
0 0.057812500000000114 0.83125 1.0179876517912373e-16 0.83125 1.1012253639207839e-16 0.9671875 0.057812500000000114 0.9671875
0 0.029687500000000124 0.9625 1.1787225441793274e-16 0.9625 1.198814405727839e-16 0.9953125 0.029687500000000124 0.9953125
0 0.0687500000000001 0.765625 9.376202055971923e-17 0.765625 9.978957902427261e-17 0.8640625 0.06875000000000012 0.8640625
0 0.05000000000000008 0.5734375 7.022583988860603e-17 0.5734375 8.027177066286166e-17 0.7375 0.050000000000000086 0.7375
0 0.07187500000000006 0.56875 0.04375000000000007 0.56875 0.043750000000000074 0.5953125 0.07187500000000006 0.5953125
0 0.057812500000000065 0.4703125 5.759666977239896e-17 0.4703125 6.429395695523604e-17 0.5796875 0.057812500000000065 0.5796875
0 0.17031250000000003 0.1859375 2.27707764216461e-17 0.1859375 3.951399437873882e-17 0.459375 0.17031250000000003 0.459375
0 0.3234375 0.21875 0.15312500000000004 0.21875 0.15312500000000004 0.3109375 0.3234375 0.3109375
0 0.4640625 0.16406250000000006 0.3734375 0.16406250000000006 0.3734375 0.2296875000000001 0.4640625 0.2296875000000001
0 0.4171875 0.02187500000000004 0.29375 0.021875000000000033 0.29375 0.25625000000000003 0.4171875 0.2562500000000001
0 0.39843750000000006 0.28437500000000004 0.34375 0.284375 0.34375000000000006 0.43125 0.3984375000000001 0.43125
0 0.36250000000000004 0.2953125 0.2171875 0.2953125 0.21718750000000003 0.5140625 0.3625000000000001 0.5140625
0 0.5140625 0.3281250000000001 0.3875 0.3281250000000001 0.38750000000000007 0.51875 0.5140625 0.51875
0 0.565625 0.3984375000000001 0.525 0.3984375000000001 0.525 0.4921875 0.565625 0.4921875
0 0.5796875 0.3109375000000001 0.4859375 0.3109375000000001 0.4859375 0.3937500000000001 0.5796875 0.3937500000000001
0 0.584375 0.27812500000000007 0.5375 0.27812500000000007 0.5375 0.3390625000000001 0.584375 0.3390625000000001
0 0.63125 0.2515625000000001 0.5578125 0.2515625000000001 0.5578125 0.31718750000000007 0.63125 0.31718750000000007
0 0.5515625 0.17031250000000006 0.51875 0.17031250000000003 0.51875 0.2140625000000001 0.5515625 0.2140625000000001
0 0.590625 0.09843750000000007 0.55 0.09843750000000007 0.55 0.1687500000000001 0.590625 0.1687500000000001
0 0.5796875 0.16406250000000008 0.55 0.16406250000000008 0.55 0.2234375000000001 0.5796875 0.2234375000000001
0 0.4890625 0.04375000000000005 0.40625 0.043750000000000046 0.40625 0.16875000000000004 0.4890625 0.16875000000000004
0 0.51875 0.14687500000000003 0.471875 0.14687500000000003 0.471875 0.2406250000000001 0.51875 0.2406250000000001
0 0.5546875 0.07187500000000006 0.496875 0.07187500000000006 0.496875 0.17031250000000006 0.5546875 0.1703125000000001
0 0.5875 0.05937500000000007 0.5359375 0.05937500000000007 0.5359375 0.10937500000000007 0.5875 0.10937500000000008
0 0.5390625 6.132801548855104e-17 0.4625 5.663991446056509e-17 0.4625 0.08125000000000007 0.5390625 0.08125000000000007
0 0.4828125 5.4917754899264124e-17 0.4140625 5.070803152719509e-17 0.4140625 0.04375000000000005 0.4828125 0.04375000000000005
0 0.203125 0.032812500000000015 0.1125 0.03281250000000001 0.1125 0.16875 0.203125 0.16875000000000004
0 0.2578125 0.15781250000000005 0.1953125 0.15781250000000005 0.19531250000000003 0.2296875 0.2578125 0.2296875
0 0.225 0.2296875 0.16718750000000004 0.2296875 0.16718750000000004 0.278125 0.225 0.278125
0 0.3 0.10937500000000004 0.2359375 0.10937500000000004 0.2359375 0.21875 0.3 0.21875
0 0.25 0.07656250000000002 0.1953125 0.07656250000000002 0.1953125 0.14687500000000003 0.25 0.14687500000000003
0 0.34375 2.994644126040012e-17 0.1453125 1.7795648800109975e-17 0.1453125 0.08750000000000004 0.34375 0.08750000000000005
0 0.4203125 4.6402632623942676e-17 0.3375 4.133182947122317e-17 0.3375 0.05468750000000004 0.4203125 0.05468750000000004
0 0.1671875 1.358592542804095e-17 0.0546875 6.6972871828370884e-18 0.0546875 0.054687500000000014 0.1671875 0.05468750000000002
0 0.1015625 0.026562500000000006 0.021875000000000006 0.0265625 0.021875000000000012 0.13125 0.1015625 0.13125
0 0.11562500000000002 0.103125 1.262917011620708e-17 0.103125 1.8369701987210297e-17 0.196875 0.11562500000000005 0.196875
0 0.18906250000000002 0.14687500000000003 1.798699986247675e-17 0.146875 3.645237738087043e-17 0.4484375 0.18906250000000005 0.4484375
0 0.2140625 0.3234375 0.17031250000000003 0.3234375 0.17031250000000003 0.35625 0.2140625 0.35625
0 0.23125000000000004 0.35 0.17031250000000003 0.35 0.17031250000000003 0.4046875 0.2312500000000001 0.4046875
0 0.996875 6.104098889500089e-17 0 0 6.09453133638175e-17 0.9953125 0.996875 0.9953125