0 0.6375 0.2718750000000001 0.3890625 0.2718750000000001 0.38906250000000003 0.709375 0.6375 0.709375
0 0.85625 0.2796875000000001 0.6234375 0.2796875000000001 0.6234375 0.6375000000000001 0.85625 0.6375000000000002
0 0.984375 0.2250000000000001 0.8203125 0.2250000000000001 0.8203125 0.6125000000000002 0.984375 0.6125000000000002
0 0.99375 0.5453125000000002 0.771875 0.5453125000000002 0.7718750000000001 0.7703125000000002 0.99375 0.7703125000000002
0 0.9578125 0.6859375000000002 0.7515625 0.6859375000000002 0.7515625000000001 0.934375 0.9578125 0.934375
0 0.7265625000000001 0.5703125000000001 0.54375 0.5703125 0.5437500000000001 0.9703125 0.7265625000000002 0.9703125
0 0.7718750000000001 0.5765625000000001 0.571875 0.5765625 0.5718750000000001 0.8859375 0.7718750000000002 0.8859375
0 0.5875000000000001 0.721875 0.3203125000000001 0.721875 0.3203125000000001 0.9765625 0.5875000000000001 0.9765625
0 0.5265625 0.528125 0.3765625000000001 0.528125 0.3765625000000001 0.7453125 0.5265625000000002 0.7453125
0 0.4125000000000001 0.4234375 0.2062500000000001 0.4234375 0.2062500000000001 0.7578125 0.4125000000000002 0.7578125
0 0.478125 0.12656250000000005 0.271875 0.12656250000000005 0.27187500000000003 0.4484375 0.478125 0.4484375
0 0.646875 6.716422289073765e-17 0.45 5.5109105961630896e-17 0.45 0.33281250000000007 0.646875 0.33281250000000007
0 0.8140625 0.1390625000000001 0.628125 0.1390625000000001 0.628125 0.38750000000000007 0.8140625 0.38750000000000007
0 0.30781250000000004 0.07968750000000004 0.153125 0.07968750000000002 0.153125 0.39375 0.3078125000000001 0.39375
0 0.2515625000000001 0.3640625 0.035937500000000046 0.3640625 0.03593750000000007 0.696875 0.2515625000000001 0.696875
0 0.3265625000000001 0.6796875 0.10468750000000009 0.6796875 0.10468750000000011 0.928125 0.3265625000000001 0.928125
0 0.11718750000000008 0.6296875 7.711447813380989e-17 0.6296875 8.974364825001696e-17 0.8359375 0.11718750000000008 0.8359375