0 0.996875 1.0246849389740744e-16 0.6765625 8.285501000481311e-17 0.6765625 0.4531250000000001 0.996875 0.45312500000000017
0 0.996875 0.4203125000000002 0.928125 0.4203125000000002 0.928125 0.5578125000000002 0.996875 0.5578125000000002
0 0.996875 0.5078125000000002 0.8140625 0.5078125000000002 0.8140625 0.825 0.996875 0.825
0 0.996875 0.7765625000000002 0.8109375 0.7765625000000002 0.8109375 0.9953125 0.996875 0.9953125
0 0.7828125000000001 0.6718750000000001 0.4625 0.671875 0.4625000000000001 0.9953125 0.7828125000000001 0.9953125
0 0.846875 0.4093750000000001 0.665625 0.409375 0.665625 0.6671875 0.846875 0.6671875000000002
0 0.7046875 0.27812500000000007 0.5203125 0.27812500000000007 0.5203125 0.525 0.7046875 0.525
0 0.6875 0.11406250000000007 0.4390625 0.11406250000000004 0.4390625 0.31718750000000007 0.6875 0.31718750000000007
0 0.4359375 3.559129760021995e-17 0.1453125 1.7795648800109975e-17 0.1453125 0.38281250000000006 0.4359375 0.3828125000000001
0 0.4515625 0.25781250000000006 0.12812500000000004 0.2578125 0.12812500000000007 0.5859375 0.4515625 0.5859375
0 0.7703125 7.33831324176578e-17 0.428125 5.2430191088496056e-17 0.428125 0.2890625000000001 0.7703125 0.2890625000000001
0 0.24062500000000003 0.06562500000000002 8.036744619404505e-18 0.065625 3.4156164632469147e-17 0.4921875 0.2406250000000001 0.4921875
0 0.07656250000000006 0.4203125 5.147343577666219e-17 0.4203125 6.39112548305025e-17 0.6234375 0.07656250000000006 0.6234375
0 0.19687500000000008 0.475 0.029687500000000054 0.475 0.029687500000000068 0.65 0.19687500000000008 0.65
0 0.03593750000000009 0.60625 7.424421219830829e-17 0.60625 8.96479727188336e-17 0.8578125 0.0359375000000001 0.8578125
0 0.3265625000000001 0.4640625 5.683126552293186e-17 0.4640625 8.189825469297925e-17 0.8734375 0.3265625000000001 0.8734375
0 0.415625 0.4109375 0.31718750000000007 0.4109375 0.31718750000000007 0.553125 0.415625 0.553125
0 0.440625 0.4640625 0.4 0.4640625 0.4 0.56875 0.440625 0.56875
0 0.4109375 0.546875 0.3234375000000001 0.546875 0.3234375000000001 0.6609375 0.4109375 0.6609375
0 0.4546875000000001 0.65625 0.3343750000000001 0.65625 0.3343750000000001 0.8140625 0.4546875000000002 0.8140625
0 0.4796875 0.5625 0.4109375 0.5625 0.4109375 0.7 0.4796875 0.7
0 0.553125 0.51875 0.4515625 0.51875 0.4515625 0.6671875 0.553125 0.6671875
0 0.4796875 0.5078125 0.44375 0.5078125 0.44375 0.56875 0.4796875 0.56875
0 0.534375 0.3000000000000001 0.4140625 0.3000000000000001 0.4140625 0.5140625 0.534375 0.5140625
0 0.6546875 0.5296875 0.55625 0.5296875 0.55625 0.6390625 0.6546875 0.6390625
0 0.66875 0.6125 0.6 0.6125 0.6 0.7 0.66875 0.7
0 0.596875 0.6171875 0.5203125 0.6171875 0.5203125000000001 0.7328125 0.5968750000000002 0.7328125
0 0.55 0.51875 0.4515625 0.51875 0.4515625 0.6609375 0.55 0.6609375
0 0.5390625000000001 0.6671875 0.5015625 0.6671875 0.5015625000000001 0.74375 0.5390625000000002 0.74375
0 0.465625 0.65625 0.4328125 0.65625 0.4328125 0.7 0.465625 0.7
0 0.5640625000000001 0.7703125 0.4984375000000002 0.7703125 0.4984375000000002 0.890625 0.5640625000000001 0.890625
0 0.6250000000000002 0.8203125 0.5671875000000002 0.8203125 0.5671875000000002 0.934375 0.6250000000000002 0.934375
0 0.6296875000000002 0.934375 0.5859375000000002 0.934375 0.5859375000000002 0.978125 0.6296875000000002 0.978125
0 0.5921875000000002 0.95625 0.5640625000000001 0.95625 0.5640625000000001 0.9953125 0.5921875000000002 0.9953125
0 0.5859375000000002 0.890625 0.5171875000000001 0.890625 0.5171875000000001 0.9953125 0.5859375000000002 0.9953125
0 0.5171875000000001 0.91875 0.47968750000000016 0.91875 0.47968750000000016 0.9890625 0.5171875000000001 0.9890625
0 0.4734375000000002 0.890625 0.4359375000000002 0.890625 0.4359375000000002 0.9515625 0.4734375000000002 0.9515625
0 0.48750000000000016 0.9625 0.4437500000000002 0.9625 0.4437500000000002 0.9953125 0.48750000000000016 0.9953125
0 0.4906250000000002 0.803125 0.4359375000000002 0.803125 0.4359375000000002 0.875 0.4906250000000002 0.875
0 0.4156250000000002 0.8140625 0.3609375000000001 0.8140625 0.3609375000000001 0.896875 0.4156250000000002 0.896875
0 0.4437500000000002 0.8859375 0.3671875000000001 0.8859375 0.3671875000000001 0.9953125 0.4437500000000002 0.9953125
0 0.3531250000000001 0.9015625 0.2906250000000001 0.9015625 0.2906250000000001 0.9953125 0.3531250000000001 0.9953125
0 0.3203125000000001 0.7765625 0.25468750000000007 0.7765625 0.25468750000000007 0.9015625 0.3203125000000001 0.9015625
0 0.3671875000000001 0.7546875 0.3125000000000001 0.7546875 0.3125000000000001 0.86875 0.3671875000000001 0.86875
0 0.2953125000000001 0.9015625 0.2156250000000001 0.9015625 0.2156250000000001 0.9953125 0.2953125000000001 0.9953125
0 0.3421875000000001 0.6453125 0.06562500000000009 0.6453125 0.0656250000000001 0.9953125 0.3421875000000001 0.9953125