0 0.8859375 0.46875000000000017 0.8046875 0.46875000000000017 0.8046875 0.5765625000000002 0.8859375 0.5765625000000002
0 0.8890625 0.5812500000000002 0.821875 0.5812500000000002 0.821875 0.6562500000000002 0.8890625 0.6562500000000002
0 0.79375 0.3812500000000001 0.675 0.3812500000000001 0.675 0.5703125000000001 0.79375 0.5703125000000002
0 0.7921875 0.5703125000000001 0.68125 0.5703125 0.6812500000000001 0.7578125000000001 0.7921875000000002 0.7578125000000002
0 0.6546875 0.409375 0.5484375 0.409375 0.5484375 0.575 0.6546875 0.575
0 0.6515625 0.58125 0.5453125 0.58125 0.5453125000000001 0.7375 0.6515625000000002 0.7375
0 0.5296875 0.409375 0.4140625 0.409375 0.4140625 0.5703125 0.5296875 0.5703125
0 0.5296875000000001 0.5703125 0.421875 0.5703125 0.4218750000000001 0.7265625 0.5296875000000002 0.7265625
0 0.3921875000000001 0.403125 0.27812500000000007 0.403125 0.27812500000000007 0.5703125 0.3921875000000001 0.5703125
0 0.3921875000000001 0.565625 0.2812500000000001 0.565625 0.2812500000000001 0.7375 0.3921875000000001 0.7375
0 0.259375 0.3390625 0.11406250000000004 0.3390625 0.11406250000000007 0.5640625 0.2593750000000001 0.5640625
0 0.2671875000000001 0.5703125 0.11562500000000009 0.5703125 0.11562500000000009 0.790625 0.2671875000000001 0.790625