0 0.978125 0.0546875000000001 0.73125 0.05468750000000009 0.73125 0.3187500000000001 0.978125 0.3187500000000001
0 0.996875 0.050000000000000114 0.93125 0.050000000000000114 0.93125 0.23593750000000008 0.996875 0.23593750000000008
0 0.996875 1.1586306826308163e-16 0.8953125 1.0964415873616147e-16 0.8953125 0.05468750000000011 0.996875 0.05468750000000011
0 0.928125 9.787606840060487e-17 0.6703125 8.208960575534602e-17 0.6703125 0.0656250000000001 0.928125 0.06562500000000011
0 0.7390625 0.017187500000000078 0.5328125 0.017187500000000067 0.5328125 0.18750000000000006 0.7390625 0.18750000000000008
0 0.771875 0.1765625000000001 0.6625 0.1765625000000001 0.6625 0.3625000000000001 0.771875 0.3625000000000001
0 0.5296875 0.06562500000000006 0.434375 0.06562500000000004 0.434375 0.18750000000000006 0.5296875 0.18750000000000006
0 0.428125 3.664372844323721e-17 0.1703125 2.085726579797836e-17 0.17031250000000003 0.1921875 0.428125 0.19218750000000004
0 0.4859375 5.3099919806779773e-17 0.38125 4.6689659217492845e-17 0.38125 0.07656250000000006 0.4859375 0.07656250000000006
0 0.678125 6.993881329505588e-17 0.4640625 5.683126552293186e-17 0.4640625 0.060937500000000075 0.678125 0.06093750000000009
0 0.4703125 0.060937500000000054 0.29375 0.06093750000000005 0.29375 0.26406250000000003 0.4703125 0.2640625000000001
0 0.3921875 0.20312500000000006 0.20625 0.203125 0.20625000000000004 0.37968750000000007 0.3921875000000001 0.37968750000000007
0 0.5875 0.17031250000000006 0.3875 0.17031250000000003 0.3875 0.3578125000000001 0.5875 0.3578125000000001
0 0.7140625 0.08281250000000008 0.528125 0.08281250000000007 0.528125 0.28593750000000007 0.7140625 0.28593750000000007
0 0.75 0.2640625000000001 0.590625 0.2640625000000001 0.590625 0.3625000000000001 0.75 0.3625000000000001
0 0.8328125 0.3140625000000001 0.5984375 0.3140625000000001 0.5984375 0.5218750000000001 0.8328125 0.5218750000000002
0 0.98125 0.45625000000000016 0.8296875 0.45625000000000016 0.8296875 0.7093750000000002 0.98125 0.7093750000000002
0 0.8484375 0.4718750000000001 0.63125 0.471875 0.6312500000000001 0.753125 0.8484375 0.7531250000000002
0 0.93125 0.659375 0.6984375 0.659375 0.6984375 0.971875 0.93125 0.971875
0 0.70625 0.725 0.4859375 0.725 0.4859375000000001 0.9953125 0.7062500000000002 0.9953125
0 0.6531250000000001 0.5765625 0.5953125 0.5765625 0.5953125000000001 0.746875 0.6531250000000002 0.746875
0 0.659375 0.39531250000000007 0.5078125 0.39531250000000007 0.5078125 0.6921875 0.659375 0.6921875
0 0.61875 0.2640625000000001 0.521875 0.2640625000000001 0.521875 0.4171875 0.61875 0.4171875
0 0.5515625 0.3515625000000001 0.365625 0.3515625000000001 0.36562500000000003 0.609375 0.5515625 0.609375
0 0.5796875000000001 0.5984375 0.3109375000000001 0.5984375 0.3109375000000001 0.8796875 0.5796875000000001 0.8796875
0 0.3625000000000001 0.55 0.12343750000000009 0.55 0.12343750000000009 0.8296875 0.3625000000000001 0.8296875
0 0.40625 0.4125 0.3156250000000001 0.4125 0.3156250000000001 0.6703125 0.40625 0.6703125
0 0.38750000000000007 0.29218750000000004 0.203125 0.2921875 0.20312500000000006 0.5671875 0.38750000000000007 0.5671875
0 0.21406250000000004 0.346875 0.035937500000000046 0.346875 0.03593750000000006 0.6703125 0.2140625000000001 0.6703125