0 0.996875 0.7656250000000002 0.8078125 0.7656250000000002 0.8078125 0.9953125 0.996875 0.9953125
0 0.996875 0.4812500000000002 0.909375 0.4812500000000002 0.909375 0.83125 0.996875 0.83125
0 0.996875 0.3109375000000001 0.9453125 0.3109375000000001 0.9453125 0.49218750000000017 0.996875 0.49218750000000017
0 0.9828125 0.46406250000000016 0.8875 0.46406250000000016 0.8875 0.6281250000000002 0.9828125 0.6281250000000002
0 0.9453125 0.2562500000000001 0.815625 0.2562500000000001 0.815625 0.5796875000000001 0.9453125 0.5796875000000001
0 0.996875 0.18593750000000012 0.84375 0.1859375000000001 0.84375 0.3765625000000001 0.996875 0.3765625000000001
0 0.978125 0.1031250000000001 0.8484375 0.10312500000000009 0.8484375 0.2406250000000001 0.978125 0.2406250000000001
0 0.996875 1.1586306826308163e-16 0.8953125 1.0964415873616147e-16 0.8953125 0.12031250000000011 0.996875 0.12031250000000013
0 0.996875 0.10312500000000013 0.971875 0.10312500000000013 0.971875 0.2078125000000001 0.996875 0.2078125000000001
0 0.8546875 0.1859375000000001 0.771875 0.1859375000000001 0.771875 0.3062500000000001 0.8546875 0.3062500000000001
0 0.88125 9.749336627587133e-17 0.7109375 8.706473337688214e-17 0.7109375 0.2078125000000001 0.88125 0.2078125000000001
0 0.8953125 1.0744362151894358e-16 0.859375 1.0524308430172568e-16 0.859375 0.10937500000000008 0.8953125 0.10937500000000008
0 0.7359375 0.09375000000000008 0.68125 0.09375000000000008 0.68125 0.2140625000000001 0.7359375 0.2140625000000001
0 0.7421875 8.639500465859842e-17 0.66875 8.189825469297925e-17 0.66875 0.08125000000000009 0.7421875 0.08125000000000009
0 0.703125 7.567934516605909e-17 0.5328125 6.52507122670699e-17 0.5328125 0.19687500000000008 0.703125 0.19687500000000008
0 0.6890625 0.16406250000000008 0.5734375 0.16406250000000008 0.5734375 0.3437500000000001 0.6890625 0.3437500000000001
0 0.8015625 0.19687500000000008 0.584375 0.19687500000000008 0.584375 0.5140625000000001 0.8015625 0.5140625000000002
0 0.840625 0.44218750000000007 0.6890625 0.4421875 0.6890625 0.6171875000000001 0.840625 0.6171875000000002
0 0.815625 0.3671875000000001 0.7828125 0.3671875000000001 0.7828125 0.4437500000000002 0.815625 0.4437500000000002
0 0.634375 0.4046875 0.571875 0.4046875 0.571875 0.5140625 0.634375 0.5140625
0 0.6484375000000001 0.4703125 0.43125 0.4703125 0.4312500000000001 0.765625 0.6484375000000002 0.765625
0 0.8328125 0.6015625000000001 0.428125 0.6015625 0.4281250000000001 0.9890625 0.8328125 0.9890625
0 0.6703125000000002 0.8578125 0.49218750000000017 0.8578125 0.49218750000000017 0.978125 0.6703125000000002 0.978125
0 0.7312500000000002 0.8578125 0.5109375000000002 0.8578125 0.5109375000000002 0.9515625 0.7312500000000002 0.9515625
0 0.7171875000000002 0.9296875 0.5187500000000002 0.9296875 0.5187500000000002 0.9953125 0.7171875000000002 0.9953125
0 0.95625 0.853125 0.7031250000000002 0.853125 0.7031250000000002 0.9953125 0.95625 0.9953125
0 0.43437500000000007 0.65625 0.29375000000000007 0.65625 0.29375000000000007 0.7765625 0.4343750000000002 0.7765625
0 0.4890625000000002 0.74375 0.41718750000000016 0.74375 0.41718750000000016 0.8859375 0.4890625000000002 0.8859375
0 0.5875 0.3390625000000001 0.409375 0.3390625000000001 0.409375 0.5796875 0.5875 0.5796875
0 0.5765625 0.14687500000000006 0.503125 0.14687500000000003 0.503125 0.37187500000000007 0.5765625 0.37187500000000007
0 0.5328125 0.08750000000000005 0.409375 0.08750000000000005 0.409375 0.3765625000000001 0.5328125 0.3765625000000001
0 0.4671875 0.2406250000000001 0.403125 0.2406250000000001 0.403125 0.3546875000000001 0.4671875 0.3546875000000001
0 0.4625 4.716803687340978e-17 0.3078125 3.769615928625447e-17 0.3078125 0.19062500000000004 0.4625 0.19062500000000004
0 0.5421875 5.931882933369991e-17 0.4265625 5.223884002612928e-17 0.4265625 0.10312500000000005 0.5421875 0.10312500000000005
0 0.575 6.687719629718749e-17 0.5171875 6.333720164340217e-17 0.5171875 0.048437500000000064 0.575 0.048437500000000064
0 0.315625 0.05000000000000003 0.203125 0.050000000000000024 0.203125 0.225 0.315625 0.225
0 0.4390625 0.12031250000000004 0.246875 0.12031250000000004 0.24687500000000004 0.6828125 0.4390625 0.6828125
0 0.321875 0.30625 0.14843750000000006 0.30625 0.14843750000000006 0.546875 0.3218750000000001 0.546875
0 0.3593750000000001 0.540625 0.13125000000000003 0.540625 0.13125000000000006 0.74375 0.3593750000000001 0.74375
0 0.2609375000000001 0.721875 8.840419081344957e-17 0.721875 1.027555204909576e-16 0.95625 0.2609375000000001 0.95625
0 0.4562500000000001 0.7 0.2390625000000001 0.7 0.2390625000000001 0.9953125 0.45625000000000016 0.9953125
0 0.3843750000000001 0.934375 0.24218750000000008 0.934375 0.24218750000000008 0.9953125 0.3843750000000001 0.9953125
0 0.19218750000000012 0.7875 0.010937500000000096 0.7875 0.01093750000000011 0.9953125 0.19218750000000012 0.9953125
0 0.2578125000000001 0.8421875 0.1453125000000001 0.8421875 0.14531250000000012 0.9953125 0.2578125000000001 0.9953125
0 0.14062500000000008 0.6984375 8.553392487794795e-17 0.6984375 8.955229718765019e-17 0.7640625 0.14062500000000008 0.7640625
0 0.12968750000000007 0.4578125 5.606586127346476e-17 0.4578125 7.146962179399006e-17 0.709375 0.1296875000000001 0.709375
0 0.18125000000000008 0.4203125 0.10468750000000004 0.4203125 0.10468750000000007 0.584375 0.18125000000000008 0.584375
0 0.17031250000000003 0.21875 2.6789148731348354e-17 0.21875 4.1810207127140106e-17 0.4640625 0.17031250000000003 0.4640625
0 0.2140625 0.25625 0.15156250000000004 0.25625 0.15156250000000004 0.35 0.2140625 0.35
0 0.25 0.16406250000000006 0.1890625 0.16406250000000006 0.18906250000000002 0.30625 0.25 0.30625
0 0.1921875 0.08750000000000001 1.071565949253934e-17 0.0875 2.5066989170047385e-17 0.321875 0.19218750000000004 0.321875
0 0.1890625 0.054687500000000014 0.0765625 0.0546875 0.0765625 0.16406250000000003 0.1890625 0.16406250000000006
0 0.07968750000000001 4.879452090352736e-18 0 0 6.984313776387249e-18 0.1140625 0.07968750000000002 0.1140625
0 0.31875 2.2675100890462708e-17 0.0515625 6.31458505810354e-18 0.05156250000000001 0.12031250000000002 0.31875 0.12031250000000004
0 0.996875 6.104098889500089e-17 0 0 6.09453133638175e-17 0.9953125 0.996875 0.9953125