0 0.4171875000000001 0.7109375 8.706473337688214e-17 0.7109375 1.0457335558344195e-16 0.996875 0.41718750000000016 0.996875
0 0.09218750000000012 0.940625 1.1519333954479792e-16 0.940625 1.1854198313621646e-16 0.9953125 0.09218750000000012 0.9953125
0 0.9953125 0.9578125 0.7468750000000002 0.9578125 0.7468750000000002 0.9953125 0.9953125 0.9953125
0 0.9953125 0.6187500000000001 0.6703125 0.61875 0.6703125000000001 0.9625 0.9953125 0.9625
0 0.9953125 0.2906250000000001 0.8453125 0.2906250000000001 0.8453125 0.6609375000000002 0.9953125 0.6609375000000002
0 0.9703125 0.3828125000000001 0.403125 0.3828125000000001 0.403125 0.6484375000000001 0.9703125 0.6484375000000002
0 0.4953125000000001 0.5796875 0.1703125000000001 0.5796875 0.1703125000000001 0.8109375 0.49531250000000016 0.8109375
0 0.9953125 0.18593750000000012 0.665625 0.1859375000000001 0.665625 0.4328125000000001 0.9953125 0.43281250000000016
0 0.9953125 0.10781250000000012 0.9015625 0.10781250000000009 0.9015625 0.20468750000000008 0.9953125 0.20468750000000008
0 0.7171875 0.19218750000000007 0.4328125 0.19218750000000004 0.4328125 0.4171875 0.7171875 0.4171875
0 0.9953125 9.6919313088771e-17 0.5875 7.1947999449907e-17 0.5875 0.2468750000000001 0.9953125 0.2468750000000001
0 0.85 0.0468750000000001 0.7421875 0.04687500000000009 0.7421875 0.1703125000000001 0.85 0.1703125000000001
0 0.8609375 9.156148334250133e-17 0.634375 7.768853132091022e-17 0.634375 0.07343750000000009 0.8609375 0.07343750000000011
0 0.64375 6.113666442618427e-17 0.3546875 4.343669115725768e-17 0.3546875 0.21562500000000004 0.64375 0.2156250000000001
0 0.371875 0.12343750000000002 1.511673392697514e-17 0.1234375 2.602374448188126e-17 0.30156250000000007 0.371875 0.30156250000000007
0 0.38125000000000003 0.31718750000000007 3.884426566045511e-17 0.3171875 5.252586661967944e-17 0.540625 0.3812500000000001 0.540625
0 0.50625 0.275 0.3515625 0.275 0.35156250000000006 0.421875 0.50625 0.421875
0 0.6453125 3.989669650347236e-17 0.00625 7.654042494670958e-19 0.006250000000000003 0.05468750000000004 0.6453125 0.05468750000000009