0 0.825 0.3890625000000001 0.5390625 0.3890625000000001 0.5390625000000001 0.8234375 0.825 0.8234375
0 0.7406250000000001 0.6734375000000001 0.5921875 0.6734375 0.5921875000000001 0.8390625 0.7406250000000002 0.8390625
0 0.5609375 0.54375 0.4390625 0.54375 0.4390625 0.709375 0.5609375 0.709375
0 0.5390625000000001 0.4046875 0.2531250000000001 0.4046875 0.2531250000000001 0.834375 0.5390625000000002 0.834375
0 0.2406250000000001 0.7359375 0.16406250000000008 0.7359375 0.16406250000000008 0.85 0.2406250000000001 0.85
0 0.18750000000000008 0.6734375 0.057812500000000086 0.6734375 0.0578125000000001 0.81875 0.18750000000000008 0.81875
0 0.1453125000000001 0.75625 0.06093750000000009 0.75625 0.0609375000000001 0.8609375 0.1453125000000001 0.8609375
0 0.32500000000000007 0.465625 0.10312500000000005 0.465625 0.10312500000000006 0.7515625 0.32500000000000007 0.7515625
0 0.9046875 0.7156250000000002 0.79375 0.7156250000000002 0.7937500000000001 0.8234375 0.9046875 0.8234375
0 0.8515625 0.7984375000000001 0.7937500000000002 0.7984375000000001 0.7937500000000002 0.865625 0.8515625 0.865625
0 0.915625 0.7781250000000002 0.859375 0.7781250000000002 0.859375 0.8609375 0.915625 0.8609375
0 0.978125 0.803125 0.9171875 0.803125 0.9171875 0.88125 0.978125 0.88125
0 0.996875 0.7359375000000001 0.915625 0.7359375000000001 0.915625 0.8546875 0.996875 0.8546875
0 0.96875 0.6531250000000002 0.8859375 0.6531250000000002 0.8859375 0.7828125000000001 0.96875 0.7828125000000001
0 0.996875 0.4515625000000002 0.909375 0.4515625000000002 0.909375 0.6578125000000001 0.996875 0.6578125000000001
0 0.996875 0.6421875000000001 0.9703125 0.6421875000000001 0.9703125 0.7468750000000002 0.996875 0.7468750000000002
0 0.08437500000000007 0.621875 7.615772282197602e-17 0.621875 8.534257381558118e-17 0.771875 0.08437500000000009 0.771875
0 0.10000000000000006 0.5234375 6.410260589286927e-17 0.5234375 7.300043029292426e-17 0.66875 0.10000000000000009 0.66875
0 0.13750000000000007 0.39375 4.8220467716427034e-17 0.39375 5.86491006154162e-17 0.5640625 0.1375000000000001 0.5640625
0 0.22968750000000004 0.2390625 0.015625000000000028 0.2390625 0.015625000000000045 0.4875 0.2296875000000001 0.4875
0 0.7109375 0.13906250000000006 0.5390625 0.13906250000000003 0.5390625 0.3421875000000001 0.7109375 0.3421875000000001
0 0.878125 0.004687500000000088 0.571875 0.004687500000000069 0.571875 0.2953125000000001 0.878125 0.2953125000000001
0 0.9015625 0.0734375000000001 0.759375 0.07343750000000009 0.759375 0.30156250000000007 0.9015625 0.30156250000000007
0 0.996875 0.026562500000000117 0.8671875 0.02656250000000011 0.8671875 0.46093750000000017 0.996875 0.46093750000000017
0 0.56875 4.927289855944429e-17 0.2359375 2.8894010417382865e-17 0.2359375 0.34218750000000003 0.56875 0.3421875000000001
0 0.6515625 7.051286648215619e-17 0.5 6.123233995736766e-17 0.5 0.10312500000000006 0.6515625 0.10312500000000009
0 0.875 9.969390349308924e-17 0.753125 9.223121206078505e-17 0.753125 0.0625000000000001 0.875 0.06250000000000011
0 0.9953125 1.146192863576976e-16 0.8765625 1.0734794598776019e-16 0.8765625 0.0718750000000001 0.9953125 0.0718750000000001
0 0.996875 0.08281250000000011 0.9546875 0.08281250000000011 0.9546875 0.15625000000000014 0.996875 0.15625000000000014
0 0.7515625 8.620365359623165e-17 0.65625 8.036744619404505e-17 0.65625 0.010937500000000086 0.7515625 0.010937500000000091
0 0.2328125 0.09375000000000003 0.1796875 0.09375000000000003 0.1796875 0.17031250000000003 0.2328125 0.17031250000000003
0 0.259375 0.06718750000000002 0.2375 0.06718750000000002 0.2375 0.12968750000000004 0.259375 0.12968750000000004
0 0.2671875 0.01093750000000003 0.221875 0.010937500000000027 0.221875 0.08750000000000002 0.2671875 0.08750000000000002
0 0.2171875 0.015625000000000024 0.171875 0.01562500000000002 0.171875 0.09375000000000003 0.2171875 0.09375000000000003
0 0.203125 2.0665914735611586e-17 0.134375 1.6456191363542558e-17 0.134375 0.046875000000000014 0.203125 0.04687500000000002
0 0.15625 0.031250000000000014 0.103125 0.031250000000000014 0.103125 0.103125 0.15625 0.103125
0 0.1875 0.07812500000000003 0.1484375 0.07812500000000003 0.1484375 0.14062500000000003 0.1875 0.14062500000000006
0 0.16875 0.109375 0.11875 0.109375 0.11875 0.1609375 0.16875 0.1609375
0 0.2296875 0.15000000000000002 0.1640625 0.15 0.16406250000000003 0.24375 0.2296875 0.24375
0 0.1609375 0.1609375 0.1078125 0.1609375 0.10781250000000002 0.228125 0.16093750000000004 0.228125
0 0.11093750000000002 0.1609375 0.05312500000000002 0.1609375 0.05312500000000002 0.2375 0.11093750000000005 0.2375
0 0.1140625 0.07812500000000001 0.05 0.078125 0.05000000000000001 0.165625 0.1140625 0.165625
0 0.1109375 0.046875000000000014 0.084375 0.046875000000000014 0.084375 0.08750000000000001 0.1109375 0.08750000000000002
0 0.06093750000000002 0.125 0.023437500000000017 0.125 0.02343750000000002 0.2015625 0.06093750000000002 0.2015625
0 0.06093750000000003 0.2078125 0.018750000000000027 0.2078125 0.01875000000000003 0.275 0.06093750000000005 0.275
0 0.1296875 7.941069088221119e-18 0 0 1.6456191363542558e-17 0.26875 0.12968750000000004 0.26875
0 0.909375 0.46093750000000017 0.7875 0.46093750000000017 0.7875000000000001 0.7359375000000001 0.909375 0.7359375000000001
2 0.9546875 0.2906250000000001 0.671875 0.2906250000000001 0.671875 0.7250000000000001 0.9546875 0.7250000000000002