0 0.7046875000000001 0.6171875 0.4234375 0.6171875 0.4234375000000001 0.971875 0.7046875000000001 0.971875
0 0.896875 0.4828125000000001 0.6015625 0.4828125 0.6015625000000001 0.81875 0.896875 0.81875
0 0.9953125 0.2062500000000001 0.7140625 0.2062500000000001 0.7140625 0.5312500000000001 0.9953125 0.5312500000000002
0 0.9953125 0.4890625000000002 0.95 0.4890625000000002 0.95 0.7375000000000002 0.9953125 0.7375000000000002
0 0.9953125 0.05312500000000011 0.834375 0.05312500000000011 0.834375 0.27812500000000007 0.9953125 0.27812500000000007
0 0.834375 0.10468750000000009 0.584375 0.10468750000000009 0.584375 0.3156250000000001 0.834375 0.3156250000000001
0 0.68125 0.19218750000000007 0.390625 0.19218750000000004 0.39062500000000006 0.5171875 0.68125 0.5171875
0 0.7515625 0.38750000000000007 0.596875 0.38750000000000007 0.596875 0.5265625 0.7515625 0.5265625000000002
0 0.6140625 0.4890625 0.3437500000000001 0.4890625 0.3437500000000001 0.709375 0.6140625 0.709375
0 0.40312500000000007 0.6125 0.16562500000000008 0.6125 0.16562500000000008 0.9 0.4031250000000002 0.9
0 0.36875 0.31093750000000003 0.08281250000000004 0.3109375 0.08281250000000005 0.6265625 0.3687500000000001 0.6265625
0 0.39375000000000004 0.28750000000000003 0.2703125 0.2875 0.27031250000000007 0.5125 0.3937500000000001 0.5125
0 0.48125 0.07656250000000005 0.128125 0.07656250000000002 0.12812500000000002 0.32031250000000006 0.48125 0.3203125000000001
0 0.61875 0.08593750000000007 0.48125 0.08593750000000007 0.48125 0.21093750000000008 0.61875 0.21093750000000008
0 0.20781250000000004 0.1921875 2.3536180671113197e-17 0.1921875 4.6689659217492845e-17 0.5703125 0.2078125000000001 0.5703125
0 0.21250000000000008 0.55 0.09531250000000006 0.55 0.09531250000000008 0.7328125 0.21250000000000008 0.7328125