0 0.9953125 0.1406250000000001 0.88125 0.14062500000000008 0.88125 0.3625000000000001 0.9953125 0.3625000000000001
0 0.996875 0.3296875000000001 0.971875 0.3296875000000001 0.971875 0.44062500000000016 0.996875 0.44062500000000016
0 0.9375 0.0734375000000001 0.765625 0.07343750000000009 0.765625 0.21875000000000008 0.9375 0.21875000000000008
0 0.9953125 1.0907010554906115e-16 0.7859375 9.62495843704873e-17 0.7859375 0.1500000000000001 0.9953125 0.15000000000000013
0 0.6171875 0.1546875000000001 0.56875 0.1546875000000001 0.56875 0.2078125000000001 0.6171875 0.2078125000000001
0 0.6671875 0.12031250000000009 0.6015625 0.12031250000000009 0.6015625 0.16406250000000008 0.6671875 0.16406250000000008
0 0.6703125 0.1546875000000001 0.621875 0.1546875000000001 0.621875 0.2171875000000001 0.6703125 0.2171875000000001
0 0.715625 0.1453125000000001 0.6546875 0.1453125000000001 0.6546875 0.2312500000000001 0.715625 0.2312500000000001
0 0.6953125 0.2171875000000001 0.6421875 0.2171875000000001 0.6421875 0.27031250000000007 0.6953125 0.27031250000000007
0 0.6421875 0.21250000000000008 0.584375 0.21250000000000008 0.584375 0.27031250000000007 0.6421875 0.27031250000000007
0 0.7078125 0.12656250000000008 0.571875 0.12656250000000008 0.571875 0.2765625000000001 0.7078125 0.2765625000000001
0 0.753125 0.34843750000000007 0.6671875 0.34843750000000007 0.6671875 0.4390625000000001 0.753125 0.4390625000000002
0 0.86875 0.5312500000000002 0.7734375 0.5312500000000002 0.7734375 0.6421875000000001 0.86875 0.6421875000000001
0 0.7859375 0.6578125000000001 0.725 0.6578125 0.725 0.7203125000000001 0.7859375 0.7203125000000001
0 0.86875 0.6531250000000002 0.7703125 0.6531250000000002 0.7703125 0.7062500000000002 0.86875 0.7062500000000002
0 0.9140625 0.6671875000000002 0.790625 0.6671875000000002 0.7906250000000001 0.7484375000000002 0.9140625 0.7484375000000002
0 0.871875 0.7484375000000002 0.8109375 0.7484375000000002 0.8109375 0.7968750000000002 0.871875 0.7968750000000002
0 0.9265625 0.7156250000000002 0.8484375 0.7156250000000002 0.8484375 0.7921875000000002 0.9265625 0.7921875000000002
0 0.9296875 0.5984375000000001 0.6953125 0.5984375 0.6953125000000001 0.8453125 0.9296875 0.8453125
0 0.89375 0.7968750000000002 0.8359375 0.7968750000000002 0.8359375 0.840625 0.89375 0.840625
0 0.85625 0.821875 0.8140625 0.821875 0.8140625 0.859375 0.85625 0.859375
0 0.80625 0.7875000000000002 0.7703125000000002 0.7875000000000002 0.7703125000000002 0.80625 0.80625 0.80625
0 0.81875 0.80625 0.7781250000000002 0.80625 0.7781250000000002 0.8359375 0.81875 0.8359375
0 0.7859375000000002 0.7546875000000002 0.7281250000000001 0.7546875000000002 0.7281250000000001 0.8125 0.7859375000000002 0.8125
0 0.6375000000000002 0.7390625 0.5593750000000002 0.7390625 0.5593750000000002 0.83125 0.6375000000000002 0.83125
0 0.46875 0.575 0.428125 0.575 0.428125 0.6953125 0.46875 0.6953125
0 0.54375 0.6046875 0.453125 0.6046875 0.453125 0.7109375 0.54375 0.7109375
0 0.51875 0.565625 0.4765625 0.565625 0.4765625 0.6328125 0.51875 0.6328125
0 0.559375 0.5359375 0.4 0.5359375 0.4 0.6953125 0.559375 0.6953125
0 0.51875 0.3140625000000001 0.4734375 0.3140625000000001 0.4734375 0.37187500000000007 0.51875 0.37187500000000007
0 0.5265625 0.30937500000000007 0.5015625 0.30937500000000007 0.5015625 0.3812500000000001 0.5265625 0.3812500000000001
0 0.5390625 0.34843750000000007 0.50625 0.34843750000000007 0.50625 0.3968750000000001 0.5390625 0.3968750000000001
0 0.5140625 0.3671875000000001 0.4859375 0.3671875000000001 0.4859375 0.4296875 0.5140625 0.4296875
0 0.4859375 0.4015625 0.4328125 0.4015625 0.4328125 0.4546875 0.4859375 0.4546875
0 0.478125 0.3531250000000001 0.4328125 0.3531250000000001 0.4328125 0.40625 0.478125 0.40625
0 0.4703125 0.30937500000000007 0.425 0.30937500000000007 0.425 0.3625000000000001 0.4703125 0.3625000000000001
0 0.428125 0.2953125000000001 0.3984375 0.2953125000000001 0.3984375 0.3390625000000001 0.428125 0.3390625000000001
0 0.4234375 0.3390625000000001 0.390625 0.3390625000000001 0.39062500000000006 0.4015625 0.4234375 0.4015625
0 0.453125 0.40625 0.415625 0.40625 0.415625 0.4546875 0.453125 0.4546875
0 0.5390625 0.3000000000000001 0.390625 0.3000000000000001 0.39062500000000006 0.4546875 0.5390625 0.4546875
0 0.5640625 0.07812500000000007 0.5109375 0.07812500000000007 0.5109375 0.2171875000000001 0.5640625 0.2171875000000001
0 0.53125 0.025000000000000057 0.3953125 0.025000000000000043 0.3953125 0.12656250000000005 0.53125 0.12656250000000005
0 0.390625 4.286263797015736e-17 0.309375 3.788751034862124e-17 0.309375 0.15468750000000003 0.390625 0.15468750000000003
0 0.4859375 0.08750000000000005 0.365625 0.08750000000000005 0.365625 0.2218750000000001 0.4859375 0.2218750000000001
0 0.3546875 0.03437500000000004 0.246875 0.03437500000000003 0.246875 0.17968750000000006 0.3546875 0.17968750000000006
0 0.3421875 0.11562500000000005 0.24375 0.11562500000000005 0.24375 0.2375 0.3421875 0.2375
0 0.390625 0.17968750000000006 0.296875 0.17968750000000006 0.296875 0.23750000000000004 0.390625 0.2375000000000001
0 0.5562500000000001 0.7296875 0.1312500000000001 0.7296875 0.13125000000000012 0.9953125 0.5562500000000001 0.9953125
0 0.5687500000000002 0.884375 0.4125000000000002 0.884375 0.4125000000000002 0.9953125 0.5687500000000002 0.9953125
0 0.38750000000000007 0.86875 0.2968750000000001 0.86875 0.2968750000000001 0.9953125 0.38750000000000007 0.9953125
0 0.3046875000000001 0.8796875 0.2390625000000001 0.8796875 0.2390625000000001 0.9859375 0.3046875000000001 0.9859375
0 0.4203125000000002 0.8984375 0.32500000000000007 0.8984375 0.32500000000000007 0.9859375 0.4203125000000002 0.9859375
0 0.46875000000000017 0.8015625 0.3703125000000001 0.8015625 0.3703125000000001 0.8890625 0.46875000000000017 0.8890625
0 0.3546875000000001 0.7828125 0.2671875000000001 0.7828125 0.2671875000000001 0.85 0.3546875000000001 0.85
0 0.2875000000000001 0.8125 0.2015625000000001 0.8125 0.2015625000000001 0.903125 0.2875000000000001 0.903125
0 0.22656250000000008 0.8796875 0.1515625000000001 0.8796875 0.1515625000000001 0.9609375 0.22656250000000008 0.9609375
0 0.2796875000000001 0.9125 0.17343750000000013 0.9125 0.17343750000000013 0.9953125 0.2796875000000001 0.9953125
0 0.4000000000000002 0.796875 0.32500000000000007 0.796875 0.32500000000000007 0.875 0.4000000000000002 0.875
0 0.5312500000000002 0.821875 0.44062500000000016 0.821875 0.44062500000000016 0.9078125 0.5312500000000002 0.9078125
0 0.5484375000000001 0.9125 0.4781250000000002 0.9125 0.4781250000000002 0.9953125 0.5484375000000001 0.9953125
0 0.4656250000000002 0.9375 0.4234375000000002 0.9375 0.4234375000000002 0.9953125 0.4656250000000002 0.9953125
0 0.3828125000000001 0.734375 0.3078125000000001 0.734375 0.3078125000000001 0.8015625 0.3828125000000001 0.8015625
0 0.45625000000000016 0.7640625 0.3828125000000001 0.7640625 0.3828125000000001 0.8265625 0.45625000000000016 0.8265625
0 0.30937500000000007 0.7390625 0.2312500000000001 0.7390625 0.2312500000000001 0.8015625 0.30937500000000007 0.8015625
0 0.2796875000000001 0.7875 0.1937500000000001 0.7875 0.1937500000000001 0.859375 0.2796875000000001 0.859375
0 0.2140625000000001 0.803125 0.14843750000000008 0.803125 0.14843750000000008 0.865625 0.2140625000000001 0.865625
0 0.2140625000000001 0.8453125 0.1281250000000001 0.8453125 0.1281250000000001 0.928125 0.2140625000000001 0.928125
0 0.20156250000000003 0.2078125 2.5449691294780934e-17 0.2078125 4.343669115725768e-17 0.5015625 0.2015625000000001 0.5015625
0 0.30937500000000007 0.3 0.16875000000000004 0.3 0.16875000000000004 0.4296875 0.30937500000000007 0.4296875
0 0.3203125000000001 0.3671875 0.2390625000000001 0.3671875 0.2390625000000001 0.496875 0.3203125000000001 0.496875
0 0.3046875000000001 0.45 0.2515625000000001 0.45 0.2515625000000001 0.6328125 0.3046875000000001 0.6328125
0 0.2640625000000001 0.40625 0.16562500000000005 0.40625 0.16562500000000008 0.575 0.2640625000000001 0.575
0 0.2671875000000001 0.5171875 0.18593750000000003 0.5171875 0.18593750000000006 0.6671875 0.2671875000000001 0.6671875
0 0.2093750000000001 0.55 0.1359375000000001 0.55 0.1359375000000001 0.725 0.2093750000000001 0.725
0 0.18125000000000008 0.521875 0.07343750000000007 0.521875 0.07343750000000007 0.7140625 0.18125000000000008 0.7140625
0 0.11875000000000006 0.5359375 0.04531250000000007 0.5359375 0.045312500000000075 0.7109375 0.11875000000000009 0.7109375
0 0.18593750000000006 0.4203125 5.147343577666219e-17 0.4203125 6.773827607783798e-17 0.6859375 0.1859375000000001 0.6859375
3 0.6546875 0.2609375000000001 0.440625 0.2609375000000001 0.440625 0.4390625 0.6546875 0.4390625
3 0.4234375 0.18750000000000006 0.3125 0.18750000000000006 0.3125 0.30937500000000007 0.4234375 0.30937500000000007