0 0.996875 0.6937500000000002 0.759375 0.6937500000000002 0.7593750000000001 0.9015625 0.996875 0.9015625
0 0.996875 0.42500000000000016 0.89375 0.42500000000000016 0.89375 0.7046875000000001 0.996875 0.7046875000000001
0 0.89375 0.3781250000000001 0.7484375 0.3781250000000001 0.7484375 0.7250000000000002 0.89375 0.7250000000000002
0 0.790625 0.3265625000000001 0.7484375 0.3265625000000001 0.7484375 0.3937500000000001 0.790625 0.3937500000000001
0 0.7625 0.4093750000000001 0.6453125 0.409375 0.6453125 0.5703125000000001 0.7625 0.5703125000000002
0 0.7375 0.5234375000000001 0.6078125 0.5234375 0.6078125 0.7156250000000001 0.7375 0.7156250000000002
0 0.7671875000000001 0.7093750000000001 0.653125 0.709375 0.6531250000000001 0.8703125 0.7671875000000001 0.8703125
0 0.6796875000000001 0.5125 0.5296875 0.5125 0.5296875000000001 0.9015625 0.6796875000000002 0.9015625
0 0.5609375000000001 0.5078125 0.43125 0.5078125 0.4312500000000001 0.9015625 0.5609375000000002 0.9015625
0 0.45000000000000007 0.471875 0.29375000000000007 0.471875 0.29375000000000007 0.7921875 0.4500000000000002 0.7921875
0 0.3937500000000001 0.37812500000000004 0.3437500000000001 0.378125 0.3437500000000001 0.4453125 0.3937500000000001 0.4453125
0 0.45 0.3265625000000001 0.4046875 0.3265625000000001 0.4046875 0.3828125000000001 0.45 0.3828125000000001
0 0.5640625 0.3468750000000001 0.446875 0.3468750000000001 0.446875 0.5234375 0.5640625 0.5234375
0 0.3890625000000001 0.60625 0.2593750000000001 0.60625 0.2593750000000001 0.9015625 0.3890625000000001 0.9015625
0 0.2796875000000001 0.5484375 0.1843750000000001 0.5484375 0.1843750000000001 0.9015625 0.2796875000000001 0.9015625
0 0.2140625000000001 0.725 0.05312500000000009 0.725 0.0531250000000001 0.9015625 0.2140625000000001 0.9015625
0 0.17968750000000006 0.4203125 0.01875000000000005 0.4203125 0.01875000000000008 0.8546875 0.17968750000000008 0.8546875
0 0.10312500000000006 0.4765625 5.836207402186604e-17 0.4765625 6.792962714020475e-17 0.6328125 0.10312500000000009 0.6328125
0 0.05000000000000008 0.6265625 7.673177600907635e-17 0.6265625 8.534257381558118e-17 0.7671875 0.050000000000000086 0.7671875