0 0.996875 0.7812500000000002 0.928125 0.7812500000000002 0.928125 0.8953125 0.996875 0.8953125
0 0.996875 0.3593750000000001 0.6609375 0.3593750000000001 0.6609375000000001 0.8234375 0.996875 0.8234375
0 0.996875 0.11562500000000012 0.8625 0.11562500000000009 0.8625 0.5531250000000002 0.996875 0.5531250000000002
0 0.9953125 1.1634144591899854e-16 0.9046875 1.1079226511036212e-16 0.9046875 0.12031250000000011 0.9953125 0.12031250000000013
0 0.9 8.687338231451536e-17 0.51875 6.352855270576895e-17 0.51875 0.42656250000000007 0.9 0.4265625000000002
0 0.6687500000000001 0.24531250000000004 0.290625 0.2453125 0.290625 0.7390625 0.6687500000000002 0.7390625
0 0.6109375000000001 0.703125 0.2562500000000001 0.703125 0.2562500000000001 0.8953125 0.6109375000000001 0.8953125
0 0.7640625000000001 0.7093750000000001 0.56875 0.709375 0.5687500000000001 0.896875 0.7640625000000002 0.896875
0 0.9203125 0.8328125 0.7640625000000002 0.8328125 0.7640625000000002 0.9015625 0.9203125 0.9015625
0 0.3593750000000001 0.6515625 0.1828125000000001 0.6515625 0.1828125000000001 0.9015625 0.3593750000000001 0.9015625
0 0.2093750000000001 0.7328125 8.974364825001696e-17 0.7328125 9.969390349308921e-17 0.8953125 0.2093750000000001 0.8953125
0 0.30468750000000006 0.06093750000000002 7.462691432304185e-18 0.0609375 4.898587196589413e-17 0.7390625 0.3046875000000001 0.7390625
0 0.5296875 4.592425496802574e-17 0.2203125 2.6980499793715128e-17 0.2203125 0.27031250000000007 0.5296875 0.27031250000000007
0 0.2515625 0.07812500000000003 0.1453125 0.07812500000000003 0.1453125 0.16718750000000002 0.2515625 0.16718750000000004
0 0.20625 1.262917011620708e-17 0 0 6.98431377638725e-18 0.11406250000000002 0.20625 0.11406250000000004
0 0.996875 6.104098889500089e-17 0 0 5.520478149281428e-17 0.9015625 0.996875 0.9015625