0 0.7718750000000001 0.5312500000000001 0.5578125 0.53125 0.5578125 0.7968750000000001 0.7718750000000002 0.7968750000000002
0 0.9953125 0.3343750000000001 0.6375 0.3343750000000001 0.6375 0.7093750000000001 0.9953125 0.7093750000000002
0 0.996875 0.0937500000000001 0.75625 0.09375000000000008 0.75625 0.44843750000000016 0.996875 0.44843750000000016
0 0.7875 0.07812500000000008 0.6078125 0.07812500000000007 0.6078125 0.34843750000000007 0.7875 0.34843750000000007
0 0.7109375 0.2140625000000001 0.5203125 0.2140625000000001 0.5203125 0.4375 0.7109375 0.4375
0 0.7484375 0.16093750000000007 0.46875 0.16093750000000004 0.46875 0.5265625 0.7484375 0.5265625000000002
0 0.6140625 0.35468750000000004 0.34375 0.3546875 0.34375000000000006 0.7078125 0.6140625 0.7078125
0 0.5265625 0.6828125 0.3203125000000001 0.6828125 0.3203125000000001 0.8328125 0.5265625000000002 0.8328125
0 0.3203125000000001 0.5 0.050000000000000065 0.5 0.05000000000000008 0.7859375 0.3203125000000001 0.7859375
0 0.465625 0.24531250000000004 0.19531250000000006 0.2453125 0.19531250000000006 0.6140625 0.465625 0.6140625
0 0.5734375 0.04218750000000006 0.340625 0.042187500000000044 0.340625 0.30156250000000007 0.5734375 0.30156250000000007
0 0.34062500000000007 0.09375000000000003 0.06562500000000002 0.09375 0.06562500000000003 0.3640625 0.34062500000000007 0.3640625
0 0.16718750000000007 0.259375 3.1764276352884476e-17 0.259375 4.9942627277728e-17 0.55625 0.1671875000000001 0.55625
0 0.16406250000000003 0.07343750000000002 8.993499931238374e-18 0.0734375 2.2962127484012874e-17 0.3015625 0.16406250000000006 0.3015625