0 0.5671875000000001 0.6546875 0.3750000000000001 0.6546875 0.3750000000000001 0.9734375 0.5671875000000002 0.9734375
0 0.6140625000000001 0.659375 0.5203125 0.659375 0.5203125000000001 0.8609375 0.6140625000000002 0.8609375
0 0.71875 0.3921875000000001 0.509375 0.3921875000000001 0.509375 0.6796875 0.71875 0.6796875
0 0.853125 0.3203125000000001 0.6984375 0.3203125000000001 0.6984375 0.5578125 0.853125 0.5578125000000002
0 0.6484375 0.17968750000000006 0.5140625 0.17968750000000006 0.5140625 0.2890625000000001 0.6484375 0.2890625000000001
0 0.76875 0.2171875000000001 0.734375 0.2171875000000001 0.734375 0.3812500000000001 0.76875 0.3812500000000001
0 0.4328125 0.22656250000000006 0.13437500000000005 0.2265625 0.13437500000000005 0.32500000000000007 0.4328125 0.32500000000000007
0 0.428125 0.12343750000000005 0.3671875 0.12343750000000005 0.36718750000000006 0.5984375 0.428125 0.5984375
0 0.853125 0.4171875000000001 0.18125000000000005 0.4171875 0.18125000000000008 0.5515625000000001 0.853125 0.5515625000000002
0 0.7421875 0.5625000000000001 0.18906250000000008 0.5625 0.18906250000000008 0.6812500000000001 0.7421875 0.6812500000000001
0 0.91875 0.21718750000000003 0.18125000000000005 0.2171875 0.18125000000000005 0.4078125000000001 0.91875 0.4078125000000002