0 0.4546875 0.4859375 0.403125 0.4859375 0.403125 0.5578125 0.4546875 0.5578125
0 0.3203125 0.18125000000000005 0.2328125 0.18125000000000005 0.2328125 0.35625 0.3203125 0.35625
0 0.4984375 0.15312500000000004 0.3125 0.15312500000000004 0.31250000000000006 0.3765625 0.4984375 0.3765625000000001
0 0.5203125 0.32812500000000006 0.353125 0.328125 0.353125 0.5296875 0.5203125 0.5296875
0 0.625 0.3500000000000001 0.5234375 0.3500000000000001 0.5234375 0.4859375 0.625 0.4859375
0 0.953125 0.1796875000000001 0.5453125 0.17968750000000008 0.5453125 0.5578125 0.953125 0.5578125000000002
0 0.7453125 0.4640625000000001 0.6953125 0.4640625 0.6953125 0.5468750000000001 0.7453125 0.5468750000000002
0 0.6875 0.496875 0.6328125 0.496875 0.6328125 0.5625 0.6875 0.5625
0 0.625 0.525 0.596875 0.525 0.596875 0.590625 0.625 0.590625
0 0.715625 0.503125 0.5890625 0.503125 0.5890625 0.628125 0.715625 0.628125
0 0.6187500000000001 0.65625 0.575 0.65625 0.5750000000000001 0.765625 0.6187500000000001 0.765625
0 0.6734375 0.6453125 0.61875 0.6453125 0.61875 0.721875 0.6734375 0.721875
0 0.5671875000000001 0.6671875 0.5171875 0.6671875 0.5171875000000001 0.7546875 0.5671875000000002 0.7546875
0 0.5890625 0.525 0.534375 0.525 0.534375 0.69375 0.5890625 0.69375
0 0.534375 0.4859375 0.4796875 0.4859375 0.4796875 0.5953125 0.534375 0.5953125
0 0.3937500000000001 0.5515625 0.3281250000000001 0.5515625 0.3281250000000001 0.634375 0.3937500000000001 0.634375
0 0.3890625000000001 0.6390625 0.3421875000000001 0.6390625 0.3421875000000001 0.7328125 0.3890625000000001 0.7328125
0 0.3500000000000001 0.678125 0.3125000000000001 0.678125 0.3125000000000001 0.7546875 0.3500000000000001 0.7546875
0 0.4437500000000002 0.7546875 0.3859375000000001 0.7546875 0.3859375000000001 0.846875 0.4437500000000002 0.846875
0 0.3890625000000001 0.825 0.3125000000000001 0.825 0.3125000000000001 0.9296875 0.3890625000000001 0.9296875
0 0.5890625000000002 0.8796875 0.5156250000000002 0.8796875 0.5156250000000002 0.9625 0.5890625000000002 0.9625
0 0.47656250000000017 0.853125 0.4187500000000002 0.853125 0.4187500000000002 0.91875 0.47656250000000017 0.91875
0 0.7421875000000002 0.803125 0.6437500000000002 0.803125 0.6437500000000002 0.9234375 0.7421875000000002 0.9234375
0 0.2765625000000001 0.678125 0.19687500000000008 0.678125 0.19687500000000008 0.78125 0.2765625000000001 0.78125
0 0.2140625000000001 0.65625 0.1312500000000001 0.65625 0.1312500000000001 0.7546875 0.2140625000000001 0.7546875
0 0.2906250000000001 0.4859375 0.2406250000000001 0.4859375 0.2406250000000001 0.5515625 0.2906250000000001 0.5515625
0 0.2656250000000001 0.39375 0.20312500000000008 0.39375 0.20312500000000008 0.48125 0.2656250000000001 0.48125
0 0.17031250000000003 0.371875 0.10937500000000004 0.371875 0.10937500000000004 0.459375 0.17031250000000003 0.459375
0 0.2109375 0.12656250000000002 0.15625 0.1265625 0.15625000000000003 0.203125 0.2109375 0.203125
0 0.359375 0.07187500000000005 0.309375 0.07187500000000005 0.309375 0.19218750000000004 0.359375 0.19218750000000004
0 0.4515625 0.05468750000000004 0.35625 0.05468750000000004 0.35625 0.18593750000000003 0.4515625 0.18593750000000003
0 0.7390625 0.05468750000000007 0.41875 0.05468750000000004 0.41875 0.2015625000000001 0.7390625 0.2015625000000001
0 0.8109375 0.12500000000000008 0.640625 0.12500000000000008 0.640625 0.1859375000000001 0.8109375 0.1859375000000001
0 0.73125 0.03281250000000008 0.578125 0.032812500000000064 0.578125 0.1312500000000001 0.73125 0.1312500000000001
0 0.95625 1.0313822261569115e-16 0.728125 8.916959506291665e-17 0.728125 0.0656250000000001 0.95625 0.06562500000000011
0 0.996875 0.7109375000000002 0.846875 0.7109375000000002 0.846875 0.9953125 0.996875 0.9953125
0 0.7375000000000002 0.7265625000000001 0.5750000000000002 0.7265625 0.5750000000000002 0.8421875 0.7375000000000002 0.8421875
0 0.10937500000000008 0.759375 0.057812500000000086 0.759375 0.0578125000000001 0.8421875 0.10937500000000008 0.8421875
0 0.046875000000000104 0.7859375 9.62495843704873e-17 0.7859375 1.0160741411675698e-16 0.8734375 0.04687500000000011 0.8734375
0 0.08437500000000009 0.671875 0.007812500000000083 0.671875 0.007812500000000088 0.7703125 0.08437500000000009 0.7703125
0 0.18125 1.1576739273189824e-17 0.0078125 9.567553118338697e-19 0.00781250000000001 0.153125 0.18125 0.153125
0 0.2609375 2.3536180671113197e-17 0.1234375 1.511673392697514e-17 0.1234375 0.14687500000000003 0.2609375 0.14687500000000003
0 0.3015625 3.224265400880141e-17 0.225 2.7554552980815448e-17 0.225 0.09843750000000004 0.3015625 0.09843750000000004
0 0.3421875 3.788751034862124e-17 0.2765625 3.386913803891899e-17 0.2765625 0.048437500000000036 0.3421875 0.04843750000000004
0 0.996875 6.104098889500089e-17 0 0 6.09453133638175e-17 0.9953125 0.996875 0.9953125