0 0.8453125 0.6484375000000001 0.6984375 0.6484375 0.6984375 0.8 0.8453125 0.8
0 0.809375 0.6718750000000001 0.6046875 0.671875 0.6046875 0.8984375 0.809375 0.8984375
0 0.32500000000000007 0.4984375 0.09843750000000007 0.4984375 0.09843750000000008 0.7828125 0.32500000000000007 0.7828125
0 0.5953125000000001 0.6796875 0.29375000000000007 0.6796875 0.29375000000000007 0.9640625 0.5953125000000001 0.9640625
0 0.6140625000000001 0.6796875 0.3515625000000001 0.6796875 0.3515625000000001 0.853125 0.6140625000000002 0.853125
0 0.6140625000000001 0.609375 0.440625 0.609375 0.4406250000000001 0.76875 0.6140625000000002 0.76875
0 0.453125 0.515625 0.3203125000000001 0.515625 0.3203125000000001 0.684375 0.453125 0.684375
0 0.6265625 0.33281250000000007 0.3875 0.33281250000000007 0.38750000000000007 0.578125 0.6265625 0.578125
0 0.7109375 0.4453125 0.4890625 0.4453125 0.4890625 0.6140625 0.7109375 0.6140625
0 0.7515625 0.4625000000000001 0.5640625 0.4625 0.5640625 0.6171875000000001 0.7515625 0.6171875000000002
0 0.8046875 0.4484375000000001 0.5828125 0.4484375 0.5828125 0.6890625000000001 0.8046875 0.6890625000000001
0 0.746875 0.3343750000000001 0.5828125 0.3343750000000001 0.5828125 0.4984375000000001 0.746875 0.4984375000000002
0 0.76875 0.27031250000000007 0.578125 0.27031250000000007 0.578125 0.3734375000000001 0.76875 0.3734375000000001
0 0.7640625 0.2312500000000001 0.546875 0.2312500000000001 0.546875 0.4531250000000001 0.7640625 0.45312500000000017
0 0.7734375 0.1781250000000001 0.546875 0.1781250000000001 0.546875 0.2750000000000001 0.7734375 0.2750000000000001
0 0.76875 0.04062500000000007 0.440625 0.04062500000000006 0.440625 0.23593750000000008 0.76875 0.23593750000000008
0 0.546875 0.15625000000000006 0.4046875 0.15625000000000006 0.4046875 0.3421875000000001 0.546875 0.3421875000000001
0 0.44375 0.08906250000000004 0.3734375 0.08906250000000004 0.37343750000000003 0.3859375000000001 0.44375 0.3859375000000001
0 0.4234375 0.11562500000000005 0.334375 0.11562500000000005 0.33437500000000003 0.4359375 0.4234375 0.4359375
0 0.4625 0.10156250000000004 0.2796875 0.10156250000000004 0.2796875 0.14687500000000003 0.4625 0.14687500000000003
0 0.2796875 0.03125000000000002 0.1203125 0.031250000000000014 0.12031250000000002 0.2 0.2796875 0.2
0 0.3546875 0.14687500000000003 0.2046875 0.14687500000000003 0.2046875 0.296875 0.3546875 0.296875
0 0.36875 0.23125000000000004 0.11093750000000005 0.23125 0.11093750000000005 0.3375 0.36875 0.3375000000000001
0 0.38281250000000006 0.31562500000000004 0.2625 0.315625 0.26250000000000007 0.50625 0.3828125000000001 0.50625
0 0.29375000000000007 0.3078125 0.13281250000000006 0.3078125 0.13281250000000006 0.503125 0.29375000000000007 0.503125