0 0.690625 0.2953125000000001 0.4109375 0.2953125000000001 0.4109375 0.5515625 0.690625 0.5515625
0 0.8265625 0.5078125000000001 0.684375 0.5078125 0.684375 0.628125 0.8265625 0.6281250000000002
0 0.8828125 0.4640625000000001 0.6765625 0.4640625 0.6765625 0.628125 0.8828125 0.6281250000000002
0 0.8109375 0.5406250000000001 0.6734375 0.540625 0.6734375 0.628125 0.8109375 0.6281250000000002
0 0.753125 0.5906250000000001 0.684375 0.590625 0.684375 0.6390625000000001 0.753125 0.6390625000000002
0 0.9203125 0.6234375000000001 0.6984375 0.6234375 0.6984375 0.7375 0.9203125 0.7375000000000002
0 0.8625 0.6562500000000001 0.6796875 0.65625 0.6796875000000001 0.7921875 0.8625 0.7921875000000002
0 0.8 0.7046875000000001 0.621875 0.7046875 0.6218750000000001 0.825 0.8 0.825
0 0.8078125 0.809375 0.6906250000000002 0.809375 0.6906250000000002 0.9625 0.8078125 0.9625
0 0.70625 0.721875 0.5671875 0.721875 0.5671875000000001 0.853125 0.7062500000000002 0.853125
0 0.690625 0.6828125 0.5421875 0.6828125 0.5421875 0.74375 0.6906250000000002 0.74375
0 0.6515625 0.628125 0.5859375 0.628125 0.5859375 0.6828125 0.6515625 0.6828125
0 0.709375 0.453125 0.5453125 0.453125 0.5453125 0.678125 0.709375 0.678125
0 0.684375 0.475 0.5890625 0.475 0.5890625 0.5625 0.684375 0.5625
0 0.684375 0.35625000000000007 0.4796875 0.35625000000000007 0.4796875 0.4984375 0.684375 0.4984375
0 0.625 0.51875 0.5203125 0.51875 0.5203125 0.65 0.625 0.65
0 0.6046875 0.60625 0.55 0.60625 0.55 0.721875 0.6046875 0.721875
0 0.55625 0.540625 0.4875 0.540625 0.4875 0.7 0.55625 0.7
0 0.5421875 0.628125 0.484375 0.628125 0.484375 0.7046875 0.5421875 0.7046875
0 0.5562500000000001 0.65 0.4515625 0.65 0.4515625000000001 0.7703125 0.5562500000000001 0.7703125
0 0.5562500000000001 0.6125 0.3750000000000001 0.6125 0.3750000000000001 0.7375 0.5562500000000001 0.7375
0 0.4953125 0.5625 0.4 0.5625 0.4 0.6671875 0.4953125 0.6671875
0 0.4328125 0.43125 0.3921875000000001 0.43125 0.3921875000000001 0.4921875 0.4328125 0.4921875
0 0.4796875 0.3656250000000001 0.3968750000000001 0.3656250000000001 0.3968750000000001 0.6015625 0.4796875 0.6015625
0 0.5015625 0.3500000000000001 0.4078125 0.3500000000000001 0.4078125 0.43125 0.5015625 0.43125
0 0.50625 0.2843750000000001 0.396875 0.2843750000000001 0.39687500000000003 0.37187500000000007 0.50625 0.37187500000000007
0 0.6390625 0.3609375000000001 0.4875 0.3609375000000001 0.4875 0.459375 0.6390625 0.459375
0 0.4359375 0.19218750000000004 0.2296875 0.19218750000000004 0.2296875 0.30156250000000007 0.4359375 0.30156250000000007
0 0.4 0.21406250000000004 0.18125000000000005 0.2140625 0.18125000000000005 0.31250000000000006 0.4 0.3125000000000001
0 0.334375 0.14687500000000003 0.2515625 0.14687500000000003 0.2515625 0.21875 0.334375 0.21875
0 0.35 0.2953125 0.30625 0.2953125 0.30625 0.35 0.35 0.35
0 0.30937500000000007 0.5296875 0.20312500000000008 0.5296875 0.20312500000000008 0.60625 0.30937500000000007 0.60625