0 0.996875 0.6703125000000002 0.7546875 0.6703125000000002 0.7546875000000001 0.9265625 0.996875 0.9265625
0 0.9953125 0.3187500000000001 0.85625 0.3187500000000001 0.85625 0.6703125000000002 0.9953125 0.6703125000000002
0 0.996875 0.07343750000000011 0.8484375 0.07343750000000011 0.8484375 0.32500000000000007 0.996875 0.32500000000000007
0 0.9703125 0.1984375000000001 0.659375 0.1984375000000001 0.659375 0.5921875000000001 0.9703125 0.5921875000000002
0 0.9953125 1.0409497792752504e-16 0.7046875 8.629932912741505e-17 0.7046875 0.2093750000000001 0.9953125 0.2093750000000001
0 0.825 8.275933447362974e-17 0.5265625 6.448530801760282e-17 0.5265625 0.3828125000000001 0.825 0.3828125000000001
0 0.80625 0.08906250000000004 0.0875 0.0890625 0.08750000000000004 0.5390625000000001 0.80625 0.5390625000000002
0 0.875 0.2671875 0.18593750000000003 0.2671875 0.18593750000000006 0.6703125000000001 0.875 0.6703125000000002
0 0.81875 0.27343750000000006 0.16718750000000004 0.2734375 0.16718750000000007 0.7390625000000001 0.81875 0.7390625000000002
0 0.6781250000000001 0.29375000000000007 0.13593750000000004 0.29375 0.13593750000000007 0.8109375 0.6781250000000002 0.8109375
0 0.503125 0.4546875 0.3828125000000001 0.4546875 0.3828125000000001 0.6390625 0.503125 0.6390625
0 0.5046875 0.34062500000000007 0.4140625 0.34062500000000007 0.4140625 0.4609375 0.5046875 0.4609375
0 0.4359375 0.35156250000000006 0.359375 0.3515625 0.35937500000000006 0.4984375 0.4359375 0.4984375
0 0.38593750000000004 0.29375000000000007 0.25 0.29375 0.25000000000000006 0.496875 0.3859375000000001 0.496875
0 0.51875 0.4078125 0.15156250000000004 0.4078125 0.15156250000000007 0.821875 0.5187500000000002 0.821875
0 0.25000000000000006 0.325 0.034375000000000044 0.325 0.03437500000000005 0.45 0.2500000000000001 0.45
0 0.3296875 0.340625 4.171453159595672e-17 0.340625 6.926908457677216e-17 0.790625 0.3296875000000001 0.790625
0 0.14843750000000008 0.6703125 0.010937500000000083 0.6703125 0.010937500000000093 0.8484375 0.14843750000000008 0.8484375
0 0.6828125 6.505936120470315e-17 0.3796875 4.649830815512607e-17 0.3796875 0.2406250000000001 0.6828125 0.2406250000000001
0 0.4015625 0.08437500000000005 0.3453125 0.08437500000000005 0.3453125 0.22031250000000005 0.4015625 0.22031250000000008
0 0.3875 0.14218750000000005 0.2890625 0.14218750000000005 0.2890625 0.22500000000000003 0.3875 0.2250000000000001
0 0.3796875 0.19375000000000003 0.28125 0.19375000000000003 0.28125 0.2828125 0.3796875 0.2828125000000001
0 0.265625 0.07812500000000003 0.1703125 0.07812500000000003 0.17031250000000003 0.209375 0.265625 0.209375
0 0.3515625 0.12031250000000004 0.2578125 0.12031250000000004 0.2578125 0.2515625 0.3515625 0.2515625
0 0.3984375 3.903561672282188e-17 0.2390625 2.9276712542116413e-17 0.2390625 0.08437500000000003 0.3984375 0.08437500000000005
0 0.3828125 0.03750000000000004 0.234375 0.03750000000000003 0.234375 0.13593750000000004 0.3828125 0.13593750000000004
0 0.25 2.525834023241416e-17 0.1625 1.990051048614449e-17 0.1625 0.08437500000000002 0.25 0.08437500000000002
0 0.23125 0.004687500000000021 0.1171875 0.004687500000000014 0.1171875 0.12031250000000002 0.23125 0.12031250000000004
0 0.1359375 0.05156250000000001 6.31458505810354e-18 0.0515625 1.3011872240940627e-17 0.1609375 0.1359375 0.1609375
0 0.17812500000000003 0.1515625 1.8561053049577072e-17 0.1515625 3.23383295399848e-17 0.3765625 0.17812500000000003 0.3765625
0 0.1171875 0.035937500000000004 4.401074434435801e-18 0.0359375 1.2150792460290146e-17 0.1625 0.1171875 0.1625
0 0.0984375 6.027558464553379e-18 0 0 3.252968060235158e-18 0.05312500000000001 0.0984375 0.05312500000000002