0 0.39843750000000006 0.03906250000000003 0.046875 0.039062500000000014 0.04687500000000003 0.4140625 0.3984375000000001 0.4140625
0 0.4265625 0.04531250000000003 0.078125 0.04531250000000001 0.07812500000000003 0.29375000000000007 0.4265625 0.29375000000000007
0 0.5703125 0.10468750000000007 0.4234375 0.10468750000000004 0.4234375 0.2984375000000001 0.5703125 0.2984375000000001
0 0.675 0.19375000000000006 0.48125 0.19375000000000003 0.48125 0.475 0.675 0.475
0 0.8390625 0.1375000000000001 0.6953125 0.1375000000000001 0.6953125 0.22656250000000008 0.8390625 0.22656250000000008
0 0.9390625 0.1265625000000001 0.7703125 0.12656250000000008 0.7703125 0.3812500000000001 0.9390625 0.3812500000000001
0 0.8859375 0.5687500000000002 0.7921875 0.5687500000000002 0.7921875 0.7406250000000002 0.8859375 0.7406250000000002
0 0.9421875 0.43750000000000017 0.7640625 0.43750000000000017 0.7640625000000001 0.8296875 0.9421875 0.8296875
0 0.8 0.5468750000000001 0.6234375 0.546875 0.6234375000000001 0.8734375 0.8 0.8734375
0 0.5593750000000001 0.6078125 0.4375 0.6078125 0.4375000000000001 0.85625 0.5593750000000002 0.85625
0 0.4515625000000001 0.596875 0.3437500000000001 0.596875 0.3437500000000001 0.828125 0.4515625000000002 0.828125
0 0.2875000000000001 0.4859375 0.057812500000000065 0.4859375 0.057812500000000086 0.85625 0.2875000000000001 0.85625