0 0.8625 0.24375000000000008 0.4 0.24375000000000008 0.4 0.6546875000000001 0.8625 0.6546875000000002
0 0.996875 0.24375000000000008 0.7109375 0.24375000000000008 0.7109375000000001 0.7562500000000001 0.996875 0.7562500000000002
0 0.9953125 8.495987169084762e-17 0.3921875 4.802911665406026e-17 0.3921875 0.3703125000000001 0.9953125 0.3703125000000001
0 0.996875 1.1241874914047968e-16 0.8390625 1.027555204909576e-16 0.8390625 0.14687500000000012 0.996875 0.14687500000000014
0 0.4234375 2.5928068950697868e-17 0 0 2.583239341951448e-17 0.421875 0.4234375 0.421875
0 0.4546875 0.38125000000000003 0.043750000000000046 0.38125 0.04375000000000007 0.70625 0.4546875 0.70625
0 0.08593750000000008 0.70625 0.007812500000000087 0.70625 0.007812500000000092 0.7921875 0.08593750000000008 0.7921875
0 0.5140625 0.578125 0.44375 0.578125 0.44375 0.690625 0.5140625 0.690625
0 0.56875 0.5984375 0.5140625 0.5984375 0.5140625 0.6953125 0.56875 0.6953125
0 0.6187500000000001 0.7875 0.5453125000000002 0.7875 0.5453125000000002 0.8625 0.6187500000000001 0.8625
0 0.9734375 0.7921875000000002 0.9265625 0.7921875000000002 0.9265625 0.8625 0.9734375 0.8625
0 0.9953125 0.6812500000000001 0.9296875 0.6812500000000001 0.9296875 0.7421875000000002 0.9953125 0.7421875000000002
0 0.83125 0.7265625000000002 0.7812500000000002 0.7265625000000002 0.7812500000000002 0.7968750000000002 0.83125 0.7968750000000002
0 0.7687500000000002 0.7468750000000001 0.7062500000000002 0.746875 0.7062500000000002 0.821875 0.7687500000000002 0.821875
0 0.7453125000000002 0.8015625 0.6750000000000002 0.8015625 0.6750000000000002 0.8734375 0.7453125000000002 0.8734375
0 0.815625 0.7765625000000002 0.7484375000000002 0.7765625000000002 0.7484375000000002 0.86875 0.815625 0.86875
0 0.5015625000000001 0.7671875 0.4234375000000002 0.7671875 0.4234375000000002 0.8578125 0.5015625000000001 0.8578125
0 0.4937500000000001 0.715625 0.4203125 0.715625 0.4203125000000001 0.7765625 0.4937500000000002 0.7765625
0 0.42656250000000007 0.6703125 0.3531250000000001 0.6703125 0.3531250000000001 0.75625 0.4265625000000002 0.75625
0 0.571875 0.18281250000000007 0.5296875 0.18281250000000004 0.5296875 0.2593750000000001 0.571875 0.2593750000000001
0 0.628125 0.1937500000000001 0.5734375 0.1937500000000001 0.5734375 0.2750000000000001 0.628125 0.2750000000000001
0 0.5609375000000002 0.8578125 0.4781250000000002 0.8578125 0.4781250000000002 0.903125 0.5609375000000002 0.903125
0 0.4703125000000002 0.8640625 0.3921875000000001 0.8640625 0.3921875000000001 0.9046875 0.4703125000000002 0.9046875
0 0.4031250000000002 0.7671875 0.3375000000000001 0.7671875 0.3375000000000001 0.8625 0.4031250000000002 0.8625
0 0.34062500000000007 0.7921875 0.2906250000000001 0.7921875 0.2906250000000001 0.853125 0.34062500000000007 0.853125
0 0.3296875000000001 0.828125 0.2515625000000001 0.828125 0.2515625000000001 0.8984375 0.3296875000000001 0.8984375
0 0.3812500000000001 0.86875 0.3031250000000001 0.86875 0.3031250000000001 0.903125 0.3812500000000001 0.903125
0 0.27812500000000007 0.8015625 0.2312500000000001 0.8015625 0.2312500000000001 0.853125 0.27812500000000007 0.853125
0 0.09375000000000011 0.878125 1.0753929705012696e-16 0.878125 1.0907010554906115e-16 0.903125 0.09375000000000011 0.903125