0 0.9953125 0.3734375000000001 0.5765625 0.3734375000000001 0.5765625000000001 0.8125 0.9953125 0.8125
0 0.996875 0.6500000000000001 0.8890625 0.6500000000000001 0.8890625 0.9953125 0.996875 0.9953125
0 0.9296875 0.6984375 0.4609375 0.6984375 0.4609375000000001 0.9953125 0.9296875 0.9953125
0 0.5140625000000001 0.53125 0.004687500000000065 0.53125 0.0046875000000000935 0.9953125 0.5140625000000002 0.9953125
0 0.5359375000000002 0.9140625 0.13750000000000012 0.9140625 0.13750000000000012 0.9953125 0.5359375000000002 0.9953125
0 0.5765625 0.17812500000000003 0.04531250000000002 0.178125 0.045312500000000054 0.7234375 0.5765625 0.7234375
0 0.8921875 0.048437500000000085 0.4765625 0.04843750000000006 0.4765625 0.4687500000000001 0.8921875 0.46875000000000017
0 0.9953125 0.009375000000000112 0.846875 0.009375000000000102 0.846875 0.48750000000000016 0.9953125 0.48750000000000016
0 0.85 8.534257381558118e-17 0.54375 6.659016970363734e-17 0.54375 0.2250000000000001 0.85 0.2250000000000001
0 0.5515625 3.9801020972288984e-17 0.0984375 1.2055116929106758e-17 0.09843750000000001 0.25312500000000004 0.5515625 0.2531250000000001
0 0.14062500000000003 8.610797806504829e-18 0 0 2.1335643453895294e-17 0.3484375 0.14062500000000006 0.3484375
0 0.08750000000000008 0.3015625 3.693075503678737e-17 0.3015625 7.003448882623926e-17 0.8421875 0.0875000000000001 0.8421875