0 0.953125 0.13750000000000012 0.8328125 0.1375000000000001 0.8328125 0.5125000000000002 0.953125 0.5125000000000002
0 0.996875 0.22656250000000008 0.8890625 0.22656250000000008 0.8890625 0.5171875000000001 0.996875 0.5171875000000001
0 0.996875 0.42968750000000017 0.8765625 0.42968750000000017 0.8765625 0.5484375000000001 0.996875 0.5484375000000001
0 0.8796875 0.4578125000000002 0.8 0.4578125000000002 0.8 0.5890625000000002 0.8796875 0.5890625000000002
0 0.9171875 0.5593750000000002 0.85 0.5593750000000002 0.85 0.6609375000000002 0.9171875 0.6609375000000002
0 0.8734375 0.5828125000000002 0.809375 0.5828125000000002 0.809375 0.6671875000000002 0.8734375 0.6671875000000002
0 0.8203125 0.5000000000000002 0.753125 0.5000000000000002 0.753125 0.6187500000000001 0.8203125 0.6187500000000001
0 0.7671875 0.5000000000000001 0.7234375 0.5 0.7234375 0.5718750000000001 0.7671875 0.5718750000000001
0 0.9578125 9.892849924362213e-17 0.6578125 8.055879725641184e-17 0.6578125 0.2500000000000001 0.9578125 0.2500000000000001
0 0.8828125 0.22656250000000008 0.8203125 0.22656250000000008 0.8203125 0.4828125000000002 0.8828125 0.4828125000000002
0 0.8375 0.1906250000000001 0.7265625 0.1906250000000001 0.7265625 0.4281250000000002 0.8375 0.4281250000000002
0 0.8609375 0.3281250000000001 0.803125 0.3281250000000001 0.803125 0.4046875000000002 0.8609375 0.4046875000000002
0 0.8671875 0.3984375000000001 0.7671875 0.3984375000000001 0.7671875 0.5000000000000002 0.8671875 0.5000000000000002
0 0.809375 0.6187500000000001 0.7765625 0.6187500000000001 0.7765625 0.6671875000000002 0.809375 0.6671875000000002
0 0.7796875 0.565625 0.7140625 0.565625 0.7140625 0.6718750000000001 0.7796875 0.6718750000000002
0 0.7328125 0.51875 0.6734375 0.51875 0.6734375 0.6078125000000001 0.7328125 0.6078125000000002
0 0.69375 0.5484375 0.6265625 0.5484375 0.6265625 0.61875 0.69375 0.61875
0 0.696875 0.5890625 0.6328125 0.5890625 0.6328125 0.6671875 0.696875 0.6671875
0 0.7203125 0.6375 0.69375 0.6375 0.69375 0.6671875 0.7203125 0.6671875
0 0.634375 0.6015625 0.584375 0.6015625 0.584375 0.6671875 0.634375 0.6671875
0 0.6265625 0.5484375 0.5703125 0.5484375 0.5703125 0.61875 0.6265625 0.61875
0 0.6203125 0.440625 0.54375 0.440625 0.54375 0.546875 0.6203125 0.546875
0 0.5734375 0.5125 0.490625 0.5125 0.490625 0.6078125 0.5734375 0.6078125
0 0.5796875 0.578125 0.5 0.578125 0.5 0.703125 0.5796875 0.703125
0 0.55 0.684375 0.4765625 0.684375 0.4765625000000001 0.7734375 0.5500000000000002 0.7734375
0 0.5140625 0.61875 0.4671875 0.61875 0.4671875 0.7203125 0.5140625 0.7203125
0 0.95 0.6546875000000001 0.5640625 0.6546875 0.5640625000000001 0.7375 0.95 0.7375000000000002
0 0.9765625 0.7140625 0.5140625 0.7140625 0.5140625000000001 0.821875 0.9765625 0.821875
0 0.896875 0.7796875000000001 0.47656250000000017 0.7796875 0.47656250000000017 0.875 0.896875 0.875
0 0.9375 0.815625 0.46093750000000017 0.815625 0.46093750000000017 0.99375 0.9375 0.99375
0 0.4671875000000001 0.65 0.04062500000000008 0.65 0.040625000000000085 0.76875 0.4671875000000002 0.76875
0 0.47656250000000017 0.7328125 0.33281250000000007 0.7328125 0.33281250000000007 0.7921875 0.47656250000000017 0.7921875
0 0.5531250000000002 0.7625 0.10000000000000009 0.7625 0.10000000000000009 0.821875 0.5531250000000002 0.821875
0 0.4437500000000002 0.828125 0.12343750000000009 0.828125 0.12343750000000009 0.8984375 0.4437500000000002 0.8984375
0 0.55 0.4875 0.28593750000000007 0.4875 0.28593750000000007 0.6671875 0.55 0.6671875
0 0.3703125000000001 0.5359375 0.2906250000000001 0.5359375 0.2906250000000001 0.6375 0.3703125000000001 0.6375
0 0.4875 0.4703125 0.3531250000000001 0.4703125 0.3531250000000001 0.6125 0.4875 0.6125
0 0.546875 0.38750000000000007 0.453125 0.38750000000000007 0.453125 0.5125 0.546875 0.5125
0 0.590625 0.2671875 0.340625 0.2671875 0.34062500000000007 0.446875 0.590625 0.446875
0 0.6203125 0.2140625000000001 0.490625 0.2140625000000001 0.490625 0.3687500000000001 0.6203125 0.3687500000000001
0 0.65 0.19687500000000008 0.596875 0.19687500000000008 0.596875 0.3031250000000001 0.65 0.3031250000000001
0 0.7265625 0.1781250000000001 0.6328125 0.1781250000000001 0.6328125 0.3390625000000001 0.7265625 0.3390625000000001
0 0.759375 0.24375000000000008 0.7234375 0.24375000000000008 0.7234375 0.2984375000000001 0.759375 0.2984375000000001
0 0.7796875 0.2921875000000001 0.70625 0.2921875000000001 0.70625 0.3937500000000001 0.7796875 0.3937500000000001
0 0.6203125 0.08906250000000007 0.5328125 0.08906250000000007 0.5328125 0.19687500000000008 0.6203125 0.19687500000000008
0 0.6640625 0.07812500000000008 0.603125 0.07812500000000007 0.603125 0.1671875000000001 0.6640625 0.1671875000000001
0 0.6765625 0.05312500000000009 0.6375 0.05312500000000009 0.6375 0.10156250000000008 0.6765625 0.10156250000000008
0 0.5703125 0.05468750000000007 0.5171875 0.05468750000000007 0.5171875 0.11406250000000007 0.5703125 0.1140625000000001
0 0.534375 0.08437500000000006 0.4609375 0.08437500000000006 0.4609375 0.17968750000000006 0.534375 0.17968750000000006
0 0.4890625 4.2192909251873654e-17 0.2 2.4492935982947065e-17 0.2 0.17812500000000003 0.4890625 0.17812500000000003
0 0.45625 0.08437500000000006 0.3671875 0.08437500000000005 0.3671875 0.20312500000000008 0.45625 0.20312500000000008
0 0.503125 0.17812500000000003 0.40625 0.17812500000000003 0.40625 0.28593750000000007 0.503125 0.28593750000000007
0 0.4109375 0.11406250000000004 0.203125 0.11406250000000004 0.203125 0.35781250000000003 0.4109375 0.3578125000000001
0 0.21406250000000004 0.029687500000000012 3.6356701849687045e-18 0.0296875 4.047074969057269e-17 0.63125 0.2140625000000001 0.63125
0 0.20000000000000004 0.315625 0.07031250000000004 0.315625 0.07031250000000006 0.5359375 0.2000000000000001 0.5359375
0 0.2968750000000001 0.4703125 0.14687500000000003 0.4703125 0.14687500000000006 0.7078125 0.2968750000000001 0.7078125
0 0.15000000000000008 0.49375 0.00937500000000006 0.49375 0.009375000000000074 0.7265625 0.15000000000000008 0.7265625
0 0.446875 0.33281250000000007 0.30625 0.3328125 0.30625 0.50625 0.446875 0.50625
0 0.32656250000000003 0.2921875 0.20625 0.2921875 0.20625000000000004 0.4109375 0.3265625000000001 0.4109375
0 0.3765625 0.30312500000000003 0.3 0.303125 0.30000000000000004 0.4109375 0.3765625000000001 0.4109375
0 0.3203125000000001 0.3875 0.2296875000000001 0.3875 0.2296875000000001 0.5125 0.3203125000000001 0.5125