0 0.996875 0.10468750000000011 0.775 0.10468750000000009 0.775 0.4390625000000002 0.996875 0.4390625000000002
0 0.93125 0.3843750000000001 0.8625 0.3843750000000001 0.8625 0.4671875000000002 0.93125 0.4671875000000002
0 0.865625 0.3843750000000001 0.775 0.3843750000000001 0.775 0.5500000000000002 0.865625 0.5500000000000002
0 0.9640625 0.5109375000000002 0.8546875 0.5109375000000002 0.8546875 0.7031250000000002 0.9640625 0.7031250000000002
0 0.93125 0.6375000000000002 0.81875 0.6375000000000002 0.81875 0.8078125 0.93125 0.8078125
0 0.8375 0.6812500000000001 0.7109375 0.68125 0.7109375000000001 0.8578125 0.8375 0.8578125
0 0.8765625 0.5390625000000002 0.7578125 0.5390625000000002 0.7578125 0.7140625000000002 0.8765625 0.7140625000000002
0 0.7640625 0.4953125000000001 0.65625 0.4953125 0.65625 0.6812500000000001 0.7640625 0.6812500000000001
0 0.7828125 0.4125000000000001 0.6484375 0.4125 0.6484375 0.5546875000000001 0.7828125 0.5546875000000002
0 0.65625 0.521875 0.5796875 0.521875 0.5796875 0.665625 0.65625 0.665625
0 0.7171875000000001 0.64375 0.5578125 0.64375 0.5578125 0.86875 0.7171875000000002 0.86875
0 0.6046875 0.55 0.4890625 0.55 0.48906250000000007 0.76875 0.6046875000000002 0.76875
0 0.84375 0.028125000000000084 0.5 0.028125000000000067 0.5 0.4234375000000001 0.84375 0.4234375000000002
0 0.728125 7.453123879185844e-17 0.4890625 5.989288252080025e-17 0.4890625 0.2093750000000001 0.728125 0.2093750000000001
0 0.3484375 0.06093750000000003 0.203125 0.06093750000000002 0.203125 0.19843750000000004 0.3484375 0.19843750000000004
0 0.4890625 0.06562500000000006 0.34375 0.06562500000000004 0.34375 0.23125000000000004 0.4890625 0.2312500000000001
0 0.43125 0.028125000000000046 0.3078125 0.028125000000000032 0.3078125 0.08281250000000004 0.43125 0.08281250000000004
0 0.296875 0.03281250000000003 0.184375 0.03281250000000002 0.184375 0.13750000000000004 0.296875 0.13750000000000004
0 0.2171875 0.15937500000000002 0.1125 0.159375 0.11250000000000002 0.26875 0.2171875 0.26875
0 0.3265625 0.203125 0.203125 0.203125 0.203125 0.275 0.3265625 0.275
0 0.27187500000000003 0.259375 3.1764276352884476e-17 0.259375 4.152318053358994e-17 0.41875 0.2718750000000001 0.41875
0 0.4171875 0.12656250000000002 0.021875000000000016 0.1265625 0.02187500000000004 0.478125 0.4171875 0.478125
0 0.4140625 0.16562500000000002 0.03750000000000002 0.165625 0.03750000000000005 0.5609375 0.4140625 0.5609375
0 0.4890625 0.07812500000000004 0.1046875 0.07812500000000003 0.10468750000000004 0.6328125 0.4890625 0.6328125
0 0.475 0.23125000000000004 0.359375 0.23125 0.359375 0.35781250000000003 0.475 0.3578125000000001
0 0.5390625 0.2140625000000001 0.43125 0.2140625000000001 0.43125 0.3578125000000001 0.5390625 0.3578125000000001
0 0.5578125 0.35156250000000006 0.296875 0.3515625 0.29687500000000006 0.5546875 0.5578125 0.5546875
0 0.6265625 0.4015625 0.3625000000000001 0.4015625 0.3625000000000001 0.50625 0.6265625 0.50625
0 0.2968750000000001 0.49375 0.2062500000000001 0.49375 0.2062500000000001 0.6484375 0.2968750000000001 0.6484375
0 0.2390625000000001 0.5875 0.1625000000000001 0.5875 0.1625000000000001 0.6921875 0.2390625000000001 0.6921875
0 0.3046875000000001 0.64375 0.23593750000000008 0.64375 0.23593750000000008 0.78125 0.3046875000000001 0.78125
0 0.3734375000000001 0.64375 0.3000000000000001 0.64375 0.3000000000000001 0.759375 0.3734375000000001 0.759375
0 0.40937500000000016 0.73125 0.3078125000000001 0.73125 0.3078125000000001 0.846875 0.40937500000000016 0.846875
0 0.4781250000000001 0.50625 0.33281250000000007 0.50625 0.33281250000000007 0.840625 0.4781250000000002 0.840625
0 0.5765625000000001 0.4515625 0.4203125 0.4515625 0.4203125000000001 0.8578125 0.5765625000000002 0.8578125
0 0.5328125000000001 0.725 0.459375 0.725 0.4593750000000001 0.8078125 0.5328125000000001 0.8078125
0 0.5546875000000002 0.7859375 0.45625000000000016 0.7859375 0.45625000000000016 0.8625 0.5546875000000002 0.8625
0 0.6125 0.4609375 0.56875 0.4609375 0.56875 0.521875 0.6125 0.521875