0 0.8359375 0.825 0.6875000000000002 0.825 0.6875000000000002 0.9953125 0.8359375 0.9953125
0 0.859375 0.7984375000000001 0.815625 0.7984375000000001 0.815625 0.8859375 0.859375 0.8859375
0 0.93125 0.5578125000000002 0.8328125 0.5578125000000002 0.8328125 0.7875000000000002 0.93125 0.7875000000000002
0 0.978125 0.37187500000000007 0.86875 0.37187500000000007 0.86875 0.5687500000000002 0.978125 0.5687500000000002
0 0.90625 0.30156250000000007 0.728125 0.30156250000000007 0.728125 0.5640625000000001 0.90625 0.5640625000000001
0 0.93125 0.16875000000000012 0.759375 0.1687500000000001 0.759375 0.37187500000000007 0.93125 0.37187500000000007
0 0.8359375 0.0765625000000001 0.690625 0.07656250000000009 0.690625 0.2843750000000001 0.8359375 0.2843750000000001
0 0.75625 0.2671875000000001 0.6765625 0.2671875000000001 0.6765625 0.5687500000000001 0.75625 0.5687500000000002
0 0.7171875 0.3125000000000001 0.5234375 0.3125000000000001 0.5234375 0.6078125 0.7171875 0.6078125
0 0.871875 0.5359375000000001 0.665625 0.5359375 0.6656250000000001 0.8421875 0.871875 0.8421875
0 0.7015625000000002 0.7546875 0.5500000000000002 0.7546875 0.5500000000000002 0.91875 0.7015625000000002 0.91875
0 0.6875000000000001 0.590625 0.55625 0.590625 0.5562500000000001 0.7984375 0.6875000000000002 0.7984375
0 0.6953125000000002 0.8796875 0.5281250000000002 0.8796875 0.5281250000000002 0.9953125 0.6953125000000002 0.9953125
0 0.5640625000000001 0.825 0.41406250000000017 0.825 0.41406250000000017 0.9953125 0.5640625000000001 0.9953125
0 0.58125 0.6671875 0.4546875 0.6671875 0.4546875000000001 0.8421875 0.5812500000000002 0.8421875
0 0.5421875 0.5140625 0.3703125000000001 0.5140625 0.3703125000000001 0.69375 0.5421875 0.69375
0 0.55625 0.4640625 0.425 0.4640625 0.425 0.6890625 0.55625 0.6890625
0 0.5390625 0.2953125000000001 0.4265625 0.2953125000000001 0.4265625 0.4921875 0.5390625 0.4921875
0 0.5390625 0.21250000000000008 0.41875 0.21250000000000008 0.41875 0.3390625000000001 0.5390625 0.3390625000000001
0 0.6765625 0.16406250000000006 0.5421875 0.16406250000000006 0.5421875 0.3546875000000001 0.6765625 0.3546875000000001
0 0.6953125 0.11562500000000009 0.5828125 0.11562500000000009 0.5828125 0.2796875000000001 0.6953125 0.2796875000000001
0 0.7234375 0.010937500000000083 0.6328125 0.010937500000000077 0.6328125 0.1468750000000001 0.7234375 0.1468750000000001
0 0.640625 6.792962714020475e-17 0.46875 5.740531871003217e-17 0.46875 0.15312500000000007 0.640625 0.1531250000000001
0 0.5125 0.06562500000000006 0.4 0.06562500000000004 0.4 0.2296875000000001 0.5125 0.2296875000000001
0 0.55 0.15312500000000007 0.5015625 0.15312500000000004 0.5015625 0.23437500000000008 0.55 0.23437500000000008
0 0.421875 0.20781250000000004 0.3453125 0.2078125 0.3453125 0.31093750000000003 0.421875 0.3109375000000001
0 0.3890625 4.1236153940039786e-17 0.284375 3.482589335075286e-17 0.284375 0.18593750000000003 0.3890625 0.18593750000000003
0 0.440625 4.812479218524365e-17 0.3453125 4.228858478305704e-17 0.3453125 0.19687500000000005 0.440625 0.19687500000000005
0 0.35 0.11562500000000005 0.21875 0.11562500000000005 0.21875 0.290625 0.35 0.290625
0 0.44375 0.2515625 0.2296875 0.2515625 0.22968750000000004 0.60625 0.44375 0.60625
0 0.3703125000000001 0.5953125 0.21875000000000008 0.5953125 0.21875000000000008 0.7703125 0.3703125000000001 0.7703125
0 0.42187500000000017 0.7546875 0.2218750000000001 0.7546875 0.2218750000000001 0.9890625 0.42187500000000017 0.9890625
0 0.5015625000000001 0.91875 0.3453125000000001 0.91875 0.3453125000000001 0.9953125 0.5015625000000001 0.9953125
0 0.3343750000000001 0.9234375 0.18593750000000014 0.9234375 0.18593750000000014 0.9953125 0.3343750000000001 0.9953125
0 0.2906250000000001 0.69375 0.1750000000000001 0.69375 0.1750000000000001 0.9015625 0.2906250000000001 0.9015625
0 0.19687500000000008 0.584375 0.10156250000000008 0.584375 0.10156250000000008 0.7375 0.19687500000000008 0.7375
0 0.1781250000000001 0.7046875 0.04375000000000009 0.7046875 0.0437500000000001 0.8859375 0.1781250000000001 0.8859375
0 0.2000000000000001 0.803125 0.10937500000000008 0.803125 0.10937500000000011 0.91875 0.2000000000000001 0.91875
0 0.2843750000000001 0.459375 0.13906250000000003 0.459375 0.13906250000000006 0.6828125 0.2843750000000001 0.6828125
0 0.24375000000000005 0.3390625 0.16406250000000006 0.3390625 0.16406250000000006 0.4703125 0.24375000000000008 0.4703125
0 0.15000000000000008 0.4375 0.026562500000000055 0.4375 0.026562500000000062 0.584375 0.15000000000000008 0.584375
0 0.12031250000000007 0.5078125 6.218909526920153e-17 0.5078125 7.62533983531594e-17 0.7375 0.12031250000000009 0.7375
0 0.20000000000000004 0.16875 0.021875000000000023 0.16875 0.021875000000000037 0.4265625 0.2000000000000001 0.4265625
0 0.225 0.09218750000000002 0.1015625 0.09218750000000002 0.10156250000000003 0.2625 0.225 0.2625
0 0.2828125 0.07656250000000003 0.221875 0.07656250000000002 0.221875 0.14687500000000003 0.2828125 0.14687500000000003
0 0.2625 0.2453125 0.19375000000000003 0.2453125 0.19375000000000003 0.3390625 0.2625 0.3390625