0 0.9234375 0.9125 0.7968750000000002 0.9125 0.7968750000000002 0.9953125 0.9234375 0.9953125
0 0.840625 0.8203125 0.7421875000000002 0.8203125 0.7421875000000002 0.9625 0.840625 0.9625
0 0.8875 0.6890625000000001 0.7640625 0.6890625000000001 0.7640625000000001 0.8421875 0.8875 0.8421875
0 0.9234375 0.5468750000000002 0.8 0.5468750000000002 0.8 0.7265625000000002 0.9234375 0.7265625000000002
0 0.996875 0.4265625000000002 0.909375 0.4265625000000002 0.909375 0.6015625000000002 0.996875 0.6015625000000002
0 0.9671875 0.3453125000000001 0.890625 0.3453125000000001 0.890625 0.47656250000000017 0.9671875 0.47656250000000017
0 0.909375 0.4593750000000002 0.8140625 0.4593750000000002 0.8140625 0.5515625000000002 0.909375 0.5515625000000002
0 0.8953125 0.3390625000000001 0.8078125 0.3390625000000001 0.8078125 0.45312500000000017 0.8953125 0.45312500000000017
0 0.8953125 0.2406250000000001 0.8 0.2406250000000001 0.8 0.3390625000000001 0.8953125 0.3390625000000001
0 0.928125 0.14687500000000012 0.8265625 0.1468750000000001 0.8265625 0.2515625000000001 0.928125 0.2515625000000001
0 0.825 0.4000000000000002 0.7421875 0.4000000000000002 0.7421875 0.5312500000000002 0.825 0.5312500000000002
0 0.8140625 0.5359375000000002 0.7453125 0.5359375000000002 0.7453125 0.6171875000000002 0.8140625 0.6171875000000002
0 0.7890625000000001 0.6781250000000001 0.709375 0.678125 0.7093750000000001 0.809375 0.7890625000000002 0.809375
0 0.7562500000000002 0.7703125000000001 0.6406250000000002 0.7703125 0.6406250000000002 0.91875 0.7562500000000002 0.91875
0 0.7609375000000002 0.91875 0.6843750000000002 0.91875 0.6843750000000002 0.9953125 0.7609375000000002 0.9953125
0 0.6843750000000002 0.8421875 0.5500000000000002 0.8421875 0.5500000000000002 0.9953125 0.6843750000000002 0.9953125
0 0.6406250000000002 0.7765625 0.5421875000000002 0.7765625 0.5421875000000002 0.890625 0.6406250000000002 0.890625
0 0.7125000000000001 0.5578125 0.5609375 0.5578125 0.5609375000000001 0.7921875 0.7125000000000001 0.7921875
0 0.75625 0.38750000000000007 0.6546875 0.38750000000000007 0.6546875 0.5687500000000001 0.75625 0.5687500000000002
0 0.75 0.5578125 0.6953125 0.5578125 0.6953125 0.6234375000000001 0.75 0.6234375000000002
0 0.665625 0.459375 0.5703125 0.459375 0.5703125 0.56875 0.665625 0.56875
0 0.665625 0.3937500000000001 0.6140625 0.3937500000000001 0.6140625 0.4640625 0.665625 0.4640625
0 0.728125 0.2468750000000001 0.6296875 0.2468750000000001 0.6296875 0.4000000000000001 0.728125 0.4000000000000002
0 0.753125 0.3343750000000001 0.7265625 0.3343750000000001 0.7265625 0.4000000000000002 0.753125 0.4000000000000002
0 0.8109375 0.3109375000000001 0.7453125 0.3109375000000001 0.7453125 0.4046875000000002 0.8109375 0.4046875000000002
0 0.803125 0.2234375000000001 0.775 0.2234375000000001 0.775 0.3062500000000001 0.803125 0.3062500000000001
0 0.778125 0.1687500000000001 0.665625 0.1687500000000001 0.665625 0.3281250000000001 0.778125 0.3281250000000001
0 0.7921875 0.12500000000000008 0.709375 0.12500000000000008 0.709375 0.2296875000000001 0.7921875 0.2296875000000001
0 0.8109375 0.09218750000000009 0.7421875 0.09218750000000009 0.7421875 0.1859375000000001 0.8109375 0.1859375000000001
0 0.5453125000000002 0.809375 0.42968750000000017 0.809375 0.42968750000000017 0.9953125 0.5453125000000002 0.9953125
0 0.5750000000000001 0.671875 0.4578125 0.671875 0.45781250000000007 0.846875 0.5750000000000002 0.846875
0 0.5890625 0.5140625 0.509375 0.5140625 0.509375 0.634375 0.5890625 0.634375
0 0.578125 0.3765625000000001 0.4546875 0.3765625000000001 0.4546875 0.546875 0.578125 0.546875
0 0.64375 0.2671875000000001 0.5375 0.2671875000000001 0.5375 0.4484375 0.64375 0.4484375
0 0.5609375 0.2296875000000001 0.4625 0.2296875000000001 0.4625 0.3656250000000001 0.5609375 0.3656250000000001
0 0.6515625 0.07656250000000007 0.53125 0.07656250000000006 0.53125 0.2562500000000001 0.6515625 0.2562500000000001
0 0.7203125 0.048437500000000085 0.6328125 0.04843750000000008 0.6328125 0.16406250000000008 0.7203125 0.16406250000000008
0 0.61875 0.02187500000000007 0.5390625 0.021875000000000068 0.5390625 0.09218750000000006 0.61875 0.09218750000000006
0 0.5484375 0.03906250000000006 0.4546875 0.039062500000000056 0.4546875 0.17031250000000006 0.5484375 0.1703125000000001
0 0.53125 0.15937500000000004 0.41875 0.15937500000000004 0.41875 0.3125000000000001 0.53125 0.3125000000000001
0 0.4578125 0.03750000000000005 0.378125 0.03750000000000005 0.378125 0.14218750000000005 0.4578125 0.14218750000000005
0 0.459375 0.10937500000000004 0.3828125 0.10937500000000004 0.3828125 0.2406250000000001 0.459375 0.2406250000000001
0 0.4265625 0.23437500000000006 0.35 0.234375 0.35 0.29531250000000003 0.4265625 0.2953125000000001
0 0.4515625 0.2843750000000001 0.3640625 0.2843750000000001 0.36406250000000007 0.415625 0.4515625 0.415625
0 0.37187500000000007 0.28906250000000006 0.2625 0.2890625 0.26250000000000007 0.459375 0.37187500000000007 0.459375
0 0.35625000000000007 0.4484375 0.23593750000000008 0.4484375 0.23593750000000008 0.6171875 0.35625000000000007 0.6171875
0 0.4 0.5578125 0.3156250000000001 0.5578125 0.3156250000000001 0.671875 0.4 0.671875
0 0.5265625 0.5515625 0.4109375 0.5515625 0.4109375 0.6890625 0.5265625 0.6890625
0 0.459375 0.4203125 0.3390625000000001 0.4203125 0.3390625000000001 0.584375 0.459375 0.584375
0 0.3421875 0.17968750000000006 0.2515625 0.17968750000000006 0.2515625 0.2953125 0.3421875 0.2953125
0 0.375 0.07656250000000005 0.2875 0.07656250000000005 0.2875 0.19687500000000005 0.375 0.19687500000000005
0 0.284375 0.06562500000000003 0.171875 0.06562500000000002 0.17187500000000003 0.2125 0.284375 0.2125
0 0.19687500000000002 0.14687500000000003 0.07968750000000002 0.146875 0.07968750000000004 0.284375 0.19687500000000005 0.284375
0 0.19687500000000005 0.2234375 0.11250000000000004 0.2234375 0.11250000000000004 0.35 0.19687500000000005 0.35
0 0.27656250000000004 0.2625 0.18593750000000003 0.2625 0.18593750000000003 0.39375 0.2765625000000001 0.39375
0 0.19218750000000004 0.3109375 0.10937500000000004 0.3109375 0.10937500000000004 0.4265625 0.19218750000000004 0.4265625
0 0.10625000000000004 0.284375 0.0046875000000000345 0.284375 0.004687500000000044 0.43125 0.10625000000000004 0.43125
0 0.16718750000000007 0.4 0.05468750000000004 0.4 0.054687500000000056 0.5640625 0.1671875000000001 0.5640625
0 0.2765625000000001 0.3984375 0.17031250000000003 0.3984375 0.17031250000000006 0.546875 0.2765625000000001 0.546875
0 0.2875000000000001 0.5734375 0.1703125000000001 0.5734375 0.1703125000000001 0.7265625 0.2875000000000001 0.7265625
0 0.1750000000000001 0.56875 0.08437500000000006 0.56875 0.08437500000000007 0.6828125 0.1750000000000001 0.6828125
0 0.18906250000000008 0.678125 0.07968750000000009 0.678125 0.0796875000000001 0.8578125 0.18906250000000008 0.8578125
0 0.2953125000000001 0.7265625 0.17187500000000008 0.7265625 0.1718750000000001 0.9296875 0.2953125000000001 0.9296875
0 0.2140625000000001 0.846875 0.11250000000000009 0.846875 0.11250000000000011 0.984375 0.2140625000000001 0.984375
0 0.2953125000000001 0.9296875 0.16718750000000013 0.9296875 0.16718750000000013 0.9953125 0.2953125000000001 0.9953125
0 0.42500000000000016 0.8640625 0.2906250000000001 0.8640625 0.2906250000000001 0.9953125 0.42500000000000016 0.9953125
0 0.41093750000000007 0.6828125 0.2906250000000001 0.6828125 0.2906250000000001 0.86875 0.4109375000000002 0.86875
0 0.4703125000000001 0.6453125 0.3828125000000001 0.6453125 0.3828125000000001 0.8203125 0.4703125000000002 0.8203125