0 0.903125 0.19687500000000008 0.621875 0.19687500000000008 0.621875 0.5062500000000001 0.903125 0.5062500000000002
0 0.8640625 0.4890625000000002 0.7453125 0.4890625000000002 0.7453125 0.6906250000000002 0.8640625 0.6906250000000002
0 0.734375 0.4328125000000001 0.603125 0.4328125 0.603125 0.5718750000000001 0.734375 0.5718750000000001
0 0.65625 0.3453125000000001 0.4203125 0.3453125000000001 0.4203125 0.546875 0.65625 0.546875
0 0.490625 0.2687500000000001 0.39375 0.2687500000000001 0.39375000000000004 0.38750000000000007 0.490625 0.38750000000000007
0 0.471875 0.17031250000000003 0.2515625 0.17031250000000003 0.2515625 0.44375 0.471875 0.44375
0 0.4671875 0.10312500000000005 0.390625 0.10312500000000005 0.390625 0.2062500000000001 0.4671875 0.2062500000000001
0 0.5828125 0.07187500000000005 0.440625 0.07187500000000005 0.440625 0.15468750000000006 0.5828125 0.1546875000000001
0 0.4296875 0.04218750000000005 0.3484375 0.042187500000000044 0.3484375 0.11406250000000004 0.4296875 0.11406250000000004
0 0.3671875 0.015625000000000035 0.2125 0.015625000000000028 0.2125 0.19531250000000006 0.3671875 0.19531250000000006
0 0.3390625 0.056250000000000036 0.2203125 0.05625000000000002 0.2203125 0.20625 0.3390625 0.20625
0 0.2703125 0.11875000000000002 0.1578125 0.11875 0.15781250000000002 0.2625 0.2703125 0.2625
0 0.1703125 0.09375000000000003 0.09687500000000002 0.09375000000000003 0.09687500000000002 0.18125 0.1703125 0.18125
0 0.13437500000000002 0.103125 1.262917011620708e-17 0.103125 2.171834557862884e-17 0.2515625 0.13437500000000005 0.2515625
0 0.16562500000000005 0.1859375 0.034375000000000024 0.1859375 0.03437500000000003 0.340625 0.16562500000000005 0.340625
0 0.2625 0.246875 0.15781250000000005 0.246875 0.15781250000000005 0.35625 0.2625 0.35625
0 0.29375000000000007 0.31875 0.07656250000000005 0.31875 0.07656250000000006 0.5671875 0.29375000000000007 0.5671875
0 0.2812500000000001 0.403125 0.11250000000000004 0.403125 0.11250000000000007 0.6296875 0.2812500000000001 0.6296875
0 0.08437500000000006 0.2734375 3.348643591418544e-17 0.2734375 5.2717217682046225e-17 0.5875 0.08437500000000006 0.5875
0 0.12343750000000006 0.44375 5.43437017121638e-17 0.44375 6.754692501547121e-17 0.659375 0.12343750000000009 0.659375
0 0.21250000000000008 0.5921875 0.06562500000000007 0.5921875 0.06562500000000007 0.809375 0.21250000000000008 0.809375
0 0.22812500000000008 0.7421875 0.13437500000000008 0.7421875 0.13437500000000008 0.871875 0.22812500000000008 0.871875
0 0.07343750000000009 0.6296875 7.711447813380989e-17 0.6296875 9.031770143711729e-17 0.8453125 0.07343750000000011 0.8453125
0 0.3750000000000001 0.6078125 0.21250000000000008 0.6078125 0.21250000000000008 0.9171875 0.3750000000000001 0.9171875
0 0.5437500000000001 0.634375 0.3515625000000001 0.634375 0.3515625000000001 0.8859375 0.5437500000000002 0.8859375
0 0.3468750000000001 0.5109375 0.27031250000000007 0.5109375 0.27031250000000007 0.6296875 0.3468750000000001 0.6296875
0 0.3671875000000001 0.4328125 0.2968750000000001 0.4328125 0.2968750000000001 0.53125 0.3671875000000001 0.53125
0 0.4171875 0.459375 0.3468750000000001 0.459375 0.3468750000000001 0.5421875 0.4171875 0.5421875
0 0.5109375 0.4796875 0.421875 0.4796875 0.421875 0.5671875 0.5109375 0.5671875
0 0.60625 0.5109375 0.50625 0.5109375 0.50625 0.603125 0.60625 0.603125
0 0.7156250000000001 0.6140625 0.61875 0.6140625 0.6187500000000001 0.7421875 0.7156250000000002 0.7421875
0 0.7796875 0.5468750000000001 0.6953125 0.546875 0.6953125 0.70625 0.7796875 0.7062500000000002
0 0.6843750000000001 0.6953125 0.5953125 0.6953125 0.5953125000000001 0.8046875 0.6843750000000002 0.8046875
0 0.6062500000000002 0.7265625 0.5359375000000002 0.7265625 0.5359375000000002 0.8203125 0.6062500000000002 0.8203125
0 0.6171875000000001 0.5984375 0.525 0.5984375 0.5250000000000001 0.7265625 0.6171875000000002 0.7265625
0 0.5296875 0.540625 0.4296875 0.540625 0.4296875 0.65 0.5296875 0.65
0 0.425 0.540625 0.3359375000000001 0.540625 0.3359375000000001 0.6546875 0.425 0.6546875
0 0.4375 0.32031250000000006 0.340625 0.3203125 0.34062500000000007 0.4546875 0.4375 0.4546875
0 0.671875 0.12343750000000006 0.4515625 0.12343750000000005 0.4515625 0.3765625000000001 0.671875 0.3765625000000001