0 0.684375 0.3906250000000001 0.4171875 0.3906250000000001 0.4171875 0.6359375 0.684375 0.6359375
0 0.6265625000000001 0.621875 0.3375000000000001 0.621875 0.3375000000000001 0.8984375 0.6265625000000001 0.8984375
0 0.6937500000000002 0.7375 0.6093750000000002 0.7375 0.6093750000000002 0.8484375 0.6937500000000002 0.8484375
0 0.903125 0.5828125000000001 0.68125 0.5828125 0.6812500000000001 0.7562500000000001 0.903125 0.7562500000000002
0 0.9953125 0.5609375000000002 0.8984375 0.5609375000000002 0.8984375 0.6718750000000002 0.9953125 0.6718750000000002
0 0.853125 0.3687500000000001 0.675 0.3687500000000001 0.675 0.5906250000000001 0.853125 0.5906250000000002
0 0.95625 0.40937500000000016 0.8484375 0.40937500000000016 0.8484375 0.5828125000000002 0.95625 0.5828125000000002
0 0.8 0.11093750000000009 0.63125 0.11093750000000009 0.63125 0.3468750000000001 0.8 0.3468750000000001
0 0.6140625 0.053125000000000054 0.378125 0.05312500000000005 0.378125 0.23593750000000008 0.6140625 0.23593750000000008
0 0.6265625 0.2484375000000001 0.409375 0.2484375000000001 0.409375 0.409375 0.6265625 0.409375
0 0.4171875 0.43125 0.26250000000000007 0.43125 0.26250000000000007 0.621875 0.4171875 0.621875
0 0.2812500000000001 0.4359375 0.045312500000000054 0.4359375 0.04531250000000007 0.63125 0.2812500000000001 0.63125
0 0.36406250000000007 0.6484375 0.22656250000000008 0.6484375 0.22656250000000008 0.7734375 0.36406250000000007 0.7734375
0 0.33906250000000004 0.209375 0.21875 0.209375 0.21875000000000006 0.3828125 0.3390625000000001 0.3828125
0 0.4578125 0.27031250000000007 0.328125 0.2703125 0.32812500000000006 0.43125 0.4578125 0.43125
0 0.9078125 0.18593750000000012 0.7875 0.1859375000000001 0.7875 0.3734375000000001 0.9078125 0.3734375000000001
0 0.9953125 0.2578125000000001 0.8625 0.2578125000000001 0.8625 0.44843750000000016 0.9953125 0.44843750000000016
0 0.9953125 0.15156250000000013 0.9421875 0.15156250000000013 0.9421875 0.26250000000000007 0.9953125 0.26250000000000007
0 0.7375 0.04531250000000008 0.6140625 0.045312500000000075 0.6140625 0.1296875000000001 0.7375 0.1296875000000001
0 0.925 0.11562500000000012 0.7640625 0.11562500000000009 0.7640625 0.2312500000000001 0.925 0.2312500000000001
0 0.440625 0.11093750000000005 0.325 0.11093750000000005 0.325 0.24843750000000003 0.440625 0.2484375000000001
0 0.2671875 0.12812500000000002 0.09375000000000003 0.128125 0.09375000000000003 0.2890625 0.2671875 0.2890625
0 0.23593750000000005 0.29375 0.048437500000000036 0.29375 0.04843750000000004 0.43125 0.23593750000000008 0.43125
0 0.12812500000000004 0.35 4.286263797015736e-17 0.35 5.348262193151332e-17 0.5234375 0.12812500000000004 0.5234375
0 0.3734375000000001 0.38281250000000006 0.2093750000000001 0.3828125 0.2093750000000001 0.484375 0.3734375000000001 0.484375
0 0.41875 0.6046875 0.1609375000000001 0.6046875 0.1609375000000001 0.675 0.41875 0.675