0 0.6015625000000001 0.4109375 0.3781250000000001 0.4109375 0.3781250000000001 0.74375 0.6015625000000002 0.74375
0 0.75625 0.30937500000000007 0.5890625 0.30937500000000007 0.5890625 0.6671875 0.75625 0.6671875000000002
0 0.815625 0.4937500000000002 0.753125 0.4937500000000002 0.753125 0.6015625000000002 0.815625 0.6015625000000002
0 0.85 0.3750000000000001 0.7859375 0.3750000000000001 0.7859375 0.5062500000000002 0.85 0.5062500000000002
0 0.8765625 0.45312500000000017 0.81875 0.45312500000000017 0.81875 0.5781250000000002 0.8765625 0.5781250000000002
0 0.8765625 0.4046875000000002 0.8453125 0.4046875000000002 0.8453125 0.46406250000000016 0.8765625 0.46406250000000016
0 0.9171875 0.4343750000000002 0.8734375 0.4343750000000002 0.8734375 0.5531250000000002 0.9171875 0.5531250000000002
0 0.8265625 0.1906250000000001 0.6890625 0.1906250000000001 0.6890625 0.5125000000000001 0.8265625 0.5125000000000002
0 0.771875 7.979339300694474e-17 0.53125 6.505936120470313e-17 0.53125 0.3031250000000001 0.771875 0.3031250000000001
0 0.6328125 0.22031250000000008 0.428125 0.22031250000000008 0.428125 0.5171875 0.6328125 0.5171875
0 0.415625 0.4046875 0.3625000000000001 0.4046875 0.3625000000000001 0.4875 0.415625 0.4875
0 0.459375 0.22031250000000008 0.36875 0.22031250000000008 0.36875 0.3921875000000001 0.459375 0.3921875000000001
0 0.553125 0.006250000000000054 0.3421875 0.006250000000000042 0.3421875 0.26250000000000007 0.553125 0.26250000000000007
0 0.3921875 0.11250000000000004 0.315625 0.11250000000000004 0.315625 0.25625000000000003 0.3921875 0.2562500000000001
0 0.36406250000000007 0.25000000000000006 0.284375 0.25 0.28437500000000004 0.38125000000000003 0.36406250000000007 0.3812500000000001
0 0.3546875000000001 0.38125 0.2906250000000001 0.38125 0.2906250000000001 0.4640625 0.3546875000000001 0.4640625
0 0.3281250000000001 0.4578125 0.29375000000000007 0.4578125 0.29375000000000007 0.50625 0.3281250000000001 0.50625
0 0.37187500000000007 0.4765625 0.3218750000000001 0.4765625 0.3218750000000001 0.5828125 0.37187500000000007 0.5828125
0 0.3281250000000001 0.5296875 0.2875000000000001 0.5296875 0.2875000000000001 0.5953125 0.3281250000000001 0.5953125
0 0.3750000000000001 0.584375 0.3375000000000001 0.584375 0.3375000000000001 0.65 0.3750000000000001 0.65
0 0.3046875000000001 0.434375 0.2578125000000001 0.434375 0.2578125000000001 0.578125 0.3046875000000001 0.578125
0 0.28437500000000004 0.042187500000000024 0.1265625 0.04218750000000001 0.12656250000000002 0.428125 0.2843750000000001 0.428125
0 0.28750000000000003 0.321875 0.23125 0.321875 0.23125000000000004 0.4234375 0.2875000000000001 0.4234375
0 0.24687500000000004 0.3625 0.18437500000000004 0.3625 0.18437500000000004 0.440625 0.2468750000000001 0.440625
0 0.2078125000000001 0.4171875 0.15781250000000005 0.4171875 0.15781250000000005 0.4875 0.2078125000000001 0.4875
0 0.22812500000000008 0.446875 0.17031250000000003 0.446875 0.17031250000000003 0.5359375 0.22812500000000008 0.5359375
0 0.25468750000000007 0.4515625 0.2171875000000001 0.4515625 0.2171875000000001 0.5359375 0.25468750000000007 0.5359375
0 0.20312500000000008 0.5296875 0.16406250000000006 0.5296875 0.16406250000000006 0.6484375 0.20312500000000008 0.6484375
0 0.16718750000000007 0.5421875 0.14062500000000006 0.5421875 0.14062500000000006 0.64375 0.1671875000000001 0.64375
0 0.17031250000000003 0.4765625 0.11093750000000005 0.4765625 0.11093750000000005 0.5359375 0.17031250000000003 0.5359375
0 0.29375 0.05937500000000003 0.2546875 0.059375000000000025 0.2546875 0.12500000000000006 0.29375 0.12500000000000006
0 0.3109375 0.029687500000000033 0.28125 0.029687500000000033 0.28125 0.07812500000000004 0.3109375 0.07812500000000004
0 0.325 0.10625000000000004 0.28125 0.10625000000000004 0.28125 0.19062500000000004 0.325 0.19062500000000004
0 0.2734375 0.12500000000000006 0.2375 0.12500000000000006 0.2375 0.203125 0.2734375 0.203125
0 0.2578125 0.05312500000000002 0.2171875 0.05312500000000002 0.2171875 0.11875000000000005 0.2578125 0.11875000000000005
0 0.21718750000000003 1.7221595613009658e-17 0.0640625 7.845393557037732e-18 0.06406250000000002 0.3875 0.2171875000000001 0.3875
0 0.428125 4.506317518737526e-17 0.3078125 3.769615928625447e-17 0.3078125 0.11250000000000004 0.428125 0.11250000000000004
0 0.36875 0.01875000000000004 0.3375 0.018750000000000037 0.3375 0.12031250000000004 0.36875 0.12031250000000004