0 0.6312500000000001 0.31562500000000004 0.014062500000000039 0.315625 0.014062500000000075 0.915625 0.6312500000000002 0.915625
0 0.37187500000000007 0.4359375 0.12968750000000004 0.4359375 0.12968750000000007 0.7625 0.37187500000000007 0.7625
0 0.8109375 0.10156250000000007 0.2421875 0.10156250000000004 0.24218750000000006 0.6890625000000001 0.8109375 0.6890625000000001
0 0.884375 0.5875000000000001 0.6484375 0.5875 0.6484375000000001 0.99375 0.884375 0.99375
0 0.996875 0.5765625000000002 0.884375 0.5765625000000002 0.884375 0.7859375000000002 0.996875 0.7859375000000002
0 0.8453125 0.09687500000000009 0.56875 0.09687500000000007 0.56875 0.41875000000000007 0.8453125 0.4187500000000002
0 0.996875 0.0562500000000001 0.6453125 0.05625000000000009 0.6453125 0.6390625000000001 0.996875 0.6390625000000002
0 0.996875 0.006250000000000101 0.6625 0.00625000000000008 0.6625 0.2890625000000001 0.996875 0.2890625000000001
0 0.56875 0.017187500000000057 0.3515625 0.017187500000000043 0.3515625 0.11875000000000006 0.56875 0.11875000000000009
0 0.23437500000000006 0.09062500000000001 1.1098361617272889e-17 0.090625 3.807886141098801e-17 0.53125 0.23437500000000008 0.53125
0 0.2734375 0.06250000000000003 0.1328125 0.06250000000000003 0.13281250000000003 0.2140625 0.2734375 0.2140625