0 0.90625 0.7578125000000002 0.7562500000000002 0.7578125000000002 0.7562500000000002 0.9796875 0.90625 0.9796875
0 0.928125 0.5265625000000002 0.759375 0.5265625000000002 0.7593750000000001 0.7468750000000002 0.928125 0.7468750000000002
0 0.8828125 0.3531250000000001 0.740625 0.3531250000000001 0.740625 0.5421875000000002 0.8828125 0.5421875000000002
0 0.865625 0.1468750000000001 0.7265625 0.1468750000000001 0.7265625 0.3531250000000001 0.865625 0.3531250000000001
0 0.7375 0.5578125 0.590625 0.5578125 0.5906250000000001 0.7625000000000001 0.7375000000000002 0.7625000000000002
0 0.7437500000000001 0.76875 0.6015625000000002 0.76875 0.6015625000000002 0.9734375 0.7437500000000001 0.9734375
0 0.7171875 0.3687500000000001 0.5828125 0.3687500000000001 0.5828125 0.5625 0.7171875 0.5625
0 0.7109375 0.1687500000000001 0.5796875 0.1687500000000001 0.5796875 0.3578125000000001 0.7109375 0.3578125000000001
0 0.70625 7.778420685209361e-17 0.5640625 6.907773351440539e-17 0.5640625 0.17343750000000008 0.70625 0.17343750000000008
0 0.5859375000000002 0.753125 0.4359375000000002 0.753125 0.4359375000000002 0.984375 0.5859375000000002 0.984375
0 0.5750000000000001 0.5578125 0.4328125 0.5578125 0.4328125000000001 0.7625 0.5750000000000002 0.7625
0 0.5671875 0.3734375000000001 0.4328125 0.3734375000000001 0.4328125 0.5578125 0.5671875 0.5578125
0 0.5609375 0.17343750000000008 0.4328125 0.17343750000000005 0.4328125 0.36406250000000007 0.5609375 0.36406250000000007
0 0.559375 6.01799091143504e-17 0.4234375 5.1856137901395736e-17 0.4234375 0.16250000000000006 0.559375 0.1625000000000001
0 0.4140625 0.006250000000000043 0.2859375 0.006250000000000036 0.2859375 0.17968750000000006 0.4140625 0.17968750000000006
0 0.4171875 0.17343750000000005 0.278125 0.17343750000000005 0.278125 0.35781250000000003 0.4171875 0.3578125000000001
0 0.425 0.35781250000000003 0.275 0.3578125 0.275 0.5625 0.425 0.5625
0 0.4140625000000001 0.56875 0.27031250000000007 0.56875 0.27031250000000007 0.778125 0.41406250000000017 0.778125
0 0.41718750000000016 0.76875 0.26250000000000007 0.76875 0.26250000000000007 0.984375 0.41718750000000016 0.984375
0 0.2515625000000001 0.76875 0.0984375000000001 0.76875 0.0984375000000001 0.9953125 0.2515625000000001 0.9953125
0 0.26250000000000007 0.5640625 0.10937500000000008 0.5640625 0.10937500000000008 0.7734375 0.26250000000000007 0.7734375
0 0.27031250000000007 0.3578125 0.11718750000000004 0.3578125 0.11718750000000007 0.5625 0.27031250000000007 0.5625
0 0.2671875 0.184375 0.13125000000000003 0.184375 0.13125000000000003 0.353125 0.2671875 0.353125
0 0.2703125 2.430158492058029e-17 0.1265625 1.549943605170869e-17 0.12656250000000002 0.18906250000000002 0.2703125 0.18906250000000005