0 0.7218750000000002 0.7265625 0.5750000000000002 0.7265625 0.5750000000000002 0.9171875 0.7218750000000002 0.9171875
0 0.996875 0.5421875000000002 0.865625 0.5421875000000002 0.865625 0.8 0.996875 0.8
0 0.9375 0.4078125000000002 0.7609375 0.4078125000000002 0.7609375 0.6031250000000001 0.9375 0.6031250000000001
0 0.8765625 0.5875000000000001 0.7984375 0.5875000000000001 0.7984375 0.7015625000000002 0.8765625 0.7015625000000002
0 0.996875 0.4906250000000002 0.93125 0.4906250000000002 0.93125 0.5578125000000002 0.996875 0.5578125000000002
0 0.9921875 0.3140625000000001 0.8609375 0.3140625000000001 0.8609375 0.5203125000000002 0.9921875 0.5203125000000002
0 0.996875 0.2843750000000001 0.9078125 0.2843750000000001 0.9078125 0.4546875000000002 0.996875 0.4546875000000002
0 0.996875 0.2015625000000001 0.9078125 0.2015625000000001 0.9078125 0.3140625000000001 0.996875 0.3140625000000001
0 0.934375 0.13906250000000012 0.8265625 0.1390625000000001 0.8265625 0.2687500000000001 0.934375 0.2687500000000001
0 0.8890625 0.1906250000000001 0.8 0.1906250000000001 0.8 0.32500000000000007 0.8890625 0.32500000000000007
0 0.9234375 0.2734375000000001 0.86875 0.2734375000000001 0.86875 0.3296875000000001 0.9234375 0.3296875000000001
0 0.853125 0.2218750000000001 0.7265625 0.2218750000000001 0.7265625 0.4281250000000002 0.853125 0.4281250000000002
0 0.7734375 0.4750000000000001 0.684375 0.475 0.684375 0.675 0.7734375 0.6750000000000002
0 0.8109375 0.5468750000000001 0.6984375 0.546875 0.6984375 0.690625 0.8109375 0.6906250000000002
0 0.740625 0.4750000000000001 0.5640625 0.475 0.5640625 0.6968750000000001 0.740625 0.6968750000000001
0 0.6375 0.4328125 0.490625 0.4328125 0.490625 0.65 0.6375 0.65
0 0.5171875000000001 0.4953125 0.3828125000000001 0.4953125 0.3828125000000001 0.7328125 0.5171875000000001 0.7328125
0 0.4906250000000002 0.7265625 0.3859375000000001 0.7265625 0.3859375000000001 0.8609375 0.4906250000000002 0.8609375
0 0.5562500000000001 0.7890625 0.4437500000000002 0.7890625 0.4437500000000002 0.959375 0.5562500000000001 0.959375
0 0.3859375000000001 0.55625 0.2890625000000001 0.55625 0.2890625000000001 0.6859375 0.3859375000000001 0.6859375
0 0.4093750000000001 0.6390625 0.3468750000000001 0.6390625 0.3468750000000001 0.7734375 0.40937500000000016 0.7734375
0 0.45625 0.4640625 0.3593750000000001 0.4640625 0.3593750000000001 0.5609375 0.45625 0.5609375
0 0.540625 0.3140625000000001 0.39375 0.3140625000000001 0.39375000000000004 0.484375 0.540625 0.484375
0 0.6640625 0.2375000000000001 0.5359375 0.2375000000000001 0.5359375 0.453125 0.6640625 0.453125
0 0.71875 0.2171875000000001 0.625 0.2171875000000001 0.625 0.475 0.71875 0.475
0 0.640625 0.13906250000000006 0.4984375 0.13906250000000003 0.4984375 0.3203125000000001 0.640625 0.3203125000000001
0 0.721875 0.11875000000000009 0.621875 0.11875000000000009 0.621875 0.2375000000000001 0.721875 0.2375000000000001
0 0.7765625 0.10937500000000008 0.70625 0.10937500000000008 0.70625 0.21250000000000008 0.7765625 0.21250000000000008
0 0.8265625 0.10312500000000009 0.7640625 0.10312500000000009 0.7640625 0.19531250000000008 0.8265625 0.19531250000000008
0 0.771875 0.05625000000000009 0.6609375 0.05625000000000009 0.6609375 0.11875000000000009 0.771875 0.11875000000000009
0 0.6953125 0.05625000000000008 0.5796875 0.056250000000000064 0.5796875 0.12343750000000009 0.6953125 0.12343750000000009
0 0.45625000000000016 0.834375 0.3046875000000001 0.834375 0.3046875000000001 0.9953125 0.45625000000000016 0.9953125
0 0.4125000000000002 0.7984375 0.27812500000000007 0.7984375 0.27812500000000007 0.9484375 0.4125000000000002 0.9484375
0 0.4359375000000002 0.7671875 0.3359375000000001 0.7671875 0.3359375000000001 0.8765625 0.4359375000000002 0.8765625
0 0.3593750000000001 0.6453125 0.22812500000000008 0.6453125 0.22812500000000008 0.8359375 0.3593750000000001 0.8359375
0 0.3750000000000001 0.70625 0.3515625000000001 0.70625 0.3515625000000001 0.76875 0.3750000000000001 0.76875
0 0.2890625000000001 0.6078125 0.21250000000000008 0.6078125 0.21250000000000008 0.6859375 0.2890625000000001 0.6859375
0 0.24375000000000008 0.6296875 0.2156250000000001 0.6296875 0.2156250000000001 0.68125 0.24375000000000008 0.68125
0 0.2312500000000001 0.659375 0.11250000000000009 0.659375 0.11250000000000009 0.8203125 0.2312500000000001 0.8203125
0 0.2250000000000001 0.603125 0.10937500000000008 0.603125 0.10937500000000008 0.7828125 0.2250000000000001 0.7828125
0 0.12656250000000008 0.59375 0.023437500000000073 0.59375 0.02343750000000008 0.7328125 0.12656250000000008 0.7328125
0 0.12343750000000009 0.7015625 0.007812500000000087 0.7015625 0.007812500000000097 0.8921875 0.12343750000000009 0.8921875
0 0.15468750000000006 0.5 0.057812500000000065 0.5 0.057812500000000065 0.628125 0.1546875000000001 0.628125
0 0.25468750000000007 0.490625 0.14687500000000003 0.490625 0.14687500000000006 0.625 0.25468750000000007 0.625
0 0.3203125000000001 0.4484375 0.22812500000000008 0.4484375 0.22812500000000008 0.603125 0.3203125000000001 0.603125
0 0.4015625 0.35156250000000006 0.278125 0.3515625 0.27812500000000007 0.490625 0.4015625 0.490625
0 0.2468750000000001 0.4171875 0.12812500000000004 0.4171875 0.12812500000000004 0.5265625 0.2468750000000001 0.5265625
0 0.275 0.29375 0.19375000000000003 0.29375 0.19375000000000003 0.4375 0.2750000000000001 0.4375
0 0.3046875 0.2734375 0.2546875 0.2734375 0.2546875 0.334375 0.3046875 0.334375
0 0.36718750000000006 0.27812500000000007 0.2625 0.278125 0.26250000000000007 0.4015625 0.3671875000000001 0.4015625
0 0.10781250000000006 0.4328125 5.300424427559639e-17 0.4328125 6.09453133638175e-17 0.5625 0.10781250000000009 0.5625
0 0.03906250000000007 0.5515625 6.754692501547121e-17 0.5515625 7.414853666712491e-17 0.659375 0.039062500000000076 0.659375
0 0.08125000000000006 0.3765625 4.6115606030392526e-17 0.3765625 5.463072830571396e-17 0.515625 0.08125000000000007 0.515625
0 0.08125000000000003 0.26875 0.018750000000000034 0.26875 0.018750000000000037 0.35625 0.08125000000000004 0.35625
0 0.06562500000000002 0.190625 0.018750000000000024 0.190625 0.018750000000000027 0.26875 0.06562500000000002 0.26875
0 0.13125000000000003 0.1546875 0.050000000000000024 0.1546875 0.05000000000000003 0.2890625 0.13125000000000003 0.2890625
0 0.17031250000000003 0.1140625 0.1046875 0.1140625 0.10468750000000002 0.190625 0.17031250000000003 0.190625
0 0.2046875 0.12343750000000002 0.115625 0.1234375 0.11562500000000002 0.2109375 0.2046875 0.2109375
0 0.2515625 0.06250000000000003 0.1578125 0.06250000000000003 0.1578125 0.16562500000000002 0.2515625 0.16562500000000005
0 0.24375 0.04687500000000003 0.18125 0.04687500000000002 0.18125 0.08281250000000002 0.24375 0.08281250000000002
0 0.3046875 0.010937500000000034 0.2625 0.010937500000000034 0.2625 0.03593750000000003 0.3046875 0.03593750000000003
0 0.34375 3.760048375507108e-17 0.2703125 3.3103733789451887e-17 0.2703125 0.02500000000000004 0.34375 0.025000000000000043
0 0.44375 5.003830280891139e-17 0.3734375 4.573290390565898e-17 0.3734375 0.04062500000000005 0.44375 0.04062500000000006
0 0.4484375 0.03125000000000005 0.390625 0.03125000000000004 0.390625 0.07656250000000005 0.4484375 0.07656250000000005
0 0.525 0.04687500000000006 0.459375 0.046875000000000056 0.459375 0.11875000000000005 0.525 0.11875000000000005
0 0.5328125 0.11875000000000005 0.459375 0.11875000000000005 0.459375 0.19531250000000006 0.5328125 0.19531250000000006
0 0.50625 0.13437500000000005 0.425 0.13437500000000005 0.425 0.2531250000000001 0.50625 0.2531250000000001
0 0.4828125 0.2218750000000001 0.4046875 0.2218750000000001 0.4046875 0.3296875000000001 0.4828125 0.3296875000000001
0 0.421875 0.21093750000000006 0.3484375 0.2109375 0.34843750000000007 0.37187500000000007 0.421875 0.37187500000000007
0 0.3515625 0.2171875 0.3171875 0.2171875 0.3171875 0.278125 0.3515625 0.278125
0 0.3328125 0.14375000000000004 0.259375 0.14375000000000004 0.259375 0.2734375 0.3328125 0.2734375
0 0.3671875 0.15937500000000004 0.3125 0.15937500000000004 0.3125 0.22656250000000006 0.3671875 0.22656250000000008
0 0.4046875 0.12343750000000005 0.328125 0.12343750000000005 0.328125 0.21718750000000003 0.4046875 0.2171875000000001
0 0.4203125 0.13437500000000005 0.3859375 0.13437500000000005 0.3859375 0.2015625000000001 0.4203125 0.2015625000000001
0 0.409375 0.06718750000000004 0.3390625 0.06718750000000004 0.3390625 0.13906250000000003 0.409375 0.13906250000000003
0 0.4703125 0.06718750000000005 0.4015625 0.06718750000000004 0.4015625 0.13437500000000005 0.4703125 0.13437500000000005
0 0.3359375 0.06250000000000003 0.2546875 0.06250000000000003 0.2546875 0.15937500000000004 0.3359375 0.15937500000000004
0 0.325 0.03125000000000004 0.2546875 0.031250000000000035 0.2546875 0.08750000000000004 0.325 0.08750000000000005
0 0.265625 0.11406250000000004 0.2203125 0.11406250000000004 0.2203125 0.26875 0.265625 0.26875
0 0.2625 0.17500000000000002 0.1234375 0.175 0.12343750000000002 0.309375 0.2625 0.309375
0 0.20468750000000005 0.2734375 0.06875000000000005 0.2734375 0.06875000000000005 0.453125 0.20468750000000008 0.453125
3 0.9953125 0.1031250000000001 0.81875 0.10312500000000009 0.81875 0.17031250000000012 0.9953125 0.17031250000000014