0 0.8234375 7.55836696348757e-17 0.4109375 5.032532940246154e-17 0.4109375 0.3390625000000001 0.8234375 0.3390625000000001
0 0.996875 1.1500198848243113e-16 0.88125 1.0792199917486051e-16 0.88125 0.98125 0.996875 0.98125
0 0.8390625 0.15156250000000007 0.4875 0.15156250000000004 0.4875 0.5781250000000001 0.8390625 0.5781250000000002
0 0.8625 0.33281250000000007 0.534375 0.33281250000000007 0.534375 0.7734375000000001 0.8625 0.7734375000000002
0 0.86875 0.49687500000000007 0.6234375 0.496875 0.6234375000000001 0.8734375 0.86875 0.8734375
0 0.490625 0.559375 0.43125 0.559375 0.43125 0.6421875 0.490625 0.6421875
0 0.4687500000000001 0.6546875 0.43125 0.6546875 0.4312500000000001 0.7546875 0.46875000000000017 0.7546875
0 0.49687500000000007 0.6671875 0.446875 0.6671875 0.4468750000000001 0.7859375 0.4968750000000002 0.7859375
0 0.5312500000000001 0.596875 0.496875 0.596875 0.49687500000000007 0.7609375 0.5312500000000002 0.7609375
0 0.2984375000000001 0.6234375 0.2765625000000001 0.6234375 0.2765625000000001 0.6671875 0.2984375000000001 0.6671875
0 0.3109375000000001 0.6546875 0.28593750000000007 0.6546875 0.28593750000000007 0.7046875 0.3109375000000001 0.7046875
0 0.3312500000000001 0.6921875 0.3062500000000001 0.6921875 0.3062500000000001 0.7359375 0.3312500000000001 0.7359375
0 0.31718750000000007 0.509375 0.28593750000000007 0.509375 0.28593750000000007 0.546875 0.31718750000000007 0.546875
0 0.3656250000000001 0.515625 0.3125000000000001 0.515625 0.3125000000000001 0.596875 0.3656250000000001 0.596875
0 0.3781250000000001 0.584375 0.3312500000000001 0.584375 0.3312500000000001 0.6984375 0.3781250000000001 0.6984375
0 0.3968750000000001 0.6546875 0.3203125000000001 0.6546875 0.3203125000000001 0.7546875 0.3968750000000001 0.7546875
0 0.2390625000000001 0.640625 0.2078125000000001 0.640625 0.2078125000000001 0.7046875 0.2390625000000001 0.7046875
0 0.2578125000000001 0.6734375 0.22656250000000008 0.6734375 0.22656250000000008 0.7609375 0.2578125000000001 0.7609375
0 0.2765625000000001 0.7171875 0.2453125000000001 0.7171875 0.2453125000000001 0.8046875 0.2765625000000001 0.8046875
0 0.3750000000000001 0.7484375 0.2640625000000001 0.7484375 0.2640625000000001 0.8609375 0.3750000000000001 0.8609375
0 0.3390625000000001 0.8296875 0.2828125000000001 0.8296875 0.2828125000000001 0.89375 0.3390625000000001 0.89375
0 0.503125 3.080752104105061e-17 0 0 2.430158492058029e-17 0.39687500000000003 0.503125 0.3968750000000001
0 0.22031250000000005 0.10000000000000002 1.2246467991473533e-17 0.1 3.195562741525125e-17 0.421875 0.22031250000000008 0.421875
0 0.29687500000000006 0.16406250000000003 0.09843750000000002 0.1640625 0.09843750000000004 0.384375 0.2968750000000001 0.384375
0 0.16093750000000007 0.2265625 2.7745904043182222e-17 0.2265625 5.080370705837849e-17 0.603125 0.1609375000000001 0.603125
0 0.18281250000000004 0.2703125 0.046875000000000035 0.2703125 0.04687500000000005 0.528125 0.18281250000000004 0.528125
0 0.07500000000000005 0.4390625 5.376964852506348e-17 0.4390625 6.572908992298685e-17 0.634375 0.07500000000000007 0.634375
0 0.15468750000000006 0.428125 0.006250000000000052 0.428125 0.006250000000000068 0.6859375 0.1546875000000001 0.6859375
0 0.1828125000000001 0.603125 0.11562500000000009 0.603125 0.11562500000000009 0.7421875 0.1828125000000001 0.7421875
0 0.07500000000000008 0.559375 6.850368032730508e-17 0.559375 7.921933981984441e-17 0.734375 0.0750000000000001 0.734375
0 0.0406250000000001 0.6609375 8.094149938114538e-17 0.6609375 1.013203875232068e-16 0.99375 0.04062500000000012 0.99375
0 0.13906250000000012 0.7609375 0.050000000000000086 0.7609375 0.0500000000000001 0.91875 0.13906250000000014 0.91875
0 0.3906250000000001 0.9 0.3500000000000001 0.9 0.3500000000000001 0.99375 0.3906250000000001 0.99375
0 0.42500000000000016 0.8609375 0.3781250000000001 0.8609375 0.3781250000000001 0.95625 0.42500000000000016 0.95625
0 0.46875000000000017 0.9 0.42187500000000017 0.9 0.42187500000000017 0.99375 0.46875000000000017 0.99375
0 0.4937500000000002 0.9375 0.4656250000000002 0.9375 0.4656250000000002 0.99375 0.4937500000000002 0.99375
0 0.5843750000000002 0.96875 0.5312500000000002 0.96875 0.5312500000000002 0.99375 0.5843750000000002 0.99375
0 0.3343750000000001 0.95 0.3000000000000001 0.95 0.3000000000000001 0.9875 0.3343750000000001 0.9875