0 0.6484375 0.037500000000000054 0.2640625 0.03750000000000003 0.2640625 0.29218750000000004 0.6484375 0.2921875000000001
0 0.740625 0.12500000000000006 0.4953125 0.12500000000000006 0.4953125 0.3359375000000001 0.740625 0.3359375000000001
0 0.8578125 0.10781250000000009 0.6703125 0.10781250000000009 0.6703125 0.25468750000000007 0.8578125 0.25468750000000007
0 0.909375 0.32500000000000007 0.6015625 0.32500000000000007 0.6015625 0.5359375000000001 0.909375 0.5359375000000002
0 0.8609375 0.503125 0.6078125 0.503125 0.6078125 0.6968750000000001 0.8609375 0.6968750000000001
0 0.9484375 0.4984375000000002 0.825 0.4984375000000002 0.825 0.6171875000000002 0.9484375 0.6171875000000002
0 0.959375 0.5937500000000002 0.7875 0.5937500000000002 0.7875000000000001 0.7406250000000002 0.959375 0.7406250000000002
0 0.8203125 0.5953125000000001 0.5390625 0.5953125 0.5390625000000001 0.84375 0.8203125 0.84375
0 0.9375 0.7250000000000001 0.6015625 0.725 0.6015625000000001 0.865625 0.9375 0.865625
0 0.6265625000000001 0.5671875 0.3265625000000001 0.5671875 0.3265625000000001 0.88125 0.6265625000000001 0.88125
0 0.3734375000000001 0.6328125 0.1281250000000001 0.6328125 0.1281250000000001 0.859375 0.3734375000000001 0.859375
0 0.47656250000000017 0.7625 0.3593750000000001 0.7625 0.3593750000000001 0.88125 0.47656250000000017 0.88125
0 0.37031250000000004 0.3140625 0.15781250000000005 0.3140625 0.15781250000000008 0.7359375 0.3703125000000001 0.7359375
0 0.45 0.4109375 0.3078125000000001 0.4109375 0.3078125000000001 0.64375 0.45 0.64375
0 0.22031250000000005 0.2171875 0.018750000000000027 0.2171875 0.01875000000000005 0.6171875 0.22031250000000008 0.6171875
0 0.421875 0.22187500000000004 0.10312500000000005 0.221875 0.10312500000000006 0.621875 0.421875 0.621875
0 0.953125 0.04375000000000006 0.0265625 0.04375 0.026562500000000055 0.88125 0.953125 0.88125