0 0.8328125 0.4171875000000001 0.6265625 0.4171875 0.6265625 0.7093750000000001 0.8328125 0.7093750000000002
0 0.903125 0.2093750000000001 0.7109375 0.2093750000000001 0.7109375 0.5109375 0.903125 0.5109375000000002
0 0.7609375 0.01562500000000008 0.546875 0.015625000000000066 0.546875 0.43437500000000007 0.7609375 0.4343750000000002
0 0.6375 0.478125 0.546875 0.478125 0.546875 0.6046875 0.6375 0.6046875
0 0.6671875 0.615625 0.590625 0.615625 0.5906250000000001 0.7421875 0.6671875000000002 0.7421875
0 0.5875000000000001 0.63125 0.5078125 0.63125 0.5078125000000001 0.775 0.5875000000000001 0.775
0 0.546875 0.521875 0.471875 0.521875 0.471875 0.665625 0.546875 0.665625
0 0.5734375 0.08750000000000005 0.45 0.08750000000000005 0.45 0.2531250000000001 0.5734375 0.2531250000000001
0 0.5515625 0.017187500000000046 0.228125 0.01718750000000003 0.228125 0.28125000000000006 0.5515625 0.2812500000000001
0 0.453125 0.22031250000000005 0.23125 0.2203125 0.23125000000000004 0.4453125 0.453125 0.4453125
0 0.475 0.4015625 0.22812500000000008 0.4015625 0.22812500000000008 0.5390625 0.475 0.5390625
0 0.503125 0.4953125 0.2171875000000001 0.4953125 0.2171875000000001 0.9515625 0.5031250000000002 0.9515625
0 0.27187500000000003 0.209375 0.043750000000000025 0.209375 0.04375000000000005 0.6265625 0.2718750000000001 0.6265625
0 0.4609375 0.3468750000000001 0.4359375 0.3468750000000001 0.4359375 0.37968750000000007 0.4609375 0.37968750000000007
0 0.49375 0.3906250000000001 0.4609375 0.3906250000000001 0.4609375 0.4453125 0.49375 0.4453125
0 0.525 0.45 0.496875 0.45 0.496875 0.5 0.525 0.5
0 0.5734375 0.4390625 0.5265625 0.4390625 0.5265625 0.4890625 0.5734375 0.4890625
0 0.5515625 0.39531250000000007 0.5046875 0.39531250000000007 0.5046875 0.45625 0.5515625 0.45625
0 0.5078125 0.3515625000000001 0.4890625 0.3515625000000001 0.4890625 0.4234375 0.5078125 0.4234375
0 0.546875 0.32500000000000007 0.5109375 0.32500000000000007 0.5109375 0.40625 0.546875 0.40625
0 0.5375 0.28593750000000007 0.49375 0.28593750000000007 0.49375 0.3296875000000001 0.5375 0.3296875000000001
0 0.496875 0.3078125000000001 0.4609375 0.3078125000000001 0.4609375 0.3453125000000001 0.496875 0.3453125000000001
0 0.5 0.3468750000000001 0.4640625 0.3468750000000001 0.4640625 0.4015625 0.5 0.4015625