0 0.78125 0.2796875000000001 0.5453125 0.2796875000000001 0.5453125 0.6406250000000001 0.78125 0.6406250000000002
0 0.684375 0.07187500000000008 0.5125 0.07187500000000006 0.5125 0.3343750000000001 0.684375 0.3343750000000001
0 0.5421875 0.14218750000000005 0.425 0.14218750000000005 0.425 0.33281250000000007 0.5421875 0.33281250000000007
0 0.465625 0.054687500000000056 0.2984375 0.05468750000000004 0.2984375 0.27343750000000006 0.465625 0.2734375000000001
0 0.309375 0.12031250000000004 0.2 0.12031250000000004 0.2 0.240625 0.309375 0.240625
0 0.2984375 0.2125 0.13437500000000005 0.2125 0.13437500000000005 0.459375 0.2984375000000001 0.459375
0 0.425 0.22500000000000003 0.290625 0.225 0.290625 0.4109375 0.425 0.4109375
0 0.509375 0.28437500000000004 0.3015625 0.284375 0.30156250000000007 0.60625 0.509375 0.60625
0 0.5859375000000001 0.5578125 0.3812500000000001 0.5578125 0.3812500000000001 0.8640625 0.5859375000000002 0.8640625
0 0.6031250000000001 0.475 0.465625 0.475 0.46562500000000007 0.8140625 0.6031250000000001 0.8140625
0 0.3859375000000001 0.5515625 0.2328125000000001 0.5515625 0.2328125000000001 0.7921875 0.3859375000000001 0.7921875
0 0.41406250000000017 0.759375 0.36406250000000007 0.759375 0.36406250000000007 0.846875 0.41406250000000017 0.846875
0 0.3125000000000001 0.453125 0.16093750000000004 0.453125 0.16093750000000007 0.6453125 0.3125000000000001 0.6453125