0 0.5953125 0.2671875 0.3296875 0.2671875 0.3296875 0.5640625 0.5953125 0.5640625
0 0.6265625 0.5421875 0.3593750000000001 0.5421875 0.3593750000000001 0.6890625 0.6265625 0.6890625
0 0.5828125000000001 0.6890625 0.4796875 0.6890625 0.4796875000000001 0.853125 0.5828125000000002 0.853125
0 0.6937500000000001 0.5734375 0.6140625 0.5734375 0.6140625000000001 0.778125 0.6937500000000002 0.778125
0 0.7921875 0.5687500000000001 0.6765625 0.56875 0.6765625 0.6843750000000001 0.7921875 0.6843750000000002
0 0.76875 0.4750000000000001 0.684375 0.475 0.684375 0.6093750000000001 0.76875 0.6093750000000002
0 0.7609375 0.24375000000000008 0.65 0.24375000000000008 0.65 0.3421875000000001 0.7609375 0.3421875000000001
0 0.6046875 0.11562500000000006 0.496875 0.11562500000000005 0.496875 0.2312500000000001 0.6046875 0.2312500000000001
0 0.2453125000000001 0.4578125 0.06718750000000007 0.4578125 0.06718750000000007 0.5109375 0.2453125000000001 0.5109375
0 0.2578125000000001 0.378125 0.10625000000000004 0.378125 0.10625000000000004 0.44375 0.2578125000000001 0.44375
0 0.34218750000000003 0.3203125 0.19531250000000006 0.3203125 0.19531250000000006 0.4359375 0.3421875000000001 0.4359375
0 0.2234375 0.2453125 0.13437500000000005 0.2453125 0.13437500000000005 0.3078125 0.2234375 0.3078125
0 0.328125 0.2 0.2 0.2 0.2 0.2890625 0.328125 0.2890625
0 0.4125 0.22656250000000006 0.315625 0.2265625 0.315625 0.30625 0.4125 0.3062500000000001
0 0.4125 0.13906250000000003 0.2890625 0.13906250000000003 0.2890625 0.21875000000000006 0.4125 0.21875000000000008
0 0.503125 0.14218750000000005 0.3875 0.14218750000000005 0.3875 0.2406250000000001 0.503125 0.2406250000000001
0 0.4984375 0.08437500000000006 0.440625 0.08437500000000005 0.440625 0.17812500000000003 0.4984375 0.17812500000000003
0 0.6046875 0.19218750000000007 0.5015625 0.19218750000000004 0.5015625 0.2812500000000001 0.6046875 0.2812500000000001
0 0.578125 0.24375000000000008 0.4703125 0.24375000000000008 0.4703125 0.3421875000000001 0.578125 0.3421875000000001
0 0.6765625 0.2984375000000001 0.5390625 0.2984375000000001 0.5390625 0.4265625 0.6765625 0.4265625
0 0.7953125 0.35625000000000007 0.6890625 0.35625000000000007 0.6890625 0.4718750000000001 0.7953125 0.47187500000000016
0 0.8484375 0.45312500000000017 0.7828125 0.45312500000000017 0.7828125 0.5609375000000002 0.8484375 0.5609375000000002
0 0.765625 0.4937500000000001 0.703125 0.49375 0.703125 0.6046875 0.765625 0.6046875000000002
0 0.4000000000000002 0.8 0.32500000000000007 0.8 0.32500000000000007 0.8671875 0.4000000000000002 0.8671875
0 0.4937500000000001 0.7015625 0.36406250000000007 0.7015625 0.36406250000000007 0.8359375 0.4937500000000002 0.8359375
0 0.3734375000000001 0.70625 0.2531250000000001 0.70625 0.2531250000000001 0.8265625 0.3734375000000001 0.8265625
0 0.19218750000000007 0.50625 0.10781250000000005 0.50625 0.10781250000000006 0.621875 0.1921875000000001 0.621875
0 0.4359375 0.515625 0.19062500000000004 0.515625 0.19062500000000007 0.715625 0.4359375 0.715625
0 0.4796875000000001 0.6578125 0.3734375000000001 0.6578125 0.3734375000000001 0.75625 0.47968750000000016 0.75625
0 0.26250000000000007 0.6140625 0.1593750000000001 0.6140625 0.1593750000000001 0.7421875 0.26250000000000007 0.7421875
0 0.2531250000000001 0.703125 0.2000000000000001 0.703125 0.2000000000000001 0.765625 0.2531250000000001 0.765625
0 0.84375 0.07968750000000005 0.0625 0.0796875 0.06250000000000006 0.871875 0.84375 0.871875