0 0.37500000000000006 0.27343750000000006 3.348643591418544e-17 0.2734375 5.185613790139574e-17 0.5734375 0.3750000000000001 0.5734375
0 0.6828125 0.4578125 0.2796875000000001 0.4578125 0.2796875000000001 0.640625 0.6828125 0.640625
0 0.2671875000000001 0.496875 6.084963783263412e-17 0.496875 7.1947999449907e-17 0.678125 0.2671875000000001 0.678125
0 0.2953125000000001 0.6609375 8.094149938114538e-17 0.6609375 8.840419081344957e-17 0.7828125 0.2953125000000001 0.7828125
0 0.6875 0.2593750000000001 0.375 0.2593750000000001 0.37500000000000006 0.4515625 0.6875 0.4515625
0 0.95 0.10156250000000011 0.6375 0.10156250000000008 0.6375 0.3500000000000001 0.95 0.3500000000000001
0 0.9953125 0.14375000000000013 0.915625 0.14375000000000013 0.915625 0.3218750000000001 0.9953125 0.3218750000000001
0 0.9953125 1.086874034243276e-16 0.7796875 9.54841801210202e-17 0.7796875 0.1406250000000001 0.9953125 0.14062500000000014
0 0.8 7.960204194457797e-17 0.5 6.123233995736766e-17 0.5 0.15312500000000007 0.8 0.1531250000000001
0 0.63125 0.11562500000000006 0.30625 0.11562500000000005 0.30625 0.28593750000000007 0.63125 0.28593750000000007
0 0.4265625 0.15000000000000002 0.023437500000000017 0.15 0.023437500000000028 0.32500000000000007 0.4265625 0.32500000000000007
0 0.2953125 0.07343750000000002 0.04531250000000001 0.0734375 0.04531250000000002 0.209375 0.2953125 0.209375
0 0.5234375 4.802911665406026e-17 0.2609375 3.195562741525125e-17 0.2609375 0.14687500000000003 0.5234375 0.14687500000000003