0 0.2812500000000001 0.690625 0.07812500000000008 0.690625 0.0781250000000001 0.8421875 0.2812500000000001 0.8421875
0 0.45000000000000007 0.6546875 8.017609513167828e-17 0.6546875 8.754311103279908e-17 0.775 0.4500000000000002 0.775
0 0.5234375 0.4828125 0.06250000000000007 0.4828125 0.06250000000000008 0.6578125 0.5234375 0.6578125
0 0.89375 0.4718750000000001 0.55 0.471875 0.55 0.6796875000000001 0.89375 0.6796875000000002
0 0.99375 0.28593750000000007 0.7078125 0.28593750000000007 0.7078125 0.5781250000000001 0.99375 0.5781250000000002
0 0.7359375 0.25312500000000004 0.2640625 0.253125 0.26406250000000003 0.5109375 0.7359375 0.5109375000000002
0 0.22968750000000004 0.3125 3.827021247335479e-17 0.3125 5.1186409183112024e-17 0.5234375 0.2296875000000001 0.5234375
0 0.5671875 0.06406250000000005 0.1296875 0.06406250000000002 0.1296875 0.36718750000000006 0.5671875 0.3671875000000001
0 0.9953125 0.09218750000000009 0.5953125 0.09218750000000006 0.5953125 0.3375000000000001 0.9953125 0.3375000000000001
0 0.99375 0.03906250000000012 0.8765625 0.03906250000000011 0.8765625 0.1406250000000001 0.99375 0.14062500000000014
0 0.8484375 7.979339300694473e-17 0.4546875 5.568315914873122e-17 0.4546875 0.19375000000000006 0.8484375 0.1937500000000001
0 0.4609375 3.645237738087043e-17 0.134375 1.6456191363542558e-17 0.134375 0.15156250000000002 0.4609375 0.15156250000000004
0 0.17343750000000002 0.07031250000000001 8.610797806504827e-18 0.0703125 2.1048616860345134e-17 0.2734375 0.17343750000000005 0.2734375