0 0.890625 8.840419081344957e-17 0.553125 6.773827607783798e-17 0.553125 0.6671875 0.890625 0.6671875000000002
0 0.9609375 0.1031250000000001 0.8703125 0.10312500000000009 0.8703125 0.37187500000000007 0.9609375 0.37187500000000007
0 0.9046875 0.3546875000000001 0.753125 0.3546875000000001 0.753125 0.8203125 0.9046875 0.8203125
0 0.646875 0.2140625000000001 0.578125 0.2140625000000001 0.578125 0.35625000000000007 0.646875 0.35625000000000007
0 0.6218750000000001 0.4203125 0.559375 0.4203125 0.5593750000000001 0.759375 0.6218750000000002 0.759375
0 0.6656250000000001 0.6890625 0.5859375 0.6890625 0.5859375000000001 0.9890625 0.6656250000000001 0.9890625
0 0.7890625000000001 0.6828125 0.6625 0.6828125 0.6625000000000001 0.9953125 0.7890625000000002 0.9953125
0 0.6000000000000001 0.628125 0.5015625 0.628125 0.5015625000000001 0.9953125 0.6000000000000002 0.9953125
0 0.5718750000000001 0.809375 0.44843750000000016 0.809375 0.44843750000000016 0.9953125 0.5718750000000001 0.9953125
0 0.2734375000000001 0.671875 0.14218750000000008 0.671875 0.1421875000000001 0.9625 0.2734375000000001 0.9625
0 0.41406250000000017 0.8859375 0.2328125000000001 0.8859375 0.2328125000000001 0.9953125 0.41406250000000017 0.9953125
0 0.42968750000000017 0.8796875 0.2984375000000001 0.8796875 0.2984375000000001 0.9515625 0.42968750000000017 0.9515625
0 0.4109375000000002 0.7703125 0.3453125000000001 0.7703125 0.3453125000000001 0.8796875 0.4109375000000002 0.8796875
0 0.3062500000000001 0.6671875 0.1750000000000001 0.6671875 0.1750000000000001 0.74375 0.3062500000000001 0.74375
0 0.3968750000000001 0.721875 0.21875000000000008 0.721875 0.21875000000000008 0.803125 0.3968750000000001 0.803125
0 0.26250000000000007 0.7484375 0.1781250000000001 0.7484375 0.1781250000000001 0.8359375 0.26250000000000007 0.8359375
0 0.30156250000000007 0.4484375 0.09843750000000004 0.4484375 0.09843750000000005 0.628125 0.30156250000000007 0.628125
0 0.4765625000000001 0.5734375 0.1703125000000001 0.5734375 0.1703125000000001 0.7375 0.47656250000000017 0.7375
0 0.41875 0.56875 0.2875000000000001 0.56875 0.2875000000000001 0.6390625 0.41875 0.6390625
0 0.5671875 0.4421875 0.4328125 0.4421875 0.4328125 0.6015625 0.5671875 0.6015625
0 0.5171875 0.2671875000000001 0.4625 0.2671875000000001 0.4625 0.48125 0.5171875 0.48125
0 0.5609375 0.09843750000000005 0.4515625 0.09843750000000004 0.4515625 0.4203125 0.5609375 0.4203125
0 0.484375 4.085345181530623e-17 0.1828125 2.2388074296912548e-17 0.18281250000000004 0.56875 0.484375 0.56875