0 0.996875 1.1490631295124777e-16 0.8796875 1.0773064811249373e-16 0.8796875 0.3859375000000001 0.996875 0.3859375000000001
0 0.996875 0.3187500000000001 0.8578125 0.3187500000000001 0.8578125 0.7062500000000002 0.996875 0.7062500000000002
0 0.975 0.7062500000000002 0.871875 0.7062500000000002 0.871875 0.9765625 0.975 0.9765625
0 0.996875 0.7125000000000001 0.9640625 0.7125000000000001 0.9640625 0.9875 0.996875 0.9875
0 0.909375 0.6140625000000002 0.79375 0.6140625000000002 0.7937500000000001 0.7984375000000001 0.909375 0.7984375000000001
0 0.9296875 0.3375000000000001 0.8390625 0.3375000000000001 0.8390625 0.6203125000000002 0.9296875 0.6203125000000002
0 0.90625 0.10468750000000009 0.684375 0.10468750000000009 0.6843750000000001 0.7671875000000001 0.90625 0.7671875000000001
0 0.8671875 1.013203875232068e-16 0.7875 9.644093543285407e-17 0.7875 0.1531250000000001 0.8671875 0.1531250000000001
0 0.9671875 0.7734375000000002 0.7906250000000001 0.7734375000000002 0.7906250000000001 0.99375 0.9671875 0.99375
0 0.8421875 0.7609375 0.7031250000000002 0.7609375 0.7031250000000002 0.99375 0.8421875 0.99375
0 0.7187500000000001 0.3187500000000001 0.584375 0.3187500000000001 0.5843750000000001 0.8953125 0.7187500000000002 0.8953125
0 0.69375 0.27031250000000007 0.590625 0.27031250000000007 0.590625 0.6140625 0.69375 0.6140625
0 0.6937500000000001 0.5828125 0.5796875 0.5828125 0.5796875000000001 0.99375 0.6937500000000002 0.99375
0 0.7000000000000002 0.9140625 0.6640625000000002 0.9140625 0.6640625000000002 0.99375 0.7000000000000002 0.99375
0 0.759375 0.11093750000000009 0.66875 0.11093750000000009 0.66875 0.41093750000000007 0.759375 0.4109375000000002
0 0.79375 8.218528128652941e-17 0.5484375 6.716422289073765e-17 0.5484375 0.13437500000000008 0.79375 0.13437500000000008
0 0.7234375 7.988906853812813e-17 0.58125 7.11825952004399e-17 0.58125 0.16562500000000008 0.7234375 0.16562500000000008
0 0.71875 0.09843750000000008 0.584375 0.09843750000000007 0.584375 0.3984375000000001 0.71875 0.3984375000000001
0 0.5906250000000001 0.03125000000000007 0.415625 0.031250000000000056 0.4156250000000001 0.99375 0.5906250000000002 0.99375
0 0.4546875000000001 0.4109375 0.403125 0.4109375 0.40312500000000007 0.7359375 0.4546875000000002 0.7359375
0 0.4875 0.12968750000000004 0.296875 0.12968750000000004 0.29687500000000006 0.6453125 0.4875 0.6453125
0 0.515625 4.6976685811043e-17 0.2515625 3.080752104105061e-17 0.2515625 0.35625000000000007 0.515625 0.35625000000000007
0 0.36875 3.606967525613689e-17 0.2203125 2.6980499793715128e-17 0.22031250000000005 0.9140625 0.3687500000000001 0.9140625
0 0.4234375000000001 0.5953125 0.3234375000000001 0.5953125 0.3234375000000001 0.99375 0.4234375000000002 0.99375
0 0.3187500000000001 0.803125 0.1843750000000001 0.803125 0.18437500000000012 0.99375 0.3187500000000001 0.99375
0 0.21875000000000008 0.7484375 0.04531250000000009 0.7484375 0.0453125000000001 0.99375 0.21875000000000008 0.99375
0 0.26093750000000004 2.4684287045313843e-17 0.1421875 1.741294667537643e-17 0.14218750000000005 0.7609375 0.2609375000000001 0.7609375
0 0.28750000000000003 2.190969664099562e-17 0.0703125 8.610797806504827e-18 0.07031250000000003 0.515625 0.2875000000000001 0.515625
0 0.19375 2.05702392044282e-17 0.1421875 1.741294667537643e-17 0.1421875 0.14687500000000003 0.19375 0.14687500000000003
0 0.16406250000000008 0.68125 0.10000000000000009 0.68125 0.10000000000000009 0.8765625 0.16406250000000008 0.8765625
0 0.1453125000000001 0.490625 6.008423358316702e-17 0.490625 9.089175462421763e-17 0.99375 0.14531250000000012 0.99375
0 0.14531250000000004 0.05625000000000001 6.888638245203862e-18 0.05625 4.2192909251873654e-17 0.6328125 0.1453125000000001 0.6328125
0 0.18125000000000002 0.159375 0.06406250000000002 0.159375 0.06406250000000005 0.509375 0.18125000000000005 0.509375
0 0.125 9.567553118338697e-18 0.03125 3.827021247335479e-18 0.03125000000000001 0.054687500000000014 0.125 0.05468750000000002
0 0.08125000000000003 4.9751276215361245e-18 0 0 3.004211679158351e-17 0.490625 0.08125000000000007 0.490625
0 0.04218750000000009 0.6265625 7.673177600907635e-17 0.6265625 9.433607374681956e-17 0.9140625 0.042187500000000114 0.9140625