0 0.2718750000000001 0.384375 0.057812500000000044 0.384375 0.05781250000000008 0.8734375 0.2718750000000001 0.8734375
0 0.4859375000000001 0.3453125 0.2640625 0.3453125 0.26406250000000003 0.8453125 0.4859375000000002 0.8453125
0 0.6781250000000001 0.671875 0.45 0.671875 0.45000000000000007 0.878125 0.6781250000000002 0.878125
0 0.7578125000000001 0.6609375000000001 0.5140625 0.6609375 0.5140625000000001 0.8828125 0.7578125000000002 0.8828125
0 0.875 0.6500000000000001 0.6421875 0.65 0.6421875000000001 0.878125 0.875 0.878125
0 0.996875 0.6109375000000001 0.7671875 0.6109375000000001 0.7671875000000001 0.878125 0.996875 0.878125
0 0.846875 0.3781250000000001 0.478125 0.3781250000000001 0.478125 0.6890625000000001 0.846875 0.6890625000000001
0 0.20312500000000008 0.378125 4.63069570927593e-17 0.378125 5.5491808086364444e-17 0.528125 0.20312500000000008 0.528125
0 0.21093750000000006 0.1453125 1.7795648800109975e-17 0.1453125 3.444319122601931e-17 0.4171875 0.21093750000000008 0.4171875
0 0.2578125 1.578646264525885e-17 0 0 2.076159026679497e-17 0.3390625 0.2578125 0.3390625
0 0.296875 2.516266470123077e-17 0.1140625 1.3968627552774498e-17 0.11406250000000002 0.3109375 0.296875 0.3109375
0 0.3640625 3.779183481743785e-17 0.253125 3.099887210341738e-17 0.253125 0.27812500000000007 0.3640625 0.27812500000000007
0 0.46875 4.889019643471074e-17 0.3296875 4.0375074159389303e-17 0.3296875 0.27812500000000007 0.46875 0.27812500000000007
0 0.55 0.2828125 0.278125 0.2828125 0.27812500000000007 0.578125 0.55 0.578125
0 0.6078125 0.13906250000000006 0.328125 0.13906250000000003 0.328125 0.35000000000000003 0.6078125 0.3500000000000001
0 0.5640625 5.86491006154162e-17 0.39375 4.8220467716427034e-17 0.39375 0.22812500000000008 0.5640625 0.22812500000000008
0 0.653125 6.821665373375491e-17 0.4609375 5.644856339819831e-17 0.4609375 0.3218750000000001 0.653125 0.3218750000000001
0 0.7609375 0.3281250000000001 0.5140625 0.3281250000000001 0.5140625 0.5562500000000001 0.7609375 0.5562500000000001
0 0.7109375 0.01093750000000008 0.6109375 0.010937500000000076 0.6109375 0.40625 0.7109375 0.40625
0 0.9140625 0.2828125000000001 0.878125 0.2828125000000001 0.878125 0.3500000000000001 0.9140625 0.3500000000000001
0 0.925 0.3781250000000001 0.8921875 0.3781250000000001 0.8921875 0.41718750000000016 0.925 0.41718750000000016
0 0.7859375 0.06093750000000009 0.7359375 0.06093750000000009 0.7359375 0.2609375000000001 0.7859375 0.2609375000000001