0 0.8921875 0.6671875000000002 0.759375 0.6671875000000002 0.7593750000000001 0.925 0.8921875 0.925
0 0.965625 0.7734375000000002 0.8859375 0.7734375000000002 0.8859375 0.9125 0.965625 0.9125
0 0.9265625 0.7234375000000002 0.8828125 0.7234375000000002 0.8828125 0.7859375000000002 0.9265625 0.7859375000000002
0 0.76875 0.7171875000000001 0.7 0.7171875 0.7000000000000001 0.8546875 0.7687500000000002 0.8546875
0 0.7468750000000001 0.7234375000000001 0.6546875 0.7234375 0.6546875000000001 0.90625 0.7468750000000002 0.90625
0 0.6656250000000001 0.7609375 0.5703125000000002 0.7609375 0.5703125000000002 0.9375 0.6656250000000001 0.9375
0 0.6578125000000001 0.6171875 0.528125 0.6171875 0.5281250000000001 0.8625 0.6578125000000001 0.8625
0 0.7000000000000001 0.509375 0.6359375 0.509375 0.6359375 0.7421875 0.7000000000000002 0.7421875
0 0.6546875 0.484375 0.5765625 0.484375 0.5765625 0.634375 0.6546875 0.634375
0 0.734375 0.3656250000000001 0.6578125 0.3656250000000001 0.6578125 0.5468750000000001 0.734375 0.5468750000000002
0 0.80625 0.3578125000000001 0.734375 0.3578125000000001 0.734375 0.4781250000000002 0.80625 0.4781250000000002
0 0.5531250000000002 0.7609375 0.48437500000000017 0.7609375 0.48437500000000017 0.91875 0.5531250000000002 0.91875
0 0.5703125000000001 0.6859375 0.27812500000000007 0.6859375 0.27812500000000007 0.93125 0.5703125000000002 0.93125
0 0.5218750000000001 0.615625 0.2875000000000001 0.615625 0.2875000000000001 0.95625 0.5218750000000002 0.95625
0 0.5796875 0.409375 0.471875 0.409375 0.471875 0.6734375 0.5796875 0.6734375
0 0.521875 0.08750000000000005 0.265625 0.08750000000000002 0.26562500000000006 0.6671875 0.521875 0.6671875
0 0.5546875 0.06875000000000006 0.434375 0.06875000000000005 0.434375 0.415625 0.5546875 0.415625
0 0.43125 0.428125 0.3359375000000001 0.428125 0.3359375000000001 0.590625 0.43125 0.590625
0 0.45000000000000007 0.5734375 0.2656250000000001 0.5734375 0.2656250000000001 0.85625 0.4500000000000002 0.85625
0 0.3421875000000001 0.453125 0.2562500000000001 0.453125 0.2562500000000001 0.584375 0.3421875000000001 0.584375
0 0.2656250000000001 0.421875 0.18125000000000005 0.421875 0.18125000000000008 0.559375 0.2656250000000001 0.559375
0 0.3734375000000001 0.37031250000000004 0.2531250000000001 0.3703125 0.2531250000000001 0.503125 0.3734375000000001 0.503125
0 0.32343750000000004 0.2453125 0.20625 0.2453125 0.20625000000000004 0.421875 0.3234375000000001 0.421875
0 0.2843750000000001 0.478125 0.009375000000000059 0.478125 0.009375000000000078 0.7921875 0.2843750000000001 0.7921875
0 0.21875000000000008 0.6734375 0.1359375000000001 0.6734375 0.1359375000000001 0.8109375 0.21875000000000008 0.8109375
0 0.2562500000000001 0.7546875 0.15781250000000008 0.7546875 0.1578125000000001 0.95 0.2562500000000001 0.95
0 0.33281250000000007 0.7421875 0.2562500000000001 0.7421875 0.2562500000000001 0.90625 0.33281250000000007 0.90625
0 0.2656250000000001 0.6921875 0.21875000000000008 0.6921875 0.21875000000000008 0.7984375 0.2656250000000001 0.7984375
0 0.1703125000000001 0.7796875 0.09531250000000009 0.7796875 0.0953125000000001 0.90625 0.1703125000000001 0.90625
0 0.14218750000000008 0.7171875 0.10468750000000009 0.7171875 0.10468750000000009 0.7796875 0.14218750000000008 0.7796875
0 0.11718750000000008 0.7484375 0.03750000000000009 0.7484375 0.0375000000000001 0.88125 0.11718750000000008 0.88125
0 0.74375 0.5218750000000001 0.696875 0.521875 0.696875 0.6234375000000001 0.74375 0.6234375000000002
0 0.778125 0.4781250000000001 0.71875 0.478125 0.71875 0.5531250000000001 0.778125 0.5531250000000002
0 0.8234375 0.4281250000000002 0.78125 0.4281250000000002 0.78125 0.5343750000000002 0.8234375 0.5343750000000002
0 0.8109375 0.5281250000000002 0.76875 0.5281250000000002 0.76875 0.6359375000000002 0.8109375 0.6359375000000002
0 0.771875 0.5781250000000002 0.74375 0.5781250000000002 0.74375 0.6859375000000002 0.771875 0.6859375000000002
0 0.740625 0.6156250000000001 0.6890625 0.615625 0.6890625 0.7109375000000001 0.740625 0.7109375000000002
0 0.7718750000000001 0.628125 0.725 0.628125 0.7250000000000001 0.7296875 0.7718750000000002 0.7296875000000002
0 0.8015625 0.6343750000000001 0.7796875 0.6343750000000001 0.7796875 0.6984375000000002 0.8015625 0.6984375000000002
0 0.8390625 0.5843750000000002 0.79375 0.5843750000000002 0.79375 0.6796875000000002 0.8390625 0.6796875000000002
0 0.8578125 0.4968750000000002 0.80625 0.4968750000000002 0.80625 0.5968750000000002 0.8578125 0.5968750000000002
0 0.8640625 0.48437500000000017 0.8359375 0.48437500000000017 0.8359375 0.5343750000000002 0.8640625 0.5343750000000002
0 0.8765625 0.5421875000000002 0.8578125 0.5421875000000002 0.8578125 0.5921875000000002 0.8765625 0.5921875000000002
0 0.9078125 0.5796875000000001 0.8734375 0.5796875000000001 0.8734375 0.6234375000000002 0.9078125 0.6234375000000002
0 0.9171875 0.6281250000000002 0.8765625 0.6281250000000002 0.8765625 0.6984375000000002 0.9171875 0.6984375000000002
0 0.94375 0.6218750000000002 0.9015625 0.6218750000000002 0.9015625 0.7171875000000002 0.94375 0.7171875000000002
0 0.93125 0.7046875000000001 0.8890625 0.7046875000000001 0.8890625 0.7609375000000002 0.93125 0.7609375000000002
0 0.8921875 0.6671875000000002 0.8546875 0.6671875000000002 0.8546875 0.7359375000000001 0.8921875 0.7359375000000001
0 0.8734375 0.5968750000000002 0.8359375 0.5968750000000002 0.8359375 0.6859375000000002 0.8734375 0.6859375000000002
0 0.6578125 0.2828125000000001 0.5703125 0.2828125000000001 0.5703125 0.553125 0.6578125 0.553125
0 0.6234375 0.3843750000000001 0.5703125 0.3843750000000001 0.5703125 0.521875 0.6234375 0.521875
0 0.70625 0.2890625000000001 0.6484375 0.2890625000000001 0.6484375 0.496875 0.70625 0.496875