0 0.903125 0.3234375000000001 0.7140625 0.3234375000000001 0.7140625 0.5640625000000001 0.903125 0.5640625000000001
0 0.7875 0.3078125000000001 0.6640625 0.3078125000000001 0.6640625 0.5687500000000001 0.7875 0.5687500000000002
0 0.60625 0.4828125 0.21250000000000008 0.4828125 0.21250000000000008 0.646875 0.60625 0.646875
0 0.6875 0.43125 0.490625 0.43125 0.490625 0.671875 0.6875 0.671875
0 0.6140625 0.3390625000000001 0.3671875 0.3390625000000001 0.36718750000000006 0.43125 0.6140625 0.43125
0 0.5828125 0.3890625000000001 0.49375 0.3890625000000001 0.49375 0.4875 0.5828125 0.4875
0 0.6796875 0.4265625 0.5828125 0.4265625 0.5828125 0.51875 0.6796875 0.51875
0 0.60625 0.3125000000000001 0.525 0.3125000000000001 0.525 0.34843750000000007 0.60625 0.34843750000000007
0 0.5015625 0.3843750000000001 0.3828125000000001 0.3843750000000001 0.3828125000000001 0.4828125 0.5015625 0.4828125
0 0.4015625 0.4 0.29375000000000007 0.4 0.29375000000000007 0.4828125 0.4015625 0.4828125
0 0.39843750000000006 0.31718750000000007 0.2625 0.3171875 0.26250000000000007 0.4 0.3984375000000001 0.4
0 0.2890625000000001 0.40625 0.08125000000000004 0.40625 0.08125000000000006 0.5703125 0.2890625000000001 0.5703125
0 0.30156250000000007 0.296875 0.15781250000000005 0.296875 0.15781250000000005 0.3953125 0.30156250000000007 0.3953125
5 0.671875 0.046875000000000076 0.5984375 0.046875000000000076 0.5984375 0.43125 0.671875 0.43125
5 0.9109375 0.2671875 0.04218750000000003 0.2671875 0.042187500000000065 0.815625 0.9109375 0.815625