0 0.9328125 0.5218750000000002 0.8203125 0.5218750000000002 0.8203125 0.7015625000000002 0.9328125 0.7015625000000002
0 0.95625 0.7609375000000002 0.8328125 0.7609375000000002 0.8328125 0.9578125 0.95625 0.9578125
0 0.14531250000000012 0.7828125 0.0453125000000001 0.7828125 0.04531250000000011 0.953125 0.14531250000000012 0.953125
0 0.578125 0.08593750000000007 0.4890625 0.08593750000000007 0.4890625 0.2296875000000001 0.578125 0.2296875000000001
0 0.365625 0.06406250000000005 0.2796875 0.06406250000000005 0.2796875 0.19687500000000005 0.365625 0.19687500000000005
0 0.30625 0.14375000000000004 0.23125 0.14375000000000004 0.23125 0.234375 0.30625 0.234375
0 0.30625 0.228125 0.2203125 0.228125 0.2203125 0.35625 0.30625 0.35625
0 0.09687500000000003 0.2015625 0.018750000000000024 0.2015625 0.01875000000000003 0.325 0.09687500000000004 0.325
0 0.3281250000000001 0.3984375 0.2578125000000001 0.3984375 0.2578125000000001 0.5109375 0.3281250000000001 0.5109375
0 0.41875 0.4046875 0.3140625000000001 0.4046875 0.3140625000000001 0.53125 0.41875 0.53125
0 0.496875 0.415625 0.38750000000000007 0.415625 0.38750000000000007 0.559375 0.496875 0.559375
0 0.578125 0.4578125 0.459375 0.4578125 0.459375 0.621875 0.578125 0.621875
0 0.6609375 0.515625 0.5453125 0.515625 0.5453125 0.68125 0.6609375 0.68125
0 0.7203125000000001 0.6109375 0.615625 0.6109375 0.6156250000000001 0.7609375 0.7203125000000001 0.7609375
0 0.7500000000000001 0.7234375000000001 0.6671875 0.7234375 0.6671875 0.840625 0.7500000000000002 0.840625
0 0.8015625 0.39375000000000004 0.12343750000000005 0.39375 0.12343750000000009 0.9625 0.8015625 0.9625
0 0.8515625 0.10156250000000007 0.265625 0.10156250000000004 0.26562500000000006 0.8515625 0.8515625 0.8515625