0 0.9953125 0.38750000000000007 0.421875 0.38750000000000007 0.4218750000000001 0.9921875 0.9953125 0.9921875
0 0.5296875000000001 0.6796875 0.21875000000000008 0.6796875 0.21875000000000008 0.978125 0.5296875000000002 0.978125
0 0.4187500000000002 0.9640625 0.2234375000000001 0.9640625 0.2234375000000001 0.9953125 0.4187500000000002 0.9953125
0 0.2796875000000001 0.7203125 8.82128397510828e-17 0.7203125 1.0237281836622405e-16 0.9515625 0.2796875000000001 0.9515625
0 0.2796875000000001 0.8671875 1.0619983961355955e-16 0.8671875 1.1404523317059726e-16 0.9953125 0.2796875000000001 0.9953125
0 0.1906250000000001 0.6625 0.0046875000000000805 0.6625 0.00468750000000009 0.8125 0.1906250000000001 0.8125
0 0.4625000000000001 0.5734375 0.1781250000000001 0.5734375 0.1781250000000001 0.76875 0.4625000000000002 0.76875
0 0.35625000000000007 0.409375 0.09375000000000004 0.409375 0.09375000000000007 0.6578125 0.35625000000000007 0.6578125
0 0.19062500000000007 0.4390625 5.376964852506348e-17 0.4390625 7.070421754452296e-17 0.715625 0.1906250000000001 0.715625
0 0.20000000000000004 0.2140625 2.6215095544248028e-17 0.2140625 4.11404784088564e-17 0.4578125 0.2000000000000001 0.4578125
0 0.409375 0.23593750000000005 0.13281250000000006 0.2359375 0.13281250000000006 0.49375 0.409375 0.49375
0 0.49375 0.08437500000000005 0.09375 0.08437500000000002 0.09375000000000003 0.409375 0.49375 0.409375
0 0.8359375 0.10312500000000006 0.471875 0.10312500000000005 0.471875 0.4453125000000001 0.8359375 0.44531250000000017
0 0.9953125 0.03593750000000011 0.7828125 0.0359375000000001 0.7828125 0.4265625000000002 0.9953125 0.4265625000000002
0 0.9953125 9.9885254555456e-17 0.6359375 7.787988238327699e-17 0.6359375 0.14687500000000012 0.9953125 0.14687500000000014
0 0.703125 6.209341973801815e-17 0.3109375 3.807886141098801e-17 0.3109375 0.2671875 0.703125 0.2671875000000001
0 0.15937500000000002 0.1140625 1.3968627552774498e-17 0.1140625 2.9276712542116413e-17 0.3640625 0.15937500000000004 0.3640625