0 0.996875 0.1640625000000001 0.721875 0.16406250000000008 0.721875 0.6484375000000001 0.996875 0.6484375000000002
0 0.996875 0.6218750000000002 0.8453125 0.6218750000000002 0.8453125 0.9953125 0.996875 0.9953125
0 0.928125 0.6921875000000001 0.609375 0.6921875 0.6093750000000001 0.9953125 0.928125 0.9953125
0 0.6750000000000002 0.9015625 0.4625000000000002 0.9015625 0.4625000000000002 0.9953125 0.6750000000000002 0.9953125
0 0.46562500000000007 0.7140625 0.12656250000000008 0.7140625 0.1265625000000001 0.9953125 0.4656250000000002 0.9953125
0 0.5484375000000001 0.5546875 0.3140625000000001 0.5546875 0.3140625000000001 0.8578125 0.5484375000000001 0.8578125
0 0.7765625 0.3843750000000001 0.53125 0.3843750000000001 0.5312500000000001 0.7859375000000001 0.7765625000000002 0.7859375000000002
0 0.6359375 0.09843750000000007 0.321875 0.09843750000000004 0.321875 0.615625 0.6359375 0.615625
0 0.3140625 0.340625 4.171453159595672e-17 0.340625 7.032151541978942e-17 0.8078125 0.3140625000000001 0.8078125
0 0.35781250000000003 2.765022851199884e-17 0.09375 1.1481063742006437e-17 0.09375000000000003 0.36875 0.3578125000000001 0.36875
0 0.08281250000000004 0.2484375 3.042481891631706e-17 0.2484375 4.2192909251873654e-17 0.440625 0.08281250000000004 0.440625
0 0.3609375 0.3578125 0.28125 0.3578125 0.28125000000000006 0.5765625 0.3609375000000001 0.5765625
0 0.4515625 4.4010744344358005e-17 0.2671875 3.2721031664718344e-17 0.2671875 0.10937500000000004 0.4515625 0.10937500000000004
0 0.484375 0.054687500000000056 0.3609375 0.05468750000000004 0.3609375 0.20312500000000006 0.484375 0.20312500000000008
0 0.6890625 7.185232391872362e-17 0.484375 5.931882933369991e-17 0.484375 0.13750000000000007 0.6890625 0.1375000000000001
0 0.8265625 9.175283440486812e-17 0.671875 8.22809568177128e-17 0.671875 0.22031250000000008 0.8265625 0.22031250000000008
0 0.7375 0.18750000000000008 0.646875 0.18750000000000008 0.646875 0.39531250000000007 0.7375 0.39531250000000007
0 0.996875 1.1538469060716468e-16 0.8875 1.086874034243276e-16 0.8875 0.13750000000000012 0.996875 0.13750000000000012