0 0.7875 0.042187500000000086 0.571875 0.042187500000000065 0.571875 0.3046875000000001 0.7875 0.3046875000000001
0 0.9828125 0.3656250000000001 0.8703125 0.3656250000000001 0.8703125 0.5453125000000002 0.9828125 0.5453125000000002
0 0.996875 0.4312500000000002 0.90625 0.4312500000000002 0.90625 0.7546875000000002 0.996875 0.7546875000000002
0 0.9734375 0.6703125000000002 0.7578125 0.6703125000000002 0.7578125000000001 0.9765625 0.9734375 0.9765625
0 0.996875 0.7734375000000002 0.8109375 0.7734375000000002 0.8109375 0.9953125 0.996875 0.9953125
0 0.9296875 0.3046875000000001 0.675 0.3046875000000001 0.675 0.6828125 0.9296875 0.6828125000000002
0 0.890625 0.0187500000000001 0.7171875 0.01875000000000009 0.7171875 0.4796875000000001 0.890625 0.47968750000000016
0 0.996875 0.0609375000000001 0.803125 0.06093750000000009 0.803125 0.4203125000000002 0.996875 0.4203125000000002
0 0.996875 0.08906250000000011 0.90625 0.08906250000000011 0.90625 0.3296875000000001 0.996875 0.3296875000000001
0 0.9890625 1.1079226511036212e-16 0.8203125 1.0045930774255631e-16 0.8203125 0.1671875000000001 0.9890625 0.16718750000000013
0 0.521875 0.19218750000000004 0.3625 0.19218750000000004 0.36250000000000004 0.41875 0.521875 0.41875
0 0.525 0.4375 0.3890625000000001 0.4375 0.3890625000000001 0.628125 0.525 0.628125
0 0.48906250000000007 0.5515625 0.3359375000000001 0.5515625 0.3359375000000001 0.7375 0.4890625000000002 0.7375
0 0.4218750000000001 0.6765625 0.1625000000000001 0.6765625 0.1625000000000001 0.8984375 0.42187500000000017 0.8984375
0 0.5250000000000001 0.7015625 0.39531250000000007 0.7015625 0.39531250000000007 0.9109375 0.5250000000000001 0.9109375
0 0.5750000000000002 0.7375 0.5187500000000002 0.7375 0.5187500000000002 0.803125 0.5750000000000002 0.803125
0 0.5781250000000001 0.7 0.528125 0.7 0.5281250000000001 0.7546875 0.5781250000000002 0.7546875
0 0.5953125000000001 0.646875 0.5484375 0.646875 0.5484375000000001 0.7296875 0.5953125000000001 0.7296875
0 0.6343750000000001 0.7359375 0.5750000000000002 0.7359375 0.5750000000000002 0.8203125 0.6343750000000001 0.8203125
0 0.690625 0.70625 0.628125 0.70625 0.628125 0.778125 0.6906250000000002 0.778125
0 0.6406250000000001 0.665625 0.6015625 0.665625 0.6015625000000001 0.7375 0.6406250000000002 0.7375
0 0.7015625 0.640625 0.6453125 0.640625 0.6453125 0.725 0.7015625 0.725
0 0.78125 0.503125 0.61875 0.503125 0.61875 0.6703125000000001 0.78125 0.6703125000000002
0 0.6187500000000001 0.5390625 0.478125 0.5390625 0.4781250000000001 0.7546875 0.6187500000000001 0.7546875
0 0.7046875 0.39531250000000007 0.5484375 0.39531250000000007 0.5484375 0.58125 0.7046875 0.58125
0 0.7578125000000001 0.6468750000000001 0.690625 0.646875 0.690625 0.784375 0.7578125000000002 0.7843750000000002
0 0.8015625 0.6171875000000002 0.7453125 0.6171875000000002 0.7453125 0.7187500000000002 0.8015625 0.7187500000000002
0 0.8484375 0.6890625000000001 0.8015625 0.6890625000000001 0.8015625 0.7546875000000002 0.8484375 0.7546875000000002
0 0.8265625 0.7015625000000002 0.7640625 0.7015625000000002 0.7640625000000001 0.809375 0.8265625 0.809375
0 0.7781250000000002 0.7609375 0.7218750000000002 0.7609375 0.7218750000000002 0.85625 0.7781250000000002 0.85625
0 0.7375000000000002 0.784375 0.6671875000000002 0.784375 0.6671875000000002 0.915625 0.7375000000000002 0.915625
0 0.6640625000000002 0.803125 0.6250000000000002 0.803125 0.6250000000000002 0.86875 0.6640625000000002 0.86875
0 0.6937500000000002 0.8625 0.6515625000000002 0.8625 0.6515625000000002 0.928125 0.6937500000000002 0.928125
0 0.6343750000000001 0.86875 0.5656250000000002 0.86875 0.5656250000000002 0.99375 0.6343750000000001 0.99375
0 0.6609375000000002 0.928125 0.6078125000000002 0.928125 0.6078125000000002 0.99375 0.6609375000000002 0.99375
0 0.7171875000000002 0.928125 0.6609375000000002 0.928125 0.6609375000000002 0.99375 0.7171875000000002 0.99375
0 0.7578125000000002 0.9109375 0.7140625000000002 0.9109375 0.7140625000000002 0.9890625 0.7578125000000002 0.9890625
0 0.678125 0.3359375000000001 0.64375 0.3359375000000001 0.64375 0.4015625 0.678125 0.4015625
0 0.6640625 0.2875000000000001 0.628125 0.2875000000000001 0.628125 0.3468750000000001 0.6640625 0.3468750000000001
0 0.64375 0.3296875000000001 0.6015625 0.3296875000000001 0.6015625 0.4078125 0.64375 0.4078125
0 0.63125 0.2578125000000001 0.590625 0.2578125000000001 0.590625 0.3296875000000001 0.63125 0.3296875000000001
0 0.6046875 0.2875000000000001 0.5640625 0.2875000000000001 0.5640625 0.3593750000000001 0.6046875 0.3593750000000001
0 0.578125 0.3125000000000001 0.534375 0.3125000000000001 0.534375 0.3781250000000001 0.578125 0.3781250000000001
0 0.6015625 0.37187500000000007 0.5671875 0.37187500000000007 0.5671875 0.4375 0.6015625 0.4375
0 0.56875 0.39531250000000007 0.534375 0.39531250000000007 0.534375 0.4484375 0.56875 0.4484375
0 0.5546875 0.4484375 0.525 0.4484375 0.525 0.509375 0.5546875 0.509375
0 0.5984375 0.15625000000000008 0.56875 0.15625000000000008 0.56875 0.23437500000000008 0.5984375 0.23437500000000008
0 0.58125 0.2218750000000001 0.5453125 0.2218750000000001 0.5453125 0.2875000000000001 0.58125 0.2875000000000001
0 0.56875 0.16093750000000007 0.5421875 0.16093750000000004 0.5421875 0.2156250000000001 0.56875 0.2156250000000001
0 0.5453125 0.19843750000000007 0.5109375 0.19843750000000004 0.5109375 0.2640625000000001 0.5453125 0.2640625000000001
0 0.5484375 0.10781250000000006 0.525 0.10781250000000005 0.525 0.16718750000000007 0.5484375 0.1671875000000001
0 0.565625 0.08437500000000006 0.5359375 0.08437500000000006 0.5359375 0.14375000000000007 0.565625 0.1437500000000001
0 0.521875 0.15000000000000005 0.4953125 0.15000000000000005 0.4953125 0.19687500000000005 0.521875 0.19687500000000005
0 0.51875 0.10156250000000004 0.4953125 0.10156250000000004 0.4953125 0.15625000000000006 0.51875 0.15625000000000006
0 0.5390625 0.06562500000000007 0.509375 0.06562500000000007 0.509375 0.12031250000000004 0.5390625 0.12031250000000004
0 0.5484375 0.029687500000000068 0.521875 0.029687500000000068 0.521875 0.08437500000000006 0.5484375 0.08437500000000006
0 0.521875 0.048437500000000064 0.5015625 0.048437500000000064 0.5015625 0.08437500000000006 0.521875 0.08437500000000006
0 0.4921875 0.05937500000000007 0.475 0.05937500000000007 0.475 0.08437500000000006 0.4921875 0.08437500000000006
0 0.4953125 0.08906250000000007 0.475 0.08906250000000007 0.475 0.15000000000000005 0.4953125 0.15000000000000005
0 0.4953125 0.14375000000000004 0.471875 0.14375000000000004 0.471875 0.19687500000000005 0.4953125 0.19687500000000005
0 0.471875 0.13750000000000004 0.434375 0.13750000000000004 0.434375 0.19218750000000004 0.471875 0.19218750000000004
0 0.471875 0.08437500000000006 0.4453125 0.08437500000000005 0.4453125 0.14375000000000004 0.471875 0.14375000000000004
0 0.4484375 0.09531250000000005 0.428125 0.09531250000000005 0.428125 0.15000000000000005 0.4484375 0.15000000000000005
0 0.521875 5.348262193151332e-17 0.3515625 4.305398903252414e-17 0.3515625 0.06562500000000006 0.521875 0.06562500000000007
0 0.61875 6.965178670150572e-17 0.51875 6.352855270576895e-17 0.51875 0.04843750000000007 0.61875 0.04843750000000008
0 0.796875 8.400311637901375e-17 0.575 7.041719095097281e-17 0.575 0.07187500000000008 0.796875 0.07187500000000009
0 0.421875 0.11406250000000004 0.3890625 0.11406250000000004 0.3890625 0.19218750000000004 0.421875 0.19218750000000004
0 0.4328125 0.07187500000000005 0.3984375 0.07187500000000005 0.3984375 0.11406250000000004 0.4328125 0.11406250000000004
0 0.3890625 0.13125000000000003 0.3484375 0.13125000000000003 0.3484375 0.19218750000000004 0.3890625 0.19218750000000004
0 0.3953125 0.07812500000000004 0.3625 0.07812500000000004 0.3625 0.12500000000000006 0.3953125 0.12500000000000006
0 0.365625 0.09531250000000005 0.3390625 0.09531250000000005 0.3390625 0.14375000000000004 0.365625 0.14375000000000004
0 0.365625 0.029687500000000044 0.3453125 0.029687500000000044 0.3453125 0.08437500000000005 0.365625 0.08437500000000005
0 0.409375 0.02968750000000005 0.3796875 0.029687500000000044 0.3796875 0.07187500000000005 0.409375 0.07187500000000005
0 0.353125 0.06562500000000004 0.3234375 0.06562500000000004 0.3234375 0.10781250000000005 0.353125 0.10781250000000005
0 0.3359375 0.09687500000000004 0.315625 0.09687500000000004 0.315625 0.13281250000000006 0.3359375 0.13281250000000006
0 0.3453125 0.13125000000000003 0.315625 0.13125000000000003 0.315625 0.17343750000000005 0.3453125 0.17343750000000005
0 0.375 0.13281250000000003 0.15 0.1328125 0.15000000000000002 0.31250000000000006 0.375 0.3125000000000001
0 0.38906250000000003 0.275 0.2390625 0.275 0.23906250000000004 0.5515625 0.3890625000000001 0.5515625
0 0.3359375000000001 0.5203125 0.2156250000000001 0.5203125 0.2156250000000001 0.7125 0.3359375000000001 0.7125
0 0.2562500000000001 0.45 0.15937500000000004 0.45 0.15937500000000007 0.659375 0.2562500000000001 0.659375
0 0.17968750000000006 0.43125 0.05312500000000005 0.43125 0.05312500000000007 0.646875 0.17968750000000008 0.646875
0 0.24843750000000003 0.2640625 0.12656250000000005 0.2640625 0.12656250000000005 0.4671875 0.2484375000000001 0.4671875
0 0.13906250000000006 0.221875 2.71718508560819e-17 0.221875 5.099505812074526e-17 0.6109375 0.1390625000000001 0.6109375
0 0.365625 3.482589335075286e-17 0.203125 2.487563810768061e-17 0.203125 0.14375000000000004 0.365625 0.14375000000000004
0 0.215625 1.731727114419304e-17 0.0671875 8.228095681771279e-18 0.0671875 0.07187500000000001 0.215625 0.07187500000000002
0 0.0765625 4.6881010279859615e-18 0 0 5.453505277453057e-18 0.0890625 0.0765625 0.0890625
0 0.2390625 0.05937500000000001 7.271340369937409e-18 0.059375 1.7221595613009655e-17 0.221875 0.2390625 0.221875
0 0.14531250000000004 0.1921875 0.10312500000000005 0.1921875 0.10312500000000005 0.2640625 0.14531250000000004 0.2640625
0 0.16875000000000012 0.796875 0.050000000000000086 0.796875 0.0500000000000001 0.99375 0.16875000000000012 0.99375
0 0.08593750000000011 0.84375 1.0332957367805792e-16 0.84375 1.1251442467166307e-16 0.99375 0.08593750000000011 0.99375
0 0.04687500000000008 0.653125 0.012500000000000077 0.653125 0.012500000000000084 0.73125 0.04687500000000009 0.73125
0 0.043750000000000094 0.73125 0.0031250000000000904 0.73125 0.0031250000000000943 0.809375 0.0437500000000001 0.809375
0 0.009375000000000088 0.69375 8.495987169084762e-17 0.69375 8.754311103279908e-17 0.7359375 0.009375000000000088 0.7359375
0 0.020312500000000077 0.6109375 7.481826538540861e-17 0.6109375 7.960204194457797e-17 0.6890625 0.020312500000000084 0.6890625
0 0.032812500000000105 0.8140625 9.969390349308921e-17 0.8140625 1.0409497792752504e-16 0.8859375 0.03281250000000011 0.8859375
0 0.3031250000000001 0.646875 0.04375000000000008 0.646875 0.043750000000000094 0.8625 0.3031250000000001 0.8625
0 0.6218750000000002 0.8078125 0.5953125000000001 0.8078125 0.5953125000000001 0.8625 0.6218750000000002 0.8625
0 0.5921875000000002 0.8265625 0.5656250000000002 0.8265625 0.5656250000000002 0.86875 0.5921875000000002 0.86875
0 0.5593750000000002 0.8203125 0.5359375000000002 0.8203125 0.5359375000000002 0.86875 0.5593750000000002 0.86875
0 0.5578125000000002 0.784375 0.5312500000000002 0.784375 0.5312500000000002 0.8140625 0.5578125000000002 0.8140625
0 0.5218750000000002 0.784375 0.5015625000000001 0.784375 0.5015625000000001 0.8203125 0.5218750000000002 0.8203125
0 0.5328125000000001 0.8203125 0.5125000000000002 0.8203125 0.5125000000000002 0.85 0.5328125000000001 0.85
0 0.4984375000000002 0.8265625 0.4781250000000002 0.8265625 0.4781250000000002 0.8625 0.4984375000000002 0.8625
0 0.5187500000000002 0.85 0.49531250000000016 0.85 0.49531250000000016 0.8859375 0.5187500000000002 0.8859375
0 0.5609375000000002 0.8328125 0.5250000000000001 0.8328125 0.5250000000000001 0.875 0.5609375000000002 0.875
0 0.5515625000000002 0.88125 0.5281250000000002 0.88125 0.5281250000000002 0.9234375 0.5515625000000002 0.9234375
0 0.5250000000000001 0.8859375 0.49531250000000016 0.8859375 0.49531250000000016 0.946875 0.5250000000000001 0.946875
0 0.5656250000000002 0.9109375 0.5312500000000002 0.9109375 0.5312500000000002 0.9578125 0.5656250000000002 0.9578125
0 0.5656250000000002 0.953125 0.5359375000000002 0.953125 0.5359375000000002 0.9953125 0.5656250000000002 0.9953125
0 0.5390625000000002 0.9578125 0.5156250000000002 0.9578125 0.5156250000000002 0.99375 0.5390625000000002 0.99375
0 0.5078125000000002 0.9578125 0.49218750000000017 0.9578125 0.49218750000000017 0.99375 0.5078125000000002 0.99375
0 0.4984375000000002 0.9046875 0.47187500000000016 0.9046875 0.47187500000000016 0.9515625 0.4984375000000002 0.9515625
0 0.4812500000000002 0.940625 0.4515625000000002 0.940625 0.4515625000000002 0.9828125 0.4812500000000002 0.9828125
0 0.46875000000000017 0.9046875 0.4515625000000002 0.9046875 0.4515625000000002 0.940625 0.46875000000000017 0.940625
0 0.45312500000000017 0.940625 0.43281250000000016 0.940625 0.43281250000000016 0.99375 0.45312500000000017 0.99375
0 0.44843750000000016 0.9109375 0.42500000000000016 0.9109375 0.42500000000000016 0.940625 0.44843750000000016 0.940625
0 0.44843750000000016 0.8625 0.42187500000000017 0.8625 0.42187500000000017 0.909375 0.44843750000000016 0.909375
0 0.42500000000000016 0.8859375 0.3984375000000001 0.8859375 0.3984375000000001 0.934375 0.42500000000000016 0.934375
0 0.42187500000000017 0.921875 0.3921875000000001 0.921875 0.3921875000000001 0.9765625 0.42187500000000017 0.9765625
0 0.4156250000000002 0.9578125 0.3859375000000001 0.9578125 0.3859375000000001 0.99375 0.4156250000000002 0.99375
0 0.4359375000000002 0.9765625 0.40937500000000016 0.9765625 0.40937500000000016 0.99375 0.4359375000000002 0.99375
0 0.3921875000000001 0.9171875 0.3593750000000001 0.9171875 0.3593750000000001 0.959375 0.3921875000000001 0.959375
0 0.3859375000000001 0.946875 0.3515625000000001 0.946875 0.3515625000000001 0.99375 0.3859375000000001 0.99375
0 0.3921875000000001 0.875 0.3625000000000001 0.875 0.3625000000000001 0.928125 0.3921875000000001 0.928125
0 0.40625000000000017 0.85625 0.3859375000000001 0.85625 0.3859375000000001 0.9046875 0.40625000000000017 0.9046875
0 0.4031250000000002 0.796875 0.3828125000000001 0.796875 0.3828125000000001 0.84375 0.4031250000000002 0.84375
0 0.3828125000000001 0.796875 0.34843750000000007 0.796875 0.34843750000000007 0.8625 0.3828125000000001 0.8625
0 0.35625000000000007 0.809375 0.3265625000000001 0.809375 0.3265625000000001 0.8390625 0.35625000000000007 0.8390625
0 0.3531250000000001 0.8390625 0.3187500000000001 0.8390625 0.3187500000000001 0.8859375 0.3531250000000001 0.8859375
0 0.37187500000000007 0.85 0.3453125000000001 0.85 0.3453125000000001 0.875 0.37187500000000007 0.875
0 0.3453125000000001 0.8859375 0.3156250000000001 0.8859375 0.3156250000000001 0.921875 0.3453125000000001 0.921875
0 0.3421875000000001 0.8390625 0.3187500000000001 0.8390625 0.3187500000000001 0.88125 0.3421875000000001 0.88125
0 0.3156250000000001 0.8390625 0.2984375000000001 0.8390625 0.2984375000000001 0.86875 0.3156250000000001 0.86875
0 0.3156250000000001 0.86875 0.2953125000000001 0.86875 0.2953125000000001 0.8984375 0.3156250000000001 0.8984375
0 0.3531250000000001 0.946875 0.3187500000000001 0.946875 0.3187500000000001 0.99375 0.3531250000000001 0.99375
0 0.3421875000000001 0.934375 0.32500000000000007 0.934375 0.32500000000000007 0.9515625 0.3421875000000001 0.9515625
0 0.3187500000000001 0.934375 0.2984375000000001 0.934375 0.2984375000000001 0.9765625 0.3187500000000001 0.9765625
0 0.3031250000000001 0.9703125 0.2765625000000001 0.9703125 0.2765625000000001 0.99375 0.3031250000000001 0.99375
0 0.28593750000000007 0.9171875 0.2593750000000001 0.9171875 0.2593750000000001 0.9828125 0.28593750000000007 0.9828125
0 0.2984375000000001 0.940625 0.28593750000000007 0.940625 0.28593750000000007 0.9703125 0.2984375000000001 0.9703125
0 0.2968750000000001 0.8921875 0.2765625000000001 0.8921875 0.2765625000000001 0.934375 0.2968750000000001 0.934375
0 0.2828125000000001 0.85 0.2593750000000001 0.85 0.2593750000000001 0.8921875 0.2828125000000001 0.8921875
0 0.30937500000000007 0.8328125 0.2828125000000001 0.8328125 0.2828125000000001 0.875 0.30937500000000007 0.875
0 0.2734375000000001 0.8859375 0.2468750000000001 0.8859375 0.2468750000000001 0.940625 0.2734375000000001 0.940625
0 0.2531250000000001 0.8859375 0.2156250000000001 0.8859375 0.2156250000000001 0.934375 0.2531250000000001 0.934375
0 0.2593750000000001 0.934375 0.2296875000000001 0.934375 0.2296875000000001 0.99375 0.2593750000000001 0.99375
0 0.2390625000000001 0.921875 0.2062500000000001 0.921875 0.2062500000000001 0.9578125 0.2390625000000001 0.9578125
0 0.22656250000000008 0.9578125 0.18281250000000013 0.9578125 0.18281250000000013 0.99375 0.22656250000000008 0.99375
0 0.2093750000000001 0.940625 0.18593750000000014 0.940625 0.18593750000000014 0.9640625 0.2093750000000001 0.9640625
0 0.22031250000000008 0.8796875 0.1906250000000001 0.8796875 0.1906250000000001 0.934375 0.22031250000000008 0.934375
0 0.1890625000000001 0.9046875 0.1625000000000001 0.9046875 0.16250000000000012 0.946875 0.18906250000000013 0.946875
0 0.17031250000000014 0.940625 0.14375000000000013 0.940625 0.14375000000000013 0.9875 0.17031250000000014 0.9875