0 0.9703125 0.6125000000000002 0.734375 0.6125000000000002 0.7343750000000001 0.9953125 0.9703125 0.9953125
0 0.996875 0.3765625000000001 0.8328125 0.3765625000000001 0.8328125 0.8359375 0.996875 0.8359375
0 0.84375 0.3656250000000001 0.64375 0.3656250000000001 0.64375 0.7328125000000001 0.84375 0.7328125000000002
0 0.9234375 9.749336627587133e-17 0.66875 8.189825469297925e-17 0.66875 0.3937500000000001 0.9234375 0.3937500000000001
0 0.996875 0.13750000000000012 0.8546875 0.1375000000000001 0.8546875 0.3890625000000001 0.996875 0.3890625000000001
0 0.996875 0.3500000000000001 0.9484375 0.3500000000000001 0.9484375 0.45312500000000017 0.996875 0.45312500000000017
0 0.996875 0.09843750000000011 0.9203125 0.09843750000000011 0.9203125 0.16875000000000012 0.996875 0.16875000000000012
0 0.996875 0.015625000000000118 0.909375 0.01562500000000011 0.909375 0.12031250000000013 0.996875 0.12031250000000013
0 0.6796875000000001 0.2578125000000001 0.4625 0.2578125000000001 0.4625000000000001 0.7390625 0.6796875000000002 0.7390625
0 0.7203125 0.060937500000000075 0.596875 0.06093750000000007 0.596875 0.3453125000000001 0.7203125 0.3453125000000001
0 0.7734375 8.51512227532144e-17 0.6171875 7.558366963487571e-17 0.6171875 0.08125000000000007 0.7734375 0.08125000000000009
0 0.603125 6.716422289073765e-17 0.49375 6.046693570790056e-17 0.49375 0.27812500000000007 0.603125 0.27812500000000007
0 0.5375 0.17968750000000006 0.2328125 0.17968750000000006 0.23281250000000003 0.415625 0.5375 0.415625
0 0.50625 5.243019108849606e-17 0.35 4.286263797015736e-17 0.35 0.19687500000000005 0.50625 0.19687500000000005
0 0.3640625 0.028125000000000032 0.203125 0.02812500000000002 0.203125 0.24687500000000004 0.3640625 0.2468750000000001
0 0.24062500000000003 0.17031250000000003 0.03281250000000002 0.1703125 0.03281250000000004 0.509375 0.2406250000000001 0.509375
0 0.4328125000000001 0.30000000000000004 0.13437500000000005 0.3 0.13437500000000008 0.7328125 0.43281250000000016 0.7328125
0 0.7156250000000002 0.8578125 0.6109375000000001 0.8578125 0.6109375000000001 0.9953125 0.7156250000000002 0.9953125
0 0.996875 0.825 0.959375 0.825 0.959375 0.9625 0.996875 0.9625
0 0.9703125 0.7812500000000002 0.9203125 0.7812500000000002 0.9203125 0.86875 0.9703125 0.86875
0 0.9921875 0.95625 0.9671875 0.95625 0.9671875 0.9953125 0.9921875 0.9953125
0 0.7171875000000001 0.7046875 0.615625 0.7046875 0.6156250000000001 0.846875 0.7171875000000002 0.846875
0 0.6328125000000001 0.628125 0.534375 0.628125 0.534375 0.7921875 0.6328125000000002 0.7921875
0 0.5609375000000002 0.7484375 0.4734375000000002 0.7484375 0.4734375000000002 0.91875 0.5609375000000002 0.91875
0 0.6140625000000002 0.803125 0.5421875000000002 0.803125 0.5421875000000002 0.940625 0.6140625000000002 0.940625
0 0.6078125000000002 0.9296875 0.5093750000000001 0.9296875 0.5093750000000001 0.9953125 0.6078125000000002 0.9953125
0 0.5093750000000001 0.890625 0.4546875000000002 0.890625 0.4546875000000002 0.984375 0.5093750000000001 0.984375
0 0.4734375000000002 0.7765625 0.3781250000000001 0.7765625 0.3781250000000001 0.9890625 0.4734375000000002 0.9890625
0 0.5093750000000001 0.6828125 0.421875 0.6828125 0.4218750000000001 0.7875 0.5093750000000001 0.7875
0 0.4140625000000001 0.6671875 0.3312500000000001 0.6671875 0.3312500000000001 0.8203125 0.41406250000000017 0.8203125
0 0.4625 0.546875 0.37187500000000007 0.546875 0.37187500000000007 0.7 0.4625 0.7
0 0.4765625 0.415625 0.425 0.415625 0.425 0.5359375 0.4765625 0.5359375
0 0.5125 0.35625000000000007 0.465625 0.35625000000000007 0.465625 0.421875 0.5125 0.421875
0 0.3921875000000001 0.8640625 0.25468750000000007 0.8640625 0.25468750000000007 0.9953125 0.3921875000000001 0.9953125
0 0.35625000000000007 0.7765625 0.25468750000000007 0.7765625 0.25468750000000007 0.9078125 0.35625000000000007 0.9078125
0 0.3281250000000001 0.6890625 0.21875000000000008 0.6890625 0.21875000000000008 0.83125 0.3281250000000001 0.83125
0 0.2515625000000001 0.7921875 0.1453125000000001 0.7921875 0.14531250000000012 0.95625 0.2515625000000001 0.95625
0 0.25468750000000007 0.9515625 0.14531250000000012 0.9515625 0.14531250000000012 0.9953125 0.25468750000000007 0.9953125
0 0.1484375000000001 0.86875 0.010937500000000105 0.86875 0.010937500000000114 0.9953125 0.14843750000000014 0.9953125
0 0.16406250000000008 0.7375 0.0906250000000001 0.7375 0.0906250000000001 0.875 0.16406250000000008 0.875
0 0.21093750000000008 0.678125 0.12031250000000009 0.678125 0.12031250000000009 0.803125 0.21093750000000008 0.803125
0 0.0953125000000001 0.721875 8.840419081344957e-17 0.721875 9.91198503059889e-17 0.896875 0.0953125000000001 0.896875
0 0.029687500000000117 0.875 1.0715659492539341e-16 0.875 1.1414090870178068e-16 0.9890625 0.029687500000000124 0.9890625
0 0.1312500000000001 0.6125 0.046875000000000076 0.6125 0.04687500000000008 0.74375 0.1312500000000001 0.74375
0 0.17500000000000007 0.503125 0.08750000000000006 0.503125 0.08750000000000008 0.6609375 0.1750000000000001 0.6609375
0 0.07968750000000008 0.48125 5.893612720896637e-17 0.48125 7.032151541978942e-17 0.6671875 0.07968750000000009 0.6671875
0 0.03593750000000008 0.6546875 8.017609513167828e-17 0.6546875 8.553392487794795e-17 0.7421875 0.03593750000000009 0.7421875
0 0.06250000000000006 0.3828125 0.010937500000000048 0.3828125 0.010937500000000055 0.5078125 0.06250000000000007 0.5078125
0 0.04062500000000005 0.371875 4.55415528432922e-17 0.371875 5.2525866619679453e-17 0.4859375 0.04062500000000006 0.4859375
0 0.04375000000000004 0.2953125 0.014062500000000039 0.2953125 0.014062500000000042 0.3828125 0.043750000000000046 0.3828125
0 0.02187500000000004 0.2734375 3.348643591418544e-17 0.2734375 4.047074969057269e-17 0.3875 0.02187500000000005 0.3875
0 0.035937500000000025 0.190625 2.3344829608746423e-17 0.190625 2.898968594856625e-17 0.2828125 0.03593750000000003 0.2828125
0 0.09531250000000004 0.175 0.03750000000000002 0.175 0.037500000000000026 0.284375 0.09531250000000005 0.284375
0 0.17500000000000002 0.1265625 0.09062500000000002 0.1265625 0.09062500000000002 0.2140625 0.17500000000000004 0.2140625
0 0.2078125 0.08125000000000002 0.1640625 0.08125000000000002 0.1640625 0.17500000000000002 0.2078125 0.17500000000000004
0 0.265625 0.006250000000000029 0.2140625 0.006250000000000025 0.2140625 0.07187500000000002 0.265625 0.07187500000000002
0 0.33125 0.010937500000000037 0.2796875 0.010937500000000034 0.2796875 0.07031250000000004 0.33125 0.07031250000000004
0 0.35 0.006250000000000042 0.334375 0.006250000000000042 0.334375 0.07187500000000005 0.35 0.07187500000000005
0 0.3453125 3.846156353572156e-17 0.2828125 3.463454228838608e-17 0.2828125 0.015625000000000038 0.3453125 0.015625000000000045
0 0.2796875 2.985076572921673e-17 0.2078125 2.5449691294780934e-17 0.2078125 0.02187500000000003 0.2796875 0.021875000000000033
0 0.2140625 2.181402110981223e-17 0.1421875 1.741294667537643e-17 0.1421875 0.07656250000000002 0.2140625 0.07656250000000002
0 0.1609375 0.08125000000000002 0.0953125 0.08125000000000002 0.09531250000000001 0.13125 0.1609375 0.13125
0 0.1421875 0.028125000000000018 0.0734375 0.02812500000000001 0.07343750000000002 0.115625 0.1421875 0.115625
0 0.15 1.5021058395791752e-17 0.0953125 1.1672414804373211e-17 0.0953125 0.032812500000000015 0.15 0.03281250000000002
0 0.0875 5.35782974626967e-18 0 0 4.975127621536122e-18 0.08125 0.0875 0.08125
0 0.084375 0.0875 0.046875000000000014 0.0875 0.046875000000000014 0.1359375 0.08437500000000002 0.1359375
0 0.07031250000000003 0.1265625 0.0046875000000000154 0.1265625 0.00468750000000002 0.1921875 0.07031250000000003 0.1921875
0 0.109375 0.1265625 0.05468750000000002 0.1265625 0.05468750000000002 0.18125 0.109375 0.18125