0 0.975 0.5343750000000002 0.8578125 0.5343750000000002 0.8578125 0.7859375000000002 0.975 0.7859375000000002
0 0.90625 0.5921875000000002 0.7703125 0.5921875000000002 0.7703125000000001 0.8875 0.90625 0.8875
0 0.8578125 0.48437500000000017 0.7453125 0.48437500000000017 0.7453125 0.5968750000000002 0.8578125 0.5968750000000002
0 0.871875 0.44062500000000016 0.8078125 0.44062500000000016 0.8078125 0.5406250000000001 0.871875 0.5406250000000001
0 0.909375 0.4656250000000002 0.86875 0.4656250000000002 0.86875 0.5531250000000002 0.909375 0.5531250000000002
0 0.96875 0.44062500000000016 0.9046875 0.44062500000000016 0.9046875 0.5343750000000002 0.96875 0.5343750000000002
0 0.95625 0.3703125000000001 0.909375 0.3703125000000001 0.909375 0.4656250000000002 0.95625 0.4656250000000002
0 0.921875 0.3890625000000001 0.8875 0.3890625000000001 0.8875 0.45312500000000017 0.921875 0.45312500000000017
0 0.89375 0.40937500000000016 0.85625 0.40937500000000016 0.85625 0.4781250000000002 0.89375 0.4781250000000002
0 0.89375 0.3265625000000001 0.85 0.3265625000000001 0.85 0.4031250000000002 0.89375 0.4031250000000002
0 0.853125 0.3453125000000001 0.821875 0.3453125000000001 0.821875 0.4156250000000002 0.853125 0.4156250000000002
0 0.853125 0.4156250000000002 0.809375 0.4156250000000002 0.809375 0.4656250000000002 0.853125 0.4656250000000002
0 0.8171875 0.40937500000000016 0.7921875 0.40937500000000016 0.7921875 0.4656250000000002 0.8171875 0.4656250000000002
0 0.828125 0.3578125000000001 0.803125 0.3578125000000001 0.803125 0.42187500000000017 0.828125 0.42187500000000017
0 0.915625 0.3078125000000001 0.865625 0.3078125000000001 0.865625 0.3781250000000001 0.915625 0.3781250000000001
0 0.871875 0.2453125000000001 0.8125 0.2453125000000001 0.8125 0.33281250000000007 0.871875 0.33281250000000007
0 0.928125 0.1515625000000001 0.7953125 0.1515625000000001 0.7953125 0.33281250000000007 0.928125 0.33281250000000007
0 0.7984375 0.1703125000000001 0.6953125 0.1703125000000001 0.6953125 0.2578125000000001 0.7984375 0.2578125000000001
0 0.8109375 0.2515625000000001 0.7765625 0.2515625000000001 0.7765625 0.3203125000000001 0.8109375 0.3203125000000001
0 0.83125 0.2906250000000001 0.796875 0.2906250000000001 0.796875 0.3468750000000001 0.83125 0.3468750000000001
0 0.8046875 0.3156250000000001 0.7640625 0.3156250000000001 0.7640625 0.3656250000000001 0.8046875 0.3656250000000001
0 0.8015625 0.3656250000000001 0.7015625 0.3656250000000001 0.7015625 0.5406250000000001 0.8015625 0.5406250000000001
0 0.7703125 0.2828125000000001 0.7296875 0.2828125000000001 0.7296875 0.3593750000000001 0.7703125 0.3593750000000001
0 0.7390625 0.3078125000000001 0.7046875 0.3078125000000001 0.7046875 0.37187500000000007 0.7390625 0.37187500000000007
0 0.7453125 0.2453125000000001 0.7109375 0.2453125000000001 0.7109375 0.3140625000000001 0.7453125 0.3140625000000001
0 0.7671875 0.2140625000000001 0.7359375 0.2140625000000001 0.7359375 0.2765625000000001 0.7671875 0.2765625000000001
0 0.7796875 0.2765625000000001 0.7609375 0.2765625000000001 0.7609375 0.3203125000000001 0.7796875 0.3203125000000001
0 0.7765625 0.5406250000000001 0.7390625 0.5406250000000001 0.7390625 0.6484375000000002 0.7765625 0.6484375000000002
0 0.7828125 0.5656250000000002 0.7546875 0.5656250000000002 0.7546875 0.6296875000000002 0.7828125 0.6296875000000002
0 0.7609375 0.5218750000000001 0.7203125 0.521875 0.7203125 0.6484375000000001 0.7609375 0.6484375000000002
0 0.7421875 0.565625 0.7171875 0.565625 0.7171875 0.6359375 0.7421875 0.6359375000000002
0 0.7671875000000001 0.6296875000000001 0.7109375 0.6296875 0.7109375000000001 0.7546875000000001 0.7671875000000001 0.7546875000000002
0 0.7890625000000002 0.7421875000000001 0.7171875000000002 0.7421875 0.7171875000000002 0.8484375 0.7890625000000002 0.8484375
0 0.7203125000000001 0.603125 0.6796875 0.603125 0.6796875000000001 0.7609375 0.7203125000000001 0.7609375
0 0.7953125 0.10000000000000009 0.6765625 0.10000000000000009 0.6765625 0.2140625000000001 0.7953125 0.2140625000000001
0 0.6796875 0.1390625000000001 0.6125 0.1390625000000001 0.6125 0.1765625000000001 0.6796875 0.1765625000000001
0 0.7203125 0.1703125000000001 0.64375 0.1703125000000001 0.64375 0.2578125000000001 0.7203125 0.2578125000000001
0 0.7046875 0.1828125000000001 0.61875 0.1828125000000001 0.61875 0.27031250000000007 0.7046875 0.27031250000000007
0 0.7765625 0.0062500000000000906 0.6953125 0.006250000000000086 0.6953125 0.12031250000000009 0.7765625 0.12031250000000009
0 0.6390625 0.018750000000000072 0.54375 0.018750000000000065 0.54375 0.12656250000000008 0.6390625 0.12656250000000008
0 0.496875 0.05000000000000006 0.44375 0.050000000000000044 0.44375 0.15156250000000004 0.496875 0.15156250000000004
0 0.546875 6.132801548855105e-17 0.4546875 5.568315914873122e-17 0.4546875 0.11250000000000007 0.546875 0.11250000000000009
0 0.44375 0.006250000000000047 0.3109375 0.0062500000000000385 0.3109375 0.17656250000000004 0.44375 0.17656250000000004
0 0.3734375 3.865291459808834e-17 0.2578125 3.15729252905177e-17 0.2578125 0.08125000000000003 0.3734375 0.08125000000000004
0 0.3109375 0.09375000000000003 0.1953125 0.09375000000000003 0.19531250000000003 0.2390625 0.3109375 0.2390625
0 0.2328125 2.1909696640995614e-17 0.125 1.5308084989341915e-17 0.125 0.17031250000000003 0.2328125 0.17031250000000003
0 0.1609375 0.1453125 0.07812500000000003 0.1453125 0.07812500000000003 0.2640625 0.16093750000000004 0.2640625
0 0.2359375 0.15781250000000002 0.1484375 0.1578125 0.14843750000000003 0.2828125 0.2359375 0.2828125
0 0.18906250000000005 0.2640625 0.059375000000000025 0.2640625 0.05937500000000003 0.428125 0.18906250000000005 0.428125
0 0.2203125 0.2515625 0.16093750000000004 0.2515625 0.16093750000000004 0.3515625 0.2203125 0.3515625
0 0.2421875 0.2515625 0.17656250000000004 0.2515625 0.17656250000000004 0.3515625 0.2421875 0.3515625
0 0.6453125000000001 0.590625 0.5859375 0.590625 0.5859375000000001 0.7484375 0.6453125000000002 0.7484375
0 0.6828125 0.584375 0.6390625 0.584375 0.6390625000000001 0.7296875 0.6828125000000002 0.7296875
0 0.6921875000000001 0.7046875 0.6578125 0.7046875 0.6578125000000001 0.7921875 0.6921875000000002 0.7921875
0 0.6578125000000001 0.7421875 0.6296875000000002 0.7421875 0.6296875000000002 0.8359375 0.6578125000000001 0.8359375
0 0.6578125000000001 0.7546875 0.4937500000000002 0.7546875 0.4937500000000002 0.975 0.6578125000000001 0.975
0 0.6093750000000001 0.5859375 0.44375 0.5859375 0.4437500000000001 0.81875 0.6093750000000002 0.81875
0 0.7046875 0.2453125000000001 0.6578125 0.2453125000000001 0.6578125 0.3515625000000001 0.7046875 0.3515625000000001
0 0.6921875 0.3468750000000001 0.6671875 0.3468750000000001 0.6671875 0.3968750000000001 0.6921875 0.3968750000000001
0 0.6984375 0.37187500000000007 0.6828125 0.37187500000000007 0.6828125 0.3968750000000001 0.6984375 0.3968750000000001
0 0.6859375 0.409375 0.6671875 0.409375 0.6671875 0.440625 0.6859375 0.440625
0 0.6984375 0.415625 0.6859375 0.415625 0.6859375 0.446875 0.6984375 0.446875
0 0.6953125 0.446875 0.6765625 0.446875 0.6765625 0.484375 0.6953125 0.484375
0 0.7203125 0.484375 0.6859375 0.484375 0.6859375 0.540625 0.7203125 0.540625
0 0.6890625 0.496875 0.6640625 0.496875 0.6640625 0.546875 0.6890625 0.546875
0 0.7109375 0.5484375 0.6796875 0.5484375 0.6796875 0.5921875 0.7109375 0.5921875
0 0.6828125 0.546875 0.6578125 0.546875 0.6578125 0.6109375 0.6828125 0.6109375
0 0.6609375 0.5484375 0.6328125 0.5484375 0.6328125 0.5984375 0.6609375 0.5984375
0 0.6421875 0.5421875 0.6171875 0.5421875 0.6171875 0.5984375 0.6421875 0.5984375
0 0.6140625 0.5359375 0.5859375 0.5359375 0.5859375 0.5921875 0.6140625 0.5921875
0 0.6203125 0.509375 0.6078125 0.509375 0.6078125 0.534375 0.6203125 0.534375
0 0.6484375 0.484375 0.6140625 0.484375 0.6140625 0.534375 0.6484375 0.534375
0 0.6578125 0.465625 0.6421875 0.465625 0.6421875 0.509375 0.6578125 0.509375
0 0.6703125 0.2640625000000001 0.6140625 0.2640625000000001 0.6140625 0.3843750000000001 0.6703125 0.3843750000000001
0 0.6484375 0.428125 0.6203125 0.428125 0.6203125 0.478125 0.6484375 0.478125
0 0.6203125 0.3968750000000001 0.5921875 0.3968750000000001 0.5921875 0.446875 0.6203125 0.446875
0 0.5984375 0.434375 0.5765625 0.434375 0.5765625 0.465625 0.5984375 0.465625
0 0.6140625 0.434375 0.6015625 0.434375 0.6015625 0.459375 0.6140625 0.459375
0 0.6078125 0.465625 0.5734375 0.465625 0.5734375 0.521875 0.6078125 0.521875
0 0.6265625 0.465625 0.6046875 0.465625 0.6046875 0.509375 0.6265625 0.509375
0 0.5828125 0.3781250000000001 0.5609375 0.3781250000000001 0.5609375 0.421875 0.5828125 0.421875
0 0.5765625 0.3468750000000001 0.5546875 0.3468750000000001 0.5546875 0.3843750000000001 0.5765625 0.3843750000000001
0 0.559375 0.3156250000000001 0.540625 0.3156250000000001 0.540625 0.3531250000000001 0.559375 0.3531250000000001
0 0.54375 0.3468750000000001 0.521875 0.3468750000000001 0.521875 0.3968750000000001 0.54375 0.3968750000000001
0 0.5625 0.3781250000000001 0.525 0.3781250000000001 0.525 0.434375 0.5625 0.434375
0 0.6171875 0.2765625000000001 0.5640625 0.2765625000000001 0.5640625 0.3656250000000001 0.6171875 0.3656250000000001
0 0.553125 0.2515625000000001 0.528125 0.2515625000000001 0.528125 0.2890625000000001 0.553125 0.2890625000000001
0 0.534375 0.19531250000000006 0.521875 0.19531250000000006 0.521875 0.2390625000000001 0.534375 0.2390625000000001
0 0.54375 0.18906250000000005 0.534375 0.18906250000000005 0.534375 0.2140625000000001 0.54375 0.2140625000000001
0 0.55 0.16406250000000006 0.503125 0.16406250000000006 0.503125 0.2453125000000001 0.55 0.2453125000000001
0 0.521875 0.12656250000000005 0.48125 0.12656250000000005 0.48125 0.17656250000000004 0.521875 0.17656250000000004
0 0.46875 0.15156250000000004 0.43125 0.15156250000000004 0.43125 0.18906250000000005 0.46875 0.18906250000000005
0 0.465625 0.2015625000000001 0.415625 0.2015625000000001 0.415625 0.2828125000000001 0.465625 0.2828125000000001
0 0.45625 0.2140625000000001 0.446875 0.2140625000000001 0.446875 0.2328125000000001 0.45625 0.2328125000000001
0 0.40625 0.2953125000000001 0.3875 0.2953125000000001 0.3875 0.3265625000000001 0.40625 0.3265625000000001
0 0.434375 0.2953125000000001 0.38125 0.2953125000000001 0.38125000000000003 0.3968750000000001 0.434375 0.3968750000000001
0 0.521875 0.409375 0.490625 0.409375 0.490625 0.534375 0.521875 0.534375
0 0.553125 0.465625 0.51875 0.465625 0.51875 0.590625 0.553125 0.590625
0 0.5828125 0.546875 0.5578125 0.546875 0.5578125 0.6421875 0.5828125 0.6421875
0 0.58125 0.440625 0.528125 0.440625 0.528125 0.559375 0.58125 0.559375
0 0.521875 0.534375 0.475 0.534375 0.475 0.6234375 0.521875 0.6234375
0 0.484375 0.615625 0.440625 0.615625 0.440625 0.7109375 0.484375 0.7109375
0 0.4812500000000002 0.7359375 0.4468750000000002 0.7359375 0.4468750000000002 0.8421875 0.4812500000000002 0.8421875
0 0.4625000000000002 0.7921875 0.4125000000000002 0.7921875 0.4125000000000002 0.8875 0.4625000000000002 0.8875
0 0.4156250000000002 0.8046875 0.3390625000000001 0.8046875 0.3390625000000001 0.925 0.4156250000000002 0.925
0 0.3359375000000001 0.8046875 0.2609375000000001 0.8046875 0.2609375000000001 0.95 0.3359375000000001 0.95
0 0.2765625000000001 0.7171875 0.1296875000000001 0.7171875 0.12968750000000012 0.9875 0.2765625000000001 0.9875
0 0.17343750000000008 0.6546875 0.05312500000000009 0.6546875 0.0531250000000001 0.8875 0.17343750000000008 0.8875
0 0.3296875000000001 0.465625 0.17656250000000004 0.465625 0.17656250000000007 0.6609375 0.3296875000000001 0.6609375
0 0.3109375000000001 0.5671875 0.18906250000000008 0.5671875 0.18906250000000008 0.81875 0.3109375000000001 0.81875
0 0.3109375000000001 0.7046875 0.2828125000000001 0.7046875 0.2828125000000001 0.7671875 0.3109375000000001 0.7671875
0 0.3203125000000001 0.7796875 0.2953125000000001 0.7796875 0.2953125000000001 0.8046875 0.3203125000000001 0.8046875
0 0.3343750000000001 0.7359375 0.30937500000000007 0.7359375 0.30937500000000007 0.7734375 0.3343750000000001 0.7734375
0 0.3218750000000001 0.621875 0.3062500000000001 0.621875 0.3062500000000001 0.7109375 0.3218750000000001 0.7109375
0 0.3312500000000001 0.6609375 0.3187500000000001 0.6609375 0.3187500000000001 0.7359375 0.3312500000000001 0.7359375
0 0.3531250000000001 0.640625 0.3312500000000001 0.640625 0.3312500000000001 0.7296875 0.3531250000000001 0.7296875
0 0.3781250000000001 0.621875 0.3437500000000001 0.621875 0.3437500000000001 0.6984375 0.3781250000000001 0.6984375
0 0.3937500000000001 0.571875 0.3375000000000001 0.571875 0.3375000000000001 0.6609375 0.3937500000000001 0.6609375
0 0.3750000000000001 0.7421875 0.3500000000000001 0.7421875 0.3500000000000001 0.7984375 0.3750000000000001 0.7984375
0 0.3812500000000001 0.6984375 0.3531250000000001 0.6984375 0.3531250000000001 0.7359375 0.3812500000000001 0.7359375
0 0.43750000000000017 0.7421875 0.3781250000000001 0.7421875 0.3781250000000001 0.8296875 0.43750000000000017 0.8296875
0 0.4093750000000001 0.6671875 0.3812500000000001 0.6671875 0.3812500000000001 0.7421875 0.40937500000000016 0.7421875
0 0.4375000000000001 0.6796875 0.40625 0.6796875 0.4062500000000001 0.7421875 0.43750000000000017 0.7421875
0 0.428125 0.596875 0.3968750000000001 0.596875 0.3968750000000001 0.6609375 0.428125 0.6609375
0 0.446875 0.6421875 0.41875 0.6421875 0.41875 0.6859375 0.446875 0.6859375
0 0.4625 0.6546875 0.428125 0.6546875 0.428125 0.6671875 0.4625 0.6671875
0 0.4375 0.540625 0.40625 0.540625 0.40625 0.6046875 0.4375 0.6046875
0 0.478125 0.515625 0.45 0.515625 0.45 0.565625 0.478125 0.565625
0 0.446875 0.478125 0.421875 0.478125 0.421875 0.534375 0.446875 0.534375
0 0.475 0.471875 0.45 0.471875 0.45 0.528125 0.475 0.528125
0 0.48125 0.434375 0.459375 0.434375 0.459375 0.471875 0.48125 0.471875
0 0.50625 0.3906250000000001 0.478125 0.3906250000000001 0.478125 0.446875 0.50625 0.446875
0 0.48125 0.3593750000000001 0.4625 0.3593750000000001 0.4625 0.415625 0.48125 0.415625
0 0.465625 0.3531250000000001 0.4375 0.3531250000000001 0.4375 0.3968750000000001 0.465625 0.3968750000000001
0 0.4625 0.3218750000000001 0.440625 0.3218750000000001 0.440625 0.3593750000000001 0.4625 0.3593750000000001
0 0.496875 0.3140625000000001 0.465625 0.3140625000000001 0.465625 0.3781250000000001 0.496875 0.3781250000000001
0 0.453125 0.415625 0.4125 0.415625 0.4125 0.478125 0.453125 0.478125
0 0.45 0.3968750000000001 0.43125 0.3968750000000001 0.43125 0.428125 0.45 0.428125
0 0.5125 0.2578125000000001 0.484375 0.2578125000000001 0.484375 0.3203125000000001 0.5125 0.3203125000000001
0 0.49375 0.2390625000000001 0.46875 0.2390625000000001 0.46875 0.2890625000000001 0.49375 0.2890625000000001
0 0.3937500000000001 0.471875 0.3656250000000001 0.471875 0.3656250000000001 0.509375 0.3937500000000001 0.509375
0 0.403125 0.415625 0.3812500000000001 0.415625 0.3812500000000001 0.465625 0.403125 0.465625
0 0.37500000000000006 0.353125 0.35 0.353125 0.35000000000000003 0.39687500000000003 0.3750000000000001 0.3968750000000001
0 0.4125 0.23906250000000004 0.2890625 0.2390625 0.2890625 0.3453125 0.4125 0.3453125000000001
0 0.43125 0.12656250000000005 0.3453125 0.12656250000000005 0.3453125 0.26406250000000003 0.43125 0.2640625000000001
0 0.359375 0.2078125 0.2703125 0.2078125 0.2703125 0.2953125 0.359375 0.2953125
0 0.3453125 0.2140625 0.2703125 0.2140625 0.2703125 0.3203125 0.3453125 0.3203125
0 0.3359375 0.18281250000000004 0.2546875 0.18281250000000004 0.2546875 0.2640625 0.3359375 0.2640625
0 0.3843750000000001 0.421875 0.35625000000000007 0.421875 0.35625000000000007 0.465625 0.3843750000000001 0.465625
0 0.3781250000000001 0.39687500000000003 0.3531250000000001 0.396875 0.3531250000000001 0.428125 0.3781250000000001 0.428125
0 0.35625000000000007 0.396875 0.3281250000000001 0.396875 0.3281250000000001 0.440625 0.35625000000000007 0.440625
0 0.3656250000000001 0.440625 0.3375000000000001 0.440625 0.3375000000000001 0.471875 0.3656250000000001 0.471875
0 0.3625000000000001 0.471875 0.3343750000000001 0.471875 0.3343750000000001 0.503125 0.3625000000000001 0.503125
0 0.3343750000000001 0.478125 0.3125000000000001 0.478125 0.3125000000000001 0.515625 0.3343750000000001 0.515625
0 0.32500000000000007 0.509375 0.3062500000000001 0.509375 0.3062500000000001 0.553125 0.32500000000000007 0.553125
0 0.3109375000000001 0.471875 0.2953125000000001 0.471875 0.2953125000000001 0.496875 0.3109375000000001 0.496875
0 0.2921875000000001 0.453125 0.2765625000000001 0.453125 0.2765625000000001 0.496875 0.2921875000000001 0.496875
0 0.2765625000000001 0.440625 0.2515625000000001 0.440625 0.2515625000000001 0.484375 0.2765625000000001 0.484375
0 0.2828125000000001 0.403125 0.2671875000000001 0.403125 0.2671875000000001 0.440625 0.2828125000000001 0.440625
0 0.2953125000000001 0.421875 0.2828125000000001 0.421875 0.2828125000000001 0.446875 0.2953125000000001 0.446875
0 0.3203125000000001 0.384375 0.2890625000000001 0.384375 0.2890625000000001 0.428125 0.3203125000000001 0.428125
0 0.3109375000000001 0.428125 0.2921875000000001 0.428125 0.2921875000000001 0.459375 0.3109375000000001 0.459375
0 0.3312500000000001 0.421875 0.3156250000000001 0.421875 0.3156250000000001 0.459375 0.3312500000000001 0.459375
0 0.3468750000000001 0.403125 0.3312500000000001 0.403125 0.3312500000000001 0.440625 0.3468750000000001 0.440625
0 0.3531250000000001 0.365625 0.32500000000000007 0.365625 0.32500000000000007 0.396875 0.3531250000000001 0.396875
0 0.32031250000000006 0.3203125 0.2828125 0.3203125 0.2828125 0.390625 0.3203125000000001 0.390625
0 0.2484375000000001 0.415625 0.2234375000000001 0.415625 0.2234375000000001 0.465625 0.2484375000000001 0.465625
0 0.2734375000000001 0.3640625 0.2328125000000001 0.3640625 0.2328125000000001 0.434375 0.2734375000000001 0.434375
0 0.29531250000000003 0.3203125 0.2453125 0.3203125 0.24531250000000004 0.390625 0.2953125000000001 0.390625
0 0.2421875 0.303125 0.2015625 0.303125 0.2015625 0.359375 0.2421875 0.359375
0 0.2734375 0.2640625 0.2390625 0.2640625 0.2390625 0.3203125 0.2734375 0.3203125
0 0.23593750000000005 0.353125 0.19218750000000004 0.353125 0.19218750000000004 0.390625 0.23593750000000008 0.390625
0 0.19218750000000004 0.353125 0.16718750000000004 0.353125 0.16718750000000004 0.390625 0.19218750000000004 0.390625
0 0.2328125000000001 0.378125 0.17656250000000004 0.378125 0.17656250000000004 0.521875 0.2328125000000001 0.521875
0 0.17656250000000004 0.3765625 0.11250000000000004 0.3765625 0.11250000000000004 0.453125 0.17656250000000004 0.453125
0 0.1703125000000001 0.596875 0.13281250000000008 0.596875 0.13281250000000008 0.6671875 0.1703125000000001 0.6671875
0 0.19531250000000008 0.578125 0.16406250000000008 0.578125 0.16406250000000008 0.6609375 0.19531250000000008 0.6609375
0 0.19843750000000007 0.521875 0.16718750000000004 0.521875 0.16718750000000007 0.571875 0.1984375000000001 0.571875
0 0.17343750000000008 0.5484375 0.14218750000000008 0.5484375 0.14218750000000008 0.5921875 0.17343750000000008 0.5921875
0 0.17656250000000007 0.484375 0.13593750000000004 0.484375 0.13593750000000007 0.546875 0.1765625000000001 0.546875
0 0.17968750000000006 0.434375 0.12343750000000005 0.434375 0.12343750000000005 0.490625 0.17968750000000006 0.490625
0 0.14218750000000008 0.540625 0.11406250000000004 0.540625 0.11406250000000007 0.6046875 0.14218750000000008 0.6046875
0 0.13906250000000003 0.490625 0.12343750000000005 0.490625 0.12343750000000005 0.528125 0.13906250000000003 0.528125
0 0.13281250000000006 0.459375 0.10156250000000004 0.459375 0.10156250000000004 0.540625 0.13281250000000006 0.540625
0 0.12656250000000005 0.415625 0.09843750000000004 0.415625 0.09843750000000005 0.459375 0.12656250000000005 0.459375
0 0.10468750000000007 0.434375 0.06093750000000005 0.434375 0.060937500000000054 0.553125 0.10468750000000009 0.553125
0 0.10468750000000009 0.5796875 0.08281250000000007 0.5796875 0.08281250000000007 0.6171875 0.10468750000000009 0.6171875
0 0.1296875000000001 0.6171875 0.09843750000000007 0.6171875 0.09843750000000008 0.6609375 0.1296875000000001 0.6609375
0 0.09531250000000006 0.5484375 0.07031250000000007 0.5484375 0.07031250000000007 0.5859375 0.09531250000000006 0.5859375
0 0.06562500000000007 0.5796875 0.04375000000000007 0.5796875 0.043750000000000074 0.6234375 0.06562500000000007 0.6234375
0 0.08593750000000007 0.5921875 0.06093750000000007 0.5921875 0.06093750000000007 0.6296875 0.08593750000000007 0.6296875
0 0.09531250000000008 0.6234375 0.07031250000000007 0.6234375 0.07031250000000008 0.6734375 0.09531250000000009 0.6734375
0 0.06562500000000007 0.6296875 0.04062500000000008 0.6296875 0.04062500000000008 0.6734375 0.06562500000000009 0.6734375
0 0.08593750000000008 0.6609375 0.045312500000000075 0.6609375 0.04531250000000008 0.7109375 0.08593750000000008 0.7109375
0 0.04375000000000008 0.6296875 0.015625000000000076 0.6296875 0.01562500000000008 0.6796875 0.04375000000000008 0.6796875