0 0.85 0.5859375000000001 0.709375 0.5859375 0.7093750000000001 0.7796875000000001 0.85 0.7796875000000002
0 0.8421875 0.4750000000000001 0.66875 0.475 0.66875 0.6250000000000001 0.8421875 0.6250000000000002
0 0.7515625 0.5140625000000001 0.6296875 0.5140625 0.6296875 0.7125000000000001 0.7515625 0.7125000000000001
0 0.8375 0.3265625000000001 0.7015625 0.3265625000000001 0.7015625 0.5078125000000001 0.8375 0.5078125000000002
0 0.875 0.1593750000000001 0.6265625 0.1593750000000001 0.6265625 0.5140625000000001 0.875 0.5140625000000002
0 0.425 0.08906250000000004 0.3125 0.08906250000000004 0.3125 0.23281250000000003 0.425 0.2328125000000001
0 0.3125 0.12187500000000004 0.2453125 0.12187500000000004 0.2453125 0.315625 0.3125 0.315625
0 0.471875 0.30468750000000006 0.2734375 0.3046875 0.27343750000000006 0.5578125 0.471875 0.5578125
0 0.6296875 0.415625 0.4609375 0.415625 0.4609375 0.675 0.6296875 0.675
0 0.7046875 0.33281250000000007 0.56875 0.33281250000000007 0.56875 0.5203125 0.7046875 0.5203125
0 0.7046875000000001 0.61875 0.51875 0.61875 0.51875 0.8734375 0.7046875000000001 0.8734375
0 0.6015625000000002 0.7296875 0.42500000000000016 0.7296875 0.42500000000000016 0.9390625 0.6015625000000002 0.9390625
0 0.5109375 0.6078125 0.2375000000000001 0.6078125 0.2375000000000001 0.9 0.5109375000000002 0.9
0 0.3281250000000001 0.5796875 0.14843750000000008 0.5796875 0.14843750000000008 0.7796875 0.3281250000000001 0.7796875
0 0.2984375000000001 0.525 0.09375000000000007 0.525 0.09375000000000008 0.6953125 0.2984375000000001 0.6953125
0 0.2984375000000001 0.4640625 0.12656250000000005 0.4640625 0.12656250000000008 0.553125 0.2984375000000001 0.553125
0 0.16250000000000006 0.4640625 0.09687500000000007 0.4640625 0.09687500000000007 0.5640625 0.1625000000000001 0.5640625
0 0.14062500000000006 0.51875 0.07187500000000006 0.51875 0.07187500000000006 0.6078125 0.14062500000000008 0.6078125
0 0.27343750000000006 0.1765625 0.08593750000000003 0.1765625 0.08593750000000004 0.48125 0.2734375000000001 0.48125
0 0.475 0.31562500000000004 0.2765625 0.315625 0.27656250000000004 0.5578125 0.475 0.5578125
0 0.4390625 0.475 0.2796875000000001 0.475 0.2796875000000001 0.603125 0.4390625 0.603125
0 0.4640625 0.5796875 0.4 0.5796875 0.4 0.646875 0.4640625 0.646875
0 0.4609375 0.3375 0.2734375 0.3375 0.27343750000000006 0.503125 0.4609375 0.503125
0 0.6984375 0.12812500000000007 0.2921875 0.12812500000000004 0.29218750000000004 0.4375 0.6984375 0.4375