0 0.9765625 0.5078125000000002 0.8609375 0.5078125000000002 0.8609375 0.6859375000000002 0.9765625 0.6859375000000002
0 0.996875 0.5781250000000002 0.975 0.5781250000000002 0.975 0.6296875000000002 0.996875 0.6296875000000002
0 0.996875 0.6453125000000002 0.9265625 0.6453125000000002 0.9265625 0.80625 0.996875 0.80625
0 0.99375 0.7828125000000001 0.871875 0.7828125000000001 0.871875 0.9828125 0.99375 0.9828125
0 0.9265625 0.6468750000000002 0.8234375 0.6468750000000002 0.8234375 0.8125 0.9265625 0.8125
0 0.86875 0.7953125000000002 0.7609375000000002 0.7953125000000002 0.7609375000000002 0.9953125 0.86875 0.9953125
0 0.8125 0.628125 0.690625 0.628125 0.690625 0.8171875 0.8125 0.8171875
0 0.8375 0.5828125000000002 0.746875 0.5828125000000002 0.746875 0.6968750000000001 0.8375 0.6968750000000001
0 0.871875 0.5031250000000002 0.775 0.5031250000000002 0.775 0.6562500000000002 0.871875 0.6562500000000002
0 0.7578125000000002 0.8296875 0.6468750000000002 0.8296875 0.6468750000000002 0.9953125 0.7578125000000002 0.9953125
0 0.7671875000000001 0.80625 0.6765625000000002 0.80625 0.6765625000000002 0.8625 0.7671875000000001 0.8625
0 0.74375 0.5093750000000001 0.6328125 0.509375 0.6328125 0.6578125000000001 0.74375 0.6578125000000001
0 0.81875 0.45781250000000007 0.71875 0.4578125 0.71875 0.6000000000000001 0.81875 0.6000000000000002
0 0.6953125000000001 0.5953125 0.5875 0.5953125 0.5875000000000001 0.778125 0.6953125000000002 0.778125
0 0.6218750000000001 0.6625 0.50625 0.6625 0.5062500000000001 0.834375 0.6218750000000002 0.834375
0 0.559375 0.53125 0.4484375 0.53125 0.4484375 0.703125 0.559375 0.703125
0 0.628125 0.4578125 0.5171875 0.4578125 0.5171875 0.634375 0.628125 0.634375
0 0.5109375 0.6921875 0.403125 0.6921875 0.40312500000000007 0.8625 0.5109375000000002 0.8625
0 0.5515625000000002 0.8234375 0.4656250000000002 0.8234375 0.4656250000000002 0.8859375 0.5515625000000002 0.8859375
0 0.6625000000000002 0.8171875 0.5906250000000002 0.8171875 0.5906250000000002 0.903125 0.6625000000000002 0.903125
0 0.6421875000000001 0.846875 0.5484375000000001 0.846875 0.5484375000000001 0.9953125 0.6421875000000001 0.9953125
0 0.5906250000000002 0.88125 0.47968750000000016 0.88125 0.47968750000000016 0.9953125 0.5906250000000002 0.9953125
0 0.5000000000000002 0.8578125 0.4125000000000002 0.8578125 0.4125000000000002 0.93125 0.5000000000000002 0.93125
0 0.4828125000000002 0.8984375 0.3781250000000001 0.8984375 0.3781250000000001 0.9953125 0.4828125000000002 0.9953125
0 0.4343750000000002 0.8234375 0.3578125000000001 0.8234375 0.3578125000000001 0.9265625 0.4343750000000002 0.9265625
0 0.3828125000000001 0.6796875 0.2718750000000001 0.6796875 0.2718750000000001 0.8578125 0.3828125000000001 0.8578125
0 0.3578125000000001 0.640625 0.2609375000000001 0.640625 0.2609375000000001 0.765625 0.3578125000000001 0.765625
0 0.4515625 0.634375 0.3781250000000001 0.634375 0.3781250000000001 0.7203125 0.4515625 0.7203125
0 0.4062500000000001 0.66875 0.3609375000000001 0.66875 0.3609375000000001 0.8234375 0.40625000000000017 0.8234375
0 0.3578125000000001 0.8109375 0.2390625000000001 0.8109375 0.2390625000000001 0.9375 0.3578125000000001 0.9375
0 0.3750000000000001 0.8984375 0.27812500000000007 0.8984375 0.27812500000000007 0.9953125 0.3750000000000001 0.9953125
0 0.27812500000000007 0.8921875 0.1453125000000001 0.8921875 0.14531250000000012 0.9953125 0.27812500000000007 0.9953125
0 0.2406250000000001 0.8 0.0984375000000001 0.8 0.0984375000000001 0.9828125 0.2406250000000001 0.9828125
0 0.2609375000000001 0.7890625 0.1984375000000001 0.7890625 0.1984375000000001 0.8921875 0.2609375000000001 0.8921875
0 0.2718750000000001 0.74375 0.21250000000000008 0.74375 0.21250000000000008 0.8125 0.2718750000000001 0.8125
0 0.20468750000000008 0.771875 0.12500000000000008 0.771875 0.12500000000000008 0.8109375 0.20468750000000008 0.8109375
0 0.12187500000000011 0.8109375 0.07343750000000009 0.8109375 0.0734375000000001 0.9140625 0.12187500000000014 0.9140625
0 0.10781250000000012 0.8921875 1.0926145661142792e-16 0.8921875 1.1557604166953146e-16 0.9953125 0.10781250000000013 0.9953125
0 0.2734375000000001 0.6234375 0.1703125000000001 0.6234375 0.1703125000000001 0.7828125 0.2734375000000001 0.7828125
0 0.1906250000000001 0.6796875 0.08750000000000009 0.6796875 0.0875000000000001 0.8234375 0.1906250000000001 0.8234375
0 0.0937500000000001 0.74375 9.10831056865844e-17 0.74375 1.0045930774255634e-16 0.896875 0.09375000000000011 0.896875
0 0.05937500000000008 0.634375 7.768853132091022e-17 0.634375 8.783013762634923e-17 0.8 0.05937500000000009 0.8
0 0.17343750000000008 0.54375 0.05937500000000007 0.54375 0.05937500000000008 0.7265625 0.17343750000000008 0.7265625
0 0.4484375 0.5609375 0.3750000000000001 0.5609375 0.3750000000000001 0.6578125 0.4484375 0.6578125
0 0.3656250000000001 0.496875 0.24375000000000008 0.496875 0.24375000000000008 0.6625 0.3656250000000001 0.6625
0 0.3656250000000001 0.40625 0.2750000000000001 0.40625 0.2750000000000001 0.5203125 0.3656250000000001 0.5203125
0 0.4421875 0.3890625000000001 0.3656250000000001 0.3890625000000001 0.3656250000000001 0.559375 0.4421875 0.559375
0 0.2640625000000001 0.4109375 0.14218750000000005 0.4109375 0.14218750000000008 0.571875 0.2640625000000001 0.571875
0 0.2609375000000001 0.5265625 0.17656250000000004 0.5265625 0.17656250000000007 0.6296875 0.2609375000000001 0.6296875
0 0.07343750000000007 0.571875 7.003448882623926e-17 0.571875 7.347880794884119e-17 0.628125 0.07343750000000007 0.628125
0 0.13125000000000006 0.475 0.031250000000000056 0.475 0.03125000000000006 0.571875 0.1312500000000001 0.571875
0 0.04218750000000006 0.4578125 5.606586127346476e-17 0.4578125 6.199774420683476e-17 0.5546875 0.042187500000000065 0.5546875
0 0.04218750000000006 0.4859375 0.014062500000000061 0.4859375 0.014062500000000066 0.5828125 0.042187500000000065 0.5828125
0 0.14687500000000003 0.446875 0.08750000000000005 0.446875 0.08750000000000005 0.5265625 0.14687500000000003 0.5265625
0 0.17343750000000005 0.3140625 0.09687500000000004 0.3140625 0.09687500000000004 0.440625 0.17343750000000005 0.440625
0 0.07343750000000004 0.3421875 4.190588265832349e-17 0.3421875 4.860316984116058e-17 0.4515625 0.07343750000000004 0.4515625
0 0.09375000000000006 0.4 0.02031250000000005 0.4 0.020312500000000053 0.475 0.09375000000000007 0.475
0 0.14687500000000003 0.440625 0.08437500000000005 0.440625 0.08437500000000006 0.5203125 0.14687500000000003 0.5203125
0 0.24218750000000006 0.303125 0.17031250000000003 0.303125 0.17031250000000003 0.4171875 0.24218750000000008 0.4171875
0 0.2984375 0.3484375 0.2359375 0.3484375 0.23593750000000005 0.428125 0.2984375000000001 0.428125
0 0.3656250000000001 0.4 0.2750000000000001 0.4 0.2750000000000001 0.5078125 0.3656250000000001 0.5078125
0 0.3125 0.2859375 0.246875 0.2859375 0.246875 0.359375 0.3125 0.359375
0 0.38281250000000006 0.32031250000000006 0.30625 0.3203125 0.30625 0.40625 0.3828125000000001 0.40625
0 0.4484375 0.28593750000000007 0.375 0.28593750000000007 0.37500000000000006 0.4 0.4484375 0.4
0 0.840625 0.2796875000000001 0.7640625 0.2796875000000001 0.7640625 0.3828125000000001 0.840625 0.3828125000000001
0 0.78125 0.3421875000000001 0.721875 0.3421875000000001 0.721875 0.4000000000000001 0.78125 0.4000000000000002
0 0.721875 0.3593750000000001 0.6734375 0.3593750000000001 0.6734375 0.40625 0.721875 0.40625
0 0.715625 0.3265625000000001 0.65 0.3265625000000001 0.65 0.39531250000000007 0.715625 0.39531250000000007
0 0.78125 0.22812500000000008 0.7078125 0.22812500000000008 0.7078125 0.3375000000000001 0.78125 0.3375000000000001
0 0.715625 0.21250000000000008 0.653125 0.21250000000000008 0.653125 0.3265625000000001 0.715625 0.3265625000000001
0 0.6671875 0.2406250000000001 0.5828125 0.2406250000000001 0.5828125 0.3375000000000001 0.6671875 0.3375000000000001
0 0.6453125 0.17187500000000008 0.5734375 0.17187500000000008 0.5734375 0.2578125000000001 0.6453125 0.2578125000000001
0 0.653125 0.3375000000000001 0.5875 0.3375000000000001 0.5875 0.3890625000000001 0.653125 0.3890625000000001
0 0.5359375 0.2812500000000001 0.459375 0.2812500000000001 0.459375 0.3609375000000001 0.5359375 0.3609375000000001
0 0.5796875 0.3140625000000001 0.528125 0.3140625000000001 0.528125 0.37187500000000007 0.5796875 0.37187500000000007
0 0.553125 0.2000000000000001 0.4734375 0.2000000000000001 0.4734375 0.3140625000000001 0.553125 0.3140625000000001
0 0.584375 0.2000000000000001 0.55625 0.2000000000000001 0.55625 0.2578125000000001 0.584375 0.2578125000000001
0 0.496875 0.14218750000000005 0.4203125 0.14218750000000005 0.4203125 0.23437500000000008 0.496875 0.23437500000000008
0 0.4828125 0.23437500000000008 0.4125 0.23437500000000008 0.4125 0.3140625000000001 0.4828125 0.3140625000000001
0 0.440625 0.18281250000000004 0.3859375 0.18281250000000004 0.3859375 0.2687500000000001 0.440625 0.2687500000000001
0 0.4140625 0.20625000000000004 0.3375 0.20625 0.3375 0.29218750000000004 0.4140625 0.2921875000000001
0 0.340625 0.2 0.2703125 0.2 0.2703125 0.2921875 0.340625 0.2921875