0 0.4734375 3.147724975933431e-17 0.040625 4.975127621536122e-18 0.040625000000000036 0.6171875 0.4734375 0.6171875
0 0.5453125000000001 0.4703125 0.30156250000000007 0.4703125 0.30156250000000007 0.759375 0.5453125000000002 0.759375
0 0.58125 0.5359375 0.3312500000000001 0.5359375 0.3312500000000001 0.8203125 0.5812500000000002 0.8203125
0 0.6406250000000001 0.5578125 0.4109375 0.5578125 0.41093750000000007 0.8640625 0.6406250000000002 0.8640625
0 0.6937500000000001 0.584375 0.4984375 0.584375 0.4984375000000001 0.8796875 0.6937500000000002 0.8796875
0 0.7781250000000001 0.6015625000000001 0.5890625 0.6015625 0.5890625 0.8796875 0.7781250000000002 0.8796875
0 0.8515625 0.6015625000000001 0.70625 0.6015625 0.70625 0.875 0.8515625 0.875
0 0.9203125 0.5843750000000002 0.803125 0.5843750000000002 0.803125 0.875 0.9203125 0.875
0 0.9828125 0.5843750000000002 0.840625 0.5843750000000002 0.840625 0.8421875 0.9828125 0.8421875
0 0.996875 0.5843750000000002 0.9421875 0.5843750000000002 0.9421875 0.7921875000000002 0.996875 0.7921875000000002
0 0.996875 0.5468750000000002 0.9484375 0.5468750000000002 0.9484375 0.5953125000000001 0.996875 0.5953125000000001