0 0.4703125 0.2828125000000001 0.3984375 0.2828125000000001 0.39843750000000006 0.4265625 0.4703125 0.4265625
0 0.4046875 0.26093750000000004 0.3125 0.2609375 0.31250000000000006 0.36562500000000003 0.4046875 0.3656250000000001
0 0.45625 0.3703125000000001 0.3703125000000001 0.3703125000000001 0.3703125000000001 0.4640625 0.45625 0.4640625
0 0.509375 0.43125 0.3578125000000001 0.43125 0.3578125000000001 0.5296875 0.509375 0.5296875
0 0.3765625000000001 0.38125000000000003 0.3078125000000001 0.38125 0.3078125000000001 0.48125 0.3765625000000001 0.48125
0 0.3625000000000001 0.4578125 0.30156250000000007 0.4578125 0.30156250000000007 0.525 0.3625000000000001 0.525
0 0.34062500000000007 0.6234375 0.2906250000000001 0.6234375 0.2906250000000001 0.740625 0.34062500000000007 0.740625
0 0.3046875000000001 0.56875 0.2609375000000001 0.56875 0.2609375000000001 0.625 0.3046875000000001 0.625
0 0.25468750000000007 0.6078125 0.19687500000000008 0.6078125 0.19687500000000008 0.6625 0.25468750000000007 0.6625
0 0.29375000000000007 0.6359375 0.24375000000000008 0.6359375 0.24375000000000008 0.7578125 0.29375000000000007 0.7578125
0 0.2765625000000001 0.690625 0.21875000000000008 0.690625 0.21875000000000008 0.7796875 0.2765625000000001 0.7796875
0 0.21875000000000008 0.66875 0.16406250000000008 0.66875 0.16406250000000008 0.778125 0.21875000000000008 0.778125
0 0.2515625000000001 0.675 0.2015625000000001 0.675 0.2015625000000001 0.696875 0.2515625000000001 0.696875
0 0.2843750000000001 0.7453125 0.21250000000000008 0.7453125 0.21250000000000008 0.8234375 0.2843750000000001 0.8234375
0 0.3593750000000001 0.734375 0.30937500000000007 0.734375 0.30937500000000007 0.8453125 0.3593750000000001 0.8453125
0 0.4015625000000001 0.646875 0.3468750000000001 0.646875 0.3468750000000001 0.7296875 0.40156250000000016 0.7296875
0 0.4406250000000001 0.7234375 0.3625000000000001 0.7234375 0.3625000000000001 0.8890625 0.44062500000000016 0.8890625
0 0.5265625 0.6734375 0.415625 0.6734375 0.4156250000000001 0.85625 0.5265625000000002 0.85625
0 0.6265625000000001 0.6796875 0.5125 0.6796875 0.5125000000000001 0.85625 0.6265625000000001 0.85625
0 0.6265625000000001 0.8171875 0.6093750000000002 0.8171875 0.6093750000000002 0.8734375 0.6265625000000001 0.8734375
0 0.6531250000000002 0.7734375 0.6234375000000002 0.7734375 0.6234375000000002 0.9109375 0.6531250000000002 0.9109375
0 0.6531250000000001 0.6578125 0.628125 0.6578125 0.628125 0.7671875 0.6531250000000002 0.7671875
0 0.6984375 0.7234375 0.65625 0.7234375 0.6562500000000001 0.8953125 0.6984375000000002 0.8953125
0 0.7390625000000002 0.828125 0.6921875000000002 0.828125 0.6921875000000002 0.9671875 0.7390625000000002 0.9671875
0 0.7812500000000002 0.8078125 0.7031250000000002 0.8078125 0.7031250000000002 0.984375 0.7812500000000002 0.984375
0 0.7125000000000001 0.6515625 0.65625 0.6515625 0.6562500000000001 0.76875 0.7125000000000001 0.76875
0 0.7 0.640625 0.675 0.640625 0.675 0.7234375 0.7 0.7234375
0 0.7421875000000001 0.6250000000000001 0.6953125 0.625 0.6953125000000001 0.76875 0.7421875000000002 0.7687500000000002
0 0.853125 0.6031250000000001 0.6984375 0.603125 0.6984375 0.7578125000000001 0.853125 0.7578125000000002
0 0.8140625 0.6843750000000001 0.7203125 0.684375 0.7203125000000001 0.8015625 0.8140625 0.8015625
0 0.85625 0.7734375000000002 0.8171875 0.7734375000000002 0.8171875 0.8453125 0.85625 0.8453125
0 0.8359375 0.7906250000000001 0.7890625000000002 0.7906250000000001 0.7890625000000002 0.8515625 0.8359375 0.8515625
0 0.825 0.8015625 0.7500000000000002 0.8015625 0.7500000000000002 0.8890625 0.825 0.8890625
0 0.8890625 0.7296875000000002 0.828125 0.7296875000000002 0.828125 0.8015625 0.8890625 0.8015625
0 0.903125 0.6687500000000002 0.803125 0.6687500000000002 0.803125 0.7671875000000001 0.903125 0.7671875000000001
0 0.8890625 0.6406250000000002 0.7953125 0.6406250000000002 0.7953125 0.7125000000000001 0.8890625 0.7125000000000001
0 0.9171875 0.6187500000000001 0.85 0.6187500000000001 0.85 0.6796875000000002 0.9171875 0.6796875000000002
0 0.3078125 0.13281250000000006 0.1828125 0.13281250000000006 0.18281250000000002 0.28125 0.3078125 0.28125
0 0.321875 0.13906250000000003 0.290625 0.13906250000000003 0.290625 0.24375 0.321875 0.24375
0 0.45625 0.04375000000000005 0.40625 0.043750000000000046 0.40625 0.15468750000000003 0.45625 0.15468750000000003
0 0.4625 0.14375000000000004 0.4078125 0.14375000000000004 0.4078125 0.19843750000000004 0.4625 0.19843750000000004
0 0.484375 0.17187500000000006 0.440625 0.17187500000000006 0.440625 0.21093750000000008 0.484375 0.21093750000000008
0 0.4265625 0.010937500000000048 0.346875 0.010937500000000041 0.346875 0.20937500000000003 0.4265625 0.2093750000000001
0 0.4078125 0.11093750000000005 0.3765625 0.11093750000000005 0.3765625 0.2093750000000001 0.4078125 0.2093750000000001
0 0.3765625 0.02187500000000004 0.3375 0.02187500000000004 0.3375 0.16093750000000004 0.3765625 0.16093750000000004
0 0.3578125 0.14375000000000004 0.3296875 0.14375000000000004 0.3296875 0.2203125 0.3578125 0.2203125
0 0.3296875 0.13281250000000006 0.3078125 0.13281250000000006 0.3078125 0.23125 0.3296875 0.23125
0 0.29375 0.04375000000000003 0.2578125 0.04375000000000003 0.2578125 0.19375000000000003 0.29375 0.19375000000000003
0 0.2984375 0.021875000000000033 0.2125 0.021875000000000026 0.2125 0.2265625 0.2984375 0.2265625
0 0.309375 0.14375000000000004 0.2015625 0.14375000000000004 0.2015625 0.2703125 0.309375 0.2703125
0 0.2296875 0.06718750000000002 0.175 0.06718750000000002 0.175 0.16562500000000002 0.2296875 0.16562500000000005
0 0.2109375 0.07812500000000003 0.146875 0.07812500000000003 0.146875 0.1765625 0.2109375 0.17656250000000004
0 0.19687500000000005 0.18281250000000002 0.12968750000000004 0.1828125 0.12968750000000004 0.24375 0.19687500000000005 0.24375
0 0.21875 0.2046875 0.10000000000000005 0.2046875 0.10000000000000005 0.2765625 0.21875 0.2765625
0 0.16875000000000004 0.2203125 0.07812500000000003 0.2203125 0.07812500000000003 0.2875 0.16875000000000004 0.2875
0 0.19062500000000004 0.2546875 0.10468750000000004 0.2546875 0.10468750000000004 0.3265625 0.19062500000000004 0.3265625
0 0.12968750000000004 0.2765625 0.05468750000000004 0.2765625 0.05468750000000004 0.33125 0.12968750000000004 0.33125
0 0.18281250000000004 0.315625 0.050000000000000044 0.315625 0.050000000000000044 0.3765625 0.18281250000000004 0.3765625
0 0.7703125 0.21093750000000008 0.728125 0.21093750000000008 0.728125 0.2718750000000001 0.7703125 0.2718750000000001
0 0.5875 0.12812500000000007 0.5203125 0.12812500000000004 0.5203125 0.2328125000000001 0.5875 0.2328125000000001
0 0.6234375 0.1937500000000001 0.58125 0.1937500000000001 0.58125 0.25468750000000007 0.6234375 0.25468750000000007
0 0.6453125 0.2156250000000001 0.615625 0.2156250000000001 0.615625 0.27031250000000007 0.6453125 0.27031250000000007
0 0.88125 0.42500000000000016 0.73125 0.42500000000000016 0.73125 0.6187500000000001 0.88125 0.6187500000000001
0 0.8171875 0.30937500000000007 0.7703125 0.30937500000000007 0.7703125 0.3812500000000001 0.8171875 0.3812500000000001
0 0.7890625 0.2765625000000001 0.7640625 0.2765625000000001 0.7640625 0.30937500000000007 0.7890625 0.30937500000000007
0 0.771875 0.2718750000000001 0.725 0.2718750000000001 0.725 0.3546875000000001 0.771875 0.3546875000000001
0 0.7375 0.22031250000000008 0.68125 0.22031250000000008 0.68125 0.2875000000000001 0.7375 0.2875000000000001
0 0.6890625 0.2593750000000001 0.659375 0.2593750000000001 0.659375 0.30937500000000007 0.6890625 0.30937500000000007
0 0.73125 0.2765625000000001 0.684375 0.2765625000000001 0.684375 0.3375000000000001 0.73125 0.3375000000000001
0 0.709375 0.3265625000000001 0.684375 0.3265625000000001 0.684375 0.3703125000000001 0.709375 0.3703125000000001
0 0.5703125 0.3031250000000001 0.5234375 0.3031250000000001 0.5234375 0.34843750000000007 0.5703125 0.34843750000000007
0 0.534375 0.3031250000000001 0.4953125 0.3031250000000001 0.4953125 0.3593750000000001 0.534375 0.3593750000000001
0 0.55625 0.3375000000000001 0.509375 0.3375000000000001 0.509375 0.3921875000000001 0.55625 0.3921875000000001
0 0.53125 0.3703125000000001 0.4921875 0.3703125000000001 0.4921875 0.503125 0.53125 0.503125
0 0.5453125 0.43125 0.515625 0.43125 0.515625 0.4859375 0.5453125 0.4859375
0 0.5921875 0.4359375 0.50625 0.4359375 0.50625 0.525 0.5921875 0.525
0 0.534375 0.53125 0.44375 0.53125 0.44375 0.6359375 0.534375 0.6359375
0 0.5875 0.5296875 0.509375 0.5296875 0.509375 0.6578125 0.5875 0.6578125
0 0.5921875 0.546875 0.53125 0.546875 0.53125 0.625 0.5921875 0.625
0 0.6265625 0.5359375 0.5953125 0.5359375 0.5953125 0.61875 0.6265625 0.61875
0 0.6625 0.3750000000000001 0.63125 0.3750000000000001 0.63125 0.5359375 0.6625 0.5359375
0 0.6890625 0.4375 0.659375 0.4375 0.659375 0.53125 0.6890625 0.53125
0 0.628125 0.3656250000000001 0.58125 0.3656250000000001 0.58125 0.459375 0.628125 0.459375
0 0.63125 0.3265625000000001 0.5625 0.3265625000000001 0.5625 0.4203125 0.63125 0.4203125
0 0.6234375 0.3265625000000001 0.584375 0.3265625000000001 0.584375 0.3812500000000001 0.6234375 0.3812500000000001
0 0.6421875 0.29375000000000007 0.5625 0.29375000000000007 0.5625 0.38750000000000007 0.6421875 0.38750000000000007
0 0.634375 0.3546875000000001 0.5734375 0.3546875000000001 0.5734375 0.5421875 0.634375 0.5421875
0 0.17968750000000006 0.3703125 0.06875000000000005 0.3703125 0.06875000000000005 0.453125 0.17968750000000006 0.453125
0 0.14062500000000006 0.4421875 0.06562500000000004 0.4421875 0.06562500000000006 0.5296875 0.14062500000000006 0.5296875
0 0.22656250000000008 0.446875 0.13593750000000004 0.446875 0.13593750000000007 0.575 0.22656250000000008 0.575
0 0.19687500000000008 0.475 0.06093750000000007 0.475 0.06093750000000007 0.6140625 0.19687500000000008 0.6140625