0 0.3937500000000001 0.4015625 0.07656250000000005 0.4015625 0.07656250000000006 0.7421875 0.3937500000000001 0.7421875
0 0.4046875 0.4890625 0.015625000000000062 0.4890625 0.01562500000000007 0.6390625 0.4046875 0.6390625
0 0.2515625000000001 0.55625 0.050000000000000065 0.55625 0.050000000000000086 0.8296875 0.2515625000000001 0.8296875
0 0.3437500000000001 0.64375 0.2000000000000001 0.64375 0.2000000000000001 0.9328125 0.3437500000000001 0.9328125
0 0.42187500000000017 0.7375 0.2984375000000001 0.7375 0.2984375000000001 0.9953125 0.42187500000000017 0.9953125
0 0.5250000000000001 0.6859375 0.3468750000000001 0.6859375 0.3468750000000001 0.9890625 0.5250000000000001 0.9890625
0 0.6109375000000001 0.6453125 0.4140625 0.6453125 0.4140625000000001 0.83125 0.6109375000000001 0.83125
0 0.6375000000000001 0.571875 0.521875 0.571875 0.5218750000000001 0.9953125 0.6375000000000002 0.9953125
0 0.7921875000000002 0.7328125000000001 0.6187500000000001 0.7328125 0.6187500000000001 0.9953125 0.7921875000000002 0.9953125
0 0.8640625 0.6390625000000001 0.60625 0.6390625 0.6062500000000001 0.896875 0.8640625 0.896875
0 0.8421875 0.8609375 0.7609375000000002 0.8609375 0.7609375000000002 0.9734375 0.8421875 0.9734375
0 0.81875 0.5875000000000001 0.753125 0.5875000000000001 0.753125 0.7109375000000002 0.81875 0.7109375000000002
0 0.9 0.5984375000000002 0.7765625 0.5984375000000002 0.7765625 0.7578125000000002 0.9 0.7578125000000002
0 0.896875 0.7578125000000002 0.8234375 0.7578125000000002 0.8234375 0.834375 0.896875 0.834375
0 0.9296875 0.3921875000000001 0.8265625 0.3921875000000001 0.8265625 0.6390625000000002 0.9296875 0.6390625000000002
0 0.996875 0.5671875000000002 0.8578125 0.5671875000000002 0.8578125 0.9078125 0.996875 0.9078125
0 0.9546875 0.5359375000000002 0.9125 0.5359375000000002 0.9125 0.6078125000000002 0.9546875 0.6078125000000002
0 0.9625 0.4234375000000002 0.9046875 0.4234375000000002 0.9046875 0.48437500000000017 0.9625 0.48437500000000017
0 0.9578125 0.2890625000000001 0.8765625 0.2890625000000001 0.8765625 0.44843750000000016 0.9578125 0.44843750000000016
0 0.865625 0.3000000000000001 0.6265625 0.3000000000000001 0.6265625 0.6250000000000001 0.865625 0.6250000000000002
0 0.93125 0.2218750000000001 0.815625 0.2218750000000001 0.815625 0.40156250000000016 0.93125 0.40156250000000016
0 0.7640625 0.4125000000000001 0.540625 0.4125 0.540625 0.70625 0.7640625 0.7062500000000002
0 0.590625 0.5203125 0.5328125 0.5203125 0.5328125 0.603125 0.590625 0.603125
0 0.5328125 0.4078125 0.29375000000000007 0.4078125 0.29375000000000007 0.571875 0.5328125 0.571875
0 0.33281250000000007 0.2984375 0.15156250000000004 0.2984375 0.15156250000000004 0.4640625 0.33281250000000007 0.4640625
0 0.50625 0.3296875 0.296875 0.3296875 0.29687500000000006 0.4234375 0.50625 0.4234375
0 0.65625 0.3921875000000001 0.428125 0.3921875000000001 0.428125 0.5 0.65625 0.5
0 0.70625 0.2687500000000001 0.5015625 0.2687500000000001 0.5015625 0.4078125 0.70625 0.4078125
0 0.8 0.18125000000000008 0.5671875 0.18125000000000008 0.5671875 0.3046875000000001 0.8 0.3046875000000001
0 0.8609375 0.10312500000000009 0.734375 0.10312500000000009 0.734375 0.2984375000000001 0.8609375 0.2984375000000001
0 0.8609375 0.1609375000000001 0.7921875 0.1609375000000001 0.7921875 0.3156250000000001 0.8609375 0.3156250000000001
0 0.740625 0.03593750000000008 0.6140625 0.03593750000000008 0.6140625 0.19531250000000008 0.740625 0.19531250000000008
0 0.6171875 6.783395160902136e-17 0.490625 6.008423358316702e-17 0.490625 0.2687500000000001 0.6171875 0.2687500000000001
0 0.6484375 0.035937500000000074 0.5671875 0.03593750000000007 0.5671875 0.1859375000000001 0.6484375 0.1859375000000001
0 0.5640625 0.10312500000000006 0.3625 0.10312500000000005 0.3625 0.3296875 0.5640625 0.3296875000000001
0 0.559375 0.19062500000000007 0.409375 0.19062500000000004 0.409375 0.27812500000000007 0.559375 0.27812500000000007
0 0.5171875 0.020312500000000053 0.3546875 0.020312500000000046 0.3546875 0.11875000000000005 0.5171875 0.11875000000000005
0 0.540625 5.43437017121638e-17 0.346875 4.247993584542381e-17 0.346875 0.08281250000000005 0.540625 0.08281250000000007
0 0.4171875 4.4010744344358005e-17 0.3015625 3.693075503678737e-17 0.3015625 0.09218750000000005 0.4171875 0.09218750000000005
0 0.375 0.03125000000000004 0.2359375 0.031250000000000035 0.2359375 0.35625000000000007 0.375 0.35625000000000007
0 0.375 0.19062500000000004 0.3015625 0.19062500000000004 0.3015625 0.34062500000000007 0.375 0.34062500000000007
0 0.3203125 0.03593750000000003 0.18125 0.035937500000000025 0.18125000000000002 0.3140625 0.3203125 0.3140625
0 0.21250000000000005 0.16562500000000002 0.03906250000000002 0.165625 0.03906250000000004 0.46875 0.21250000000000008 0.46875
0 0.06875000000000003 0.2578125 3.15729252905177e-17 0.2578125 3.9801020972288984e-17 0.3921875 0.06875000000000005 0.3921875