0 0.7953125000000001 5.1569111307845585e-17 0.046875 5.7405318710032185e-18 0.04687500000000006 0.9921875 0.7953125000000002 0.9921875
0 0.6125 0.33906250000000004 0.240625 0.3390625 0.24062500000000003 0.971875 0.6125000000000002 0.971875
0 0.5140625 5.2143164494945905e-17 0.3375 4.133182947122317e-17 0.3375 0.32343750000000004 0.5140625 0.3234375000000001
0 0.571875 0.16562500000000008 0.284375 0.16562500000000005 0.28437500000000004 0.425 0.571875 0.425
0 0.784375 0.44531250000000017 0.7265625 0.44531250000000017 0.7265625 0.6187500000000001 0.784375 0.6187500000000001
0 0.7265625000000001 0.70625 0.66875 0.70625 0.6687500000000001 0.8140625 0.7265625000000002 0.8140625
0 0.809375 0.7265625000000002 0.7375000000000002 0.7265625000000002 0.7375000000000002 0.90625 0.809375 0.90625
0 0.8296875 0.5187500000000002 0.790625 0.5187500000000002 0.790625 0.6484375000000002 0.8296875 0.6484375000000002
0 0.878125 0.0937500000000001 0.76875 0.09375000000000008 0.76875 0.4031250000000002 0.878125 0.4031250000000002
0 0.959375 1.0954848320497806e-16 0.8296875 1.0160741411675695e-16 0.8296875 0.0718750000000001 0.959375 0.0718750000000001
0 0.09062500000000004 0.2296875 0.028125000000000032 0.2296875 0.028125000000000032 0.309375 0.09062500000000004 0.309375
0 0.04218750000000001 2.583239341951449e-18 0 0 1.2342143522656918e-17 0.2015625 0.042187500000000024 0.2015625
0 0.5171875000000001 0.66875 0.3843750000000001 0.66875 0.3843750000000001 0.9640625 0.5171875000000001 0.9640625
0 0.596875 0.6109375 0.51875 0.6109375 0.51875 0.7984375 0.5968750000000002 0.7984375
0 0.6140625 0.3812500000000001 0.55625 0.3812500000000001 0.55625 0.646875 0.6140625 0.646875
0 0.5671875 0.3750000000000001 0.5203125 0.3750000000000001 0.5203125 0.4828125 0.5671875 0.4828125
0 0.5640625 0.475 0.471875 0.475 0.471875 0.6046875 0.5640625 0.6046875
0 0.50625 0.3890625000000001 0.45 0.3890625000000001 0.45 0.475 0.50625 0.475
0 0.4828125 0.453125 0.4171875 0.453125 0.4171875 0.640625 0.4828125 0.640625
0 0.425 0.31718750000000007 0.3484375 0.3171875 0.34843750000000007 0.4890625 0.425 0.4890625
0 0.409375 0.39531250000000007 0.30937500000000007 0.3953125 0.30937500000000007 0.7125 0.409375 0.7125
0 0.3812500000000001 0.475 0.24375000000000008 0.475 0.24375000000000008 0.8265625 0.3812500000000001 0.8265625
0 0.4640625 0.04375000000000005 0.3625 0.043750000000000046 0.3625 0.31718750000000007 0.4640625 0.31718750000000007
0 0.5203125 5.845774955304943e-17 0.434375 5.319559533796316e-17 0.434375 0.16562500000000005 0.5203125 0.16562500000000005
0 0.5578125 0.17343750000000008 0.43125 0.17343750000000005 0.43125 0.453125 0.5578125 0.453125
0 0.3890625 0.17343750000000005 0.309375 0.17343750000000005 0.309375 0.33906250000000004 0.3890625 0.3390625000000001