0 0.25468750000000007 0.8140625 9.969390349308921e-17 0.8140625 1.1079226511036212e-16 0.9953125 0.25468750000000007 0.9953125
0 0.2828125000000001 0.9015625 0.0875000000000001 0.9015625 0.0875000000000001 0.9953125 0.2828125000000001 0.9953125
0 0.5484375 0.37187500000000007 0.25468750000000007 0.371875 0.25468750000000007 0.5625 0.5484375 0.5625
0 0.534375 0.5296875 0.421875 0.5296875 0.4218750000000001 0.7765625 0.5343750000000002 0.7765625
0 0.4390625000000001 0.56875 0.2875000000000001 0.56875 0.2875000000000001 0.7375 0.4390625000000002 0.7375
0 0.4843750000000001 0.7109375 0.3125000000000001 0.7109375 0.3125000000000001 0.825 0.48437500000000017 0.825
0 0.3265625000000001 0.634375 0.2328125000000001 0.634375 0.2328125000000001 0.7484375 0.3265625000000001 0.7484375
0 0.2875000000000001 0.5796875 0.1593750000000001 0.5796875 0.1593750000000001 0.65625 0.2875000000000001 0.65625
0 0.2906250000000001 0.5140625 0.14531250000000004 0.5140625 0.14531250000000007 0.584375 0.2906250000000001 0.584375
0 0.8609375 0.7265625000000001 0.48750000000000016 0.7265625 0.48750000000000016 0.846875 0.8609375 0.846875
0 0.9390625 0.1421875000000001 0.615625 0.14218750000000008 0.6156250000000001 0.809375 0.9390625 0.809375
0 0.996875 0.4593750000000002 0.9390625 0.4593750000000002 0.9390625 0.7656250000000002 0.996875 0.7656250000000002
0 0.9859375 0.3390625000000001 0.7703125 0.3390625000000001 0.7703125 0.5578125000000002 0.9859375 0.5578125000000002
0 0.95625 0.4593750000000002 0.84375 0.4593750000000002 0.84375 0.6781250000000002 0.95625 0.6781250000000002
0 0.7812500000000001 0.31718750000000007 0.6109375 0.31718750000000007 0.6109375000000001 0.7437500000000001 0.7812500000000002 0.7437500000000001
0 0.6875000000000001 0.4375 0.5453125 0.4375 0.5453125000000001 0.74375 0.6875000000000002 0.74375
0 0.6046875 0.4046875 0.50625 0.4046875 0.5062500000000001 0.7546875 0.6046875000000002 0.7546875
0 0.6140625 0.09375000000000006 0.44375 0.09375000000000004 0.44375 0.2250000000000001 0.6140625 0.2250000000000001
0 0.7890625 0.04375000000000008 0.4875 0.04375000000000005 0.4875 0.2406250000000001 0.7890625 0.2406250000000001
0 0.996875 0.006250000000000103 0.6875 0.006250000000000084 0.6875 0.2468750000000001 0.996875 0.2468750000000001
0 0.796875 0.08125000000000009 0.734375 0.08125000000000009 0.734375 0.1312500000000001 0.796875 0.1312500000000001
0 0.996875 0.11406250000000011 0.7921875 0.1140625000000001 0.7921875 0.3062500000000001 0.996875 0.3062500000000001
0 0.928125 0.1968750000000001 0.7828125 0.19687500000000008 0.7828125 0.2953125000000001 0.928125 0.2953125000000001
0 0.996875 0.2296875000000001 0.9015625 0.2296875000000001 0.9015625 0.4312500000000002 0.996875 0.4312500000000002
0 0.7015625 0.00625000000000008 0.621875 0.006250000000000075 0.621875 0.10468750000000009 0.7015625 0.10468750000000009
0 0.61875 6.840800479612169e-17 0.4984375 6.104098889500089e-17 0.4984375 0.05468750000000007 0.61875 0.05468750000000007
0 0.5015625 5.702261658529863e-17 0.4296875 5.262154215086284e-17 0.4296875 0.06562500000000006 0.5015625 0.06562500000000007
0 0.484375 0.04375000000000005 0.39375 0.043750000000000046 0.39375 0.17500000000000004 0.484375 0.17500000000000004
0 0.396875 0.06093750000000005 0.3640625 0.06093750000000005 0.3640625 0.13750000000000004 0.396875 0.13750000000000004
0 0.3921875 0.07656250000000005 0.3125 0.07656250000000005 0.3125 0.17968750000000006 0.3921875 0.17968750000000006
0 0.3203125 0.13125000000000003 0.24375 0.13125000000000003 0.24375 0.2015625 0.3203125 0.2015625
0 0.2625 0.16406250000000003 0.175 0.1640625 0.17500000000000002 0.34375 0.2625 0.34375
0 0.446875 0.17968750000000006 0.2515625 0.17968750000000006 0.2515625 0.31718750000000007 0.446875 0.31718750000000007
0 0.4359375 0.15312500000000004 0.3859375 0.15312500000000004 0.3859375 0.21250000000000008 0.4359375 0.21250000000000008
0 0.559375 0.18593750000000003 0.14531250000000004 0.1859375 0.14531250000000004 0.3609375 0.559375 0.3609375000000001
0 0.615625 0.17968750000000006 0.4953125 0.17968750000000006 0.4953125 0.26250000000000007 0.615625 0.26250000000000007
0 0.6984375 0.22343750000000004 0.06875000000000002 0.2234375 0.06875000000000005 0.4703125 0.6984375 0.4703125
0 0.3234375000000001 0.39375 0.2078125000000001 0.39375 0.2078125000000001 0.43125 0.3234375000000001 0.43125
0 0.69375 0.22343750000000004 0.08750000000000002 0.2234375 0.08750000000000005 0.5140625 0.69375 0.5140625
0 0.996875 6.505936120470315e-17 0.065625 8.036744619404505e-18 0.06562500000000006 0.8359375 0.996875 0.8359375