0 0.5328125000000001 0.753125 0.22812500000000008 0.753125 0.22812500000000008 0.9953125 0.5328125000000001 0.9953125
0 0.9765625 0.010937500000000103 0.7265625 0.01093750000000009 0.7265625 0.2484375000000001 0.9765625 0.2484375000000001
0 0.559375 0.03125000000000005 0.278125 0.031250000000000035 0.278125 0.31875000000000003 0.559375 0.3187500000000001
0 0.71875 0.06250000000000008 0.5453125 0.06250000000000007 0.5453125 0.29375000000000007 0.71875 0.29375000000000007
0 0.478125 0.36562500000000003 0.28593750000000007 0.365625 0.28593750000000007 0.65 0.478125 0.65
0 0.6796875 0.41875 0.4625 0.41875 0.4625 0.6453125 0.6796875 0.6453125
0 0.31718750000000007 0.2375 0.004687500000000029 0.2375 0.004687500000000043 0.46875 0.31718750000000007 0.46875
0 0.3203125000000001 0.44375 0.007812500000000056 0.44375 0.007812500000000066 0.6234375 0.3203125000000001 0.6234375
0 0.13437500000000008 0.64375 7.883663769511086e-17 0.64375 8.735175997043229e-17 0.7828125 0.13437500000000008 0.7828125
0 0.30937500000000007 0.6140625 0.1390625000000001 0.6140625 0.1390625000000001 0.7578125 0.30937500000000007 0.7578125
0 0.8796875 0.5984375000000001 0.590625 0.5984375 0.5906250000000001 0.7625000000000001 0.8796875 0.7625000000000002
0 0.6375000000000002 0.8140625 0.5328125000000001 0.8140625 0.5328125000000001 0.9953125 0.6375000000000002 0.9953125
0 0.9 0.7265625000000001 0.6218750000000002 0.7265625 0.6218750000000002 0.9953125 0.9 0.9953125
0 0.834375 0.94375 0.7484375000000002 0.94375 0.7484375000000002 0.9953125 0.834375 0.9953125
5 0.996875 1.0476470664580872e-16 0.7140625 8.744743550161569e-17 0.7140625 0.2687500000000001 0.996875 0.2687500000000001
5 0.9953125 0.2531250000000001 0.6875 0.2531250000000001 0.6875 0.5359375000000001 0.9953125 0.5359375000000002
5 0.7484375 0.22187500000000004 0.2859375 0.221875 0.28593750000000007 0.675 0.7484375 0.6750000000000002
5 0.784375 6.45809835487862e-17 0.2703125 3.3103733789451887e-17 0.2703125 0.3609375 0.784375 0.3609375000000001
5 0.2734375 0.03593750000000002 4.401074434435801e-18 0.0359375 1.4829707333424978e-17 0.20625 0.2734375 0.20625
5 0.35937500000000006 0.2109375 2.583239341951448e-17 0.2109375 4.4202095406724777e-17 0.5109375 0.3593750000000001 0.5109375
5 0.3671875000000001 0.4125 5.051668046482832e-17 0.4125 6.725989842192105e-17 0.6859375 0.3671875000000001 0.6859375
5 0.3437500000000001 0.603125 7.386151007357474e-17 0.603125 8.582095147149811e-17 0.7984375 0.3437500000000001 0.7984375
5 0.96875 0.5359375000000001 0.475 0.5359375 0.4750000000000001 0.9953125 0.96875 0.9953125
5 0.27031250000000007 0.8859375 1.0849605236196083e-16 0.8859375 1.1519333954479792e-16 0.9953125 0.27031250000000007 0.9953125