0 0.5796875 4.5732903905658965e-17 0.1671875 2.0474563673244812e-17 0.16718750000000002 0.35156250000000006 0.5796875 0.3515625000000001
0 0.775 8.295068553599651e-17 0.5796875 7.099124413807313e-17 0.5796875 0.2609375000000001 0.775 0.2609375000000001
0 0.90625 0.12500000000000008 0.7828125 0.12500000000000008 0.7828125 0.3515625000000001 0.90625 0.3515625000000001
0 0.9625 0.2218750000000001 0.90625 0.2218750000000001 0.90625 0.34062500000000007 0.9625 0.34062500000000007
0 0.38750000000000007 0.22187500000000004 0.2203125 0.221875 0.22031250000000005 0.403125 0.38750000000000007 0.403125
0 0.26250000000000007 0.2734375 0.039062500000000035 0.2734375 0.03906250000000005 0.528125 0.26250000000000007 0.528125
0 0.07656250000000009 0.478125 5.855342508423283e-17 0.478125 8.744743550161569e-17 0.95 0.07656250000000012 0.95
0 0.978125 0.7781250000000002 0.8953125 0.7781250000000002 0.8953125 0.9375 0.978125 0.9375
0 0.884375 0.5859375000000001 0.05937500000000007 0.5859375 0.05937500000000009 0.9953125 0.884375 0.9953125
0 0.96875 0.38125000000000003 0.10781250000000005 0.38125 0.10781250000000006 0.6250000000000001 0.96875 0.6250000000000002
0 0.996875 0.5390625000000002 0.884375 0.5390625000000002 0.884375 0.8921875 0.996875 0.8921875
0 0.8921875 0.2328125000000001 0.378125 0.2328125000000001 0.37812500000000004 0.3984375000000001 0.8921875 0.3984375000000001