0 0.996875 0.7484375000000002 0.9453125 0.7484375000000002 0.9453125 0.940625 0.996875 0.940625
0 0.98125 0.8859375 0.909375 0.8859375 0.909375 0.9953125 0.98125 0.9953125
0 0.95625 0.7984375000000001 0.8734375 0.7984375000000001 0.8734375 0.91875 0.95625 0.91875
0 0.95625 0.7046875000000001 0.8734375 0.7046875000000001 0.8734375 0.809375 0.95625 0.809375
0 0.996875 0.6234375000000002 0.93125 0.6234375000000002 0.93125 0.7546875000000002 0.996875 0.7546875000000002
0 0.996875 0.5031250000000002 0.93125 0.5031250000000002 0.93125 0.6671875000000002 0.996875 0.6671875000000002
0 0.996875 0.3937500000000001 0.9421875 0.3937500000000001 0.9421875 0.5078125000000002 0.996875 0.5078125000000002
0 0.996875 0.2906250000000001 0.93125 0.2906250000000001 0.93125 0.4109375000000002 0.996875 0.4109375000000002
0 0.996875 0.1359375000000001 0.8984375 0.1359375000000001 0.8984375 0.2953125000000001 0.996875 0.2953125000000001
0 0.996875 0.03750000000000012 0.9421875 0.03750000000000011 0.9421875 0.14218750000000013 0.996875 0.14218750000000013
0 0.9953125 1.174895522931992e-16 0.9234375 1.130884778587634e-16 0.9234375 0.026562500000000117 0.9953125 0.02656250000000012
0 0.91875 1.0562578642645922e-16 0.80625 9.873714818125535e-17 0.80625 0.004687500000000106 0.91875 0.004687500000000113
0 0.928125 0.028125000000000105 0.8078125 0.0281250000000001 0.8078125 0.19218750000000012 0.928125 0.19218750000000012
0 0.89375 0.1750000000000001 0.8328125 0.1750000000000001 0.8328125 0.2453125000000001 0.89375 0.2453125000000001
0 0.915625 0.30156250000000007 0.8 0.30156250000000007 0.8 0.3781250000000001 0.915625 0.3781250000000001
0 0.9421875 0.2468750000000001 0.8546875 0.2468750000000001 0.8546875 0.35625000000000007 0.9421875 0.35625000000000007
0 0.9609375 0.3500000000000001 0.8046875 0.3500000000000001 0.8046875 0.7156250000000002 0.9609375 0.7156250000000002
0 0.8484375 0.5906250000000002 0.728125 0.5906250000000002 0.7281250000000001 0.7921875000000002 0.8484375 0.7921875000000002
0 0.8734375 0.7218750000000002 0.796875 0.7218750000000002 0.7968750000000001 0.8140625 0.8734375 0.8140625
0 0.86875 0.7593750000000001 0.6875000000000002 0.759375 0.6875000000000002 0.95625 0.86875 0.95625
0 0.9140625 0.809375 0.7718750000000002 0.809375 0.7718750000000002 0.9953125 0.9140625 0.9953125
0 0.7968750000000002 0.9515625 0.7421875000000002 0.9515625 0.7421875000000002 0.9953125 0.7968750000000002 0.9953125
0 0.7531250000000002 0.8796875 0.6140625000000002 0.8796875 0.6140625000000002 0.9953125 0.7531250000000002 0.9953125
0 0.7062500000000002 0.78125 0.6187500000000001 0.78125 0.6187500000000001 0.8796875 0.7062500000000002 0.8796875
0 0.7375 0.5406250000000001 0.5890625 0.540625 0.5890625 0.7921875 0.7375000000000002 0.7921875000000002
0 0.728125 0.3609375000000001 0.6078125 0.3609375000000001 0.6078125 0.5515625000000001 0.728125 0.5515625000000002
0 0.8484375 0.3656250000000001 0.70625 0.3656250000000001 0.70625 0.5906250000000001 0.8484375 0.5906250000000002
0 0.84375 0.0984375000000001 0.646875 0.0984375000000001 0.646875 0.3000000000000001 0.84375 0.3000000000000001
0 0.7859375 0.1750000000000001 0.603125 0.1750000000000001 0.603125 0.3765625000000001 0.7859375 0.3765625000000001
0 0.70625 0.23437500000000008 0.55625 0.23437500000000008 0.55625 0.4046875 0.70625 0.4046875
0 0.6078125000000002 0.9296875 0.49531250000000016 0.9296875 0.49531250000000016 0.9953125 0.6078125000000002 0.9953125
0 0.6515625000000002 0.8578125 0.5890625000000002 0.8578125 0.5890625000000002 0.9515625 0.6515625000000002 0.9515625
0 0.6140625000000002 0.74375 0.4656250000000002 0.74375 0.4656250000000002 0.9515625 0.6140625000000002 0.9515625
0 0.6218750000000001 0.525 0.4796875 0.525 0.4796875000000001 0.759375 0.6218750000000002 0.759375
0 0.5093750000000001 0.634375 0.44375 0.634375 0.4437500000000001 0.7765625 0.5093750000000001 0.7765625
0 0.4984375000000002 0.9015625 0.4578125000000002 0.9015625 0.4578125000000002 0.9953125 0.4984375000000002 0.9953125
0 0.4703125000000002 0.9625 0.4156250000000002 0.9625 0.4156250000000002 0.9953125 0.4703125000000002 0.9953125
0 0.4359375000000002 0.890625 0.3968750000000001 0.890625 0.3968750000000001 0.9625 0.4359375000000002 0.9625
0 0.4078125000000002 0.9296875 0.3593750000000001 0.9296875 0.3593750000000001 0.9953125 0.4078125000000002 0.9953125
0 0.3890625000000001 0.8859375 0.3312500000000001 0.8859375 0.3312500000000001 0.9734375 0.3890625000000001 0.9734375
0 0.3421875000000001 0.74375 0.14843750000000008 0.74375 0.1484375000000001 0.9953125 0.3421875000000001 0.9953125
0 0.3531250000000001 0.9234375 0.2468750000000001 0.9234375 0.2468750000000001 0.9953125 0.3531250000000001 0.9953125
0 0.19218750000000012 0.9625 0.13125000000000014 0.9625 0.13125000000000014 0.9953125 0.19218750000000012 0.9953125
0 0.1421875000000001 0.809375 9.91198503059889e-17 0.809375 1.1050523851681195e-16 0.9953125 0.14218750000000013 0.9953125
0 0.2140625000000001 0.6890625 0.0906250000000001 0.6890625 0.0906250000000001 0.853125 0.2140625000000001 0.853125
0 0.3062500000000001 0.5796875 0.1828125000000001 0.5796875 0.1828125000000001 0.74375 0.3062500000000001 0.74375
0 0.34843750000000007 0.6171875 0.30937500000000007 0.6171875 0.30937500000000007 0.7109375 0.34843750000000007 0.7109375
0 0.3859375000000001 0.60625 0.3453125000000001 0.60625 0.3453125000000001 0.7 0.3859375000000001 0.7
0 0.4765625000000001 0.6390625 0.3234375000000001 0.6390625 0.3234375000000001 0.890625 0.47656250000000017 0.890625
0 0.50625 0.5296875 0.3937500000000001 0.5296875 0.3937500000000001 0.6390625 0.50625 0.6390625
0 0.4875 0.3109375000000001 0.3671875 0.3109375000000001 0.36718750000000006 0.5578125 0.4875 0.5578125
0 0.59375 0.3390625000000001 0.48125 0.3390625000000001 0.48125 0.525 0.59375 0.525
0 0.6359375 0.4328125 0.575 0.4328125 0.575 0.553125 0.6359375 0.553125
0 0.6578125 7.11825952004399e-17 0.5046875 6.180639314446799e-17 0.5046875 0.17968750000000006 0.6578125 0.17968750000000008
0 0.690625 7.94106908822112e-17 0.60625 7.424421219830829e-17 0.60625 0.05937500000000008 0.690625 0.05937500000000009
0 0.7375 8.744743550161569e-17 0.690625 8.457716956611408e-17 0.690625 0.03750000000000009 0.7375 0.03750000000000009
0 0.603125 0.16406250000000006 0.509375 0.16406250000000006 0.509375 0.2562500000000001 0.603125 0.2562500000000001
0 0.64375 0.16406250000000008 0.5921875 0.16406250000000008 0.5921875 0.2234375000000001 0.64375 0.2234375000000001
0 0.55625 0.2140625000000001 0.4796875 0.2140625000000001 0.4796875 0.3343750000000001 0.55625 0.3343750000000001
0 0.5890625 0.2578125000000001 0.53125 0.2578125000000001 0.53125 0.3234375000000001 0.5890625 0.3234375000000001
0 0.4921875 0.14218750000000005 0.3828125 0.14218750000000005 0.3828125 0.3390625000000001 0.4921875 0.3390625000000001
0 0.5421875 0.03906250000000006 0.4296875 0.039062500000000056 0.4296875 0.20312500000000008 0.5421875 0.20312500000000008
0 0.440625 0.010937500000000048 0.3453125 0.010937500000000041 0.3453125 0.12500000000000006 0.440625 0.12500000000000006
0 0.4515625 0.11406250000000004 0.3671875 0.11406250000000004 0.3671875 0.2078125000000001 0.4515625 0.2078125000000001
0 0.396875 0.13593750000000004 0.30625 0.13593750000000004 0.30625 0.28437500000000004 0.396875 0.2843750000000001
0 0.3453125 0.2578125 0.2875 0.2578125 0.2875 0.3125 0.3453125 0.3125
0 0.33437500000000003 0.2796875 0.26875 0.2796875 0.26875000000000004 0.3890625 0.3343750000000001 0.3890625
0 0.4078125 0.29531250000000003 0.3203125 0.2953125 0.32031250000000006 0.409375 0.4078125 0.409375
0 0.3890625000000001 0.43125 0.3156250000000001 0.43125 0.3156250000000001 0.5796875 0.3890625000000001 0.5796875
0 0.36406250000000007 0.5359375 0.2578125000000001 0.5359375 0.2578125000000001 0.628125 0.36406250000000007 0.628125
0 0.3531250000000001 0.378125 0.2296875000000001 0.378125 0.2296875000000001 0.53125 0.3531250000000001 0.53125
0 0.25468750000000007 0.453125 0.12656250000000005 0.453125 0.12656250000000008 0.6171875 0.25468750000000007 0.6171875
0 0.1859375000000001 0.6015625 0.09843750000000007 0.6015625 0.09843750000000008 0.721875 0.1859375000000001 0.721875
0 0.14218750000000008 0.56875 0.06562500000000007 0.56875 0.06562500000000007 0.65625 0.14218750000000008 0.65625
0 0.07656250000000009 0.590625 7.233070157464055e-17 0.590625 8.706473337688214e-17 0.83125 0.07656250000000012 0.83125
0 0.1062500000000001 0.7 0.07343750000000009 0.7 0.07343750000000009 0.7484375 0.1062500000000001 0.7484375
0 0.13125000000000006 0.4640625 0.007812500000000056 0.4640625 0.007812500000000066 0.6171875 0.1312500000000001 0.6171875
0 0.19687500000000005 0.3890625 0.10937500000000004 0.3890625 0.10937500000000004 0.4875 0.19687500000000005 0.4875
0 0.26562500000000006 0.2515625 0.13437500000000005 0.2515625 0.13437500000000005 0.4375 0.2656250000000001 0.4375
0 0.11250000000000004 0.3171875 3.884426566045511e-17 0.3171875 5.0229653871278156e-17 0.503125 0.11250000000000004 0.503125
0 0.12812500000000004 0.2625 0.007812500000000033 0.2625 0.00781250000000004 0.39375 0.12812500000000004 0.39375
0 0.15312500000000004 0.2125 0.06875000000000002 0.2125 0.06875000000000003 0.328125 0.15312500000000004 0.328125
0 0.2296875 0.11406250000000002 0.1203125 0.1140625 0.12031250000000002 0.2625 0.2296875 0.2625
0 0.309375 0.14687500000000003 0.21875 0.14687500000000003 0.21875 0.2625 0.309375 0.2625
0 0.35 0.07187500000000005 0.2921875 0.07187500000000005 0.2921875 0.14843750000000006 0.35 0.14843750000000006
0 0.378125 0.07656250000000005 0.334375 0.07656250000000005 0.334375 0.14687500000000003 0.378125 0.14687500000000003
0 0.2953125 0.01093750000000003 0.2 0.010937500000000025 0.2 0.15312500000000004 0.2953125 0.15312500000000004
0 0.2 0.02187500000000002 0.1234375 0.021875000000000016 0.1234375 0.12500000000000003 0.2 0.12500000000000006
0 0.215625 0.03750000000000002 0.19375 0.03750000000000002 0.19375 0.08750000000000002 0.215625 0.08750000000000002
0 0.159375 0.09375000000000003 0.109375 0.09375000000000003 0.109375 0.159375 0.159375 0.159375
0 0.12343750000000002 0.13125 0.06875000000000002 0.13125 0.06875000000000002 0.2078125 0.12343750000000005 0.2078125
0 0.08437500000000002 0.1421875 1.741294667537643e-17 0.1421875 2.5066989170047385e-17 0.2671875 0.08437500000000002 0.2671875
0 0.02500000000000003 0.196875 2.4110233858213517e-17 0.196875 3.013779232276689e-17 0.2953125 0.025000000000000033 0.2953125
0 0.09062500000000001 0.0765625 0.03593750000000001 0.0765625 0.03593750000000002 0.153125 0.09062500000000002 0.153125
0 0.1203125 0.01093750000000001 0.040625 0.010937500000000006 0.04062500000000001 0.08125000000000002 0.1203125 0.08125000000000002
0 0.043750000000000004 0.0390625 4.783776559169349e-18 0.0390625 9.47187758715531e-18 0.115625 0.04375000000000001 0.115625
0 0.04375000000000002 0.09375 1.1481063742006437e-17 0.09375 1.4829707333424978e-17 0.1484375 0.043750000000000025 0.1484375
0 0.1203125 7.367015901120796e-18 0 0 2.965941466684996e-18 0.04843750000000001 0.1203125 0.04843750000000001
0 0.3453125 3.032914338513367e-17 0.15 1.8369701987210297e-17 0.15 0.06562500000000003 0.3453125 0.06562500000000004
0 0.996875 6.104098889500089e-17 0 0 6.09453133638175e-17 0.9953125 0.996875 0.9953125