0 0.85 0.8984375 0.7921875000000002 0.8984375 0.7921875000000002 0.99375 0.85 0.99375
0 0.8703125 0.7750000000000001 0.809375 0.7750000000000001 0.809375 0.89375 0.8703125 0.89375
0 0.8296875 0.7687500000000002 0.7593750000000001 0.7687500000000002 0.7593750000000001 0.8640625 0.8296875 0.8640625
0 0.8 0.86875 0.7625000000000002 0.86875 0.7625000000000002 0.946875 0.8 0.946875
0 0.7921875000000002 0.946875 0.7421875000000002 0.946875 0.7421875000000002 0.99375 0.7921875000000002 0.99375
0 0.7625000000000002 0.8984375 0.7031250000000002 0.8984375 0.7031250000000002 0.9765625 0.7625000000000002 0.9765625
0 0.7187500000000002 0.86875 0.6625000000000002 0.86875 0.6625000000000002 0.953125 0.7187500000000002 0.953125
0 0.7093750000000002 0.9640625 0.6828125000000002 0.9640625 0.6828125000000002 0.99375 0.7093750000000002 0.99375
0 0.6625000000000002 0.7984375 0.6015625000000002 0.7984375 0.6015625000000002 0.934375 0.6625000000000002 0.934375
0 0.7031250000000002 0.7796875 0.6359375000000002 0.7796875 0.6359375000000002 0.86875 0.7031250000000002 0.86875
0 0.7593750000000001 0.7984375000000001 0.6953125000000002 0.7984375 0.6953125000000002 0.89375 0.7593750000000001 0.89375
0 0.7593750000000001 0.6781250000000001 0.6921875 0.678125 0.6921875000000001 0.809375 0.7593750000000001 0.809375
0 0.803125 0.7265625000000002 0.7593750000000001 0.7265625000000002 0.7593750000000001 0.821875 0.803125 0.821875
0 0.7921875 0.6125000000000002 0.7359375 0.6125000000000002 0.7359375 0.7203125000000001 0.7921875 0.7203125000000001
0 0.85 0.5718750000000001 0.7828125 0.5718750000000001 0.7828125 0.7078125000000002 0.85 0.7078125000000002
0 0.8296875 0.7031250000000002 0.7765625 0.7031250000000002 0.7765625 0.7625000000000002 0.8296875 0.7625000000000002
0 0.715625 0.5953125 0.65625 0.5953125 0.65625 0.696875 0.715625 0.696875
0 0.7421875 0.5953125000000001 0.7125 0.5953125 0.7125 0.6781250000000001 0.7421875 0.6781250000000002
0 0.6953125000000001 0.671875 0.625 0.671875 0.6250000000000001 0.7859375 0.6953125000000002 0.7859375
0 0.659375 0.6375 0.5890625 0.6375 0.5890625 0.7984375 0.6593750000000002 0.7984375
0 0.6125 0.5765625 0.5515625 0.5765625 0.5515625 0.7203125 0.6125 0.7203125
0 0.6796875 0.5125 0.60625 0.5125 0.60625 0.6375 0.6796875 0.6375
0 0.7265625 0.5421875 0.6765625 0.5421875 0.6765625 0.6250000000000001 0.7265625 0.6250000000000002
0 0.721875 0.4640625 0.6625 0.4640625 0.6625 0.5359375 0.721875 0.5359375
0 0.7890625 0.3984375000000001 0.715625 0.3984375000000001 0.715625 0.5062500000000001 0.7890625 0.5062500000000002
0 0.8203125 0.33281250000000007 0.75 0.33281250000000007 0.75 0.4343750000000002 0.8203125 0.4343750000000002
0 0.803125 0.44062500000000016 0.7796875 0.44062500000000016 0.7796875 0.4812500000000002 0.803125 0.4812500000000002
0 0.79375 0.48750000000000016 0.7734375 0.48750000000000016 0.7734375 0.5421875000000002 0.79375 0.5421875000000002
0 0.5890625 0.5125 0.521875 0.5125 0.521875 0.625 0.5890625 0.625
0 0.6328125 0.50625 0.5859375 0.50625 0.5859375 0.5890625 0.6328125 0.5890625
0 0.19375000000000003 1.1863765866739984e-17 0 0 3.023346785395028e-17 0.49375 0.19375000000000003 0.49375
0 0.753125 0.3156250000000001 0.6890625 0.3156250000000001 0.6890625 0.4281250000000001 0.753125 0.4281250000000002
0 0.715625 0.3218750000000001 0.6453125 0.3218750000000001 0.6453125 0.4578125 0.715625 0.4578125
0 0.6484375 0.3812500000000001 0.5859375 0.3812500000000001 0.5859375 0.49375 0.6484375 0.49375
0 0.609375 0.434375 0.559375 0.434375 0.559375 0.50625 0.609375 0.50625
0 0.5625 0.4578125 0.51875 0.4578125 0.51875 0.5296875 0.5625 0.5296875
0 0.5625 0.36406250000000007 0.5015625 0.36406250000000007 0.5015625 0.465625 0.5625 0.465625
0 0.615625 0.3453125000000001 0.5484375 0.3453125000000001 0.5484375 0.4171875 0.615625 0.4171875
0 0.6796875 0.26250000000000007 0.6125 0.26250000000000007 0.6125 0.3750000000000001 0.6796875 0.3750000000000001
0 0.7296875 0.1906250000000001 0.659375 0.1906250000000001 0.659375 0.2921875000000001 0.7296875 0.2921875000000001
0 0.7765625 0.2140625000000001 0.7125 0.2140625000000001 0.7125 0.3453125000000001 0.7765625 0.3453125000000001
0 0.8359375 0.1671875000000001 0.7734375 0.1671875000000001 0.7734375 0.2921875000000001 0.8359375 0.2921875000000001
0 0.815625 0.2734375000000001 0.7765625 0.2734375000000001 0.7765625 0.3390625000000001 0.815625 0.3390625000000001
0 0.8625 0.22656250000000008 0.8125 0.22656250000000008 0.8125 0.3218750000000001 0.8625 0.3218750000000001
0 0.8625 0.1546875000000001 0.8328125 0.1546875000000001 0.8328125 0.2328125000000001 0.8625 0.2328125000000001
0 0.890625 0.06562500000000011 0.840625 0.06562500000000011 0.840625 0.17187500000000008 0.890625 0.17187500000000008
0 0.846875 0.0656250000000001 0.7859375 0.06562500000000009 0.7859375 0.17187500000000008 0.846875 0.17187500000000008
0 0.8359375 0.006250000000000098 0.7625 0.006250000000000094 0.7625 0.10781250000000009 0.8359375 0.10781250000000009
0 0.796875 0.10156250000000008 0.7203125 0.10156250000000008 0.7203125 0.22031250000000008 0.796875 0.22031250000000008
0 0.7828125 9.137013228013456e-17 0.709375 8.687338231451536e-17 0.709375 0.09531250000000009 0.7828125 0.09531250000000009
0 0.7296875 0.07187500000000009 0.6765625 0.07187500000000009 0.6765625 0.1843750000000001 0.7296875 0.1843750000000001
0 0.7125 0.006250000000000082 0.6453125 0.0062500000000000775 0.6453125 0.1312500000000001 0.7125 0.1312500000000001
0 0.6765625 0.11250000000000009 0.609375 0.11250000000000009 0.609375 0.2500000000000001 0.6765625 0.2500000000000001
0 0.65 0.035937500000000074 0.5828125 0.03593750000000007 0.5828125 0.1546875000000001 0.65 0.1546875000000001
0 0.6125 0.1312500000000001 0.565625 0.1312500000000001 0.565625 0.24375000000000008 0.6125 0.24375000000000008
0 0.609375 0.22656250000000008 0.5484375 0.22656250000000008 0.5484375 0.3515625000000001 0.609375 0.3515625000000001
0 0.5515625 0.2734375000000001 0.4984375 0.2734375000000001 0.4984375 0.3750000000000001 0.5515625 0.3750000000000001
0 0.559375 0.15468750000000006 0.5015625 0.15468750000000003 0.5015625 0.2734375000000001 0.559375 0.2734375000000001
0 0.58125 0.03593750000000007 0.51875 0.03593750000000007 0.51875 0.16093750000000007 0.58125 0.1609375000000001
0 0.51875 0.09531250000000006 0.4546875 0.09531250000000006 0.4546875 0.18437500000000004 0.51875 0.18437500000000004
0 0.5046875 0.18437500000000004 0.4484375 0.18437500000000004 0.4484375 0.2984375000000001 0.5046875 0.2984375000000001
0 0.4578125 0.15468750000000003 0.3953125 0.15468750000000003 0.3953125 0.2984375000000001 0.4578125 0.2984375000000001
0 0.5015625 0.2984375000000001 0.4375 0.2984375000000001 0.4375 0.4046875 0.5015625 0.4046875
0 0.5125 0.3515625000000001 0.46875 0.3515625000000001 0.46875 0.4640625 0.5125 0.4640625
0 0.4390625 0.3515625000000001 0.371875 0.3515625000000001 0.37187500000000007 0.4828125 0.4390625 0.4828125
0 0.43125 0.25000000000000006 0.3609375 0.25 0.3609375 0.36250000000000004 0.43125 0.3625000000000001
0 0.3921875 0.29218750000000004 0.3390625 0.2921875 0.33906250000000004 0.38125000000000003 0.3921875000000001 0.3812500000000001
0 0.3546875 0.18437500000000004 0.2875 0.18437500000000004 0.2875 0.2921875 0.3546875 0.2921875
0 0.3109375 0.2375 0.2515625 0.2375 0.2515625 0.309375 0.3109375 0.309375
0 0.3390625 0.2796875 0.2953125 0.2796875 0.2953125 0.3453125 0.3390625 0.3453125
0 0.3609375 0.3390625 0.275 0.3390625 0.275 0.4828125 0.3609375000000001 0.4828125
0 0.3812500000000001 0.39843750000000006 0.3203125000000001 0.3984375 0.3203125000000001 0.5296875 0.3812500000000001 0.5296875
0 0.3921875000000001 0.5421875 0.3390625000000001 0.5421875 0.3390625000000001 0.6609375 0.3921875000000001 0.6609375
0 0.3781250000000001 0.64375 0.3312500000000001 0.64375 0.3312500000000001 0.7140625 0.3781250000000001 0.7140625
0 0.34062500000000007 0.6546875 0.2812500000000001 0.6546875 0.2812500000000001 0.7375 0.34062500000000007 0.7375
0 0.3421875000000001 0.5296875 0.2718750000000001 0.5296875 0.2718750000000001 0.6734375 0.3421875000000001 0.6734375
0 0.2671875000000001 0.5 0.20468750000000008 0.5 0.20468750000000008 0.63125 0.2671875000000001 0.63125
0 0.2906250000000001 0.434375 0.23437500000000008 0.434375 0.23437500000000008 0.5296875 0.2906250000000001 0.5296875
0 0.2484375000000001 0.4171875 0.18125000000000005 0.4171875 0.18125000000000008 0.5484375 0.2484375000000001 0.5484375
0 0.2406250000000001 0.3875 0.19375000000000003 0.3875 0.19375000000000003 0.428125 0.2406250000000001 0.428125
0 0.22343750000000004 0.3453125 0.16406250000000006 0.3453125 0.16406250000000006 0.428125 0.2234375000000001 0.428125
0 0.2234375 0.2375 0.16406250000000006 0.2375 0.16406250000000006 0.3453125 0.2234375 0.3453125
0 0.2484375 0.19687500000000005 0.2046875 0.19687500000000005 0.2046875 0.2921875 0.2484375 0.2921875
0 0.2984375 0.16093750000000004 0.2515625 0.16093750000000004 0.2515625 0.2203125 0.2984375 0.2203125
0 0.023437500000000097 0.74375 9.10831056865844e-17 0.74375 9.806741946297164e-17 0.8578125 0.023437500000000104 0.8578125
0 0.0500000000000001 0.75 0.014062500000000094 0.75 0.0140625000000001 0.8625 0.050000000000000114 0.8625
0 0.017187500000000088 0.6609375 8.094149938114538e-17 0.6609375 8.677770678333199e-17 0.75625 0.017187500000000095 0.75625
0 0.060937500000000075 0.625 0.017187500000000078 0.625 0.017187500000000085 0.74375 0.06093750000000009 0.74375
0 0.023437500000000076 0.5234375 6.410260589286927e-17 0.5234375 7.252205263700732e-17 0.6609375 0.023437500000000083 0.6609375
0 0.053125000000000075 0.578125 0.014062500000000071 0.578125 0.014062500000000075 0.64375 0.05312500000000009 0.64375
0 0.09687500000000007 0.4828125 0.046875000000000056 0.4828125 0.04687500000000006 0.584375 0.09687500000000007 0.584375
0 0.040625000000000064 0.4578125 5.606586127346476e-17 0.4578125 6.305017504985202e-17 0.571875 0.040625000000000064 0.571875
0 0.13125000000000006 0.4953125 0.08437500000000006 0.4953125 0.08437500000000006 0.584375 0.1312500000000001 0.584375
0 0.17343750000000008 0.5125 0.11718750000000004 0.5125 0.11718750000000007 0.61875 0.17343750000000008 0.61875
0 0.2218750000000001 0.5359375 0.17812500000000003 0.5359375 0.17812500000000006 0.63125 0.2218750000000001 0.63125
0 0.2015625000000001 0.625 0.1312500000000001 0.625 0.1312500000000001 0.7796875 0.2015625000000001 0.7796875
0 0.2750000000000001 0.6421875 0.1937500000000001 0.6421875 0.1937500000000001 0.7859375 0.2750000000000001 0.7859375
0 0.2968750000000001 0.690625 0.2578125000000001 0.690625 0.2578125000000001 0.815625 0.2968750000000001 0.815625
0 0.3312500000000001 0.7390625 0.2734375000000001 0.7390625 0.2734375000000001 0.8703125 0.3312500000000001 0.8703125
0 0.3656250000000001 0.7140625 0.3156250000000001 0.7140625 0.3156250000000001 0.7984375 0.3656250000000001 0.7984375
0 0.11718750000000008 0.5828125 0.05312500000000007 0.5828125 0.053125000000000075 0.7203125 0.11718750000000008 0.7203125
0 0.13437500000000008 0.61875 0.07031250000000007 0.61875 0.07031250000000008 0.74375 0.13437500000000008 0.74375
0 0.1468750000000001 0.74375 0.07656250000000009 0.74375 0.0765625000000001 0.8515625 0.1468750000000001 0.8515625
0 0.1968750000000001 0.7859375 0.12343750000000009 0.7859375 0.12343750000000012 0.934375 0.19687500000000013 0.934375
0 0.25468750000000007 0.821875 0.17343750000000008 0.821875 0.1734375000000001 0.9828125 0.25468750000000007 0.9828125
0 0.2750000000000001 0.7796875 0.2078125000000001 0.7796875 0.2078125000000001 0.8625 0.2750000000000001 0.8625
0 0.2953125000000001 0.8453125 0.2453125000000001 0.8453125 0.2453125000000001 0.9109375 0.2953125000000001 0.9109375
0 0.3390625000000001 0.8390625 0.2953125000000001 0.8390625 0.2953125000000001 0.928125 0.3390625000000001 0.928125
0 0.31718750000000007 0.89375 0.2578125000000001 0.89375 0.2578125000000001 0.9953125 0.31718750000000007 0.9953125
0 0.2843750000000001 0.940625 0.22656250000000008 0.940625 0.22656250000000008 0.99375 0.2843750000000001 0.99375
0 0.18750000000000014 0.928125 0.11718750000000014 0.928125 0.11718750000000014 0.99375 0.18750000000000014 0.99375
0 0.12343750000000012 0.8515625 0.07343750000000011 0.8515625 0.07343750000000011 0.9578125 0.12343750000000013 0.9578125