0 0.2531250000000001 0.6796875 0.004687500000000083 0.6796875 0.004687500000000098 0.915625 0.2531250000000001 0.915625
0 0.5203125000000001 0.5015625 0.22656250000000008 0.5015625 0.22656250000000008 0.8265625 0.5203125000000002 0.8265625
0 0.2843750000000001 0.4859375 0.0062500000000000585 0.4859375 0.006250000000000068 0.6453125 0.2843750000000001 0.6453125
0 0.6703125000000001 0.721875 0.3812500000000001 0.721875 0.3812500000000001 0.91875 0.6703125000000002 0.91875
0 0.9953125 0.6640625000000002 0.8140625 0.6640625000000002 0.8140625 0.865625 0.9953125 0.865625
0 0.8359375 0.5640625000000001 0.5359375 0.5640625 0.5359375 0.6984375 0.8359375 0.6984375000000002
0 0.9953125 0.4250000000000001 0.721875 0.425 0.721875 0.5796875000000001 0.9953125 0.5796875000000001
0 0.665625 0.30156250000000007 0.459375 0.30156250000000007 0.459375 0.4515625 0.665625 0.4515625
1 0.9546875 9.481445140273649e-17 0.59375 7.271340369937409e-17 0.59375 0.15468750000000012 0.9546875 0.15468750000000014
5 0.896875 0.4640625000000001 0.4953125 0.4640625 0.4953125000000001 0.7265625000000001 0.896875 0.7265625000000002
5 0.9953125 0.5984375000000002 0.778125 0.5984375000000002 0.7781250000000001 0.8796875 0.9953125 0.8796875
5 0.7421875000000001 0.6140625000000001 0.3343750000000001 0.6140625 0.3343750000000001 0.9296875 0.7421875000000002 0.9296875
5 0.9953125 0.32500000000000007 0.6703125 0.32500000000000007 0.6703125 0.5875000000000001 0.9953125 0.5875000000000001
5 0.9953125 0.29375000000000007 0.865625 0.29375000000000007 0.865625 0.41718750000000016 0.9953125 0.41718750000000016
5 0.9953125 0.17812500000000012 0.8859375 0.1781250000000001 0.8859375 0.32500000000000007 0.9953125 0.32500000000000007
5 0.9734375 0.1656250000000001 0.61875 0.16562500000000008 0.61875 0.32500000000000007 0.9734375 0.32500000000000007
5 0.7015625 0.2656250000000001 0.4125 0.2656250000000001 0.4125 0.4671875 0.7015625 0.4671875
5 0.30000000000000004 0.328125 0.0062500000000000385 0.328125 0.0062500000000000585 0.640625 0.3000000000000001 0.640625
5 0.4234375 0.27031250000000007 0.10937500000000004 0.2703125 0.10937500000000004 0.45625 0.4234375 0.45625
5 0.3609375 0.2234375 0.2984375 0.2234375 0.2984375 0.3515625 0.3609375 0.3515625