0 0.85 7.62533983531594e-17 0.3953125 4.8411818778793805e-17 0.3953125 0.3390625000000001 0.85 0.3390625000000001
0 0.9953125 0.16250000000000012 0.8140625 0.1625000000000001 0.8140625 0.2968750000000001 0.9953125 0.2968750000000001
0 0.9953125 0.02656250000000011 0.8203125 0.0265625000000001 0.8203125 0.1890625000000001 0.9953125 0.18906250000000013
0 0.896875 0.010937500000000103 0.76875 0.010937500000000095 0.76875 0.0812500000000001 0.896875 0.08125000000000011
0 0.9953125 1.174895522931992e-16 0.9234375 1.130884778587634e-16 0.9234375 0.04687500000000012 0.9953125 0.046875000000000125
0 0.94375 8.333338766073005e-17 0.4171875 5.109073365192864e-17 0.4171875 0.015625000000000083 0.94375 0.015625000000000118
0 0.4578125 4.247993584542381e-17 0.2359375 2.8894010417382865e-17 0.2359375 0.08437500000000005 0.4578125 0.08437500000000006
0 0.4125 0.018750000000000024 0.0203125 0.01875 0.020312500000000018 0.30156250000000007 0.4125 0.30156250000000007
0 0.9953125 0.2515625000000001 0.5046875 0.2515625000000001 0.5046875 0.6109375000000001 0.9953125 0.6109375000000001
0 0.9953125 0.44843750000000016 0.9640625 0.44843750000000016 0.9640625 0.5750000000000002 0.9953125 0.5750000000000002
0 0.4953125 0.19687500000000002 0.035937500000000025 0.196875 0.035937500000000046 0.5140625 0.4953125 0.5140625
0 0.22656250000000008 0.4796875 0.08281250000000007 0.4796875 0.08281250000000007 0.61875 0.22656250000000008 0.61875
0 0.5046875000000001 0.509375 0.13437500000000005 0.509375 0.13437500000000008 0.7953125 0.5046875000000002 0.7953125
0 0.603125 0.6109375 0.484375 0.6109375 0.484375 0.7078125 0.603125 0.7078125
0 0.6859375 0.5953125 0.5921875 0.5953125 0.5921875 0.671875 0.6859375 0.671875
0 0.7890625000000001 0.6171875000000001 0.6703125 0.6171875 0.6703125000000001 0.7296875 0.7890625000000002 0.7296875000000002
0 0.9953125 0.5718750000000001 0.825 0.5718750000000001 0.825 0.803125 0.9953125 0.803125
0 0.8140625 0.7296875 0.5671875000000002 0.7296875 0.5671875000000002 0.996875 0.8140625 0.996875
0 0.5765625000000001 0.70625 0.4484375 0.70625 0.4484375000000001 0.803125 0.5765625000000002 0.803125
0 0.37187500000000007 0.8 0.3359375000000001 0.8 0.3359375000000001 0.83125 0.37187500000000007 0.83125
0 0.3765625000000001 0.821875 0.3453125000000001 0.821875 0.3453125000000001 0.853125 0.3765625000000001 0.853125
0 0.5250000000000001 0.884375 0.46406250000000016 0.884375 0.46406250000000016 0.9296875 0.5250000000000001 0.9296875
0 0.30937500000000007 0.85 0.27812500000000007 0.85 0.27812500000000007 0.88125 0.30937500000000007 0.88125
0 0.2218750000000001 0.7875 0.1859375000000001 0.7875 0.1859375000000001 0.821875 0.2218750000000001 0.821875
0 0.3921875000000001 0.98125 0.34062500000000007 0.98125 0.34062500000000007 0.996875 0.3921875000000001 0.996875
0 0.2828125000000001 0.95 0.2375000000000001 0.95 0.2375000000000001 0.98125 0.2828125000000001 0.98125
0 0.24218750000000008 0.9421875 0.2062500000000001 0.9421875 0.2062500000000001 0.9765625 0.24218750000000008 0.9765625
0 0.24218750000000008 0.98125 0.19531250000000014 0.98125 0.19531250000000014 0.996875 0.24218750000000008 0.996875
0 0.2015625000000001 0.915625 0.16562500000000013 0.915625 0.16562500000000013 0.953125 0.2015625000000001 0.953125
0 0.17968750000000014 0.9421875 0.15468750000000014 0.9421875 0.15468750000000014 0.96875 0.17968750000000014 0.96875
0 0.1343750000000001 0.9 0.0875000000000001 0.9 0.0875000000000001 0.934375 0.13437500000000013 0.934375
0 0.14531250000000012 0.853125 0.09375000000000011 0.853125 0.09375000000000011 0.9078125 0.14531250000000012 0.9078125
0 0.1281250000000001 0.7734375 0.0671875000000001 0.7734375 0.0671875000000001 0.8734375 0.1281250000000001 0.8734375
0 0.07187500000000009 0.7578125 0.03593750000000009 0.7578125 0.035937500000000094 0.7921875 0.07187500000000009 0.7921875
0 0.0625000000000001 0.7109375 8.706473337688214e-17 0.7109375 9.62495843704873e-17 0.8609375 0.06250000000000011 0.8609375
0 0.07187500000000009 0.721875 0.04687500000000009 0.721875 0.04687500000000009 0.7484375 0.07187500000000009 0.7484375
0 0.0671875000000001 0.690625 0.04062500000000009 0.690625 0.04062500000000009 0.71875 0.0671875000000001 0.71875
0 0.05625000000000006 0.1453125 1.7795648800109975e-17 0.1453125 4.927289855944429e-17 0.659375 0.05625000000000009 0.659375
0 0.9953125 0.2515625000000001 0.8609375 0.2515625000000001 0.8609375 0.3781250000000001 0.9953125 0.3781250000000001