0 0.7093750000000002 0.7328125 0.47187500000000016 0.7328125 0.47187500000000016 0.9953125 0.7093750000000002 0.9953125
0 0.859375 0.5953125000000001 0.6375 0.5953125 0.6375000000000001 0.9234375 0.859375 0.9234375
0 0.9890625 0.4859375000000002 0.775 0.4859375000000002 0.7750000000000001 0.7921875000000002 0.9890625 0.7921875000000002
0 0.996875 0.5078125000000002 0.9703125 0.5078125000000002 0.9703125 0.7156250000000002 0.996875 0.7156250000000002
0 0.996875 0.31718750000000007 0.84375 0.31718750000000007 0.84375 0.5515625000000002 0.996875 0.5515625000000002
0 0.996875 0.09218750000000012 0.953125 0.09218750000000012 0.953125 0.3062500000000001 0.996875 0.3062500000000001
0 0.9484375 0.0437500000000001 0.753125 0.04375000000000009 0.753125 0.3500000000000001 0.9484375 0.3500000000000001
0 0.9953125 1.1299280232758e-16 0.85 1.0409497792752501e-16 0.85 0.1250000000000001 0.9953125 0.12500000000000014
0 0.840625 0.3125000000000001 0.6796875 0.3125000000000001 0.6796875 0.5750000000000001 0.840625 0.5750000000000002
0 0.734375 0.3937500000000001 0.5390625 0.3937500000000001 0.5390625 0.6890625000000001 0.734375 0.6890625000000001
0 0.5859375 0.3234375000000001 0.425 0.3234375000000001 0.425 0.5640625 0.5859375 0.5640625
0 0.5390625000000001 0.5078125 0.3453125000000001 0.5078125 0.3453125000000001 0.7703125 0.5390625000000002 0.7703125
0 0.4546875000000001 0.6890625 0.2406250000000001 0.6890625 0.2406250000000001 0.9953125 0.4546875000000002 0.9953125
0 0.4984375000000002 0.9734375 0.4187500000000002 0.9734375 0.4187500000000002 0.9953125 0.4984375000000002 0.9953125
0 0.3125000000000001 0.95625 0.17812500000000014 0.95625 0.17812500000000014 0.9953125 0.3125000000000001 0.9953125
0 0.2328125000000001 0.715625 0.014062500000000089 0.715625 0.014062500000000106 0.9953125 0.2328125000000001 0.9953125
0 0.3281250000000001 0.5296875 0.14531250000000004 0.5296875 0.14531250000000007 0.8203125 0.3281250000000001 0.8203125
0 0.13437500000000008 0.56875 6.965178670150572e-17 0.56875 8.73517599704323e-17 0.8578125 0.13437500000000008 0.8578125
0 0.17031250000000006 0.271875 3.329508485181867e-17 0.271875 5.109073365192865e-17 0.5625 0.1703125000000001 0.5625
0 0.27343750000000006 0.17500000000000002 0.1125 0.175 0.11250000000000002 0.415625 0.2734375000000001 0.415625
0 0.10468750000000002 0.09687500000000002 1.1863765866739984e-17 0.096875 2.430158492058029e-17 0.3 0.10468750000000004 0.3
0 0.4109375 0.07031250000000003 0.2328125 0.07031250000000003 0.2328125 0.35000000000000003 0.4109375 0.3500000000000001
0 0.4109375 0.33906250000000004 0.221875 0.3390625 0.22187500000000004 0.6125 0.4109375 0.6125
0 0.509375 0.16406250000000006 0.3859375 0.16406250000000006 0.38593750000000004 0.38750000000000007 0.509375 0.38750000000000007
0 0.66875 0.19687500000000008 0.50625 0.19687500000000005 0.50625 0.409375 0.66875 0.409375
0 0.6734375 0.07187500000000008 0.4953125 0.07187500000000006 0.4953125 0.2578125000000001 0.6734375 0.2578125000000001
0 0.8328125 0.0500000000000001 0.6796875 0.050000000000000086 0.6796875 0.30156250000000007 0.8328125 0.30156250000000007
0 0.890625 9.91198503059889e-17 0.728125 8.916959506291665e-17 0.728125 0.0875000000000001 0.890625 0.0875000000000001
0 0.734375 7.950636641339456e-17 0.5640625 6.907773351440539e-17 0.5640625 0.12031250000000009 0.734375 0.12031250000000009
0 0.5625 5.960585592725007e-17 0.4109375 5.032532940246154e-17 0.4109375 0.15781250000000008 0.5625 0.15781250000000008
0 0.4109375 4.1618856064773335e-17 0.26875 3.2912382727085115e-17 0.26875 0.09218750000000003 0.4109375 0.09218750000000005