0 0.8265625 0.2375000000000001 0.609375 0.2375000000000001 0.609375 0.4375000000000001 0.8265625 0.43750000000000017
0 0.8875 0.4031250000000002 0.7953125 0.4031250000000002 0.7953125 0.5937500000000002 0.8875 0.5937500000000002
0 0.7984375 0.4187500000000002 0.753125 0.4187500000000002 0.753125 0.4906250000000002 0.7984375 0.4906250000000002
0 0.996875 0.2640625000000001 0.5640625 0.2640625000000001 0.5640625 0.4906250000000001 0.996875 0.4906250000000002
0 0.9078125 0.3203125000000001 0.5984375 0.3203125000000001 0.5984375 0.5625000000000001 0.9078125 0.5625000000000002
0 0.609375 0.4953125 0.5484375 0.4953125 0.5484375 0.578125 0.609375 0.578125
0 0.6328125 0.571875 0.5828125 0.571875 0.5828125 0.61875 0.6328125 0.61875
0 0.571875 0.578125 0.5328125 0.578125 0.5328125 0.609375 0.571875 0.609375
0 0.5515625 0.53125 0.5171875 0.53125 0.5171875 0.5765625 0.5515625 0.5765625
0 0.66875 0.459375 0.603125 0.459375 0.603125 0.515625 0.66875 0.515625
0 0.6171875 0.35625000000000007 0.540625 0.35625000000000007 0.540625 0.453125 0.6171875 0.453125
0 0.571875 0.35625000000000007 0.4671875 0.35625000000000007 0.4671875 0.515625 0.571875 0.515625
0 0.609375 0.30937500000000007 0.55625 0.30937500000000007 0.55625 0.3500000000000001 0.609375 0.3500000000000001
0 0.5796875 0.3046875000000001 0.440625 0.3046875000000001 0.440625 0.3656250000000001 0.5796875 0.3656250000000001
0 0.5640625 0.3359375000000001 0.4359375 0.3359375000000001 0.4359375 0.403125 0.5640625 0.403125
0 0.45625 0.3453125000000001 0.390625 0.3453125000000001 0.39062500000000006 0.37187500000000007 0.45625 0.37187500000000007
0 0.4328125 0.32500000000000007 0.3828125 0.32500000000000007 0.3828125 0.35625000000000007 0.4328125 0.35625000000000007
0 0.39062500000000006 0.3453125 0.35625 0.3453125 0.35625000000000007 0.36562500000000003 0.3906250000000001 0.3656250000000001
0 0.378125 0.3140625 0.340625 0.3140625 0.340625 0.3453125 0.378125 0.3453125000000001
0 0.5375 0.4078125 0.34843750000000007 0.4078125 0.34843750000000007 0.578125 0.5375 0.578125
0 0.4703125 0.5515625 0.4171875 0.5515625 0.4171875 0.603125 0.4703125 0.603125
0 0.5453125 0.5265625 0.36406250000000007 0.5265625 0.36406250000000007 0.6234375 0.5453125 0.6234375
0 0.3671875000000001 0.5671875 0.29375000000000007 0.5671875 0.29375000000000007 0.6125 0.3671875000000001 0.6125
0 0.3703125000000001 0.5265625 0.2968750000000001 0.5265625 0.2968750000000001 0.571875 0.3703125000000001 0.571875
0 0.3593750000000001 0.4734375 0.2734375000000001 0.4734375 0.2734375000000001 0.5515625 0.3593750000000001 0.5515625
0 0.3046875000000001 0.515625 0.23593750000000008 0.515625 0.23593750000000008 0.61875 0.3046875000000001 0.61875
0 0.27031250000000007 0.5671875 0.23593750000000008 0.5671875 0.23593750000000008 0.61875 0.27031250000000007 0.61875
0 0.2515625000000001 0.55625 0.2015625000000001 0.55625 0.2015625000000001 0.6234375 0.2515625000000001 0.6234375
0 0.3781250000000001 0.525 0.2093750000000001 0.525 0.2093750000000001 0.5671875 0.3781250000000001 0.5671875
0 0.33281250000000007 0.44375 0.2390625000000001 0.44375 0.2390625000000001 0.5109375 0.33281250000000007 0.5109375
0 0.35937500000000006 0.221875 0.17343750000000005 0.221875 0.17343750000000005 0.421875 0.3593750000000001 0.421875
0 0.15000000000000008 0.44375 5.43437017121638e-17 0.44375 8.304636106717989e-17 0.9125 0.15000000000000013 0.9125
0 0.25468750000000007 0.421875 0.10468750000000004 0.421875 0.10468750000000004 0.515625 0.25468750000000007 0.515625
0 0.4359375 0.38125000000000003 0.2515625000000001 0.38125 0.2515625000000001 0.490625 0.4359375 0.490625