0 0.4328125 0.09843750000000004 0.26875 0.09843750000000002 0.26875 0.27187500000000003 0.4328125 0.2718750000000001
0 0.5796875 0.19531250000000006 0.4421875 0.19531250000000006 0.4421875 0.3421875000000001 0.5796875 0.3421875000000001
0 0.509375 0.29375000000000007 0.2359375 0.29375 0.23593750000000005 0.671875 0.509375 0.671875
0 0.540625 0.35156250000000006 0.13437500000000005 0.3515625 0.13437500000000008 0.6578125 0.540625 0.6578125
0 0.7671875 0.18281250000000007 0.353125 0.18281250000000004 0.353125 0.5953125000000001 0.7671875 0.5953125000000001
0 0.7453125 0.4937500000000001 0.6203125 0.49375 0.6203125 0.6171875000000001 0.7453125 0.6171875000000002
0 0.9109375 0.5468750000000002 0.7765625 0.5468750000000002 0.7765625 0.6796875000000002 0.9109375 0.6796875000000002
0 0.7421875000000001 0.6406250000000001 0.6125 0.640625 0.6125 0.7734375000000001 0.7421875000000002 0.7734375000000002
0 0.6125 0.5953125 0.4609375 0.5953125 0.4609375000000001 0.7328125 0.6125000000000002 0.7328125
0 0.5218750000000001 0.7203125 0.3218750000000001 0.7203125 0.3218750000000001 0.928125 0.5218750000000002 0.928125
0 0.3578125000000001 0.6453125 0.2093750000000001 0.6453125 0.2093750000000001 0.7953125 0.3578125000000001 0.7953125
0 0.2015625000000001 0.6265625 0.07656250000000006 0.6265625 0.07656250000000007 0.7328125 0.2015625000000001 0.7328125