0 0.09375000000000006 0.39375 0.051562500000000046 0.39375 0.05156250000000005 0.4625 0.09375000000000007 0.4625
0 0.15781250000000005 0.4375 0.09062500000000004 0.4375 0.09062500000000005 0.4796875 0.15781250000000005 0.4796875
0 0.10781250000000005 0.4734375 0.05937500000000007 0.4734375 0.05937500000000007 0.5265625 0.10781250000000005 0.5265625
0 0.16406250000000006 0.4890625 0.09687500000000007 0.4890625 0.09687500000000007 0.5484375 0.16406250000000008 0.5484375
0 0.059375000000000025 0.0859375 1.0524308430172567e-17 0.0859375 2.7076175324898514e-17 0.35625 0.059375000000000046 0.35625
0 0.2171875 1.3968627552774498e-17 0.0109375 1.3394574365674175e-18 0.010937500000000011 0.17031250000000003 0.2171875 0.17031250000000003
0 0.321875 0.08593750000000003 0.1390625 0.08593750000000003 0.13906250000000003 0.3828125 0.3218750000000001 0.3828125
0 0.4328125 0.09062500000000004 0.3140625 0.09062500000000004 0.3140625 0.28125000000000006 0.4328125 0.2812500000000001
0 0.515625 0.10156250000000004 0.4140625 0.10156250000000004 0.4140625 0.7015625 0.515625 0.7015625
0 0.5453125 0.2562500000000001 0.51875 0.2562500000000001 0.51875 0.3359375000000001 0.5453125 0.3359375000000001
0 0.803125 0.02656250000000009 0.6390625 0.02656250000000008 0.6390625 0.4953125000000001 0.803125 0.49531250000000016
0 0.88125 0.1859375000000001 0.7984375 0.1859375000000001 0.7984375 0.3828125000000001 0.88125 0.3828125000000001
0 0.996875 0.07500000000000011 0.9 0.07500000000000011 0.9 0.3296875000000001 0.996875 0.3296875000000001
0 0.884375 0.0640625000000001 0.84375 0.0640625000000001 0.84375 0.13281250000000008 0.884375 0.13281250000000008
0 0.84375 0.043750000000000094 0.746875 0.04375000000000009 0.746875 0.20312500000000008 0.84375 0.20312500000000008
0 0.88125 9.969390349308924e-17 0.746875 9.146580781131795e-17 0.746875 0.0421875000000001 0.88125 0.042187500000000114
0 0.7359375 8.304636106717989e-17 0.6203125 7.596637175960925e-17 0.6203125 0.053125000000000075 0.7359375 0.05312500000000009
0 0.61875 6.869503138967185e-17 0.503125 6.161504208210122e-17 0.503125 0.06875000000000006 0.61875 0.06875000000000006
0 0.6265625 0.07968750000000006 0.5109375 0.07968750000000006 0.5109375 0.2609375000000001 0.6265625 0.2609375000000001
0 0.496875 5.3960999587430256e-17 0.384375 4.7072361342226394e-17 0.384375 0.12812500000000004 0.496875 0.12812500000000004
0 0.365625 3.721778163033753e-17 0.2421875 2.9659414666849956e-17 0.2421875 0.11718750000000004 0.365625 0.11718750000000004
0 0.11562500000000005 0.3359375 0.08593750000000004 0.3359375 0.08593750000000004 0.3734375 0.11562500000000005 0.3734375
0 0.15625000000000006 0.35625 0.11562500000000005 0.35625 0.11562500000000005 0.3828125 0.15625000000000006 0.3828125
0 0.16718750000000004 0.378125 0.14218750000000005 0.378125 0.14218750000000005 0.415625 0.16718750000000004 0.415625
0 0.17968750000000006 0.4265625 0.15312500000000004 0.4265625 0.15312500000000004 0.46875 0.17968750000000006 0.46875
0 0.17968750000000006 0.4625 0.16093750000000004 0.4625 0.16093750000000004 0.4890625 0.17968750000000006 0.4890625
0 0.15625000000000006 0.4734375 0.13437500000000005 0.4734375 0.13437500000000005 0.4953125 0.15625000000000006 0.4953125
0 0.14218750000000005 0.39375 0.11875000000000005 0.39375 0.11875000000000005 0.43125 0.14218750000000005 0.43125
0 0.11875000000000005 0.409375 0.09375000000000004 0.409375 0.09375000000000004 0.4359375 0.11875000000000005 0.4359375
0 0.10781250000000005 0.378125 0.08593750000000004 0.378125 0.08593750000000004 0.4046875 0.10781250000000005 0.4046875
0 0.08281250000000004 0.3828125 0.059375000000000046 0.3828125 0.059375000000000046 0.4046875 0.08281250000000004 0.4046875
0 0.07500000000000004 0.3671875 0.04531250000000005 0.3671875 0.04531250000000005 0.39375 0.07500000000000004 0.39375
0 0.06406250000000006 0.46875 0.05312500000000007 0.46875 0.05312500000000007 0.484375 0.06406250000000006 0.484375
0 0.3578125000000001 0.3671875 0.2984375000000001 0.3671875 0.2984375000000001 0.4578125 0.3578125000000001 0.4578125
0 0.3171875 0.31875 0.30625 0.31875 0.30625 0.3296875 0.3171875 0.3296875
0 0.36562500000000003 0.30781250000000004 0.3359375 0.3078125 0.33593750000000006 0.37812500000000004 0.3656250000000001 0.3781250000000001
0 0.40625 0.415625 0.39531250000000007 0.415625 0.39531250000000007 0.4359375 0.40625 0.4359375
0 0.5234375 0.4578125 0.515625 0.4578125 0.515625 0.478125 0.5234375 0.478125
0 0.5890625 0.446875 0.5484375 0.446875 0.5484375 0.478125 0.5890625 0.478125
0 0.6 0.3453125000000001 0.55625 0.3453125000000001 0.55625 0.3828125000000001 0.6 0.3828125000000001
0 0.6203125 0.3781250000000001 0.6015625 0.3781250000000001 0.6015625 0.3937500000000001 0.6203125 0.3937500000000001
0 0.59375 0.3828125000000001 0.575 0.3828125000000001 0.575 0.3984375000000001 0.59375 0.3984375000000001
0 0.65625 0.4 0.6421875 0.4 0.6421875 0.415625 0.65625 0.415625