0 0.9390625 0.2640625000000001 0.490625 0.2640625000000001 0.4906250000000001 0.8953125 0.9390625 0.8953125
0 0.996875 0.43750000000000017 0.909375 0.43750000000000017 0.909375 0.946875 0.996875 0.946875
0 0.996875 0.9 0.8421875 0.9 0.8421875 0.9953125 0.996875 0.9953125
0 0.871875 0.8109375 0.44843750000000016 0.8109375 0.44843750000000016 0.9953125 0.871875 0.9953125
0 0.41875000000000007 0.6578125 0.1781250000000001 0.6578125 0.17812500000000012 0.9953125 0.4187500000000002 0.9953125
0 0.5359375000000001 0.6578125 0.4109375 0.6578125 0.41093750000000007 0.9421875 0.5359375000000002 0.9421875
0 0.528125 0.10468750000000004 0.2453125 0.10468750000000004 0.24531250000000004 0.4953125 0.528125 0.4953125
0 0.8375 0.04687500000000008 0.5328125 0.04687500000000007 0.5328125 0.3687500000000001 0.8375 0.3687500000000001
0 0.996875 1.1050523851681195e-16 0.8078125 9.892849924362213e-17 0.8078125 0.3843750000000001 0.996875 0.3843750000000001
0 0.98125 0.39531250000000007 0.89375 0.39531250000000007 0.89375 0.46406250000000016 0.98125 0.46406250000000016
0 0.8109375 8.754311103279908e-17 0.61875 7.577502069724248e-17 0.61875 0.1687500000000001 0.8109375 0.1687500000000001
0 0.6109375 5.587451021109799e-17 0.3015625 3.693075503678737e-17 0.3015625 0.16875000000000007 0.6109375 0.1687500000000001
0 0.328125 2.4492935982947065e-17 0.071875 8.802148868871602e-18 0.07187500000000002 0.3 0.328125 0.3
0 0.146875 8.993499931238374e-18 0 0 1.1002686086089501e-17 0.1796875 0.146875 0.1796875
0 0.10156250000000003 0.1375 1.6838893488276106e-17 0.1375 3.645237738087043e-17 0.4578125 0.10156250000000004 0.4578125
0 0.24843750000000003 0.2890625 3.539994653785318e-17 0.2890625 4.8220467716427034e-17 0.4984375 0.2484375000000001 0.4984375
0 0.2796875000000001 0.4046875 0.15781250000000005 0.4046875 0.15781250000000008 0.56875 0.2796875000000001 0.56875
0 0.2984375000000001 0.4953125 0.20312500000000008 0.4953125 0.20312500000000008 0.5890625 0.2984375000000001 0.5890625
0 0.3437500000000001 0.4890625 0.2875000000000001 0.4890625 0.2875000000000001 0.553125 0.3437500000000001 0.553125
0 0.3890625000000001 0.5625 0.3062500000000001 0.5625 0.3062500000000001 0.6578125 0.3890625000000001 0.6578125
0 0.43125 0.621875 0.3671875000000001 0.621875 0.3671875000000001 0.690625 0.43125 0.690625
0 0.2609375000000001 0.584375 0.1921875000000001 0.584375 0.1921875000000001 0.646875 0.2609375000000001 0.646875
0 0.20312500000000008 0.4046875 4.955992515299445e-17 0.4046875 6.697287182837088e-17 0.6890625 0.20312500000000008 0.6890625
0 0.10156250000000008 0.6734375 0.023437500000000083 0.6734375 0.02343750000000009 0.7796875 0.10156250000000008 0.7796875
0 0.1703125000000001 0.63125 0.08281250000000007 0.63125 0.0828125000000001 0.83125 0.1703125000000001 0.83125
0 0.2453125000000001 0.8484375 0.1703125000000001 0.8484375 0.17031250000000012 0.990625 0.2453125000000001 0.990625
0 0.4265625000000002 0.9375 0.3703125000000001 0.9375 0.3703125000000001 0.9953125 0.4265625000000002 0.9953125
0 0.18437500000000012 0.784375 0.018750000000000093 0.784375 0.018750000000000107 0.9953125 0.18437500000000012 0.9953125
0 0.01875000000000011 0.8265625 1.0122471199202341e-16 0.8265625 1.115576693598292e-16 0.9953125 0.01875000000000012 0.9953125
0 0.05625000000000009 0.621875 7.615772282197602e-17 0.621875 8.936094612528342e-17 0.8375 0.05625000000000011 0.8375
0 0.996875 6.104098889500089e-17 0 0 6.09453133638175e-17 0.9953125 0.996875 0.9953125