0 0.2843750000000001 0.678125 0.07343750000000009 0.678125 0.0734375000000001 0.821875 0.2843750000000001 0.821875
0 0.4546875000000001 0.646875 7.921933981984441e-17 0.646875 8.629932912741505e-17 0.7625 0.4546875000000002 0.7625
0 0.5171875 0.4796875 0.06250000000000007 0.4796875 0.06250000000000008 0.64375 0.5171875 0.64375
0 0.8984375 0.4687500000000001 0.5625 0.46875 0.5625 0.6640625000000001 0.8984375 0.6640625000000002
0 0.9953125 0.2796875000000001 0.7171875 0.2796875000000001 0.7171875 0.5562500000000001 0.9953125 0.5562500000000001
0 0.6765625 0.2515625 0.25625 0.2515625 0.25625000000000003 0.4859375 0.6765625 0.4859375
0 0.22187500000000004 0.3078125 3.769615928625447e-17 0.3078125 4.984695174654461e-17 0.50625 0.2218750000000001 0.50625
0 0.5625 0.07031250000000004 0.125 0.07031250000000003 0.12500000000000003 0.36406250000000007 0.5625 0.36406250000000007
0 0.99375 0.08750000000000009 0.5796875 0.08750000000000006 0.5796875 0.3390625000000001 0.99375 0.3390625000000001
0 0.8296875 7.969771747576135e-17 0.471875 5.778802083476573e-17 0.471875 0.18125000000000008 0.8296875 0.18125000000000008
0 0.9953125 1.1213172254692953e-16 0.8359375 1.0237281836622405e-16 0.8359375 0.1265625000000001 0.9953125 0.12656250000000013
0 0.465625 3.683507950560398e-17 0.1359375 1.6647542425909335e-17 0.1359375 0.14375000000000002 0.465625 0.14375000000000004
0 0.18125000000000002 0.0765625 9.376202055971923e-18 0.0765625 2.1814021109812232e-17 0.2796875 0.18125000000000005 0.2796875