0 0.971875 0.6625000000000002 0.7890625 0.6625000000000002 0.7890625000000001 0.85625 0.971875 0.85625
0 0.9078125 0.6671875000000002 0.8046875 0.6671875000000002 0.8046875 0.7968750000000002 0.9078125 0.7968750000000002
0 0.8484375 0.6812500000000001 0.7375 0.6812500000000001 0.7375 0.9109375 0.8484375 0.9109375
0 0.8171875 0.80625 0.6453125000000002 0.80625 0.6453125000000002 0.9 0.8171875 0.9
0 0.12812500000000007 0.4671875 0.015625000000000056 0.4671875 0.015625000000000062 0.596875 0.1281250000000001 0.596875
0 0.96875 0.07500000000000011 0.8640625 0.07500000000000011 0.8640625 0.1437500000000001 0.96875 0.14375000000000013
0 0.940625 0.09062500000000011 0.8609375 0.09062500000000011 0.8609375 0.17031250000000012 0.940625 0.17031250000000014
0 0.96875 0.13906250000000012 0.88125 0.1390625000000001 0.88125 0.2390625000000001 0.96875 0.2390625000000001
0 0.96875 0.2390625000000001 0.884375 0.2390625000000001 0.884375 0.4031250000000002 0.96875 0.4031250000000002
0 0.971875 0.3734375000000001 0.8890625 0.3734375000000001 0.8890625 0.4671875000000002 0.971875 0.4671875000000002
0 0.9640625 0.29375000000000007 0.753125 0.29375000000000007 0.753125 0.5265625000000002 0.9640625 0.5265625000000002
0 0.9640625 0.49218750000000017 0.784375 0.49218750000000017 0.784375 0.6671875000000002 0.9640625 0.6671875000000002
0 0.928125 0.5031250000000002 0.8375 0.5031250000000002 0.8375 0.5968750000000002 0.928125 0.5968750000000002
0 0.9640625 0.4578125000000002 0.7484375 0.4578125000000002 0.7484375 0.5812500000000002 0.9640625 0.5812500000000002
0 0.7890625 0.3281250000000001 0.6890625 0.3281250000000001 0.6890625 0.47343750000000007 0.7890625 0.4734375000000002
0 0.696875 0.2296875000000001 0.49375 0.2296875000000001 0.49375 0.3828125000000001 0.696875 0.3828125000000001
0 0.621875 0.15468750000000006 0.5375 0.15468750000000003 0.5375 0.2234375000000001 0.621875 0.2234375000000001
0 0.7140625 0.1453125000000001 0.5984375 0.1453125000000001 0.5984375 0.2500000000000001 0.7140625 0.2500000000000001
0 0.753125 0.1703125000000001 0.696875 0.1703125000000001 0.696875 0.2796875000000001 0.753125 0.2796875000000001
0 0.871875 0.11875000000000009 0.6734375 0.11875000000000009 0.6734375 0.2640625000000001 0.871875 0.2640625000000001
0 0.853125 0.2093750000000001 0.740625 0.2093750000000001 0.740625 0.3078125000000001 0.853125 0.3078125000000001
0 0.490625 0.12968750000000004 0.3625 0.12968750000000004 0.3625 0.24843750000000003 0.490625 0.2484375000000001
0 0.40312500000000007 0.5234375 0.056250000000000064 0.5234375 0.05625000000000009 0.90625 0.4031250000000002 0.90625
0 0.5140625000000002 0.821875 0.3500000000000001 0.821875 0.3500000000000001 0.9015625 0.5140625000000002 0.9015625
0 0.5296875000000001 0.68125 0.3828125000000001 0.68125 0.3828125000000001 0.88125 0.5296875000000002 0.88125
0 0.6250000000000001 0.5765625 0.45 0.5765625 0.45000000000000007 0.9109375 0.6250000000000002 0.9109375
0 0.7734375000000001 0.721875 0.59375 0.721875 0.5937500000000001 0.8953125 0.7734375000000002 0.8953125
0 0.784375 0.5828125000000001 0.65 0.5828125 0.6500000000000001 0.840625 0.7843750000000002 0.840625
0 0.6765625000000001 0.6171875 0.578125 0.6171875 0.5781250000000001 0.75625 0.6765625000000002 0.75625
0 0.653125 0.4921875 0.5265625 0.4921875 0.5265625 0.6515625 0.653125 0.6515625
0 0.7484375 0.3828125000000001 0.534375 0.3828125000000001 0.534375 0.6125 0.7484375 0.6125000000000002
0 0.5421875 0.39843750000000006 0.27812500000000007 0.3984375 0.27812500000000007 0.6921875 0.5421875 0.6921875
0 0.534375 0.2828125000000001 0.421875 0.2828125000000001 0.421875 0.3781250000000001 0.534375 0.3781250000000001
0 0.4984375 0.24843750000000003 0.13593750000000004 0.2484375 0.13593750000000004 0.403125 0.4984375 0.403125
0 0.375 0.15000000000000005 0.2234375 0.15000000000000005 0.2234375 0.24843750000000003 0.375 0.2484375000000001
0 0.17500000000000007 0.2984375 3.654805291205382e-17 0.2984375 6.553773886062008e-17 0.771875 0.1750000000000001 0.771875
0 0.5375 0.17343750000000005 0.4859375 0.17343750000000005 0.4859375 0.2390625000000001 0.5375 0.2390625000000001
0 0.5890625 0.05937500000000005 0.434375 0.059375000000000046 0.434375 0.16875000000000007 0.5890625 0.1687500000000001
0 0.6171875 0.00468750000000007 0.5296875 0.004687500000000065 0.5296875 0.15000000000000008 0.6171875 0.15000000000000008
0 0.6296875 0.05937500000000007 0.6015625 0.05937500000000007 0.6015625 0.09531250000000006 0.6296875 0.09531250000000006
0 0.7765625 0.004687500000000086 0.621875 0.004687500000000076 0.621875 0.15000000000000008 0.7765625 0.15000000000000008
0 0.996875 0.0593750000000001 0.7578125 0.05937500000000009 0.7578125 0.2140625000000001 0.996875 0.2140625000000001
0 0.3984375000000001 0.521875 0.17187500000000006 0.521875 0.17187500000000006 0.8015625 0.3984375000000001 0.8015625
0 0.3031250000000001 0.3875 0.13906250000000003 0.3875 0.13906250000000003 0.5421875 0.3031250000000001 0.5421875
0 0.4015625 0.36875 0.2750000000000001 0.36875 0.2750000000000001 0.4671875 0.4015625 0.4671875