0 0.5421875 0.540625 0.12656250000000005 0.540625 0.12656250000000008 0.853125 0.5421875000000002 0.853125
0 0.8734375 0.2953125000000001 0.5125 0.2953125000000001 0.5125000000000001 0.7437500000000001 0.8734375 0.7437500000000001
0 0.953125 0.2234375000000001 0.7203125 0.2234375000000001 0.7203125 0.5359375000000001 0.953125 0.5359375000000002
0 0.8484375 0.10937500000000008 0.615625 0.10937500000000008 0.615625 0.3109375000000001 0.8484375 0.3109375000000001
0 0.665625 0.2078125000000001 0.4078125 0.2078125000000001 0.4078125 0.540625 0.665625 0.540625
0 0.421875 0.16406250000000003 0.134375 0.1640625 0.13437500000000002 0.540625 0.421875 0.540625
0 0.5859375 0.10312500000000006 0.38125 0.10312500000000005 0.38125 0.2296875000000001 0.5859375 0.2296875000000001
0 0.3859375 0.054687500000000035 0.109375 0.05468750000000002 0.10937500000000003 0.33281250000000007 0.3859375 0.33281250000000007
0 0.728125 7.462691432304183e-17 0.490625 6.008423358316702e-17 0.490625 0.18593750000000006 0.728125 0.1859375000000001
0 0.9953125 1.1366253104586372e-16 0.8609375 1.0543443536409245e-16 0.8609375 0.2671875000000001 0.9953125 0.2671875000000001
0 0.896875 1.0428632898989181e-16 0.80625 9.873714818125535e-17 0.80625 0.21250000000000008 0.896875 0.21250000000000008
0 0.81875 8.467284509729747e-17 0.5640625 6.907773351440539e-17 0.5640625 0.1312500000000001 0.81875 0.1312500000000001
0 0.821875 0.05468750000000009 0.621875 0.05468750000000007 0.621875 0.1859375000000001 0.821875 0.1859375000000001
0 0.578125 5.692694105411524e-17 0.3515625 4.305398903252414e-17 0.3515625 0.19062500000000007 0.578125 0.1906250000000001