0 0.7609375 0.40312500000000007 0.60625 0.403125 0.6062500000000001 0.7328125000000001 0.7609375000000002 0.7328125000000002
0 0.8 0.4687500000000001 0.71875 0.46875 0.7187500000000001 0.76875 0.8 0.7687500000000002
0 0.8765625 0.49531250000000016 0.7875 0.49531250000000016 0.7875000000000001 0.8203125 0.8765625 0.8203125
0 0.7484375000000001 0.64375 0.6640625 0.64375 0.6640625000000001 0.8453125 0.7484375000000002 0.8453125
0 0.6687500000000001 0.5421875 0.5796875 0.5421875 0.5796875000000001 0.9078125 0.6687500000000002 0.9078125
0 0.6140625000000001 0.4015625 0.44375 0.4015625 0.4437500000000001 0.778125 0.6140625000000002 0.778125
0 0.6015625 0.3656250000000001 0.5328125 0.3656250000000001 0.5328125 0.578125 0.6015625 0.578125
0 0.5531250000000001 0.4484375 0.34843750000000007 0.4484375 0.34843750000000007 0.7828125 0.5531250000000002 0.7828125
0 0.4781250000000001 0.578125 0.3515625000000001 0.578125 0.3515625000000001 0.8453125 0.4781250000000002 0.8453125
0 0.6250000000000002 0.8140625 0.44062500000000016 0.8140625 0.44062500000000016 0.9953125 0.6250000000000002 0.9953125
0 0.3593750000000001 0.4328125 0.18125000000000005 0.4328125 0.18125000000000008 0.8296875 0.3593750000000001 0.8296875
0 0.20468750000000008 0.5828125 0.1390625000000001 0.5828125 0.1390625000000001 0.7171875 0.20468750000000008 0.7171875
0 0.1312500000000001 0.5984375 0.050000000000000065 0.5984375 0.050000000000000086 0.8921875 0.1312500000000001 0.8921875
0 0.39062500000000006 2.3918882795846743e-17 0 0 2.93723880732998e-17 0.4796875 0.3906250000000001 0.4796875
0 0.20781250000000004 1.2724845647390468e-17 0 0 3.626102631850366e-17 0.5921875 0.2078125000000001 0.5921875
0 0.478125 4.582857943684235e-17 0.2703125 3.3103733789451887e-17 0.2703125 0.3140625 0.478125 0.3140625000000001
0 0.6640625 6.687719629718749e-17 0.428125 5.2430191088496056e-17 0.428125 0.4125 0.6640625 0.4125
0 0.603125 0.3203125000000001 0.4796875 0.3203125000000001 0.4796875 0.5203125 0.603125 0.5203125
0 0.6828125 6.783395160902136e-17 0.425 5.204748896376251e-17 0.425 0.4171875 0.6828125 0.4171875
0 0.984375 9.567553118338697e-17 0.578125 7.079989307570636e-17 0.578125 0.48906250000000007 0.984375 0.4890625000000002
0 0.996875 0.2734375000000001 0.8078125 0.2734375000000001 0.8078125 0.46406250000000016 0.996875 0.46406250000000016