0 0.8515625 0.2453125000000001 0.5796875 0.2453125000000001 0.5796875 0.4843750000000001 0.8515625 0.48437500000000017
0 0.996875 0.17656250000000012 0.8125 0.1765625000000001 0.8125 0.3906250000000001 0.996875 0.3906250000000001
0 0.94375 0.3703125000000001 0.5046875 0.3703125000000001 0.5046875000000001 0.7859375000000001 0.94375 0.7859375000000002
0 0.5953125 0.5265625 0.4921875 0.5265625 0.4921875 0.6609375 0.5953125 0.6609375
0 0.6796875000000001 0.5109375 0.3734375000000001 0.5109375 0.3734375000000001 0.890625 0.6796875000000002 0.890625
0 0.640625 0.34375000000000006 0.3359375 0.34375 0.33593750000000006 0.703125 0.640625 0.703125
0 0.721875 0.1984375000000001 0.5875 0.1984375000000001 0.5875 0.3703125000000001 0.721875 0.3703125000000001
0 0.3203125000000001 0.625 0.2515625000000001 0.625 0.2515625000000001 0.7078125 0.3203125000000001 0.7078125
0 0.3734375000000001 0.703125 0.2406250000000001 0.703125 0.2406250000000001 0.8390625 0.3734375000000001 0.8390625
0 0.43437500000000007 0.6765625 0.1453125000000001 0.6765625 0.1453125000000001 0.828125 0.4343750000000002 0.828125
0 0.1765625000000001 0.71875 0.10781250000000009 0.71875 0.10781250000000009 0.78125 0.1765625000000001 0.78125
0 0.3203125000000001 0.71875 8.802148868871601e-17 0.71875 9.883282371243874e-17 0.8953125 0.3203125000000001 0.8953125
0 0.996875 6.104098889500089e-17 0 0 5.4535052774530576e-17 0.890625 0.996875 0.890625