0 0.4812500000000002 0.8625 0.37968750000000007 0.8625 0.37968750000000007 0.9265625 0.4812500000000002 0.9265625
0 0.5453125000000002 0.8671875 0.48437500000000017 0.8671875 0.48437500000000017 0.93125 0.5453125000000002 0.93125
0 0.7640625000000002 0.8578125 0.6890625000000001 0.8578125 0.6890625000000001 0.9265625 0.7640625000000002 0.9265625
0 0.7968750000000002 0.8578125 0.7562500000000002 0.8578125 0.7562500000000002 0.9265625 0.7968750000000002 0.9265625
0 0.853125 0.8359375 0.7890625000000002 0.8359375 0.7890625000000002 0.9203125 0.853125 0.9203125
0 0.9203125 0.83125 0.8609375 0.83125 0.8609375 0.9203125 0.9203125 0.9203125
0 0.9734375 0.7937500000000002 0.890625 0.7937500000000002 0.890625 0.9203125 0.9734375 0.9203125
0 0.996875 0.8140625 0.9625 0.8140625 0.9625 0.8890625 0.996875 0.8890625
0 0.996875 0.884375 0.9734375 0.884375 0.9734375 0.9265625 0.996875 0.9265625
0 0.996875 0.6937500000000002 0.8984375 0.6937500000000002 0.8984375 0.83125 0.996875 0.83125
0 0.946875 0.7359375000000001 0.8765625 0.7359375000000001 0.8765625 0.7984375000000001 0.946875 0.7984375000000001
0 0.8984375 0.7984375000000001 0.8421875 0.7984375000000001 0.8421875 0.8625 0.8984375 0.8625
0 0.81875 0.7625000000000002 0.7296875000000002 0.7625000000000002 0.7296875000000002 0.815625 0.81875 0.815625
0 0.4625000000000001 0.7140625 0.38750000000000007 0.7140625 0.38750000000000007 0.83125 0.4625000000000002 0.83125
0 0.4625 0.6875 0.4390625 0.6875 0.4390625 0.7203125 0.4625 0.7203125
0 0.41406250000000017 0.7828125 0.3453125000000001 0.7828125 0.3453125000000001 0.9046875 0.41406250000000017 0.9046875
0 0.3312500000000001 0.8046875 0.27031250000000007 0.8046875 0.27031250000000007 0.9203125 0.3312500000000001 0.9203125
0 0.2718750000000001 0.75625 0.1703125000000001 0.75625 0.17031250000000012 0.9265625 0.2718750000000001 0.9265625
0 0.1765625000000001 0.725 0.0750000000000001 0.725 0.0750000000000001 0.8359375 0.1765625000000001 0.8359375
0 0.1734375000000001 0.8359375 0.07500000000000011 0.8359375 0.07500000000000011 0.9265625 0.17343750000000013 0.9265625
0 0.0750000000000001 0.7515625 9.203986099841827e-17 0.7515625 1.0074633433610647e-16 0.89375 0.07500000000000011 0.89375
0 0.018750000000000096 0.7359375 9.012635037475052e-17 0.7359375 9.787606840060487e-17 0.8625 0.018750000000000107 0.8625
0 0.11250000000000009 0.65625 0.01093750000000008 0.65625 0.010937500000000088 0.7671875 0.11250000000000009 0.7671875
0 0.06718750000000008 0.54375 6.659016970363734e-17 0.54375 7.443556326067507e-17 0.671875 0.0671875000000001 0.671875
0 0.1281250000000001 0.55625 0.07187500000000006 0.55625 0.07187500000000008 0.6515625 0.1281250000000001 0.6515625
0 0.2078125000000001 0.5828125 0.12500000000000008 0.5828125 0.12500000000000008 0.678125 0.2078125000000001 0.678125
0 0.2250000000000001 0.55 0.1468750000000001 0.55 0.1468750000000001 0.603125 0.2250000000000001 0.603125
0 0.27812500000000007 0.540625 0.2062500000000001 0.540625 0.2062500000000001 0.625 0.27812500000000007 0.625
0 0.3687500000000001 0.55 0.2328125000000001 0.55 0.2328125000000001 0.6609375 0.3687500000000001 0.6609375
0 0.37187500000000007 0.503125 0.3203125000000001 0.503125 0.3203125000000001 0.55625 0.37187500000000007 0.55625
0 0.3843750000000001 0.4171875 0.3203125000000001 0.4171875 0.3203125000000001 0.4921875 0.3843750000000001 0.4921875
0 0.35781250000000003 0.3234375 0.3078125 0.3234375 0.30781250000000004 0.4390625 0.3578125000000001 0.4390625
0 0.4109375 0.23750000000000004 0.328125 0.2375 0.328125 0.35468750000000004 0.4109375 0.3546875000000001
0 0.371875 0.17968750000000006 0.3203125 0.17968750000000006 0.3203125 0.275 0.371875 0.2750000000000001
0 0.353125 0.11093750000000005 0.315625 0.11093750000000005 0.315625 0.2171875 0.353125 0.2171875
0 0.2890625 0.037500000000000026 0.2140625 0.03750000000000002 0.2140625 0.11093750000000005 0.2890625 0.11093750000000005
0 0.3203125 0.08437500000000003 0.2375 0.08437500000000002 0.2375 0.2015625 0.3203125 0.2015625
0 0.328125 0.2015625 0.2453125 0.2015625 0.2453125 0.2859375 0.328125 0.2859375
0 0.334375 0.2859375 0.2703125 0.2859375 0.2703125 0.3546875 0.334375 0.3546875
0 0.31250000000000006 0.3328125 0.2296875 0.3328125 0.22968750000000004 0.4390625 0.3125000000000001 0.4390625
0 0.23281250000000003 0.3390625 0.15000000000000005 0.3390625 0.15000000000000005 0.4390625 0.2328125000000001 0.4390625
0 0.275 0.221875 0.18750000000000006 0.221875 0.18750000000000006 0.34375 0.275 0.34375
0 0.2484375 0.14375000000000002 0.146875 0.14375 0.14687500000000003 0.275 0.2484375 0.275
0 0.2375 0.06875000000000002 0.1625 0.06875000000000002 0.1625 0.17500000000000002 0.2375 0.17500000000000004
0 0.1734375 0.07500000000000002 0.109375 0.07500000000000002 0.109375 0.14375 0.1734375 0.14375
0 0.17343750000000002 0.1484375 0.08281250000000002 0.1484375 0.08281250000000002 0.2703125 0.17343750000000005 0.2703125
0 0.12031250000000004 0.24375 0.07500000000000002 0.24375 0.07500000000000004 0.3015625 0.12031250000000004 0.3015625
0 0.19218750000000004 0.259375 0.10468750000000004 0.259375 0.10468750000000004 0.38125 0.19218750000000004 0.38125
0 0.12343750000000005 0.3015625 0.07187500000000005 0.3015625 0.07187500000000005 0.3921875 0.12343750000000005 0.3921875
0 0.12812500000000004 0.403125 0.07187500000000005 0.403125 0.07187500000000005 0.525 0.12812500000000004 0.525
0 0.15781250000000005 0.38125 0.10937500000000004 0.38125 0.10937500000000004 0.44375 0.15781250000000005 0.44375
0 0.026562500000000027 0.1421875 1.741294667537643e-17 0.1421875 2.525834023241416e-17 0.2703125 0.026562500000000034 0.2703125
0 0.3984375 4.5350201780925416e-17 0.3421875 4.190588265832349e-17 0.3421875 0.042187500000000044 0.3984375 0.042187500000000044
0 0.5 0.032812500000000064 0.4359375 0.03281250000000006 0.4359375 0.09062500000000005 0.5 0.09062500000000007
0 0.2171875 2.2483749828095937e-17 0.15 1.8369701987210297e-17 0.15 0.03125000000000002 0.2171875 0.03125000000000002
0 0.946875 0.6296875000000002 0.8796875 0.6296875000000002 0.8796875 0.6984375000000002 0.946875 0.6984375000000002
0 0.9890625 0.5765625000000002 0.9015625 0.5765625000000002 0.9015625 0.6562500000000002 0.9890625 0.6562500000000002
0 0.978125 0.5343750000000002 0.921875 0.5343750000000002 0.921875 0.5765625000000002 0.978125 0.5765625000000002
0 0.86875 0.5984375000000002 0.8125 0.5984375000000002 0.8125 0.6718750000000002 0.86875 0.6718750000000002
0 0.9171875 0.5453125000000002 0.85 0.5453125000000002 0.85 0.6187500000000001 0.9171875 0.6187500000000001
0 0.909375 0.5140625000000002 0.853125 0.5140625000000002 0.853125 0.5718750000000001 0.909375 0.5718750000000001
0 0.8578125 0.5031250000000002 0.7828125 0.5031250000000002 0.7828125 0.6078125000000002 0.8578125 0.6078125000000002
0 0.8125 0.5984375000000002 0.7484375 0.5984375000000002 0.7484375 0.6609375000000002 0.8125 0.6609375000000002
0 0.78125 0.5453125000000002 0.7484375 0.5453125000000002 0.7484375 0.5984375000000002 0.78125 0.5984375000000002
0 0.7515625 0.5671875000000001 0.7109375 0.5671875 0.7109375 0.6515625 0.7515625 0.6515625000000002
0 0.71875 0.51875 0.6203125 0.51875 0.6203125 0.6140625 0.71875 0.6140625
0 0.6921875 0.434375 0.575 0.434375 0.575 0.571875 0.6921875 0.571875
0 0.7515625 0.4984375000000001 0.66875 0.4984375 0.66875 0.5671875000000001 0.7515625 0.5671875000000002
0 0.796875 0.4500000000000002 0.7328125 0.4500000000000002 0.7328125 0.5453125000000002 0.796875 0.5453125000000002
0 0.8578125 0.4125000000000002 0.79375 0.4125000000000002 0.79375 0.5187500000000002 0.8578125 0.5187500000000002
0 0.8953125 0.4390625000000002 0.853125 0.4390625000000002 0.853125 0.5078125000000002 0.8953125 0.5078125000000002
0 0.94375 0.47187500000000016 0.8984375 0.47187500000000016 0.8984375 0.5515625000000002 0.94375 0.5515625000000002
0 0.965625 0.4546875000000002 0.9359375 0.4546875000000002 0.9359375 0.5343750000000002 0.965625 0.5343750000000002
0 0.965625 0.3593750000000001 0.9171875 0.3593750000000001 0.9171875 0.4546875000000002 0.965625 0.4546875000000002
0 0.940625 0.3437500000000001 0.8765625 0.3437500000000001 0.8765625 0.4812500000000002 0.940625 0.4812500000000002
0 0.8921875 0.3281250000000001 0.828125 0.3281250000000001 0.828125 0.4390625000000002 0.8921875 0.4390625000000002
0 0.83125 0.33281250000000007 0.78125 0.33281250000000007 0.78125 0.3968750000000001 0.83125 0.3968750000000001
0 0.8078125 0.3546875000000001 0.759375 0.3546875000000001 0.759375 0.4593750000000002 0.8078125 0.4593750000000002
0 0.759375 0.3546875000000001 0.7140625 0.3546875000000001 0.7140625 0.4546875000000001 0.759375 0.4546875000000002
0 0.721875 0.4390625 0.6734375 0.4390625 0.6734375 0.4921875 0.721875 0.4921875
0 0.725 0.3437500000000001 0.646875 0.3437500000000001 0.646875 0.4453125 0.725 0.4453125
0 0.65 0.3125000000000001 0.5609375 0.3125000000000001 0.5609375 0.434375 0.65 0.434375
0 0.590625 0.4125 0.5265625 0.4125 0.5265625 0.5140625 0.590625 0.5140625
0 0.5609375 0.3390625000000001 0.459375 0.3390625000000001 0.459375 0.45 0.5609375 0.45
0 0.5 0.3859375000000001 0.4171875 0.3859375000000001 0.4171875 0.5765625 0.5 0.5765625
0 0.5859375 0.24375000000000008 0.4703125 0.24375000000000008 0.4703125 0.3546875000000001 0.5859375 0.3546875000000001
0 0.628125 0.19062500000000007 0.5375 0.19062500000000004 0.5375 0.31718750000000007 0.628125 0.31718750000000007
0 0.64375 0.17968750000000008 0.5875 0.17968750000000008 0.5875 0.24375000000000008 0.64375 0.24375000000000008
0 0.715625 0.1750000000000001 0.60625 0.1750000000000001 0.60625 0.30156250000000007 0.715625 0.30156250000000007
0 0.6734375 0.3078125000000001 0.628125 0.3078125000000001 0.628125 0.3656250000000001 0.6734375 0.3656250000000001
0 0.75625 0.2656250000000001 0.6578125 0.2656250000000001 0.6578125 0.3500000000000001 0.75625 0.3500000000000001
0 0.775 0.1843750000000001 0.7 0.1843750000000001 0.7 0.28593750000000007 0.775 0.28593750000000007
0 0.8078125 0.2484375000000001 0.740625 0.2484375000000001 0.740625 0.3500000000000001 0.8078125 0.3500000000000001
0 0.8421875 0.2390625000000001 0.8078125 0.2390625000000001 0.8078125 0.3343750000000001 0.8421875 0.3343750000000001
0 0.8875 0.25468750000000007 0.83125 0.25468750000000007 0.83125 0.3390625000000001 0.8875 0.3390625000000001
0 0.94375 0.2484375000000001 0.8765625 0.2484375000000001 0.8765625 0.3437500000000001 0.94375 0.3437500000000001
0 0.9703125 0.22812500000000008 0.909375 0.22812500000000008 0.909375 0.2968750000000001 0.9703125 0.2968750000000001
0 0.996875 0.17968750000000014 0.9546875 0.17968750000000014 0.9546875 0.2593750000000001 0.996875 0.2593750000000001
0 0.996875 0.2640625000000001 0.9546875 0.2640625000000001 0.9546875 0.30156250000000007 0.996875 0.30156250000000007
0 0.996875 0.3078125000000001 0.9515625 0.3078125000000001 0.9515625 0.3656250000000001 0.996875 0.3656250000000001
0 0.996875 0.3656250000000001 0.9625 0.3656250000000001 0.9625 0.4546875000000002 0.996875 0.4546875000000002
0 0.996875 0.47187500000000016 0.9703125 0.47187500000000016 0.9703125 0.5250000000000001 0.996875 0.5250000000000001
0 0.984375 0.010937500000000116 0.9171875 0.01093750000000011 0.9171875 0.09062500000000011 0.984375 0.09062500000000011
0 0.9546875 1.131841533899468e-16 0.89375 1.094528076737947e-16 0.89375 0.07343750000000011 0.9546875 0.07343750000000011
0 0.8984375 1.0428632898989181e-16 0.8046875 9.854579711888858e-17 0.8046875 0.0796875000000001 0.8984375 0.0796875000000001
0 0.8265625 9.596255777693713e-17 0.740625 9.070040356185083e-17 0.740625 0.0796875000000001 0.8265625 0.0796875000000001
0 0.7484375 0.010937500000000088 0.6734375 0.010937500000000083 0.6734375 0.0906250000000001 0.7484375 0.0906250000000001
0 0.8046875 0.05312500000000009 0.721875 0.05312500000000009 0.721875 0.14218750000000008 0.8046875 0.14218750000000008
0 0.8390625 0.0796875000000001 0.775 0.07968750000000009 0.775 0.16406250000000008 0.8390625 0.16406250000000008
0 0.7296875 0.07343750000000009 0.6546875 0.07343750000000009 0.6546875 0.16406250000000008 0.7296875 0.16406250000000008
0 0.6578125 7.596637175960925e-17 0.5828125 7.137394626280668e-17 0.5828125 0.07343750000000007 0.6578125 0.07343750000000009
0 0.66875 0.037500000000000075 0.6125 0.037500000000000075 0.6125 0.1218750000000001 0.66875 0.1218750000000001
0 0.6234375 0.06406250000000006 0.5375 0.06406250000000006 0.5375 0.19531250000000006 0.6234375 0.19531250000000008
0 0.5484375 0.11093750000000006 0.5 0.11093750000000005 0.5 0.16875000000000007 0.5484375 0.1687500000000001
0 0.553125 0.15937500000000007 0.4734375 0.15937500000000004 0.4734375 0.25468750000000007 0.553125 0.25468750000000007
0 0.665625 0.1218750000000001 0.609375 0.1218750000000001 0.609375 0.1687500000000001 0.665625 0.1687500000000001
0 0.775 0.11093750000000009 0.7109375 0.11093750000000009 0.7109375 0.19531250000000008 0.775 0.19531250000000008
0 0.86875 0.1218750000000001 0.8125 0.1218750000000001 0.8125 0.21093750000000008 0.86875 0.21093750000000008
0 0.8609375 0.2062500000000001 0.8078125 0.2062500000000001 0.8078125 0.25468750000000007 0.8609375 0.25468750000000007
0 0.809375 0.1703125000000001 0.7640625 0.1703125000000001 0.7640625 0.2500000000000001 0.809375 0.2500000000000001
0 0.965625 0.13750000000000012 0.9171875 0.13750000000000012 0.9171875 0.2218750000000001 0.965625 0.2218750000000001
0 0.9203125 0.16875000000000012 0.8609375 0.1687500000000001 0.8609375 0.24375000000000008 0.9203125 0.24375000000000008
0 0.9296875 0.0953125000000001 0.8921875 0.0953125000000001 0.8921875 0.15312500000000012 0.9296875 0.15312500000000012
1 0.9359375 0.6937500000000001 0.459375 0.69375 0.4593750000000001 0.8625 0.9359375 0.8625
1 0.9921875 0.6671875000000002 0.940625 0.6671875000000002 0.940625 0.7093750000000002 0.9921875 0.7093750000000002
1 0.6203125 0.571875 0.4546875 0.571875 0.4546875 0.69375 0.6203125 0.69375
1 0.703125 0.609375 0.6234375 0.609375 0.6234375 0.6890625 0.703125 0.6890625
1 0.775 0.6515625 0.703125 0.6515625 0.703125 0.6937500000000001 0.775 0.6937500000000002
1 0.8390625 0.6718750000000002 0.775 0.6718750000000002 0.775 0.6937500000000002 0.8390625 0.6937500000000002
1 0.865625 0.6828125000000002 0.8390625 0.6828125000000002 0.8390625 0.6937500000000002 0.865625 0.6937500000000002
1 0.5296875 0.4703125 0.5 0.4703125 0.5 0.5765625 0.5296875 0.5765625
1 0.571875 0.5140625 0.5296875 0.5140625 0.5296875 0.571875 0.571875 0.571875
1 0.6015625 0.55 0.571875 0.55 0.571875 0.565625 0.6015625 0.565625
1 0.5 0.5453125 0.48125 0.5453125 0.48125 0.571875 0.5 0.571875