0 0.996875 0.8140625 0.821875 0.8140625 0.821875 0.9953125 0.996875 0.9953125
0 0.9484375 0.7265625000000002 0.821875 0.7265625000000002 0.821875 0.8578125 0.9484375 0.8578125
0 0.840625 0.8203125 0.7171875000000002 0.8203125 0.7171875000000002 0.9453125 0.840625 0.9453125
0 0.7500000000000002 0.9125 0.6843750000000002 0.9125 0.6843750000000002 0.9671875 0.7500000000000002 0.9671875
0 0.7156250000000002 0.7921875 0.6765625000000002 0.7921875 0.6765625000000002 0.86875 0.7156250000000002 0.86875
0 0.7234375000000002 0.8578125 0.6796875000000002 0.8578125 0.6796875000000002 0.9078125 0.7234375000000002 0.9078125
0 0.5921875000000001 0.7109375 0.4296875 0.7109375 0.4296875000000001 0.7703125 0.5921875000000002 0.7703125
0 0.6500000000000001 0.7484375 0.47656250000000017 0.7484375 0.47656250000000017 0.83125 0.6500000000000001 0.83125
0 0.5609375000000002 0.809375 0.42968750000000017 0.809375 0.42968750000000017 0.896875 0.5609375000000002 0.896875
0 0.5390625000000002 0.875 0.2953125000000001 0.875 0.2953125000000001 0.9671875 0.5390625000000002 0.9671875
0 0.8265625 0.9453125 0.43750000000000017 0.9453125 0.43750000000000017 0.9953125 0.8265625 0.9953125
0 0.4296875000000001 0.7 0.3343750000000001 0.7 0.3343750000000001 0.86875 0.42968750000000017 0.86875
0 0.3609375000000001 0.7046875 0.2375000000000001 0.7046875 0.2375000000000001 0.875 0.3609375000000001 0.875
0 0.5234375000000001 0.7 0.4359375 0.7 0.4359375000000001 0.7546875 0.5234375000000002 0.7546875
0 0.5781250000000001 0.721875 0.4734375 0.721875 0.47343750000000007 0.78125 0.5781250000000002 0.78125
0 0.7781250000000001 0.5468750000000001 0.7171875 0.546875 0.7171875000000001 0.7703125000000001 0.7781250000000002 0.7703125000000002
0 0.928125 0.5515625000000001 0.7015625 0.5515625 0.7015625 0.6890625000000001 0.928125 0.6890625000000001
0 0.996875 0.4703125000000002 0.8140625 0.4703125000000002 0.8140625 0.6125000000000002 0.996875 0.6125000000000002
0 0.90625 0.30156250000000007 0.7453125 0.30156250000000007 0.7453125 0.4437500000000002 0.90625 0.4437500000000002
0 0.9125 0.3765625000000001 0.8109375 0.3765625000000001 0.8109375 0.4812500000000002 0.9125 0.4812500000000002
0 0.9421875 0.3390625000000001 0.890625 0.3390625000000001 0.890625 0.4421875000000002 0.9421875 0.4421875000000002
0 0.9890625 0.3937500000000001 0.934375 0.3937500000000001 0.934375 0.44843750000000016 0.9890625 0.44843750000000016
0 0.796875 0.3781250000000001 0.75625 0.3781250000000001 0.75625 0.43281250000000016 0.796875 0.43281250000000016
0 0.825 0.43750000000000017 0.778125 0.43750000000000017 0.778125 0.4812500000000002 0.825 0.4812500000000002
0 0.8328125 0.49218750000000017 0.778125 0.49218750000000017 0.778125 0.5468750000000002 0.8328125 0.5468750000000002
0 0.78125 0.4593750000000002 0.7453125 0.4593750000000002 0.7453125 0.5296875000000002 0.78125 0.5296875000000002
0 0.7390625 0.41093750000000007 0.6953125 0.4109375 0.6953125 0.4546875000000001 0.7390625 0.4546875000000002
0 0.7859375 0.4046875000000002 0.73125 0.4046875000000002 0.73125 0.45312500000000017 0.7859375 0.45312500000000017
0 0.7640625 0.3609375000000001 0.7234375 0.3609375000000001 0.7234375 0.4156250000000001 0.7640625 0.4156250000000002
0 0.7265625 0.3437500000000001 0.6765625 0.3437500000000001 0.6765625 0.4046875000000001 0.7265625 0.4046875000000002
0 0.690625 0.3984375000000001 0.6765625 0.3984375000000001 0.6765625 0.4375 0.690625 0.4375
0 0.6765625 0.409375 0.6390625 0.409375 0.6390625 0.4375 0.6765625 0.4375
0 0.734375 0.4593750000000001 0.690625 0.459375 0.690625 0.51875 0.734375 0.5187500000000002
0 0.6953125 0.4328125 0.6375 0.4328125 0.6375 0.509375 0.6953125 0.509375
0 0.6765625 0.4921875 0.625 0.4921875 0.625 0.5578125 0.6765625 0.5578125
0 0.7234375 0.51875 0.6796875 0.51875 0.6796875 0.5796875 0.7234375 0.5796875
0 0.2687500000000001 0.8359375 0.1671875000000001 0.8359375 0.1671875000000001 0.9671875 0.2687500000000001 0.9671875
0 0.2796875000000001 0.91875 0.24375000000000008 0.91875 0.24375000000000008 0.9671875 0.2796875000000001 0.9671875
0 0.24375000000000008 0.9296875 0.2000000000000001 0.9296875 0.2000000000000001 0.984375 0.24375000000000008 0.984375
0 0.21875000000000008 0.7921875 0.16406250000000008 0.7921875 0.16406250000000008 0.83125 0.21875000000000008 0.83125
0 0.1718750000000001 0.7703125 0.07343750000000009 0.7703125 0.0734375000000001 0.9078125 0.17187500000000014 0.9078125
0 0.1968750000000001 0.853125 1.0447768005225856e-16 0.853125 1.131841533899468e-16 0.9953125 0.19687500000000013 0.9953125
0 0.0703125000000001 0.7765625 0.015625000000000094 0.7765625 0.0156250000000001 0.853125 0.07031250000000011 0.853125
0 0.1312500000000001 0.60625 7.424421219830829e-17 0.60625 8.763878656398246e-17 0.825 0.1312500000000001 0.825
0 0.23593750000000008 0.38125 4.6689659217492845e-17 0.38125 6.649449417245395e-17 0.7046875 0.23593750000000008 0.7046875
0 0.2734375000000001 0.4046875 0.19687500000000005 0.4046875 0.19687500000000005 0.48125 0.2734375000000001 0.48125
0 0.3312500000000001 0.4703125 0.25468750000000007 0.4703125 0.25468750000000007 0.584375 0.3312500000000001 0.584375
0 0.3593750000000001 0.6171875 0.2000000000000001 0.6171875 0.2000000000000001 0.8421875 0.3593750000000001 0.8421875
0 0.61875 0.503125 0.3703125000000001 0.503125 0.3703125000000001 0.7046875 0.61875 0.7046875
0 0.7171875000000001 0.5578125 0.6265625 0.5578125 0.6265625000000001 0.7375 0.7171875000000002 0.7375
0 0.646875 0.590625 0.6109375 0.590625 0.6109375 0.634375 0.646875 0.634375
0 0.9890625 0.6671875000000002 0.7640625 0.6671875000000002 0.7640625000000001 0.825 0.9890625 0.825
0 0.5125 0.496875 0.4140625 0.496875 0.4140625 0.584375 0.5125 0.584375
0 0.06562500000000004 0.3765625 4.6115606030392526e-17 0.3765625 4.984695174654462e-17 0.4375 0.06562500000000004 0.4375
0 0.4 0.3765625 0.2796875000000001 0.3765625 0.2796875000000001 0.48125 0.4 0.48125
0 0.509375 0.3453125000000001 0.396875 0.3453125000000001 0.39687500000000003 0.465625 0.509375 0.465625
0 0.534375 0.4046875 0.4875 0.4046875 0.4875 0.4859375 0.534375 0.4859375
0 0.603125 0.4046875 0.534375 0.4046875 0.534375 0.540625 0.603125 0.540625
0 0.575 0.4703125 0.4796875 0.4703125 0.4796875 0.540625 0.575 0.540625
0 0.6375 0.3453125000000001 0.59375 0.3453125000000001 0.59375 0.4328125 0.6375 0.4328125
0 0.625 0.2953125000000001 0.5640625 0.2953125000000001 0.5640625 0.3765625000000001 0.625 0.3765625000000001
0 0.621875 0.2468750000000001 0.559375 0.2468750000000001 0.559375 0.3234375000000001 0.621875 0.3234375000000001
0 0.7375 0.2843750000000001 0.665625 0.2843750000000001 0.665625 0.3656250000000001 0.7375 0.3656250000000001
0 0.7640625 0.30156250000000007 0.7265625 0.30156250000000007 0.7265625 0.3781250000000001 0.7640625 0.3781250000000001
0 0.759375 0.21875000000000008 0.7203125 0.21875000000000008 0.7203125 0.3062500000000001 0.759375 0.3062500000000001
0 0.8328125 0.2140625000000001 0.7671875 0.2140625000000001 0.7671875 0.30156250000000007 0.8328125 0.30156250000000007
0 0.8796875 0.2015625000000001 0.8296875 0.2015625000000001 0.8296875 0.2953125000000001 0.8796875 0.2953125000000001
0 0.909375 0.1750000000000001 0.8546875 0.1750000000000001 0.8546875 0.23437500000000008 0.909375 0.23437500000000008
0 0.9671875 0.17031250000000014 0.909375 0.17031250000000014 0.909375 0.23593750000000008 0.9671875 0.23593750000000008
0 0.996875 0.1796875000000001 0.8546875 0.17968750000000008 0.8546875 0.4046875000000002 0.996875 0.4046875000000002
0 0.13125000000000003 0.125 1.5308084989341915e-17 0.125 3.1094547634600764e-17 0.3828125 0.13125000000000003 0.3828125
0 0.10156250000000004 0.2515625 0.046875000000000035 0.2515625 0.04687500000000004 0.3390625 0.10156250000000004 0.3390625
0 0.14531250000000004 0.2515625 0.09531250000000002 0.2515625 0.09531250000000004 0.328125 0.14531250000000004 0.328125
0 0.2109375 0.14218750000000002 0.109375 0.1421875 0.10937500000000003 0.284375 0.2109375 0.284375
0 0.403125 0.15312500000000004 0.2 0.15312500000000004 0.2 0.35468750000000004 0.403125 0.3546875000000001
0 0.26250000000000007 0.2953125 0.17187500000000006 0.2953125 0.17187500000000006 0.415625 0.26250000000000007 0.415625
0 0.17500000000000004 0.284375 0.13750000000000004 0.284375 0.13750000000000004 0.35 0.17500000000000004 0.35
0 0.18125000000000005 0.35 0.14531250000000004 0.35 0.14531250000000004 0.3875 0.18125000000000005 0.3875
0 0.32031250000000006 0.328125 0.2546875 0.328125 0.25468750000000007 0.415625 0.3203125000000001 0.415625
0 0.353125 0.30625 0.3234375 0.30625 0.3234375 0.3390625 0.353125 0.3390625
0 0.34218750000000003 0.328125 0.315625 0.328125 0.31562500000000004 0.3875 0.3421875000000001 0.3875
0 0.39687500000000003 0.28906250000000006 0.353125 0.2890625 0.353125 0.39375000000000004 0.3968750000000001 0.3937500000000001
0 0.4109375 0.2796875000000001 0.378125 0.2796875000000001 0.378125 0.3343750000000001 0.4109375 0.3343750000000001
0 0.440625 0.31718750000000007 0.396875 0.31718750000000007 0.39687500000000003 0.3765625000000001 0.440625 0.3765625000000001
0 0.509375 0.2843750000000001 0.440625 0.2843750000000001 0.440625 0.3546875000000001 0.509375 0.3546875000000001
0 0.5671875 0.2562500000000001 0.4953125 0.2562500000000001 0.4953125 0.4265625 0.5671875 0.4265625
0 0.6796875 0.2734375000000001 0.6296875 0.2734375000000001 0.6296875 0.415625 0.6796875 0.415625
0 0.7171875 0.2078125000000001 0.66875 0.2078125000000001 0.66875 0.2890625000000001 0.7171875 0.2890625000000001
0 0.3640625 0.07031250000000004 0.2953125 0.07031250000000004 0.2953125 0.15312500000000004 0.3640625 0.15312500000000004
0 0.4078125 0.07031250000000004 0.359375 0.07031250000000004 0.359375 0.14218750000000005 0.4078125 0.14218750000000005
0 0.4359375 0.13125000000000003 0.3671875 0.13125000000000003 0.3671875 0.2296875000000001 0.4359375 0.2296875000000001
0 0.4734375 0.09843750000000005 0.41875 0.09843750000000004 0.41875 0.19062500000000004 0.4734375 0.19062500000000004
0 0.29375 0.07656250000000003 0.24375 0.07656250000000002 0.24375 0.13593750000000004 0.29375 0.13593750000000004
0 0.2359375 0.08750000000000002 0.178125 0.08750000000000002 0.178125 0.153125 0.2359375 0.15312500000000004
0 0.4765625 0.032812500000000036 0.1921875 0.03281250000000002 0.1921875 0.14218750000000005 0.4765625 0.14218750000000005
0 0.3671875 3.989669650347236e-17 0.284375 3.482589335075286e-17 0.284375 0.05468750000000004 0.3671875 0.05468750000000004
0 0.203125 0.02187500000000002 0.13125 0.021875000000000016 0.13125 0.08125000000000002 0.203125 0.08125000000000002
0 0.1640625 1.3394574365674177e-17 0.0546875 6.6972871828370884e-18 0.054687500000000014 0.146875 0.1640625 0.146875
0 0.054687500000000014 0.010937500000000003 1.3394574365674175e-18 0.0109375 6.984313776387249e-18 0.103125 0.05468750000000002 0.103125
0 0.1828125 1.9709159423777714e-17 0.1390625 1.703024455064288e-17 0.1390625 0.01093750000000002 0.1828125 0.010937500000000022
0 0.265625 2.8319957230282545e-17 0.196875 2.4110233858213517e-17 0.196875 0.026562500000000027 0.265625 0.026562500000000034
0 0.3921875 4.649830815512606e-17 0.3671875 4.4967499656191874e-17 0.3671875 0.021875000000000047 0.3921875 0.02187500000000005
0 0.4328125 5.003830280891139e-17 0.384375 4.7072361342226394e-17 0.384375 0.04843750000000005 0.4328125 0.04843750000000006
0 0.4984375 0.010937500000000057 0.440625 0.010937500000000053 0.440625 0.05937500000000005 0.4984375 0.05937500000000007
0 0.509375 0.23437500000000008 0.425 0.23437500000000008 0.425 0.31718750000000007 0.509375 0.31718750000000007
0 0.4546875 0.2296875000000001 0.403125 0.2296875000000001 0.403125 0.2890625000000001 0.4546875 0.2890625000000001
0 0.4984375 0.27812500000000007 0.44375 0.27812500000000007 0.44375 0.3390625000000001 0.4984375 0.3390625000000001
0 0.5171875 0.14687500000000003 0.4625 0.14687500000000003 0.4625 0.2515625000000001 0.5171875 0.2515625000000001
0 0.578125 0.14843750000000006 0.5125 0.14843750000000006 0.5125 0.23593750000000008 0.578125 0.23593750000000008
0 0.5671875 0.2140625000000001 0.5125 0.2140625000000001 0.5125 0.2796875000000001 0.5671875 0.2796875000000001
0 0.6140625 0.1468750000000001 0.575 0.1468750000000001 0.575 0.21875000000000008 0.6140625 0.21875000000000008
0 0.5234375 0.08750000000000006 0.4734375 0.08750000000000006 0.4734375 0.14218750000000005 0.5234375 0.14218750000000005
0 0.528125 0.05468750000000007 0.4796875 0.05468750000000007 0.4796875 0.09218750000000006 0.528125 0.09218750000000006
0 0.5484375 6.448530801760282e-17 0.5046875 6.180639314446799e-17 0.5046875 0.05937500000000007 0.5484375 0.05937500000000007
0 0.6109375 7.060854201333958e-17 0.5421875 6.639881864127056e-17 0.5421875 0.043750000000000074 0.6109375 0.04375000000000008
0 0.6703125 7.874096216392748e-17 0.615625 7.539231857250894e-17 0.615625 0.03281250000000008 0.6703125 0.03281250000000008
0 0.69375 8.342906319191344e-17 0.66875 8.189825469297925e-17 0.66875 0.015625000000000083 0.69375 0.015625000000000083
0 0.7515625 8.897824400054988e-17 0.7015625 8.591662700268149e-17 0.7015625 0.02656250000000009 0.7515625 0.02656250000000009
0 0.7875 9.47187758715531e-17 0.759375 9.299661631025214e-17 0.759375 0.026562500000000093 0.7875 0.0265625000000001
0 0.8109375 9.84501215877052e-17 0.796875 9.758904180705471e-17 0.796875 0.0328125000000001 0.8109375 0.0328125000000001
0 0.890625 1.0438200452107518e-16 0.8140625 9.969390349308921e-17 0.8140625 0.0375000000000001 0.890625 0.03750000000000011
0 0.9890625 0.03906250000000012 0.9453125 0.03906250000000011 0.9453125 0.10468750000000013 0.9890625 0.10468750000000013
0 0.9421875 0.017187500000000112 0.89375 0.017187500000000112 0.89375 0.09375000000000011 0.9421875 0.09375000000000011
0 0.928125 0.06562500000000011 0.8734375 0.06562500000000011 0.8734375 0.14687500000000012 0.928125 0.14687500000000014
0 0.996875 0.09375000000000011 0.9421875 0.09375000000000011 0.9421875 0.17031250000000014 0.996875 0.17031250000000014
0 0.934375 0.13125000000000012 0.8765625 0.1312500000000001 0.8765625 0.1750000000000001 0.934375 0.17500000000000013
0 0.971875 0.11406250000000014 0.928125 0.11406250000000014 0.928125 0.17500000000000013 0.971875 0.17500000000000013
0 0.89375 0.1312500000000001 0.8328125 0.1312500000000001 0.8328125 0.19687500000000008 0.89375 0.19687500000000008
0 0.86875 0.08125000000000011 0.840625 0.08125000000000011 0.840625 0.1312500000000001 0.86875 0.1312500000000001
0 0.8875 0.021875000000000106 0.825 0.0218750000000001 0.825 0.09218750000000012 0.8875 0.09218750000000012
0 0.8265625 0.0656250000000001 0.7609375 0.06562500000000009 0.7609375 0.1468750000000001 0.8265625 0.1468750000000001
0 0.8359375 0.10468750000000009 0.796875 0.10468750000000009 0.796875 0.20312500000000008 0.8359375 0.20312500000000008
0 0.7921875 0.16406250000000008 0.753125 0.16406250000000008 0.753125 0.2234375000000001 0.7921875 0.2234375000000001
0 0.7890625 0.12656250000000008 0.7453125 0.12656250000000008 0.7453125 0.1703125000000001 0.7890625 0.1703125000000001
0 0.759375 0.06093750000000009 0.709375 0.06093750000000009 0.709375 0.12656250000000008 0.759375 0.12656250000000008
0 0.7921875 0.03281250000000009 0.753125 0.03281250000000009 0.753125 0.08750000000000009 0.7921875 0.08750000000000009
0 0.7484375 0.14843750000000008 0.709375 0.14843750000000008 0.709375 0.2250000000000001 0.7484375 0.2250000000000001
0 0.734375 0.10312500000000009 0.690625 0.10312500000000009 0.690625 0.1859375000000001 0.734375 0.1859375000000001
0 0.715625 0.05468750000000009 0.665625 0.05468750000000009 0.665625 0.1140625000000001 0.715625 0.1140625000000001
0 0.753125 0.021875000000000092 0.7125 0.02187500000000009 0.7125 0.06562500000000009 0.753125 0.06562500000000009
0 0.6703125 0.02656250000000008 0.59375 0.02656250000000008 0.59375 0.12031250000000009 0.6703125 0.12031250000000009
0 0.5890625 0.050000000000000065 0.5265625 0.050000000000000065 0.5265625 0.12656250000000008 0.5890625 0.12656250000000008
0 0.6046875 0.09843750000000007 0.55 0.09843750000000007 0.55 0.1468750000000001 0.6046875 0.1468750000000001
0 0.6703125 0.10468750000000009 0.615625 0.10468750000000009 0.615625 0.1703125000000001 0.6703125 0.1703125000000001
0 0.6875 0.16406250000000008 0.6390625 0.16406250000000008 0.6390625 0.21250000000000008 0.6875 0.21250000000000008
0 0.6625 0.1859375000000001 0.578125 0.1859375000000001 0.578125 0.2953125000000001 0.6625 0.2953125000000001
0 0.996875 6.104098889500089e-17 0 0 6.09453133638175e-17 0.9953125 0.996875 0.9953125