0 0.7484375000000001 0.6796875000000001 0.6046875 0.6796875 0.6046875 0.8953125 0.7484375000000002 0.8953125
0 0.8984375 0.5312500000000001 0.69375 0.53125 0.6937500000000001 0.7375 0.8984375 0.7375000000000002
0 0.6265625000000001 0.646875 0.525 0.646875 0.5250000000000001 0.8109375 0.6265625000000001 0.8109375
0 0.6500000000000001 0.8046875 0.47656250000000017 0.8046875 0.47656250000000017 0.915625 0.6500000000000001 0.915625
0 0.5703125000000001 0.7109375 0.403125 0.7109375 0.40312500000000007 0.853125 0.5703125000000002 0.853125
0 0.5062500000000002 0.753125 0.3656250000000001 0.753125 0.3656250000000001 0.921875 0.5062500000000002 0.921875
0 0.7390625 0.4484375000000001 0.54375 0.4484375 0.54375 0.6796875000000001 0.7390625 0.6796875000000002
0 0.83125 0.3578125000000001 0.7140625 0.3578125000000001 0.7140625 0.5265625 0.83125 0.5265625000000002
0 0.74375 0.2734375000000001 0.5765625 0.2734375000000001 0.5765625 0.4531250000000001 0.74375 0.45312500000000017
0 0.815625 0.2000000000000001 0.7203125 0.2000000000000001 0.7203125 0.3625000000000001 0.815625 0.3625000000000001
0 0.7921875 0.07812500000000008 0.5921875 0.07812500000000007 0.5921875 0.2687500000000001 0.7921875 0.2687500000000001
0 0.6 0.10000000000000006 0.49375 0.10000000000000005 0.49375 0.2375000000000001 0.6 0.2375000000000001
0 0.653125 7.233070157464055e-17 0.528125 6.467665907996959e-17 0.528125 0.11562500000000006 0.653125 0.11562500000000009
0 0.54375 0.01562500000000006 0.3890625 0.01562500000000005 0.3890625 0.14687500000000003 0.54375 0.14687500000000003
0 0.5015625 5.338694640032993e-17 0.3703125 4.5350201780925416e-17 0.3703125 0.05781250000000006 0.5015625 0.057812500000000065
0 0.3859375 0.004687500000000042 0.303125 0.004687500000000037 0.303125 0.08437500000000005 0.3859375 0.08437500000000005
0 0.403125 0.06406250000000005 0.290625 0.06406250000000005 0.290625 0.20625000000000004 0.403125 0.2062500000000001
0 0.471875 0.08437500000000006 0.3703125 0.08437500000000005 0.3703125 0.2578125000000001 0.471875 0.2578125000000001
0 0.29375 0.06406250000000004 0.18125 0.06406250000000002 0.18125000000000002 0.2375 0.29375 0.2375
0 0.378125 0.19062500000000004 0.25 0.19062500000000004 0.25 0.34843750000000007 0.378125 0.34843750000000007
0 0.4640625 0.24218750000000006 0.3390625 0.2421875 0.33906250000000004 0.43125 0.4640625 0.43125
0 0.578125 0.2953125000000001 0.4640625 0.2953125000000001 0.4640625 0.5 0.578125 0.5
0 0.621875 0.2375000000000001 0.54375 0.2375000000000001 0.54375 0.3375000000000001 0.621875 0.3375000000000001
0 0.54375 0.17968750000000006 0.4671875 0.17968750000000006 0.4671875 0.3062500000000001 0.54375 0.3062500000000001
0 0.4984375 0.4109375 0.3546875000000001 0.4109375 0.3546875000000001 0.5734375 0.4984375 0.5734375
0 0.5546875 0.4890625 0.4265625 0.4890625 0.4265625 0.6734375 0.5546875 0.6734375
0 0.5140625000000001 0.5734375 0.3781250000000001 0.5734375 0.3781250000000001 0.7640625 0.5140625000000002 0.7640625
0 0.3859375000000001 0.5625 0.2500000000000001 0.5625 0.2500000000000001 0.7578125 0.3859375000000001 0.7578125
0 0.3281250000000001 0.6796875 0.20468750000000008 0.6796875 0.20468750000000008 0.8890625 0.3281250000000001 0.8890625
0 0.4031250000000002 0.7375 0.32500000000000007 0.7375 0.32500000000000007 0.8953125 0.4031250000000002 0.8953125
0 0.3546875000000001 0.36875 0.21875000000000008 0.36875 0.21875000000000008 0.56875 0.3546875000000001 0.56875
0 0.26406250000000003 0.284375 0.14375000000000004 0.284375 0.14375000000000004 0.415625 0.2640625000000001 0.415625
0 0.2500000000000001 0.4265625 0.14062500000000006 0.4265625 0.14062500000000006 0.584375 0.2500000000000001 0.584375
0 0.2500000000000001 0.56875 0.14843750000000008 0.56875 0.14843750000000008 0.6953125 0.2500000000000001 0.6953125