0 0.7500000000000001 0.5265625 0.415625 0.5265625 0.4156250000000001 0.890625 0.7500000000000002 0.890625
0 0.915625 0.2984375000000001 0.59375 0.2984375000000001 0.59375 0.6921875000000001 0.915625 0.6921875000000002
0 0.996875 0.10468750000000011 0.8125 0.10468750000000009 0.8125 0.4968750000000002 0.996875 0.4968750000000002
0 0.825 0.040625000000000085 0.5421875 0.040625000000000064 0.5421875 0.3937500000000001 0.825 0.3937500000000001
0 0.60625 0.26875000000000004 0.3265625 0.26875 0.32656250000000003 0.6375 0.60625 0.6375
0 0.43437500000000007 0.4421875 0.10000000000000005 0.4421875 0.10000000000000006 0.8859375 0.4343750000000002 0.8859375
0 0.2515625 0.278125 3.406048910128576e-17 0.278125 5.635288786701493e-17 0.6421875 0.2515625000000001 0.6421875
0 0.4296875 0.08437500000000003 0.159375 0.08437500000000002 0.15937500000000002 0.4328125 0.4296875 0.4328125
0 0.61875 5.94145048648833e-17 0.3515625 4.305398903252414e-17 0.3515625 0.26406250000000003 0.61875 0.2640625000000001
0 0.8828125 9.280526524788537e-17 0.6328125 7.749718025854345e-17 0.6328125 0.1437500000000001 0.8828125 0.1437500000000001
0 0.3578125 2.841563276146593e-17 0.10625 1.3011872240940627e-17 0.10625000000000002 0.19843750000000002 0.3578125 0.19843750000000004