0 0.7328125 0.12812500000000007 0.3421875 0.12812500000000004 0.34218750000000003 0.37812500000000004 0.7328125 0.3781250000000001
0 0.96875 0.2312500000000001 0.69375 0.2312500000000001 0.69375 0.4171875000000001 0.96875 0.41718750000000016
0 0.35625000000000007 0.2 0.13437500000000005 0.2 0.13437500000000005 0.3953125 0.35625000000000007 0.3953125
0 0.16406250000000006 0.284375 3.482589335075286e-17 0.284375 4.5158850718558645e-17 0.453125 0.16406250000000006 0.453125
0 0.421875 0.4234375 0.3203125000000001 0.4234375 0.3203125000000001 0.503125 0.421875 0.503125
0 0.38750000000000007 0.3921875 0.3375000000000001 0.3921875 0.3375000000000001 0.4234375 0.38750000000000007 0.4234375
0 0.36406250000000007 0.36875 0.3156250000000001 0.36875 0.3156250000000001 0.39531250000000007 0.36406250000000007 0.39531250000000007
0 0.3109375000000001 0.36875 0.2718750000000001 0.36875 0.2718750000000001 0.4 0.3109375000000001 0.4
0 0.33281250000000007 0.3953125 0.29375000000000007 0.3953125 0.29375000000000007 0.43125 0.33281250000000007 0.43125
0 0.3203125000000001 0.4359375 0.2750000000000001 0.4359375 0.2750000000000001 0.4671875 0.3203125000000001 0.4671875
0 0.2890625000000001 0.453125 0.2390625000000001 0.453125 0.2390625000000001 0.49375 0.2890625000000001 0.49375
0 0.2843750000000001 0.41875 0.23593750000000008 0.41875 0.23593750000000008 0.4546875 0.2843750000000001 0.4546875
0 0.26250000000000007 0.390625 0.21250000000000008 0.390625 0.21250000000000008 0.4265625 0.26250000000000007 0.4265625
0 0.2406250000000001 0.3875 0.15625000000000006 0.3875 0.15625000000000006 0.503125 0.2406250000000001 0.503125
0 0.15156250000000004 0.421875 0.08437500000000005 0.421875 0.08437500000000006 0.4796875 0.15156250000000004 0.4796875
0 0.5828125 0.3828125000000001 0.3906250000000001 0.3828125000000001 0.3906250000000001 0.4625 0.5828125 0.4625
0 0.725 0.39531250000000007 0.5609375 0.39531250000000007 0.5609375 0.55625 0.725 0.55625
0 0.7734375 0.3906250000000001 0.5859375 0.3906250000000001 0.5859375 0.5250000000000001 0.7734375 0.5250000000000001
0 0.790625 0.3515625000000001 0.640625 0.3515625000000001 0.640625 0.4625000000000001 0.790625 0.4625000000000002
0 0.8265625 0.3203125000000001 0.6671875 0.3203125000000001 0.6671875 0.4437500000000001 0.8265625 0.4437500000000002
0 0.8703125 0.3515625000000001 0.7203125 0.3515625000000001 0.7203125 0.4171875000000001 0.8703125 0.41718750000000016
0 0.9421875 0.42187500000000017 0.778125 0.42187500000000017 0.778125 0.5562500000000001 0.9421875 0.5562500000000001
0 0.8 0.5156250000000001 0.6984375 0.515625 0.6984375 0.5515625000000001 0.8 0.5515625000000002
0 0.7828125 0.5421875 0.671875 0.5421875 0.671875 0.5859375000000001 0.7828125 0.5859375000000002
0 0.7640625 0.5687500000000001 0.653125 0.56875 0.653125 0.6218750000000001 0.7640625 0.6218750000000002
0 0.809375 0.6000000000000002 0.7328125 0.6000000000000002 0.7328125 0.6265625000000001 0.809375 0.6265625000000001
0 0.925 0.5734375000000002 0.821875 0.5734375000000002 0.821875 0.6171875000000002 0.925 0.6171875000000002
0 0.8265625 0.5734375000000002 0.7640625 0.5734375000000002 0.7640625 0.6046875000000002 0.8265625 0.6046875000000002
0 0.6796875 0.5609375 0.55625 0.5609375 0.55625 0.6234375 0.6796875 0.6234375
0 0.6140625 0.534375 0.45 0.534375 0.45 0.6234375 0.6140625 0.6234375
0 0.5640625 0.453125 0.409375 0.453125 0.409375 0.590625 0.5640625 0.590625
0 0.440625 0.4796875 0.2984375000000001 0.4796875 0.2984375000000001 0.621875 0.440625 0.621875
0 0.2890625000000001 0.5828125 0.16406250000000008 0.5828125 0.16406250000000008 0.621875 0.2890625000000001 0.621875
0 0.16406250000000008 0.5640625 0.05312500000000007 0.5640625 0.05312500000000007 0.621875 0.16406250000000008 0.621875
0 0.3609375000000001 0.4671875 0.07187500000000006 0.4671875 0.07187500000000006 0.6171875 0.3609375000000001 0.6171875
1 0.959375 0.5687500000000001 0.03593750000000007 0.56875 0.03593750000000008 0.8171875 0.959375 0.8171875