0 0.8921875 0.46875000000000017 0.7984375 0.46875000000000017 0.7984375 0.5984375000000002 0.8921875 0.5984375000000002
0 0.9765625 0.5062500000000002 0.8921875 0.5062500000000002 0.8921875 0.6453125000000002 0.9765625 0.6453125000000002
0 0.9078125 0.5828125000000002 0.821875 0.5828125000000002 0.821875 0.6906250000000002 0.9078125 0.6906250000000002
0 0.8078125 0.4750000000000002 0.7421875 0.4750000000000002 0.7421875 0.5937500000000002 0.8078125 0.5937500000000002
0 0.9390625 0.4281250000000002 0.8453125 0.4281250000000002 0.8453125 0.5312500000000002 0.9390625 0.5312500000000002
0 0.9421875 0.6906250000000002 0.871875 0.6906250000000002 0.871875 0.7734375000000002 0.9421875 0.7734375000000002
0 0.8765625 0.6812500000000001 0.771875 0.6812500000000001 0.7718750000000001 0.7687500000000002 0.8765625 0.7687500000000002
0 0.8296875 0.7109375000000001 0.721875 0.7109375 0.721875 0.85625 0.8296875 0.85625
0 0.8796875 0.7640625000000002 0.8109375 0.7640625000000002 0.8109375 0.8359375 0.8796875 0.8359375
0 0.915625 0.7687500000000002 0.8734375 0.7687500000000002 0.8734375 0.8453125 0.915625 0.8453125
0 0.88125 0.834375 0.8078125 0.834375 0.8078125 0.896875 0.88125 0.896875
0 0.80625 0.834375 0.7687500000000002 0.834375 0.7687500000000002 0.8765625 0.80625 0.8765625
0 0.7640625000000001 0.5875000000000001 0.590625 0.5875 0.5906250000000001 0.9640625 0.7640625000000002 0.9640625
0 0.76875 0.6812500000000001 0.6796875 0.68125 0.6796875000000001 0.85625 0.7687500000000002 0.85625
0 0.6296875000000001 0.6234375 0.50625 0.6234375 0.5062500000000001 0.9015625 0.6296875000000002 0.9015625
0 0.8 0.5000000000000001 0.5796875 0.5 0.5796875 0.7171875000000001 0.8 0.7171875000000002
0 0.7609375 0.4640625000000001 0.5984375 0.4640625 0.5984375 0.5609375000000001 0.7609375 0.5609375000000002
0 0.60625 0.4953125 0.475 0.4953125 0.475 0.5921875 0.60625 0.5921875
0 0.50625 0.5734375 0.44375 0.5734375 0.44375 0.6453125 0.50625 0.6453125
0 0.459375 0.55625 0.3671875000000001 0.55625 0.3671875000000001 0.690625 0.459375 0.690625
0 0.5406250000000001 0.64375 0.4484375 0.64375 0.4484375000000001 0.7578125 0.5406250000000001 0.7578125
0 0.5218750000000001 0.721875 0.4140625 0.721875 0.4140625000000001 0.81875 0.5218750000000002 0.81875
0 0.50625 0.3812500000000001 0.3828125000000001 0.3812500000000001 0.3828125000000001 0.546875 0.50625 0.546875
0 0.7421875 0.12812500000000007 0.4515625 0.12812500000000004 0.4515625 0.5000000000000001 0.7421875 0.5000000000000002
0 0.8265625 0.1546875000000001 0.7265625 0.1546875000000001 0.7265625 0.2734375000000001 0.8265625 0.2734375000000001
0 0.915625 0.1953125000000001 0.8078125 0.19531250000000008 0.8078125 0.35625000000000007 0.915625 0.35625000000000007
0 0.984375 0.2015625000000001 0.8953125 0.2015625000000001 0.8953125 0.34062500000000007 0.984375 0.34062500000000007
0 0.9703125 0.34062500000000007 0.8890625 0.34062500000000007 0.8890625 0.45312500000000017 0.9703125 0.45312500000000017
0 0.884375 0.3359375000000001 0.784375 0.3359375000000001 0.784375 0.4750000000000002 0.884375 0.4750000000000002
0 0.8234375 0.27812500000000007 0.7265625 0.27812500000000007 0.7265625 0.4234375000000002 0.8234375 0.4234375000000002
0 0.7921875 0.4281250000000001 0.7140625 0.428125 0.7140625 0.4843750000000001 0.7921875 0.48437500000000017
0 0.4546875 0.21093750000000006 0.2859375 0.2109375 0.28593750000000007 0.4328125 0.4546875 0.4328125
0 0.4984375 0.11875000000000005 0.359375 0.11875000000000005 0.359375 0.33437500000000003 0.4984375 0.3343750000000001
0 0.525 0.06250000000000006 0.40625 0.06250000000000004 0.40625 0.2531250000000001 0.525 0.2531250000000001
0 0.3984375 3.932264331637205e-17 0.24375 2.985076572921674e-17 0.24375 0.24218750000000006 0.3984375 0.24218750000000008
0 0.3203125 0.09375000000000003 0.1 0.09375000000000003 0.10000000000000002 0.2796875 0.3203125 0.2796875
0 0.28593750000000007 0.2421875 2.9659414666849956e-17 0.2421875 6.276314845630185e-17 0.7828125 0.28593750000000007 0.7828125
0 0.32500000000000007 0.3875 0.17812500000000003 0.3875 0.17812500000000006 0.6296875 0.32500000000000007 0.6296875
0 0.38281250000000006 0.32031250000000006 0.2828125 0.3203125 0.2828125 0.546875 0.3828125000000001 0.546875
0 0.33906250000000004 0.2890625 0.228125 0.2890625 0.22812500000000005 0.4171875 0.3390625000000001 0.4171875