0 0.9484375 0.47656250000000017 0.7984375 0.47656250000000017 0.7984375 0.7140625000000002 0.9484375 0.7140625000000002
0 0.9765625 0.2750000000000001 0.8703125 0.2750000000000001 0.8703125 0.4703125000000002 0.9765625 0.4703125000000002
0 0.821875 0.2390625000000001 0.7265625 0.2390625000000001 0.7265625 0.4156250000000002 0.821875 0.4156250000000002
0 0.9015625 1.0505173323935891e-16 0.8140625 9.969390349308921e-17 0.8140625 0.10312500000000009 0.9015625 0.10312500000000009
0 0.9453125 0.06093750000000011 0.896875 0.06093750000000011 0.896875 0.2140625000000001 0.9453125 0.2140625000000001
0 0.9953125 1.183506320738497e-16 0.9375 1.1481063742006435e-16 0.9375 0.09687500000000011 0.9953125 0.09687500000000011
0 0.996875 1.108879406415455e-16 0.8140625 9.969390349308921e-17 0.8140625 0.2140625000000001 0.996875 0.2140625000000001
0 0.84375 0.1218750000000001 0.7890625 0.1218750000000001 0.7890625 0.28593750000000007 0.84375 0.28593750000000007
0 0.91875 0.1281250000000001 0.83125 0.1281250000000001 0.83125 0.2984375000000001 0.91875 0.2984375000000001
0 0.765625 0.1468750000000001 0.6203125 0.1468750000000001 0.6203125 0.37187500000000007 0.765625 0.37187500000000007
0 0.7109375 7.912366428866102e-17 0.58125 7.11825952004399e-17 0.58125 0.1468750000000001 0.7109375 0.1468750000000001
0 0.771875 8.974364825001696e-17 0.69375 8.495987169084762e-17 0.69375 0.09687500000000009 0.771875 0.09687500000000009
0 0.7078125 0.10937500000000008 0.59375 0.10937500000000008 0.59375 0.2562500000000001 0.7078125 0.2562500000000001
0 0.6234375 0.16406250000000006 0.496875 0.16406250000000006 0.496875 0.3906250000000001 0.6234375 0.3906250000000001
0 0.575 6.285882398748523e-17 0.4515625 5.5300457023997667e-17 0.4515625 0.16406250000000006 0.575 0.16406250000000008
0 0.5 0.10937500000000004 0.3796875 0.10937500000000004 0.3796875 0.3421875000000001 0.5 0.3421875000000001
0 0.403125 0.07343750000000004 0.325 0.07343750000000004 0.325 0.275 0.403125 0.2750000000000001
0 0.440625 4.582857943684236e-17 0.3078125 3.769615928625447e-17 0.3078125 0.17031250000000003 0.440625 0.17031250000000003
0 0.5125000000000002 0.8234375 0.37968750000000007 0.8234375 0.37968750000000007 0.99375 0.5125000000000002 0.99375
0 0.42656250000000007 0.53125 0.30937500000000007 0.53125 0.30937500000000007 0.7984375 0.4265625000000002 0.7984375
0 0.32500000000000007 0.884375 0.16562500000000008 0.884375 0.1656250000000001 0.99375 0.32500000000000007 0.99375
0 0.2406250000000001 0.7140625 0.01250000000000009 0.7140625 0.012500000000000105 0.99375 0.2406250000000001 0.99375
0 0.15312500000000012 0.9203125 0.03593750000000011 0.9203125 0.035937500000000115 0.99375 0.15312500000000012 0.99375
0 0.0750000000000001 0.4828125 5.912747827133314e-17 0.4828125 8.22809568177128e-17 0.8609375 0.07500000000000011 0.8609375
0 0.11718750000000008 0.5796875 0.03593750000000007 0.5796875 0.03593750000000008 0.76875 0.11718750000000008 0.76875
0 0.14062500000000006 0.49375 0.00781250000000006 0.49375 0.007812500000000075 0.7140625 0.14062500000000008 0.7140625
0 0.06562500000000004 0.26875 3.2912382727085115e-17 0.26875 4.8220467716427034e-17 0.51875 0.06562500000000007 0.51875
0 0.029687500000000026 0.159375 1.951780836141094e-17 0.159375 2.6215095544248028e-17 0.26875 0.029687500000000033 0.26875
0 0.12656250000000005 0.2625 0.029687500000000033 0.2625 0.02968750000000005 0.5 0.12656250000000005 0.5
0 0.24062500000000003 0.28125 0.11093750000000005 0.28125 0.11093750000000005 0.5 0.2406250000000001 0.5
0 0.259375 0.3296875 0.23125 0.3296875 0.23125000000000004 0.4453125 0.2593750000000001 0.4453125
0 0.39687500000000003 0.18281250000000004 0.2640625 0.18281250000000004 0.26406250000000003 0.4578125 0.3968750000000001 0.4578125
0 0.2921875 0.07343750000000003 0.16875 0.07343750000000002 0.16875 0.3109375 0.2921875 0.3109375
0 0.20625 1.6169164769992398e-17 0.0578125 7.079989307570636e-18 0.05781250000000001 0.17031250000000003 0.20625 0.17031250000000003
0 0.2171875000000001 0.49375 0.11718750000000004 0.49375 0.11718750000000007 0.659375 0.2171875000000001 0.659375
0 0.2890625000000001 0.590625 0.1781250000000001 0.590625 0.1781250000000001 0.8234375 0.2890625000000001 0.8234375
0 0.3281250000000001 0.415625 0.2234375000000001 0.415625 0.2234375000000001 0.6171875 0.3281250000000001 0.6171875
0 0.15937500000000002 0.031250000000000014 3.827021247335479e-18 0.03125 1.8752404111943846e-17 0.275 0.15937500000000004 0.275
0 0.3078125 3.1094547634600764e-17 0.2 2.4492935982947065e-17 0.2 0.15781250000000005 0.3078125 0.15781250000000005
0 0.0609375 3.7313457161520924e-18 0 0 2.2005372172179004e-18 0.035937500000000004 0.0609375 0.03593750000000001