0 0.9859375 0.1500000000000001 0.803125 0.15000000000000008 0.803125 0.7875000000000002 0.9859375 0.7875000000000002
0 0.8203125 0.2000000000000001 0.65 0.2000000000000001 0.65 0.4625000000000001 0.8203125 0.4625000000000002
0 0.771875 0.4125000000000001 0.525 0.4125 0.525 0.6187500000000001 0.771875 0.6187500000000001
0 0.8171875 0.5437500000000001 0.71875 0.54375 0.7187500000000001 0.7625000000000001 0.8171875 0.7625000000000002
0 0.7406250000000001 0.6062500000000001 0.60625 0.60625 0.6062500000000001 0.8 0.7406250000000002 0.8
0 0.6453125000000001 0.61875 0.546875 0.61875 0.5468750000000001 0.88125 0.6453125000000002 0.88125
0 0.5296875 0.15625000000000006 0.3765625 0.15625000000000006 0.3765625 0.3937500000000001 0.5296875 0.3937500000000001
0 0.6453125 0.14375000000000007 0.5296875 0.14375000000000004 0.5296875 0.4125 0.6453125 0.4125
0 0.9953125 6.620746757890379e-17 0.0859375 1.0524308430172567e-17 0.08593750000000003 0.3375 0.9953125 0.3375000000000001
0 0.5375 0.012500000000000039 0.08125 0.012500000000000011 0.08125000000000004 0.675 0.5375 0.675
0 0.4390625 0.39375000000000004 0.18906250000000005 0.39375 0.18906250000000008 0.69375 0.4390625 0.69375
0 0.30468750000000006 0.04375000000000002 5.35782974626967e-18 0.04375 5.702261658529863e-17 0.8875 0.3046875000000001 0.8875
0 0.42656250000000007 0.60625 0.3000000000000001 0.60625 0.3000000000000001 0.99375 0.4265625000000002 0.99375
0 0.5828125000000001 0.60625 0.3812500000000001 0.60625 0.3812500000000001 0.975 0.5828125000000002 0.975