0 0.1500000000000001 0.596875 7.309610582410764e-17 0.596875 9.739769074468794e-17 0.99375 0.15000000000000013 0.99375
0 0.4484375000000001 0.5265625 0.12031250000000004 0.5265625 0.12031250000000009 0.9953125 0.44843750000000016 0.9953125
0 0.5562500000000001 0.8296875 0.2578125000000001 0.8296875 0.2578125000000001 0.9953125 0.5562500000000001 0.9953125
0 0.7375 0.6031250000000001 0.440625 0.603125 0.4406250000000001 0.9640625 0.7375000000000002 0.9640625
0 0.7875000000000001 0.6656250000000001 0.4125 0.665625 0.4125000000000001 0.9953125 0.7875000000000002 0.9953125
0 0.7796875000000002 0.825 0.7031250000000002 0.825 0.7031250000000002 0.9953125 0.7796875000000002 0.9953125
0 0.9953125 0.5718750000000001 0.7453125 0.5718750000000001 0.7453125 0.9953125 0.9953125 0.9953125
0 0.85 0.3296875000000001 0.5171875 0.3296875000000001 0.5171875 0.6812500000000001 0.85 0.6812500000000001
0 0.9890625 0.2375000000000001 0.7765625 0.2375000000000001 0.7765625 0.5671875000000002 0.9890625 0.5671875000000002
0 0.996875 0.3921875000000001 0.8609375 0.3921875000000001 0.8609375 0.5718750000000001 0.996875 0.5718750000000001
0 0.7921875 0.26250000000000007 0.70625 0.26250000000000007 0.70625 0.3812500000000001 0.7921875 0.3812500000000001
0 0.9953125 0.015625000000000118 0.9421875 0.015625000000000118 0.9421875 0.2531250000000001 0.9953125 0.2531250000000001
0 0.9578125 0.11406250000000011 0.8140625 0.1140625000000001 0.8140625 0.2843750000000001 0.9578125 0.2843750000000001
0 0.9109375 0.010937500000000103 0.784375 0.010937500000000096 0.784375 0.1343750000000001 0.9109375 0.13437500000000013
0 0.8234375 0.08750000000000009 0.61875 0.08750000000000006 0.61875 0.3453125000000001 0.8234375 0.3453125000000001
0 0.690625 0.2375000000000001 0.590625 0.2375000000000001 0.590625 0.35625000000000007 0.690625 0.35625000000000007
0 0.5984375 0.12343750000000006 0.4703125 0.12343750000000005 0.4703125 0.3359375000000001 0.5984375 0.3359375000000001
0 0.5328125 0.09843750000000004 0.050000000000000024 0.0984375 0.05000000000000003 0.4125 0.5328125 0.4125
0 0.428125 0.35625000000000007 0.3359375 0.35625 0.33593750000000006 0.4640625 0.428125 0.4640625
0 0.44375 0.22656250000000006 0.12812500000000004 0.2265625 0.12812500000000004 0.5265625 0.44375 0.5265625
0 0.5140625 0.3656250000000001 0.4484375 0.3656250000000001 0.4484375 0.4484375 0.5140625 0.4484375
0 0.5796875 0.5265625 0.475 0.5265625 0.475 0.6296875 0.5796875 0.6296875
0 0.571875 0.3140625000000001 0.509375 0.3140625000000001 0.509375 0.3609375000000001 0.571875 0.3609375000000001
0 0.5140625 0.4171875 0.4515625 0.4171875 0.4515625 0.5203125 0.5140625 0.5203125
0 0.33281250000000007 0.4484375 0.10468750000000004 0.4484375 0.10468750000000007 0.6078125 0.33281250000000007 0.6078125
0 0.14218750000000008 0.4015625 4.91772230282609e-17 0.4015625 6.276314845630185e-17 0.6234375 0.14218750000000008 0.6234375
0 0.08125000000000003 0.246875 3.023346785395028e-17 0.246875 4.0375074159389303e-17 0.4125 0.08125000000000004 0.4125