0 0.6031250000000001 0.41875 0.34843750000000007 0.41875 0.34843750000000007 0.7484375 0.6031250000000001 0.7484375
0 0.7265625000000001 0.6343750000000001 0.553125 0.634375 0.5531250000000001 0.865625 0.7265625000000002 0.865625
0 0.7921875000000002 0.8140625 0.5328125000000001 0.8140625 0.5328125000000001 0.9953125 0.7921875000000002 0.9953125
0 0.9421875 0.721875 0.7109375 0.721875 0.7109375000000001 0.9953125 0.9421875 0.9953125
0 0.753125 0.30937500000000007 0.671875 0.30937500000000007 0.671875 0.4531250000000001 0.753125 0.45312500000000017
0 0.8953125 0.2890625000000001 0.7765625 0.2890625000000001 0.7765625 0.4437500000000002 0.8953125 0.4437500000000002
0 0.98125 0.2328125000000001 0.8609375 0.2328125000000001 0.8609375 0.3671875000000001 0.98125 0.3671875000000001
0 0.91875 0.006250000000000093 0.5828125 0.006250000000000072 0.5828125 0.3671875000000001 0.91875 0.3671875000000001
0 0.996875 1.1500198848243113e-16 0.88125 1.0792199917486051e-16 0.88125 0.35625000000000007 0.996875 0.35625000000000007
0 0.6484375 0.19531250000000006 0.4203125 0.19531250000000006 0.4203125 0.5 0.6484375 0.5
0 0.37968750000000007 0.5359375 0.2171875000000001 0.5359375 0.2171875000000001 0.8609375 0.37968750000000007 0.8609375
0 0.5531250000000001 0.7109375 0.2828125000000001 0.7109375 0.2828125000000001 0.9953125 0.5531250000000002 0.9953125
0 0.27031250000000007 0.7734375 0.0312500000000001 0.7734375 0.03125000000000011 0.9953125 0.27031250000000007 0.9953125
0 0.02343750000000011 0.8296875 1.0160741411675695e-16 0.8296875 1.114619938286458e-16 0.990625 0.02343750000000012 0.990625
0 0.9578125 0.7265625000000002 0.8609375 0.7265625000000002 0.8609375 0.85625 0.9578125 0.85625
0 0.9109375 0.5671875000000002 0.7921875 0.5671875000000002 0.7921875 0.7265625000000002 0.9109375 0.7265625000000002
0 0.996875 0.5921875000000002 0.9546875 0.5921875000000002 0.9546875 0.7578125000000002 0.996875 0.7578125000000002
0 0.9578125 0.49531250000000016 0.86875 0.49531250000000016 0.86875 0.6078125000000002 0.9578125 0.6078125000000002
0 0.784375 0.5468750000000001 0.6875 0.546875 0.6875 0.6953125000000001 0.784375 0.6953125000000002
0 0.7109375 0.44375 0.6296875 0.44375 0.6296875 0.55625 0.7109375 0.55625
0 0.9578125 0.3656250000000001 0.86875 0.3656250000000001 0.86875 0.49531250000000016 0.9578125 0.49531250000000016
0 0.996875 0.46875000000000017 0.965625 0.46875000000000017 0.965625 0.5828125000000002 0.996875 0.5828125000000002
0 0.821875 0.4484375000000001 0.721875 0.4484375 0.721875 0.5625000000000001 0.821875 0.5625000000000002
0 0.39375000000000004 0.25781250000000006 0.3015625 0.2578125 0.30156250000000007 0.39687500000000003 0.3937500000000001 0.3968750000000001
0 0.459375 0.16562500000000005 0.375 0.16562500000000005 0.375 0.2890625000000001 0.459375 0.2890625000000001
0 0.375 0.15468750000000003 0.28125 0.15468750000000003 0.28125 0.26875000000000004 0.375 0.2687500000000001
0 0.246875 0.17968750000000003 0.165625 0.1796875 0.16562500000000002 0.2890625 0.246875 0.2890625
0 0.19687500000000005 0.2734375 0.09687500000000004 0.2734375 0.09687500000000004 0.3703125 0.19687500000000005 0.3703125
0 0.29375000000000007 0.284375 0.19687500000000005 0.284375 0.19687500000000005 0.4234375 0.29375000000000007 0.4234375
0 0.3281250000000001 0.3859375 0.20468750000000008 0.3859375 0.20468750000000008 0.515625 0.3281250000000001 0.515625
0 0.3359375000000001 0.4890625 0.26250000000000007 0.4890625 0.26250000000000007 0.5671875 0.3359375000000001 0.5671875
0 0.3984375000000001 0.4125 0.33281250000000007 0.4125 0.33281250000000007 0.5 0.3984375000000001 0.5
0 0.20468750000000008 0.4546875 0.12031250000000004 0.4546875 0.12031250000000007 0.5578125 0.20468750000000008 0.5578125
0 0.18906250000000005 0.365625 0.09218750000000005 0.365625 0.09218750000000006 0.484375 0.18906250000000005 0.484375
0 0.09687500000000004 0.35625 0.03125000000000004 0.35625 0.03125000000000005 0.453125 0.09687500000000004 0.453125
0 0.09687500000000006 0.4234375 5.1856137901395736e-17 0.4234375 6.09453133638175e-17 0.571875 0.09687500000000007 0.571875
0 0.08906250000000007 0.5625 0.00781250000000007 0.5625 0.007812500000000078 0.70625 0.08906250000000009 0.70625
0 0.1781250000000001 0.571875 0.07031250000000007 0.571875 0.07031250000000008 0.721875 0.1781250000000001 0.721875
0 0.08437500000000009 0.675 0.015625000000000083 0.675 0.01562500000000009 0.7625 0.08437500000000009 0.7625
0 0.18906250000000008 0.690625 0.07812500000000008 0.690625 0.07812500000000008 0.809375 0.18906250000000008 0.809375
0 0.2250000000000001 0.6078125 0.1750000000000001 0.6078125 0.1750000000000001 0.7265625 0.2250000000000001 0.7265625
0 0.3046875 1.865672858076046e-17 0 0 1.798699986247675e-17 0.29375 0.3046875 0.29375
0 0.590625 5.597018574228137e-17 0.3234375 3.9609669909922206e-17 0.3234375 0.21093750000000006 0.590625 0.21093750000000008