0 0.9953125 0.2296875000000001 0.7328125 0.2296875000000001 0.7328125 0.3125000000000001 0.9953125 0.3125000000000001
0 0.9296875 0.17812500000000012 0.678125 0.1781250000000001 0.678125 0.2953125000000001 0.9296875 0.2953125000000001
0 0.6390625 0.2687500000000001 0.5953125 0.2687500000000001 0.5953125 0.30156250000000007 0.6390625 0.30156250000000007
0 0.678125 0.2984375000000001 0.6234375 0.2984375000000001 0.6234375 0.3265625000000001 0.678125 0.3265625000000001
0 0.678125 0.3203125000000001 0.634375 0.3203125000000001 0.634375 0.35625000000000007 0.678125 0.35625000000000007
0 0.6234375 0.2984375000000001 0.56875 0.2984375000000001 0.56875 0.3453125000000001 0.6234375 0.3453125000000001
0 0.6453125 0.3421875000000001 0.584375 0.3421875000000001 0.584375 0.3781250000000001 0.6453125 0.3781250000000001
0 0.678125 0.3593750000000001 0.6390625 0.3593750000000001 0.6390625 0.3968750000000001 0.678125 0.3968750000000001
0 0.590625 0.3375000000000001 0.51875 0.3375000000000001 0.51875 0.3750000000000001 0.590625 0.3750000000000001
0 0.5625 0.3203125000000001 0.5078125 0.3203125000000001 0.5078125 0.34843750000000007 0.5625 0.34843750000000007
0 0.590625 0.3703125000000001 0.540625 0.3703125000000001 0.540625 0.3968750000000001 0.590625 0.3968750000000001
0 0.65 0.3828125000000001 0.584375 0.3828125000000001 0.584375 0.415625 0.65 0.415625
0 0.5953125 0.3921875000000001 0.546875 0.3921875000000001 0.546875 0.4296875 0.5953125 0.4296875
0 0.51875 0.3531250000000001 0.459375 0.3531250000000001 0.459375 0.3859375000000001 0.51875 0.3859375000000001
0 0.546875 0.3828125000000001 0.48125 0.3828125000000001 0.48125 0.4265625 0.546875 0.4265625
0 0.4859375 0.3781250000000001 0.415625 0.3781250000000001 0.415625 0.41875 0.4859375 0.41875
0 0.496875 0.421875 0.4375 0.421875 0.4375 0.4796875 0.496875 0.4796875
0 0.546875 0.4265625 0.496875 0.4265625 0.496875 0.4703125 0.546875 0.4703125
0 0.4546875 0.415625 0.4 0.415625 0.4 0.459375 0.4546875 0.459375
0 0.6390625 0.3968750000000001 0.5359375 0.3968750000000001 0.5359375 0.4625 0.6390625 0.4625
0 0.65625 0.4109375 0.5578125 0.4109375 0.5578125 0.4765625 0.65625 0.4765625
0 0.671875 0.4046875 0.590625 0.4046875 0.590625 0.484375 0.671875 0.484375
0 0.9078125 0.3859375000000001 0.628125 0.3859375000000001 0.628125 0.4796875000000001 0.9078125 0.47968750000000016
0 0.825 0.43750000000000017 0.759375 0.43750000000000017 0.759375 0.5281250000000002 0.825 0.5281250000000002
0 0.984375 0.4109375000000002 0.8203125 0.4109375000000002 0.8203125 0.4984375000000002 0.984375 0.4984375000000002
0 0.9015625 0.48750000000000016 0.846875 0.48750000000000016 0.846875 0.5125000000000002 0.9015625 0.5125000000000002
0 0.9953125 0.5093750000000001 0.9515625 0.5093750000000001 0.9515625 0.5484375000000001 0.9953125 0.5484375000000001
0 0.9953125 0.5375000000000002 0.95625 0.5375000000000002 0.95625 0.5859375000000002 0.9953125 0.5859375000000002
0 0.9953125 0.5890625000000002 0.9734375 0.5890625000000002 0.9734375 0.6140625000000002 0.9953125 0.6140625000000002
0 0.9515625 0.5484375000000001 0.9015625 0.5484375000000001 0.9015625 0.5640625000000001 0.9515625 0.5640625000000001
0 0.95625 0.5671875000000002 0.9015625 0.5671875000000002 0.9015625 0.5859375000000002 0.95625 0.5859375000000002
0 0.9890625 0.5781250000000002 0.9234375 0.5781250000000002 0.9234375 0.6031250000000001 0.9890625 0.6031250000000001
0 0.78125 0.5093750000000001 0.5296875 0.509375 0.5296875 0.6218750000000001 0.78125 0.6218750000000002
0 0.9453125 0.5343750000000002 0.765625 0.5343750000000002 0.765625 0.5671875000000002 0.9453125 0.5671875000000002
0 0.9125 0.5750000000000002 0.83125 0.5750000000000002 0.83125 0.6000000000000002 0.9125 0.6000000000000002
0 0.8140625 0.5671875000000002 0.7484375 0.5671875000000002 0.7484375 0.5859375000000002 0.8140625 0.5859375000000002
0 0.8140625 0.5890625000000002 0.7546875 0.5890625000000002 0.7546875 0.6140625000000002 0.8140625 0.6140625000000002
0 0.9953125 0.6046875000000002 0.86875 0.6046875000000002 0.86875 0.6703125000000002 0.9953125 0.6703125000000002
0 0.890625 0.6218750000000002 0.765625 0.6218750000000002 0.765625 0.6796875000000002 0.890625 0.6796875000000002
0 0.8140625 0.6468750000000001 0.678125 0.646875 0.678125 0.690625 0.8140625 0.6906250000000002
0 0.7875000000000001 0.6765625000000001 0.6015625 0.6765625 0.6015625000000001 0.7750000000000001 0.7875000000000002 0.7750000000000001
0 0.8578125 0.7312500000000002 0.7593750000000001 0.7312500000000002 0.7593750000000001 0.7781250000000002 0.8578125 0.7781250000000002
0 0.8359375 0.6984375000000002 0.7765625 0.6984375000000002 0.7765625 0.7343750000000002 0.8359375 0.7343750000000002
0 0.896875 0.6875000000000002 0.825 0.6875000000000002 0.825 0.7234375000000002 0.896875 0.7234375000000002
0 0.9671875 0.6984375000000002 0.9015625 0.6984375000000002 0.9015625 0.7421875000000002 0.9671875 0.7421875000000002
0 0.9671875 0.6765625000000002 0.896875 0.6765625000000002 0.896875 0.7046875000000001 0.9671875 0.7046875000000001
0 0.9953125 0.6687500000000002 0.9671875 0.6687500000000002 0.9671875 0.7312500000000002 0.9953125 0.7312500000000002
0 0.9953125 0.7171875000000002 0.9515625 0.7171875000000002 0.9515625 0.7671875000000001 0.9953125 0.7671875000000001
0 0.9671875 0.7421875000000002 0.890625 0.7421875000000002 0.890625 0.7750000000000001 0.9671875 0.7750000000000001
0 0.934375 0.7203125000000001 0.8421875 0.7203125000000001 0.8421875 0.7484375000000002 0.934375 0.7484375000000002
0 0.9078125 0.7562500000000002 0.8203125 0.7562500000000002 0.8203125 0.8 0.9078125 0.8
0 0.9953125 0.7640625000000002 0.890625 0.7640625000000002 0.890625 0.846875 0.9953125 0.846875
0 0.8796875 0.7671875000000001 0.4859375000000002 0.7671875 0.4859375000000002 0.884375 0.8796875 0.884375
0 0.9953125 0.865625 0.9015625 0.865625 0.9015625 0.996875 0.9953125 0.996875
0 0.896875 0.86875 0.6781250000000002 0.86875 0.6781250000000002 0.996875 0.896875 0.996875
0 0.6937500000000002 0.8546875 0.46406250000000016 0.8546875 0.46406250000000016 0.996875 0.6937500000000002 0.996875
0 0.51875 0.7203125 0.2734375000000001 0.7203125 0.2734375000000001 0.8578125 0.5187500000000002 0.8578125
0 0.2843750000000001 0.709375 8.687338231451536e-17 0.709375 9.663228649522084e-17 0.86875 0.2843750000000001 0.86875
0 0.4703125000000002 0.8546875 1.0466903111462534e-16 0.8546875 1.1337550445231355e-16 0.996875 0.4703125000000002 0.996875
0 0.2953125 0.3125 0.07031250000000004 0.3125 0.07031250000000004 0.3453125 0.2953125 0.3453125
0 0.36562500000000003 0.33906250000000004 0.07656250000000005 0.3390625 0.07656250000000005 0.38281250000000006 0.3656250000000001 0.3828125000000001
0 0.3609375 0.3484375 0.06562500000000004 0.3484375 0.06562500000000004 0.396875 0.3609375000000001 0.396875
0 0.3781250000000001 0.37187500000000007 0.07187500000000005 0.371875 0.07187500000000005 0.4265625 0.3781250000000001 0.4265625
0 0.415625 0.37500000000000006 0.3500000000000001 0.375 0.3500000000000001 0.39687500000000003 0.415625 0.3968750000000001
0 0.2890625000000001 0.684375 0.1750000000000001 0.684375 0.1750000000000001 0.7234375 0.2890625000000001 0.7234375
0 0.3062500000000001 0.7125 0.2078125000000001 0.7125 0.2078125000000001 0.75625 0.3062500000000001 0.75625
0 0.2578125000000001 0.6609375 0.1703125000000001 0.6609375 0.1703125000000001 0.6984375 0.2578125000000001 0.6984375
0 0.16406250000000008 0.646875 0.07031250000000008 0.646875 0.07031250000000008 0.690625 0.16406250000000008 0.690625
0 0.1687500000000001 0.6765625 0.08750000000000009 0.6765625 0.08750000000000009 0.7203125 0.1687500000000001 0.7203125
0 0.06562500000000009 0.665625 8.15155525682457e-17 0.665625 8.390744084783037e-17 0.7046875 0.06562500000000009 0.7046875
0 0.07187500000000009 0.6953125 0.006250000000000086 0.6953125 0.006250000000000089 0.75 0.07187500000000009 0.75
0 0.08125000000000007 0.61875 7.577502069724248e-17 0.61875 7.93150153510278e-17 0.6765625 0.08125000000000009 0.6765625
0 0.1921875000000001 0.5890625 0.08281250000000007 0.5890625 0.08281250000000008 0.6625 0.1921875000000001 0.6625
0 0.09843750000000007 0.5640625 0.015625000000000066 0.5640625 0.015625000000000073 0.61875 0.09843750000000007 0.61875
0 0.16406250000000006 0.503125 0.004687500000000061 0.503125 0.004687500000000067 0.59375 0.16406250000000008 0.59375
0 0.453125 0.5125 0.2953125000000001 0.5125 0.2953125000000001 0.5640625 0.453125 0.5640625
0 0.4921875 0.5171875 0.3390625000000001 0.5171875 0.3390625000000001 0.5671875 0.4921875 0.5671875
0 0.4921875 0.6296875 0.33281250000000007 0.6296875 0.33281250000000007 0.6796875 0.4921875 0.6796875
0 0.5359375 0.6625 0.3828125000000001 0.6625 0.3828125000000001 0.6953125 0.5359375 0.6953125
0 0.503125 0.5859375 0.3828125000000001 0.5859375 0.3828125000000001 0.6359375 0.503125 0.6359375
0 0.503125 0.465625 0.26250000000000007 0.465625 0.26250000000000007 0.5421875 0.503125 0.5421875
0 0.31718750000000007 0.55 0.1906250000000001 0.55 0.1906250000000001 0.640625 0.31718750000000007 0.640625
0 0.2796875000000001 0.5453125 0.18125000000000008 0.5453125 0.18125000000000008 0.61875 0.2796875000000001 0.61875
0 0.26250000000000007 0.528125 0.16406250000000006 0.528125 0.16406250000000006 0.59375 0.26250000000000007 0.59375
0 0.2843750000000001 0.5234375 0.14687500000000003 0.5234375 0.14687500000000006 0.575 0.2843750000000001 0.575
0 0.3937500000000001 0.5609375 0.2296875000000001 0.5609375 0.2296875000000001 0.6703125 0.3937500000000001 0.6703125
0 0.2953125000000001 0.49375 0.21875000000000008 0.49375 0.21875000000000008 0.53125 0.2953125000000001 0.53125
0 0.3500000000000001 0.4578125 0.2843750000000001 0.4578125 0.2843750000000001 0.5015625 0.3500000000000001 0.5015625
0 0.2906250000000001 0.44375 0.2140625000000001 0.44375 0.2140625000000001 0.4875 0.2906250000000001 0.4875
0 0.2250000000000001 0.4296875 0.17031250000000003 0.4296875 0.17031250000000003 0.4734375 0.2250000000000001 0.4734375
0 0.2296875000000001 0.471875 0.16875000000000004 0.471875 0.16875000000000004 0.5203125 0.2296875000000001 0.5203125
0 0.18593750000000003 0.425 0.01562500000000005 0.425 0.015625000000000056 0.5125 0.18593750000000003 0.5125
0 0.3062500000000001 0.4046875 0.23437500000000008 0.4046875 0.23437500000000008 0.4375 0.3062500000000001 0.4375
0 0.2250000000000001 0.4109375 0.18125000000000005 0.4109375 0.18125000000000005 0.4359375 0.2250000000000001 0.4359375
0 0.19687500000000005 0.396875 0.13125000000000003 0.396875 0.13125000000000003 0.41875 0.19687500000000005 0.41875
0 0.14218750000000005 0.396875 0.07031250000000004 0.396875 0.07031250000000004 0.425 0.14218750000000005 0.425
0 0.3656250000000001 0.4296875 0.31718750000000007 0.4296875 0.31718750000000007 0.4625 0.3656250000000001 0.4625