0 0.8484375 0.3031250000000001 0.7703125 0.3031250000000001 0.7703125 0.5593750000000002 0.8484375 0.5593750000000002
0 0.8640625 0.39531250000000007 0.83125 0.39531250000000007 0.83125 0.4468750000000002 0.8640625 0.4468750000000002
0 0.834375 0.3359375000000001 0.81875 0.3359375000000001 0.81875 0.40156250000000016 0.834375 0.40156250000000016
0 0.8671875 0.5453125000000002 0.83125 0.5453125000000002 0.83125 0.5859375000000002 0.8671875 0.5859375000000002
0 0.8125 0.5531250000000002 0.7828125 0.5531250000000002 0.7828125 0.5984375000000002 0.8125 0.5984375000000002
0 0.815625 0.46093750000000017 0.7796875 0.46093750000000017 0.7796875 0.5531250000000002 0.815625 0.5531250000000002
0 0.7796875 0.46093750000000017 0.7484375 0.46093750000000017 0.7484375 0.5390625000000002 0.7796875 0.5390625000000002
0 0.7609375 0.39531250000000007 0.73125 0.39531250000000007 0.73125 0.4468750000000002 0.7609375 0.4468750000000002
0 0.7984375 0.3687500000000001 0.7625 0.3687500000000001 0.7625 0.44062500000000016 0.7984375 0.44062500000000016
0 0.996875 0.5125000000000002 0.921875 0.5125000000000002 0.921875 0.809375 0.996875 0.809375
0 0.90625 0.6781250000000002 0.8125 0.6781250000000002 0.8125 0.928125 0.90625 0.928125
0 0.7937500000000002 0.7296875 0.6406250000000002 0.7296875 0.6406250000000002 0.99375 0.7937500000000002 0.99375
0 0.7343750000000001 0.4671875000000001 0.5796875 0.4671875 0.5796875000000001 0.815625 0.7343750000000002 0.815625
0 0.5953125000000001 0.61875 0.4953125 0.61875 0.4953125000000001 0.8359375 0.5953125000000001 0.8359375
0 0.5375000000000002 0.8421875 0.45312500000000017 0.8421875 0.45312500000000017 0.99375 0.5375000000000002 0.99375
0 0.4531250000000001 0.63125 0.35625000000000007 0.63125 0.35625000000000007 0.86875 0.45312500000000017 0.86875
0 0.4359375000000002 0.88125 0.3421875000000001 0.88125 0.3421875000000001 0.99375 0.4359375000000002 0.99375
0 0.565625 0.09218750000000006 0.4328125 0.09218750000000005 0.4328125000000001 0.99375 0.5656250000000002 0.99375
0 0.4625 0.50625 0.4265625 0.50625 0.4265625 0.6515625 0.4625 0.6515625
0 0.5234375 0.30937500000000007 0.475 0.30937500000000007 0.475 0.4671875 0.5234375 0.4671875
0 0.65 0.3031250000000001 0.625 0.3031250000000001 0.625 0.34843750000000007 0.65 0.34843750000000007
0 0.4234375 0.38750000000000007 0.4046875 0.38750000000000007 0.4046875 0.434375 0.4234375 0.434375
0 0.3781250000000001 0.38125000000000003 0.3500000000000001 0.38125 0.3500000000000001 0.49375 0.3781250000000001 0.49375
0 0.3984375000000001 0.3812500000000001 0.37187500000000007 0.3812500000000001 0.37187500000000007 0.50625 0.3984375000000001 0.50625
0 0.3500000000000001 0.434375 0.3359375000000001 0.434375 0.3359375000000001 0.4796875 0.3500000000000001 0.4796875
0 0.39531250000000007 0.5859375 0.37187500000000007 0.5859375 0.37187500000000007 0.6375 0.39531250000000007 0.6375
0 0.4046875 0.571875 0.39531250000000007 0.571875 0.39531250000000007 0.5921875 0.4046875 0.5921875
0 0.3531250000000001 0.38125 0.13593750000000004 0.38125 0.13593750000000007 0.8953125 0.3531250000000001 0.8953125
0 0.3453125000000001 0.8625 0.2609375000000001 0.8625 0.2609375000000001 0.99375 0.3453125000000001 0.99375
0 0.2656250000000001 0.7828125 0.16562500000000008 0.7828125 0.1656250000000001 0.9875 0.2656250000000001 0.9875
0 0.1906250000000001 0.6515625 0.10937500000000008 0.6515625 0.10937500000000008 0.8421875 0.1906250000000001 0.8421875
0 0.1421875000000001 0.7703125 0.020312500000000094 0.7703125 0.020312500000000105 0.940625 0.14218750000000013 0.940625
0 0.11093750000000009 0.61875 0.05468750000000007 0.61875 0.054687500000000076 0.7953125 0.11093750000000009 0.7953125
0 0.16250000000000006 0.3953125 0.10000000000000005 0.3953125 0.10000000000000006 0.6515625 0.1625000000000001 0.6515625
0 0.12031250000000007 0.4875 0.045312500000000054 0.4875 0.04531250000000007 0.63125 0.12031250000000009 0.63125
0 0.054687500000000076 0.61875 7.577502069724248e-17 0.61875 8.505554722203101e-17 0.7703125 0.05468750000000009 0.7703125
0 0.021875000000000106 0.7640625 9.357066949735246e-17 0.7640625 1.0438200452107518e-16 0.940625 0.021875000000000117 0.940625
0 0.12343750000000013 0.928125 0.01875000000000011 0.928125 0.018750000000000117 0.99375 0.12343750000000013 0.99375
2 0.996875 0.42187500000000017 0.8859375 0.42187500000000017 0.8859375 0.8625 0.996875 0.8625
2 0.996875 0.8421875 0.8703125 0.8421875 0.8703125 0.99375 0.996875 0.99375
2 0.6312500000000002 0.821875 0.5343750000000002 0.821875 0.5343750000000002 0.99375 0.6312500000000002 0.99375