0 0.4765625000000001 0.671875 0.3343750000000001 0.671875 0.3343750000000001 0.8796875 0.47656250000000017 0.8796875
0 0.4984375000000002 0.825 0.3859375000000001 0.825 0.3859375000000001 0.984375 0.4984375000000002 0.984375
0 0.3421875000000001 0.7875 0.1921875000000001 0.7875 0.19218750000000012 0.9953125 0.3421875000000001 0.9953125
0 0.36406250000000007 0.540625 0.20312500000000008 0.540625 0.20312500000000008 0.78125 0.36406250000000007 0.78125
0 0.8953125 0.21875000000000008 0.8078125 0.21875000000000008 0.8078125 0.3437500000000001 0.8953125 0.3437500000000001
0 0.821875 0.1750000000000001 0.753125 0.1750000000000001 0.753125 0.2515625000000001 0.821875 0.2515625000000001
0 0.8 0.2015625000000001 0.7046875 0.2015625000000001 0.7046875 0.3281250000000001 0.8 0.3281250000000001
0 0.6953125 0.14218750000000008 0.575 0.14218750000000008 0.575 0.27812500000000007 0.6953125 0.27812500000000007
0 0.61875 0.19218750000000007 0.5234375 0.19218750000000004 0.5234375 0.3125000000000001 0.61875 0.3125000000000001
0 0.515625 0.12031250000000004 0.4 0.12031250000000004 0.4 0.2843750000000001 0.515625 0.2843750000000001
0 0.484375 0.22343750000000004 0.35625 0.2234375 0.35625 0.31718750000000007 0.484375 0.31718750000000007
0 0.4109375 0.16406250000000006 0.334375 0.16406250000000006 0.334375 0.24531250000000004 0.4109375 0.2453125000000001
0 0.334375 0.16406250000000006 0.2328125 0.16406250000000006 0.2328125 0.25625 0.334375 0.25625
0 0.3203125 0.13125000000000003 0.2078125 0.13125000000000003 0.2078125 0.234375 0.3203125 0.234375
0 0.796875 0.06562500000000009 0.7421875 0.06562500000000009 0.7421875 0.1312500000000001 0.796875 0.1312500000000001
0 0.753125 0.03281250000000009 0.7125 0.03281250000000009 0.7125 0.09218750000000009 0.753125 0.09218750000000009
0 0.73125 0.06093750000000009 0.690625 0.06093750000000009 0.690625 0.09375000000000008 0.73125 0.09375000000000008
0 0.7421875 0.0984375000000001 0.6875 0.0984375000000001 0.6875 0.1359375000000001 0.7421875 0.1359375000000001
0 0.7015625 0.05468750000000009 0.6625 0.05468750000000009 0.6625 0.12500000000000008 0.7015625 0.12500000000000008
0 0.6375 0.054687500000000076 0.6046875 0.05468750000000007 0.6046875 0.10937500000000008 0.6375 0.10937500000000008
0 0.621875 0.05937500000000007 0.578125 0.05937500000000007 0.578125 0.12031250000000009 0.621875 0.12031250000000009
0 0.596875 0.03906250000000007 0.5671875 0.03906250000000007 0.5671875 0.06093750000000007 0.596875 0.06093750000000007
0 0.578125 0.07031250000000007 0.553125 0.07031250000000007 0.553125 0.10937500000000008 0.578125 0.10937500000000008
0 0.578125 0.10937500000000008 0.553125 0.10937500000000008 0.553125 0.14218750000000008 0.578125 0.14218750000000008
0 0.559375 0.10312500000000006 0.509375 0.10312500000000005 0.509375 0.18593750000000006 0.559375 0.1859375000000001
0 0.575 0.14843750000000008 0.559375 0.14843750000000008 0.559375 0.1921875000000001 0.575 0.1921875000000001
0 0.5453125 0.07187500000000006 0.5203125 0.07187500000000006 0.5203125 0.10468750000000007 0.5453125 0.10468750000000009
0 0.5171875 0.05937500000000007 0.484375 0.05937500000000007 0.484375 0.09843750000000007 0.5171875 0.09843750000000007
0 0.50625 0.09843750000000007 0.484375 0.09843750000000007 0.484375 0.12031250000000004 0.50625 0.12031250000000004
0 0.4796875 0.07656250000000006 0.440625 0.07656250000000005 0.440625 0.10937500000000004 0.4796875 0.10937500000000004
0 0.3859375 0.12656250000000005 0.33125 0.12656250000000005 0.33125 0.17031250000000003 0.3859375 0.17031250000000003
0 0.4 0.12031250000000004 0.3859375 0.12031250000000004 0.3859375 0.15312500000000004 0.4 0.15312500000000004
0 0.3859375 0.07187500000000005 0.3453125 0.07187500000000005 0.3453125 0.10468750000000004 0.3859375 0.10468750000000004
0 0.4296875 0.059375000000000046 0.3921875 0.059375000000000046 0.3921875 0.10937500000000004 0.4296875 0.10937500000000004
0 0.440625 0.08750000000000005 0.403125 0.08750000000000005 0.403125 0.11406250000000004 0.440625 0.11406250000000004
0 0.484375 0.04843750000000006 0.446875 0.04843750000000006 0.446875 0.07656250000000006 0.484375 0.07656250000000006
0 0.3921875 0.050000000000000044 0.353125 0.050000000000000044 0.353125 0.07187500000000005 0.3921875 0.07187500000000005
0 0.3453125 0.05468750000000004 0.309375 0.05468750000000004 0.309375 0.08125000000000004 0.3453125 0.08125000000000004
0 0.35 0.08281250000000004 0.3015625 0.08281250000000004 0.3015625 0.11562500000000005 0.35 0.11562500000000005
0 0.328125 0.09843750000000004 0.2625 0.09843750000000002 0.2625 0.12500000000000006 0.328125 0.12500000000000006
0 0.3015625 0.032812500000000036 0.240625 0.032812500000000036 0.240625 0.09218750000000003 0.3015625 0.09218750000000005
0 0.2875 0.07656250000000003 0.21875 0.07656250000000002 0.21875 0.12500000000000006 0.2875 0.12500000000000006
0 0.21875 0.11406250000000002 0.175 0.1140625 0.175 0.153125 0.21875 0.15312500000000004
0 0.175 0.09843750000000002 0.1203125 0.09843750000000002 0.1203125 0.153125 0.175 0.153125
0 0.21875 0.07656250000000002 0.178125 0.07656250000000002 0.178125 0.12031250000000002 0.21875 0.12031250000000004
0 0.2296875 0.05468750000000002 0.2 0.05468750000000002 0.2 0.08750000000000002 0.2296875 0.08750000000000002
0 0.890625 0.0875000000000001 0.84375 0.0875000000000001 0.84375 0.1468750000000001 0.890625 0.1468750000000001
0 0.890625 0.1312500000000001 0.8625 0.1312500000000001 0.8625 0.15781250000000008 0.890625 0.15781250000000008
0 0.84375 0.12656250000000008 0.821875 0.12656250000000008 0.821875 0.14843750000000008 0.84375 0.14843750000000008
0 0.95625 0.07656250000000012 0.890625 0.07656250000000012 0.890625 0.14687500000000012 0.95625 0.14687500000000014
0 0.934375 0.02187500000000011 0.8765625 0.021875000000000106 0.8765625 0.07656250000000012 0.934375 0.07656250000000012
0 0.8765625 0.05468750000000011 0.8390625 0.05468750000000011 0.8390625 0.08125000000000011 0.8765625 0.08125000000000011
0 0.8765625 0.010937500000000105 0.828125 0.010937500000000103 0.828125 0.06562500000000011 0.8765625 0.06562500000000011
0 0.8109375 0.0375000000000001 0.7859375 0.0375000000000001 0.7859375 0.06562500000000009 0.8109375 0.06562500000000009
0 0.778125 0.03281250000000009 0.753125 0.03281250000000009 0.753125 0.06562500000000009 0.778125 0.06562500000000009
0 0.690625 0.021875000000000082 0.6578125 0.021875000000000082 0.6578125 0.07031250000000008 0.690625 0.07031250000000008
0 0.6703125 0.021875000000000082 0.615625 0.02187500000000008 0.615625 0.07656250000000007 0.6703125 0.07656250000000009
0 0.5890625 6.946043563913895e-17 0.5453125 6.678152076600411e-17 0.5453125 0.05468750000000007 0.5890625 0.05468750000000007
0 0.553125 0.03750000000000007 0.515625 0.03750000000000007 0.515625 0.06562500000000007 0.553125 0.06562500000000007
0 0.5453125 0.010937500000000065 0.5203125 0.010937500000000063 0.5203125 0.032812500000000064 0.5453125 0.032812500000000064
0 0.5125 0.026562500000000062 0.4875 0.026562500000000055 0.4875 0.06562500000000007 0.5125 0.06562500000000007
0 0.4828125 5.663991446056509e-17 0.4421875 5.415235064979703e-17 0.4421875 0.04843750000000006 0.4828125 0.04843750000000006
0 0.446875 0.010937500000000053 0.41875 0.01093750000000005 0.41875 0.059375000000000046 0.446875 0.059375000000000046
0 0.415625 0.017187500000000046 0.3828125 0.017187500000000043 0.3828125 0.06093750000000005 0.415625 0.06093750000000005
0 0.02187500000000003 0.196875 2.4110233858213517e-17 0.196875 3.080752104105061e-17 0.30625 0.02187500000000004 0.30625
0 0.07343750000000002 0.2140625 0.004687500000000027 0.2140625 0.004687500000000029 0.2578125 0.07343750000000002 0.2578125
0 0.05781250000000006 0.321875 3.941831884755543e-17 0.321875 5.051668046482832e-17 0.503125 0.057812500000000065 0.503125
0 0.14218750000000005 0.3390625 0.014062500000000039 0.3390625 0.01406250000000005 0.503125 0.14218750000000005 0.503125
0 0.17812500000000003 0.3609375 0.05468750000000004 0.3609375 0.054687500000000056 0.503125 0.17812500000000003 0.503125
0 0.27656250000000004 0.2578125 0.10468750000000004 0.2578125 0.10468750000000004 0.3671875 0.2765625000000001 0.3671875
0 0.46875 0.26250000000000007 0.24375 0.2625 0.24375 0.3609375 0.46875 0.3609375000000001
0 0.3062500000000001 0.365625 0.11250000000000004 0.365625 0.11250000000000007 0.590625 0.3062500000000001 0.590625
0 0.4109375 0.409375 0.26250000000000007 0.409375 0.26250000000000007 0.546875 0.4109375 0.546875
0 0.5921875 0.459375 0.3453125000000001 0.459375 0.3453125000000001 0.671875 0.5921875 0.671875
0 0.5859375 0.5796875 0.41875 0.5796875 0.41875 0.6609375 0.5859375 0.6609375
0 0.9171875 0.4531250000000001 0.55 0.453125 0.55 0.7921875 0.9171875 0.7921875000000002
0 0.934375 0.31718750000000007 0.6296875 0.31718750000000007 0.6296875 0.5140625000000001 0.934375 0.5140625000000002
0 0.46875 0.3453125 0.3125 0.3453125 0.31250000000000006 0.4109375 0.46875 0.4109375
0 0.6765625 0.2843750000000001 0.4390625 0.2843750000000001 0.4390625 0.4640625 0.6765625 0.4640625