0 0.8046875 0.19062500000000007 0.35 0.19062500000000004 0.35000000000000003 0.9453125 0.8046875 0.9453125
0 0.996875 0.3546875000000001 0.7671875 0.3546875000000001 0.7671875000000001 0.7703125000000002 0.996875 0.7703125000000002
0 0.8875 0.4093750000000001 0.07656250000000005 0.409375 0.07656250000000006 0.7109375000000001 0.8875 0.7109375000000002
0 0.3609375000000001 0.44375 0.037500000000000054 0.44375 0.03750000000000009 0.9953125 0.3609375000000001 0.9953125
0 0.996875 0.037500000000000096 0.5203125 0.03750000000000007 0.5203125 0.4703125000000001 0.996875 0.4703125000000002
0 0.953125 0.10937500000000008 0.4625 0.10937500000000004 0.4625 0.42656250000000007 0.953125 0.4265625000000002
0 0.4984375 4.008804756583914e-17 0.15625 1.9135106236677395e-17 0.15625000000000003 0.4375 0.4984375 0.4375
0 0.5390625 5.5109105961630896e-17 0.3609375 4.420209540672478e-17 0.3609375 0.13125000000000003 0.5390625 0.13125000000000003
0 0.13125000000000006 0.2734375 3.348643591418544e-17 0.2734375 5.960585592725007e-17 0.7 0.1312500000000001 0.7
0 0.21093750000000006 0.08750000000000001 1.071565949253934e-17 0.0875 3.08075210410506e-17 0.415625 0.21093750000000008 0.415625
0 0.2296875 1.7604297737743203e-17 0.0578125 7.079989307570636e-18 0.05781250000000001 0.16406250000000003 0.2296875 0.16406250000000006