0 0.6359375 0.4625 0.3203125000000001 0.4625 0.3203125000000001 0.759375 0.6359375000000002 0.759375
0 0.6406250000000001 0.653125 0.43125 0.653125 0.4312500000000001 0.7640625 0.6406250000000002 0.7640625
0 0.89375 0.5562500000000001 0.621875 0.55625 0.6218750000000001 0.7421875000000001 0.89375 0.7421875000000002
0 0.9828125 0.5109375000000002 0.8359375 0.5109375000000002 0.8359375 0.6671875000000002 0.9828125 0.6671875000000002
0 0.9953125 0.3734375000000001 0.8625 0.3734375000000001 0.8625 0.6312500000000002 0.9953125 0.6312500000000002
0 0.871875 0.4453125000000001 0.6140625 0.4453125 0.6140625 0.5687500000000001 0.871875 0.5687500000000002
0 0.7328125 0.3421875000000001 0.4671875 0.3421875000000001 0.4671875 0.5328125000000001 0.7328125 0.5328125000000001
0 0.6484375 0.3515625000000001 0.56875 0.3515625000000001 0.56875 0.4625 0.6484375 0.4625
0 0.8890625 0.2890625000000001 0.715625 0.2890625000000001 0.715625 0.4671875000000001 0.8890625 0.4671875000000002
0 0.9953125 0.16093750000000012 0.8890625 0.1609375000000001 0.8890625 0.3921875000000001 0.9953125 0.3921875000000001
0 0.7734375 0.17343750000000008 0.6890625 0.17343750000000008 0.6890625 0.32500000000000007 0.7734375 0.32500000000000007
0 0.6984375 0.15625000000000008 0.5875 0.15625000000000008 0.5875 0.3421875000000001 0.6984375 0.3421875000000001
0 0.8796875 0.1062500000000001 0.6359375 0.1062500000000001 0.6359375 0.2843750000000001 0.8796875 0.2843750000000001
0 0.8046875 0.050000000000000086 0.728125 0.050000000000000086 0.728125 0.1296875000000001 0.8046875 0.1296875000000001
0 0.609375 0.13750000000000007 0.5109375 0.13750000000000004 0.5109375 0.2218750000000001 0.609375 0.2218750000000001
0 0.653125 0.20468750000000008 0.440625 0.20468750000000008 0.440625 0.4 0.653125 0.4
0 0.48125 0.3203125000000001 0.3921875 0.3203125000000001 0.3921875 0.4 0.48125 0.4
0 0.4796875 0.39531250000000007 0.4140625 0.39531250000000007 0.4140625 0.4484375 0.4796875 0.4484375
0 0.4671875 0.4234375 0.2531250000000001 0.4234375 0.2531250000000001 0.5875 0.4671875 0.5875
0 0.4671875 0.22656250000000006 0.18281250000000004 0.2265625 0.18281250000000004 0.4796875 0.4671875 0.4796875
0 0.25312500000000004 0.2359375 0.16093750000000004 0.2359375 0.16093750000000004 0.3953125 0.2531250000000001 0.3953125
0 0.19218750000000004 0.19531250000000003 0.08125000000000002 0.1953125 0.08125000000000003 0.3734375 0.19218750000000004 0.3734375
0 0.3734375 0.07656250000000003 0.1515625 0.07656250000000002 0.15156250000000002 0.24531250000000004 0.3734375 0.2453125000000001
0 0.4890625 0.07968750000000005 0.3640625 0.07968750000000005 0.3640625 0.2406250000000001 0.4890625 0.2406250000000001
0 0.61875 0.05312500000000007 0.48125 0.05312500000000007 0.48125 0.22656250000000008 0.61875 0.22656250000000008
0 0.7421875 0.04531250000000008 0.6140625 0.045312500000000075 0.6140625 0.1609375000000001 0.7421875 0.1609375000000001
0 0.734375 0.0046875000000000866 0.6765625 0.004687500000000083 0.6765625 0.07031250000000008 0.734375 0.07031250000000008
0 0.671875 7.711447813380989e-17 0.5875 7.1947999449907e-17 0.5875 0.053125000000000075 0.671875 0.05312500000000009
0 0.5859375 6.247612186275169e-17 0.434375 5.319559533796316e-17 0.434375 0.07500000000000005 0.5859375 0.07500000000000007
0 0.4359375 4.4967499656191874e-17 0.2984375 3.654805291205382e-17 0.2984375 0.026562500000000044 0.4359375 0.026562500000000055
0 0.484375 0.009375000000000048 0.30625 0.00937500000000004 0.30625 0.09843750000000005 0.484375 0.09843750000000007
0 0.2671875 2.6406446606614802e-17 0.1640625 2.0091861548511263e-17 0.1640625 0.07187500000000002 0.2671875 0.07187500000000002
0 0.440625 0.004687500000000042 0.2453125 0.00468750000000003 0.2453125 0.10625000000000004 0.440625 0.10625000000000004
0 0.1328125 0.04062500000000001 0.0359375 0.040625 0.035937500000000004 0.084375 0.1328125 0.08437500000000002
0 0.10781250000000002 0.1015625 0.050000000000000024 0.1015625 0.050000000000000024 0.209375 0.10781250000000005 0.209375
0 0.2265625 0.08906250000000002 0.0890625 0.0890625 0.08906250000000002 0.2 0.2265625 0.2
0 0.9953125 6.257179739393508e-17 0.0265625 3.2529680602351567e-18 0.026562500000000044 0.7593750000000001 0.9953125 0.7593750000000001