0 0.996875 0.7656250000000002 0.7671875000000001 0.7656250000000002 0.7671875000000001 0.99375 0.996875 0.99375
0 0.996875 0.45625000000000016 0.88125 0.45625000000000016 0.88125 0.8828125 0.996875 0.8828125
0 0.996875 0.1671875000000001 0.8734375 0.1671875000000001 0.8734375 0.5062500000000002 0.996875 0.5062500000000002
0 0.9875 1.0572146195764259e-16 0.7390625 9.050905249948406e-17 0.7390625 0.2656250000000001 0.9875 0.2656250000000001
0 0.875 0.2593750000000001 0.675 0.2593750000000001 0.675 0.6421875000000001 0.875 0.6421875000000001
0 0.6484375 0.2531250000000001 0.415625 0.2531250000000001 0.415625 0.703125 0.6484375 0.703125
0 0.8 0.5437500000000001 0.5671875 0.54375 0.5671875000000001 0.95625 0.8 0.95625
0 0.7296875000000002 0.95625 0.6031250000000001 0.95625 0.6031250000000001 0.99375 0.7296875000000002 0.99375
0 0.678125 0.20312500000000008 0.5609375 0.20312500000000008 0.5609375 0.5375 0.678125 0.5375
0 0.7578125 8.275933447362974e-17 0.59375 7.271340369937409e-17 0.59375 0.2968750000000001 0.7578125 0.2968750000000001
0 0.596875 0.04375000000000007 0.409375 0.04375000000000005 0.409375 0.30937500000000007 0.596875 0.30937500000000007
0 0.6125 6.515503673588654e-17 0.4515625 5.5300457023997667e-17 0.4515625 0.11093750000000006 0.6125 0.11093750000000009
0 0.4578125 4.9368574090627673e-17 0.3484375 4.267128690779059e-17 0.3484375 0.07968750000000005 0.4578125 0.07968750000000006
0 0.4515625 0.018750000000000048 0.3390625 0.018750000000000037 0.3390625 0.259375 0.4515625 0.2593750000000001
0 0.37343750000000003 0.24062500000000003 0.2875 0.240625 0.28750000000000003 0.45625 0.3734375000000001 0.45625
0 0.48125 0.25312500000000004 0.315625 0.253125 0.31562500000000004 0.55625 0.48125 0.55625
0 0.4359375000000001 0.46875 0.15781250000000005 0.46875 0.15781250000000008 0.9875 0.4359375000000002 0.9875
0 0.58125 0.6359375 0.3421875000000001 0.6359375 0.3421875000000001 0.99375 0.5812500000000002 0.99375
0 0.2578125000000001 0.8828125 0.08125000000000011 0.8828125 0.08125000000000011 0.99375 0.2578125000000001 0.99375
0 0.0875000000000001 0.8515625 1.0428632898989179e-16 0.8515625 1.1299280232758e-16 0.99375 0.0875000000000001 0.99375
0 0.17031250000000006 0.51875 0.003125000000000064 0.51875 0.0031250000000000834 0.8390625 0.1703125000000001 0.8390625
0 0.29687500000000006 0.19687500000000002 0.057812500000000024 0.196875 0.057812500000000044 0.6171875 0.2968750000000001 0.6171875
0 0.3484375 0.006250000000000032 0.190625 0.006250000000000022 0.19062500000000002 0.3078125 0.3484375 0.3078125
0 0.2125 2.2675100890462708e-17 0.1578125 1.932645729904417e-17 0.15781250000000002 0.203125 0.2125 0.203125
0 0.1609375 9.854579711888859e-18 0 0 1.1672414804373211e-17 0.190625 0.16093750000000004 0.190625
0 0.17500000000000002 0.1484375 0.020312500000000018 0.1484375 0.020312500000000032 0.4015625 0.17500000000000004 0.4015625
0 0.018750000000000037 0.165625 2.0283212610878037e-17 0.165625 3.5782648662586727e-17 0.41875 0.01875000000000005 0.41875