0 0.996875 0.9125 0.9390625 0.9125 0.9390625 0.9953125 0.996875 0.9953125
0 0.9234375 0.8796875 0.8546875 0.8796875 0.8546875 0.9734375 0.9234375 0.9734375
0 0.86875 0.934375 0.8109375 0.934375 0.8109375 0.9953125 0.86875 0.9953125
0 0.8078125 0.91875 0.7500000000000002 0.91875 0.7500000000000002 0.9953125 0.8078125 0.9953125
0 0.7921875000000002 0.7765625 0.7234375000000002 0.7765625 0.7234375000000002 0.8796875 0.7921875000000002 0.8796875
0 0.7062500000000002 0.7984375 0.5859375000000002 0.7984375 0.5859375000000002 0.978125 0.7062500000000002 0.978125
0 0.5890625000000002 0.7265625 0.4734375000000002 0.7265625 0.4734375000000002 0.9078125 0.5890625000000002 0.9078125
0 0.5937500000000002 0.9453125 0.5500000000000002 0.9453125 0.5500000000000002 0.9953125 0.5937500000000002 0.9953125
0 0.2296875 1.4064303083957884e-17 0 0 2.143131898507868e-17 0.35 0.2296875 0.35
0 0.28750000000000003 0.26875 0.15937500000000004 0.26875 0.15937500000000004 0.4546875 0.2875000000000001 0.4546875
0 0.1937500000000001 0.60625 0.08437500000000006 0.60625 0.08437500000000007 0.759375 0.1937500000000001 0.759375
0 0.25468750000000007 0.6890625 0.13437500000000008 0.6890625 0.13437500000000008 0.896875 0.25468750000000007 0.896875
0 0.3421875000000001 0.8203125 0.19687500000000008 0.8203125 0.1968750000000001 0.9953125 0.3421875000000001 0.9953125
0 0.3937500000000001 0.9234375 0.3281250000000001 0.9234375 0.3281250000000001 0.9953125 0.3937500000000001 0.9953125
0 0.4625000000000002 0.9453125 0.3937500000000001 0.9453125 0.3937500000000001 0.9953125 0.4625000000000002 0.9953125
0 0.0953125000000001 0.7765625 9.510147799628666e-17 0.7765625 1.0849605236196083e-16 0.9953125 0.0953125000000001 0.9953125
0 0.05156250000000011 0.8796875 1.0773064811249373e-16 0.8796875 1.1481063742006435e-16 0.9953125 0.05156250000000011 0.9953125
0 0.1421875000000001 0.6171875 7.558366963487571e-17 0.6171875 9.873714818125535e-17 0.9953125 0.14218750000000013 0.9953125
0 0.20312500000000008 0.825 0.13437500000000008 0.825 0.1343750000000001 0.9953125 0.20312500000000008 0.9953125
0 0.27343750000000006 0.30625 3.750480822388769e-17 0.30625 5.587451021109799e-17 0.60625 0.2734375000000001 0.60625
0 0.35937500000000006 0.30625 0.18593750000000003 0.30625 0.18593750000000006 0.634375 0.3593750000000001 0.634375
0 0.37812500000000004 0.33906250000000004 0.18593750000000003 0.3390625 0.18593750000000006 0.6453125 0.3781250000000001 0.6453125
0 0.4109375 0.33906250000000004 0.2 0.3390625 0.20000000000000004 0.6453125 0.4109375 0.6453125
0 0.4296875 0.36562500000000003 0.18125000000000005 0.365625 0.18125000000000008 0.6453125 0.4296875 0.6453125
0 0.4296875 0.4265625 0.18593750000000003 0.4265625 0.18593750000000006 0.65625 0.4296875 0.65625
0 0.5093750000000001 0.9453125 0.47968750000000016 0.9453125 0.47968750000000016 0.984375 0.5093750000000001 0.984375
0 0.5093750000000001 0.8859375 0.4656250000000002 0.8859375 0.4656250000000002 0.95625 0.5093750000000001 0.95625
0 0.5171875000000001 0.896875 0.5015625000000001 0.896875 0.5015625000000001 0.9296875 0.5171875000000001 0.9296875
0 0.47656250000000017 0.9078125 0.4500000000000002 0.9078125 0.4500000000000002 0.9671875 0.47656250000000017 0.9671875
0 0.4515625000000002 0.8859375 0.4187500000000002 0.8859375 0.4187500000000002 0.9515625 0.4515625000000002 0.9515625
0 0.4656250000000002 0.8140625 0.42968750000000017 0.8140625 0.42968750000000017 0.8859375 0.4656250000000002 0.8859375
0 0.4656250000000002 0.7875 0.4500000000000002 0.7875 0.4500000000000002 0.83125 0.4656250000000002 0.83125
0 0.4546875000000002 0.7765625 0.43281250000000016 0.7765625 0.43281250000000016 0.8140625 0.4546875000000002 0.8140625
0 0.4437500000000002 0.7328125 0.41406250000000017 0.7328125 0.41406250000000017 0.7921875 0.4437500000000002 0.7921875
0 0.4296875000000001 0.69375 0.403125 0.69375 0.40312500000000007 0.74375 0.42968750000000017 0.74375
0 0.4109375 0.6609375 0.3703125000000001 0.6609375 0.3703125000000001 0.7 0.4109375 0.7
0 0.3750000000000001 0.6453125 0.34843750000000007 0.6453125 0.34843750000000007 0.6828125 0.3750000000000001 0.6828125
0 0.3453125000000001 0.65 0.30937500000000007 0.65 0.30937500000000007 0.7046875 0.3453125000000001 0.7046875
0 0.3703125000000001 0.678125 0.3343750000000001 0.678125 0.3343750000000001 0.7265625 0.3703125000000001 0.7265625
0 0.3828125000000001 0.721875 0.3390625000000001 0.721875 0.3390625000000001 0.7765625 0.3828125000000001 0.7765625
0 0.4046875000000001 0.69375 0.37187500000000007 0.69375 0.37187500000000007 0.7484375 0.4046875000000002 0.7484375
0 0.4187500000000002 0.7265625 0.3859375000000001 0.7265625 0.3859375000000001 0.7875 0.4187500000000002 0.7875
0 0.44062500000000016 0.7875 0.4000000000000002 0.7875 0.4000000000000002 0.83125 0.44062500000000016 0.83125
0 0.4031250000000002 0.7703125 0.3671875000000001 0.7703125 0.3671875000000001 0.8359375 0.4031250000000002 0.8359375
0 0.43281250000000016 0.825 0.3921875000000001 0.825 0.3921875000000001 0.8859375 0.43281250000000016 0.8859375
0 0.4187500000000002 0.8796875 0.3812500000000001 0.8796875 0.3812500000000001 0.9515625 0.4187500000000002 0.9515625
0 0.3750000000000001 0.8640625 0.3421875000000001 0.8640625 0.3421875000000001 0.9125 0.3750000000000001 0.9125
0 0.3921875000000001 0.83125 0.36406250000000007 0.83125 0.36406250000000007 0.8796875 0.3921875000000001 0.8796875
0 0.3531250000000001 0.846875 0.3234375000000001 0.846875 0.3234375000000001 0.890625 0.3531250000000001 0.890625
0 0.3671875000000001 0.7875 0.3312500000000001 0.7875 0.3312500000000001 0.8578125 0.3671875000000001 0.8578125
0 0.3312500000000001 0.7984375 0.2875000000000001 0.7984375 0.2875000000000001 0.875 0.3312500000000001 0.875
0 0.35625000000000007 0.7265625 0.3125000000000001 0.7265625 0.3125000000000001 0.7921875 0.35625000000000007 0.7921875
0 0.3125000000000001 0.7375 0.2875000000000001 0.7375 0.2875000000000001 0.7984375 0.3125000000000001 0.7984375
0 0.3312500000000001 0.69375 0.2828125000000001 0.69375 0.2828125000000001 0.7484375 0.3312500000000001 0.7484375
0 0.3343750000000001 0.6125 0.2796875000000001 0.6125 0.2796875000000001 0.7 0.3343750000000001 0.7
0 0.2875000000000001 0.671875 0.24375000000000008 0.671875 0.24375000000000008 0.7265625 0.2875000000000001 0.7265625
0 0.2906250000000001 0.7265625 0.2468750000000001 0.7265625 0.2468750000000001 0.8203125 0.2906250000000001 0.8203125
0 0.2875000000000001 0.6171875 0.23593750000000008 0.6171875 0.23593750000000008 0.678125 0.2875000000000001 0.678125
0 0.3046875000000001 0.546875 0.2656250000000001 0.546875 0.2656250000000001 0.6125 0.3046875000000001 0.6125
0 0.3343750000000001 0.5296875 0.2953125000000001 0.5296875 0.2953125000000001 0.5953125 0.3343750000000001 0.5953125
0 0.3671875000000001 0.584375 0.3343750000000001 0.584375 0.3343750000000001 0.634375 0.3671875000000001 0.634375
0 0.3890625000000001 0.5953125 0.36406250000000007 0.5953125 0.36406250000000007 0.6234375 0.3890625000000001 0.6234375
0 0.4109375 0.6171875 0.3781250000000001 0.6171875 0.3781250000000001 0.671875 0.4109375 0.671875
0 0.4515625 0.6125 0.4109375 0.6125 0.4109375 0.678125 0.4515625 0.678125
0 0.4515625 0.5734375 0.4140625 0.5734375 0.4140625 0.6171875 0.4515625 0.6171875
0 0.4625 0.540625 0.4296875 0.540625 0.4296875 0.584375 0.4625 0.584375
0 0.4359375 0.5140625 0.4078125 0.5140625 0.4078125 0.5625 0.4359375 0.5625
0 0.425 0.540625 0.3781250000000001 0.540625 0.3781250000000001 0.6015625 0.425 0.6015625
0 0.403125 0.503125 0.36406250000000007 0.503125 0.36406250000000007 0.540625 0.403125 0.540625
0 0.3703125000000001 0.503125 0.3312500000000001 0.503125 0.3312500000000001 0.5625 0.3703125000000001 0.5625