0 0.9828125 0.11406250000000011 0.8125 0.1140625000000001 0.8125 0.971875 0.9828125 0.971875
0 0.9828125 0.1265625000000001 0.875 0.12656250000000008 0.875 0.5312500000000002 0.9828125 0.5312500000000002
0 0.9234375 0.5140625000000002 0.8375 0.5140625000000002 0.8375 0.9828125 0.9234375 0.9828125
0 0.8828125 0.06875000000000012 0.834375 0.06875000000000012 0.834375 0.1765625000000001 0.8828125 0.1765625000000001
0 0.878125 0.017187500000000102 0.815625 0.0171875000000001 0.815625 0.0796875000000001 0.878125 0.0796875000000001
0 0.9265625 0.02812500000000011 0.875 0.02812500000000011 0.875 0.12031250000000011 0.9265625 0.12031250000000013
0 0.9734375 0.09687500000000011 0.9140625 0.09687500000000011 0.9140625 0.21093750000000008 0.9734375 0.21093750000000008
0 0.9796875 0.017187500000000116 0.9265625 0.017187500000000112 0.9265625 0.12031250000000013 0.9796875 0.12031250000000013
0 0.7921875 0.01093750000000009 0.6703125 0.010937500000000083 0.6703125 0.09687500000000009 0.7921875 0.09687500000000009
0 0.771875 0.07968750000000009 0.678125 0.07968750000000009 0.678125 0.3140625000000001 0.771875 0.3140625000000001
0 0.65 0.010937500000000076 0.5625 0.010937500000000069 0.5625 0.1312500000000001 0.65 0.1312500000000001
0 0.56875 0.010937500000000065 0.496875 0.010937500000000062 0.496875 0.13125000000000006 0.56875 0.1312500000000001
0 0.5109375 0.010937500000000058 0.4234375 0.010937500000000053 0.4234375 0.23437500000000008 0.5109375 0.23437500000000008
0 0.4484375 0.00625000000000005 0.3609375 0.006250000000000045 0.3609375 0.13750000000000004 0.4484375 0.13750000000000004
0 0.34375 0.010937500000000034 0.19375 0.010937500000000025 0.19375000000000003 0.2578125 0.34375 0.2578125
0 0.2390625 0.051562500000000025 0.1078125 0.051562500000000025 0.10781250000000002 0.3203125 0.2390625 0.3203125
0 0.7921875 0.30937500000000007 0.684375 0.30937500000000007 0.6843750000000001 0.965625 0.7921875000000002 0.965625
0 0.6875000000000001 0.12031250000000009 0.5796875 0.12031250000000009 0.5796875000000001 0.890625 0.6875000000000002 0.890625
0 0.5937500000000001 0.13125000000000006 0.49375 0.13125000000000003 0.4937500000000001 0.8515625 0.5937500000000002 0.8515625
0 0.5000000000000001 0.2171875000000001 0.3890625 0.2171875000000001 0.38906250000000003 0.9484375 0.5000000000000002 0.9484375
0 0.4203125000000001 0.11406250000000004 0.2703125 0.11406250000000004 0.27031250000000007 0.9375 0.4203125000000002 0.9375
0 0.28125000000000006 0.2453125 0.19062500000000004 0.2453125 0.1906250000000001 0.9828125 0.2812500000000001 0.9828125
0 0.19531250000000008 0.3203125 0.10468750000000004 0.3203125 0.10468750000000009 0.9828125 0.19531250000000014 0.9828125
0 0.3296875000000001 0.9265625 0.27812500000000007 0.9265625 0.27812500000000007 0.978125 0.3296875000000001 0.978125
0 0.43750000000000017 0.7546875 0.3156250000000001 0.7546875 0.3156250000000001 0.9765625 0.43750000000000017 0.9765625
0 0.5140625000000001 0.6859375 0.4375 0.6859375 0.4375000000000001 0.9765625 0.5140625000000002 0.9765625
0 0.5765625000000002 0.80625 0.5000000000000002 0.80625 0.5000000000000002 0.971875 0.5765625000000002 0.971875
0 0.6781250000000002 0.778125 0.5843750000000002 0.778125 0.5843750000000002 0.978125 0.6781250000000002 0.978125
0 0.7359375000000001 0.7031250000000001 0.6765625 0.703125 0.6765625000000001 0.9765625 0.7359375000000001 0.9765625
0 0.15625000000000006 0.125 0.0031250000000000154 0.125 0.0031250000000000674 0.971875 0.15625000000000014 0.971875