0 0.996875 0.7937500000000002 0.934375 0.7937500000000002 0.934375 0.9078125 0.996875 0.9078125
0 0.996875 0.9078125 0.940625 0.9078125 0.940625 0.99375 0.996875 0.99375
0 0.9453125 0.94375 0.8859375 0.94375 0.8859375 0.9953125 0.9453125 0.9953125
0 0.9515625 0.8453125 0.89375 0.8453125 0.89375 0.9484375 0.9515625 0.9484375
0 0.934375 0.815625 0.89375 0.815625 0.89375 0.890625 0.934375 0.890625
0 0.96875 0.7640625000000002 0.9203125 0.7640625000000002 0.9203125 0.8390625 0.96875 0.8390625
0 0.996875 0.6781250000000002 0.9453125 0.6781250000000002 0.9453125 0.7937500000000002 0.996875 0.7937500000000002
0 0.996875 0.6156250000000002 0.9625 0.6156250000000002 0.9625 0.6671875000000002 0.996875 0.6671875000000002
0 0.971875 0.6265625000000001 0.8796875 0.6265625000000001 0.8796875 0.7468750000000002 0.971875 0.7468750000000002
0 0.921875 0.7531250000000002 0.85625 0.7531250000000002 0.85625 0.85 0.921875 0.85
0 0.896875 0.8796875 0.8515625 0.8796875 0.8515625 0.959375 0.896875 0.959375
0 0.8796875 0.9484375 0.8484375 0.9484375 0.8484375 0.99375 0.8796875 0.99375
0 0.8453125 0.896875 0.8109375 0.896875 0.8109375 0.959375 0.8453125 0.959375
0 0.8484375 0.9609375 0.80625 0.9609375 0.80625 0.9953125 0.8484375 0.9953125
0 0.8078125 0.896875 0.7562500000000002 0.896875 0.7562500000000002 0.99375 0.8078125 0.99375
0 0.7515625000000001 0.86875 0.7000000000000002 0.86875 0.7000000000000002 0.9953125 0.7515625000000001 0.9953125
0 0.7937500000000002 0.8046875 0.7250000000000002 0.8046875 0.7250000000000002 0.91875 0.7937500000000002 0.91875
0 0.85625 0.7828125000000001 0.7906250000000001 0.7828125000000001 0.7906250000000001 0.903125 0.85625 0.903125
0 0.865625 0.7125000000000001 0.8140625 0.7125000000000001 0.8140625 0.8109375 0.865625 0.8109375
0 0.8796875 0.6734375000000001 0.8234375 0.6734375000000001 0.8234375 0.7484375000000002 0.8796875 0.7484375000000002
0 0.8203125 0.6500000000000001 0.759375 0.6500000000000001 0.759375 0.7250000000000002 0.8203125 0.7250000000000002
0 0.8140625 0.7187500000000002 0.7578125 0.7187500000000002 0.7578125000000001 0.8109375 0.8140625 0.8109375
0 0.7593750000000001 0.6843750000000001 0.703125 0.684375 0.7031250000000001 0.821875 0.7593750000000001 0.821875
0 0.759375 0.5984375000000001 0.7 0.5984375 0.7 0.6734375000000001 0.759375 0.6734375000000001
0 0.8078125 0.5921875000000002 0.75625 0.5921875000000002 0.75625 0.6546875000000002 0.8078125 0.6546875000000002
0 0.903125 0.5000000000000002 0.759375 0.5000000000000002 0.759375 0.6953125000000002 0.903125 0.6953125000000002
0 0.996875 0.5109375000000002 0.8578125 0.5109375000000002 0.8578125 0.6437500000000002 0.996875 0.6437500000000002
0 0.996875 0.3734375000000001 0.928125 0.3734375000000001 0.928125 0.5343750000000002 0.996875 0.5343750000000002
0 0.93125 0.3671875000000001 0.8171875 0.3671875000000001 0.8171875 0.5343750000000002 0.93125 0.5343750000000002
0 0.8140625 0.3625000000000001 0.7140625 0.3625000000000001 0.7140625 0.5234375000000001 0.8140625 0.5234375000000002
0 0.7140625 0.3734375000000001 0.6203125 0.3734375000000001 0.6203125 0.5234375 0.7140625 0.5234375
0 0.6171875 0.3687500000000001 0.5 0.3687500000000001 0.5 0.5515625 0.6171875 0.5515625
0 0.5 0.3625000000000001 0.39375 0.3625000000000001 0.39375000000000004 0.5453125 0.5 0.5453125
0 0.403125 0.403125 0.29375000000000007 0.403125 0.29375000000000007 0.56875 0.403125 0.56875
0 0.3000000000000001 0.390625 0.2062500000000001 0.390625 0.2062500000000001 0.5515625 0.3000000000000001 0.5515625
0 0.2000000000000001 0.4140625 0.11093750000000005 0.4140625 0.11093750000000006 0.5578125 0.2000000000000001 0.5578125
0 0.7484375 0.5000000000000001 0.6578125 0.5 0.6578125 0.6500000000000001 0.7484375 0.6500000000000001
0 0.7140625 0.64375 0.671875 0.64375 0.6718750000000001 0.93125 0.7140625000000002 0.93125
0 0.659375 0.50625 0.5421875 0.50625 0.5421875 0.6609375 0.659375 0.6609375
0 0.534375 0.5296875 0.3890625000000001 0.5296875 0.3890625000000001 0.6734375 0.534375 0.6734375
0 0.3906250000000001 0.575 0.3421875000000001 0.575 0.3421875000000001 0.678125 0.3906250000000001 0.678125
0 0.34843750000000007 0.534375 0.2515625000000001 0.534375 0.2515625000000001 0.6609375 0.34843750000000007 0.6609375
0 0.2906250000000001 0.5234375 0.19062500000000004 0.5234375 0.19062500000000007 0.64375 0.2906250000000001 0.64375
0 0.1937500000000001 0.5515625 0.1140625000000001 0.5515625 0.1140625000000001 0.6375 0.1937500000000001 0.6375
0 0.12812500000000007 0.334375 4.0949127346489623e-17 0.334375 6.276314845630185e-17 0.690625 0.1281250000000001 0.690625
0 0.4 0.6328125 0.3343750000000001 0.6328125 0.3343750000000001 0.671875 0.4 0.671875
0 0.44218750000000007 0.65 0.3937500000000001 0.65 0.3937500000000001 0.759375 0.4421875000000002 0.759375
0 0.3937500000000001 0.678125 0.3281250000000001 0.678125 0.3281250000000001 0.7875 0.3937500000000001 0.7875
0 0.3375000000000001 0.6546875 0.2828125000000001 0.6546875 0.2828125000000001 0.7703125 0.3375000000000001 0.7703125
0 0.2828125000000001 0.6546875 0.2140625000000001 0.6546875 0.2140625000000001 0.7359375 0.2828125000000001 0.7359375
0 0.22031250000000008 0.6375 0.16562500000000008 0.6375 0.16562500000000008 0.684375 0.22031250000000008 0.684375
0 0.2312500000000001 0.684375 0.1546875000000001 0.684375 0.1546875000000001 0.79375 0.2312500000000001 0.79375
0 0.17187500000000008 0.6375 0.1281250000000001 0.6375 0.1281250000000001 0.6953125 0.17187500000000008 0.6953125
0 0.1515625000000001 0.684375 0.07968750000000009 0.684375 0.07968750000000009 0.7765625 0.1515625000000001 0.7765625
0 0.12500000000000008 0.6328125 0.07656250000000006 0.6328125 0.07656250000000007 0.678125 0.12500000000000008 0.678125
0 0.07968750000000009 0.678125 0.010937500000000083 0.678125 0.01093750000000009 0.759375 0.07968750000000009 0.759375
0 0.44531250000000017 0.7640625 0.3890625000000001 0.7640625 0.3890625000000001 0.890625 0.44531250000000017 0.890625
0 0.44062500000000016 0.8734375 0.3968750000000001 0.8734375 0.3968750000000001 0.9140625 0.44062500000000016 0.9140625
0 0.44843750000000016 0.9140625 0.4109375000000002 0.9140625 0.4109375000000002 0.9828125 0.44843750000000016 0.9828125
0 0.4343750000000002 0.94375 0.37968750000000007 0.94375 0.37968750000000007 0.9953125 0.4343750000000002 0.9953125
0 0.42187500000000017 0.8734375 0.3390625000000001 0.8734375 0.3390625000000001 0.9890625 0.42187500000000017 0.9890625
0 0.3859375000000001 0.7765625 0.3312500000000001 0.7765625 0.3312500000000001 0.8734375 0.3859375000000001 0.8734375
0 0.4421875000000002 0.7640625 0.3937500000000001 0.7640625 0.3937500000000001 0.8734375 0.4421875000000002 0.8734375
0 0.3343750000000001 0.8859375 0.28593750000000007 0.8859375 0.28593750000000007 0.9609375 0.3343750000000001 0.9609375
0 0.34843750000000007 0.94375 0.3031250000000001 0.94375 0.3031250000000001 0.9953125 0.34843750000000007 0.9953125
0 0.3343750000000001 0.7703125 0.2765625000000001 0.7703125 0.2765625000000001 0.884375 0.3343750000000001 0.884375
0 0.2796875000000001 0.7421875 0.2312500000000001 0.7421875 0.2312500000000001 0.8171875 0.2796875000000001 0.8171875
0 0.2828125000000001 0.8171875 0.22031250000000008 0.8171875 0.22031250000000008 0.9953125 0.2828125000000001 0.9953125
0 0.3078125000000001 0.94375 0.2562500000000001 0.94375 0.2562500000000001 0.9953125 0.3078125000000001 0.9953125
0 0.23437500000000008 0.79375 0.1859375000000001 0.79375 0.18593750000000012 0.9078125 0.23437500000000008 0.9078125
0 0.2140625000000001 0.903125 0.17187500000000008 0.903125 0.1718750000000001 0.9953125 0.2140625000000001 0.9953125
0 0.17968750000000008 0.7875 0.10312500000000009 0.7875 0.10312500000000009 0.8796875 0.17968750000000008 0.8796875
0 0.1484375000000001 0.85625 0.06562500000000011 0.85625 0.06562500000000011 0.9828125 0.14843750000000014 0.9828125
0 0.17656250000000012 0.8796875 0.12500000000000008 0.8796875 0.1250000000000001 0.99375 0.17656250000000012 0.99375
0 0.0687500000000001 0.7640625 0.014062500000000094 0.7640625 0.0140625000000001 0.8734375 0.06875000000000012 0.8734375
0 0.10312500000000009 0.7765625 0.06875000000000009 0.7765625 0.0687500000000001 0.8625 0.10312500000000009 0.8625
0 0.06875000000000012 0.8734375 0.017187500000000105 0.8734375 0.017187500000000112 0.99375 0.06875000000000012 0.99375
0 0.6765625000000002 0.9484375 0.6078125000000002 0.9484375 0.6078125000000002 0.99375 0.6765625000000002 0.99375
0 0.6687500000000002 0.828125 0.6000000000000002 0.828125 0.6000000000000002 0.9546875 0.6687500000000002 0.9546875
0 0.6656250000000001 0.7359375 0.6234375000000002 0.7359375 0.6234375000000002 0.8328125 0.6656250000000001 0.8328125
0 0.6625000000000001 0.6953125 0.628125 0.6953125 0.628125 0.7421875 0.6625000000000002 0.7421875
0 0.6484375 0.65625 0.6140625 0.65625 0.6140625 0.725 0.6484375 0.725
0 0.628125 0.6671875 0.5765625 0.6671875 0.5765625000000001 0.759375 0.6281250000000002 0.759375
0 0.5890625 0.65 0.5515625 0.65 0.5515625 0.6890625 0.5890625 0.6890625
0 0.5484375 0.6265625 0.50625 0.6265625 0.50625 0.684375 0.5484375 0.684375
0 0.5171875000000001 0.6671875 0.465625 0.6671875 0.46562500000000007 0.759375 0.5171875000000001 0.759375
0 0.5625000000000001 0.6734375 0.5140625 0.6734375 0.5140625000000001 0.759375 0.5625000000000002 0.759375
0 0.5593750000000002 0.746875 0.5109375000000002 0.746875 0.5109375000000002 0.8390625 0.5593750000000002 0.8390625
0 0.6046875 0.7234375 0.55625 0.7234375 0.5562500000000001 0.7875 0.6046875000000002 0.7875
0 0.5140625000000002 0.759375 0.46875000000000017 0.759375 0.46875000000000017 0.8390625 0.5140625000000002 0.8390625
0 0.5421875000000002 0.834375 0.46875000000000017 0.834375 0.46875000000000017 0.94375 0.5421875000000002 0.94375
0 0.5937500000000002 0.8671875 0.5375000000000002 0.8671875 0.5375000000000002 0.9484375 0.5937500000000002 0.9484375
0 0.6109375000000001 0.7828125 0.5421875000000002 0.7828125 0.5421875000000002 0.86875 0.6109375000000001 0.86875
0 0.6078125000000002 0.9484375 0.5421875000000002 0.9484375 0.5421875000000002 0.99375 0.6078125000000002 0.99375
0 0.5406250000000001 0.9484375 0.4656250000000002 0.9484375 0.4656250000000002 0.99375 0.5406250000000001 0.99375
0 0.9625 0.2640625000000001 0.8765625 0.2640625000000001 0.8765625 0.4031250000000002 0.9625 0.4031250000000002
0 0.996875 0.3109375000000001 0.9828125 0.3109375000000001 0.9828125 0.3906250000000001 0.996875 0.3906250000000001
0 0.9859375 0.3218750000000001 0.965625 0.3218750000000001 0.965625 0.37968750000000007 0.9859375 0.37968750000000007
0 0.996875 0.2406250000000001 0.9484375 0.2406250000000001 0.9484375 0.3218750000000001 0.996875 0.3218750000000001
0 0.996875 0.18437500000000012 0.9546875 0.18437500000000012 0.9546875 0.2468750000000001 0.996875 0.2468750000000001
0 0.959375 0.17812500000000012 0.903125 0.1781250000000001 0.903125 0.2531250000000001 0.959375 0.2531250000000001
0 0.9390625 0.2296875000000001 0.890625 0.2296875000000001 0.890625 0.2640625000000001 0.9390625 0.2640625000000001
0 0.896875 0.2296875000000001 0.8484375 0.2296875000000001 0.8484375 0.3156250000000001 0.896875 0.3156250000000001
0 0.8734375 0.2593750000000001 0.79375 0.2593750000000001 0.79375 0.3906250000000001 0.8734375 0.3906250000000001
0 0.790625 0.24218750000000008 0.7078125 0.24218750000000008 0.7078125 0.35625000000000007 0.790625 0.35625000000000007
0 0.7109375 0.2531250000000001 0.63125 0.2531250000000001 0.63125 0.37968750000000007 0.7109375 0.37968750000000007
0 0.6484375 0.3000000000000001 0.596875 0.3000000000000001 0.596875 0.3859375000000001 0.6484375 0.3859375000000001
0 0.625 0.2531250000000001 0.5515625 0.2531250000000001 0.5515625 0.37968750000000007 0.625 0.37968750000000007
0 0.5484375 0.2765625000000001 0.46875 0.2765625000000001 0.46875 0.3968750000000001 0.5484375 0.3968750000000001
0 0.46875 0.2828125000000001 0.4203125 0.2828125000000001 0.4203125 0.3687500000000001 0.46875 0.3687500000000001
0 0.428125 0.27031250000000007 0.3453125 0.2703125 0.3453125 0.4140625 0.428125 0.4140625
0 0.4796875 0.2078125000000001 0.4234375 0.2078125000000001 0.4234375 0.2765625000000001 0.4796875 0.2765625000000001
0 0.521875 0.21875000000000008 0.4734375 0.21875000000000008 0.4734375 0.2765625000000001 0.521875 0.2765625000000001
0 0.565625 0.2078125000000001 0.5140625 0.2078125000000001 0.5140625 0.2828125000000001 0.565625 0.2828125000000001
0 0.596875 0.21250000000000008 0.5578125 0.21250000000000008 0.5578125 0.2593750000000001 0.596875 0.2593750000000001
0 0.65625 0.21875000000000008 0.6046875 0.21875000000000008 0.6046875 0.27031250000000007 0.65625 0.27031250000000007
0 0.671875 0.2062500000000001 0.6515625 0.2062500000000001 0.6515625 0.23593750000000008 0.671875 0.23593750000000008
0 0.7203125 0.21250000000000008 0.6796875 0.21250000000000008 0.6796875 0.2765625000000001 0.7203125 0.2765625000000001
0 0.771875 0.1843750000000001 0.728125 0.1843750000000001 0.728125 0.24218750000000008 0.771875 0.24218750000000008
0 0.8109375 0.2250000000000001 0.7765625 0.2250000000000001 0.7765625 0.29375000000000007 0.8109375 0.29375000000000007
0 0.8546875 0.2250000000000001 0.8171875 0.2250000000000001 0.8171875 0.2593750000000001 0.8546875 0.2593750000000001
0 0.9109375 0.1718750000000001 0.834375 0.17187500000000008 0.834375 0.2296875000000001 0.9109375 0.2296875000000001
0 0.83125 0.1781250000000001 0.771875 0.1781250000000001 0.771875 0.21875000000000008 0.83125 0.21875000000000008
0 0.996875 1.144279352953308e-16 0.871875 1.0677389280065986e-16 0.871875 0.17812500000000012 0.996875 0.17812500000000014
0 0.790625 0.0468750000000001 0.7421875 0.04687500000000009 0.7421875 0.1390625000000001 0.790625 0.1390625000000001
0 0.8796875 9.969390349308924e-17 0.7484375 9.165715887368473e-17 0.7484375 0.18906250000000008 0.8796875 0.18906250000000008
0 0.7546875 0.11562500000000009 0.69375 0.11562500000000009 0.69375 0.21250000000000008 0.7546875 0.21250000000000008
0 0.7078125 0.15000000000000008 0.6765625 0.15000000000000008 0.6765625 0.2296875000000001 0.7078125 0.2296875000000001
0 0.6890625 0.12656250000000008 0.63125 0.12656250000000008 0.63125 0.21250000000000008 0.6890625 0.21250000000000008
0 0.6546875 0.2078125000000001 0.6171875 0.2078125000000001 0.6171875 0.24218750000000008 0.6546875 0.24218750000000008
0 0.628125 0.12656250000000008 0.5796875 0.12656250000000008 0.5796875 0.2296875000000001 0.628125 0.2296875000000001
0 0.625 0.03437500000000007 0.5734375 0.034375000000000065 0.5734375 0.13281250000000008 0.625 0.13281250000000008
0 0.4171875 0.18437500000000004 0.3546875 0.18437500000000004 0.3546875 0.27031250000000007 0.4171875 0.27031250000000007
0 0.3625 0.240625 0.3171875 0.240625 0.3171875 0.321875 0.3625 0.321875
0 0.3375 0.28125 0.2515625 0.28125 0.2515625 0.4203125 0.3375000000000001 0.4203125
0 0.25781250000000006 0.29375 0.2140625 0.29375 0.21406250000000004 0.396875 0.2578125000000001 0.396875
0 0.22500000000000003 0.3390625 0.16875000000000004 0.3390625 0.16875000000000004 0.425 0.2250000000000001 0.425
0 0.17187500000000006 0.2984375 0.10000000000000005 0.2984375 0.10000000000000005 0.4140625 0.17187500000000006 0.4140625
0 0.17656250000000004 0.225 0.12031250000000004 0.225 0.12031250000000004 0.3 0.17656250000000004 0.3
0 0.2203125 0.253125 0.16250000000000003 0.253125 0.16250000000000003 0.3390625 0.2203125 0.3390625
0 0.2484375 0.21875 0.19687500000000005 0.21875 0.19687500000000005 0.29375 0.2484375 0.29375
0 0.2859375 0.2421875 0.2421875 0.2421875 0.2421875 0.3171875 0.2859375 0.3171875
0 0.328125 0.2078125 0.2765625 0.2078125 0.2765625 0.2828125 0.328125 0.2828125
0 0.040625000000000036 0.240625 2.9468063604483184e-17 0.240625 3.6165350787320275e-17 0.35 0.04062500000000004 0.35
0 0.06875000000000005 0.2875 0.04531250000000003 0.2875 0.04531250000000004 0.3328125 0.06875000000000005 0.3328125
0 0.07968750000000005 0.3328125 0.05468750000000004 0.3328125 0.05468750000000004 0.3734375 0.07968750000000005 0.3734375
0 0.07968750000000002 0.1265625 0.04062500000000001 0.1265625 0.040625000000000015 0.2015625 0.07968750000000002 0.2015625
0 0.10000000000000002 0.1546875 0.07187500000000002 0.1546875 0.07187500000000002 0.2015625 0.10000000000000005 0.2015625
0 0.1375 0.15625 0.09687500000000002 0.15625 0.09687500000000002 0.2421875 0.13750000000000004 0.2421875
0 0.125 0.103125 0.1046875 0.103125 0.1046875 0.15 0.125 0.15
0 0.2546875 0.15000000000000005 0.2 0.15000000000000005 0.2 0.225 0.2546875 0.225
0 0.2796875 0.19531250000000006 0.2453125 0.19531250000000006 0.2453125 0.253125 0.2796875 0.253125
0 0.2765625 0.15468750000000003 0.2453125 0.15468750000000003 0.2453125 0.19531250000000006 0.2765625 0.19531250000000006
0 0.3203125 0.16718750000000004 0.303125 0.16718750000000004 0.303125 0.225 0.3203125 0.225
0 0.3390625 0.14375000000000004 0.325 0.14375000000000004 0.325 0.2234375 0.3390625 0.2234375
0 0.428125 0.13281250000000006 0.396875 0.13281250000000006 0.396875 0.2296875000000001 0.428125 0.2296875000000001
0 0.465625 0.12656250000000005 0.434375 0.12656250000000005 0.434375 0.2468750000000001 0.465625 0.2468750000000001
0 0.49375 0.03437500000000006 0.4375 0.03437500000000006 0.4375 0.16093750000000004 0.49375 0.16093750000000004
0 0.5546875 6.352855270576895e-17 0.4828125 5.912747827133314e-17 0.4828125 0.08593750000000007 0.5546875 0.08593750000000007
0 0.5828125 0.04687500000000007 0.53125 0.04687500000000007 0.53125 0.13906250000000006 0.5828125 0.1390625000000001
0 0.5859375 0.13906250000000006 0.53125 0.13906250000000003 0.53125 0.2078125000000001 0.5859375 0.2078125000000001
0 0.534375 0.09218750000000006 0.4828125 0.09218750000000006 0.4828125 0.2062500000000001 0.534375 0.2062500000000001
0 0.04531250000000001 2.774590404318223e-18 0 0 1.2342143522656918e-17 0.2015625 0.04531250000000002 0.2015625
0 0.4484375 2.9563739135666576e-17 0.034375 4.2097233720690266e-18 0.034375 0.13281250000000003 0.4484375 0.13281250000000006
0 0.4 0.10937500000000004 0.3375 0.10937500000000004 0.3375 0.29218750000000004 0.4 0.2921875000000001
0 0.3109375 0.09218750000000003 0.271875 0.09218750000000002 0.271875 0.20625 0.3109375 0.20625
0 0.2 0.15468750000000003 0.1484375 0.1546875 0.14843750000000003 0.21875 0.2 0.21875
0 0.996875 6.104098889500089e-17 0 0 6.084963783263412e-17 0.99375 0.996875 0.99375