0 0.7750000000000001 0.5312500000000001 0.34843750000000007 0.53125 0.34843750000000007 0.975 0.7750000000000001 0.975
0 0.93125 0.3984375000000001 0.70625 0.3984375000000001 0.70625 0.8578125 0.93125 0.8578125
0 0.934375 0.4750000000000002 0.840625 0.4750000000000002 0.840625 0.5812500000000002 0.934375 0.5812500000000002
0 0.6125 0.6890625 0.515625 0.6890625 0.5156250000000001 0.7859375 0.6125000000000002 0.7859375
0 0.528125 0.515625 0.48125 0.515625 0.48125 0.6078125 0.528125 0.6078125
0 0.7125 0.4640625 0.6515625 0.4640625 0.6515625 0.525 0.7125 0.525
0 0.7515625 0.3421875000000001 0.546875 0.3421875000000001 0.546875 0.6171875000000001 0.7515625 0.6171875000000002
0 0.7515625 0.3578125000000001 0.6625 0.3578125000000001 0.6625 0.4796875000000001 0.7515625 0.47968750000000016
0 0.8609375 0.020312500000000094 0.678125 0.020312500000000084 0.678125 0.3375000000000001 0.8609375 0.3375000000000001
0 0.709375 0.03125000000000007 0.453125 0.031250000000000056 0.453125 0.3671875000000001 0.709375 0.3671875000000001
0 0.609375 0.26562500000000006 0.07343750000000002 0.265625 0.07343750000000004 0.4640625 0.609375 0.4640625
0 0.51875 0.34687500000000004 0.2015625 0.346875 0.20156250000000003 0.709375 0.51875 0.709375
0 0.546875 0.3218750000000001 0.5 0.3218750000000001 0.5 0.515625 0.546875 0.515625
0 0.3687500000000001 0.6890625 0.12343750000000009 0.6890625 0.12343750000000009 0.8359375 0.3687500000000001 0.8359375
0 0.11250000000000011 0.66875 0.015625000000000083 0.66875 0.0156250000000001 0.96875 0.11250000000000013 0.96875
0 0.22968750000000004 0.14843750000000003 0.020312500000000018 0.1484375 0.02031250000000005 0.6578125 0.2296875000000001 0.6578125
0 0.1671875 0.026562500000000017 0.08125 0.02656250000000001 0.08125000000000002 0.1640625 0.1671875 0.1640625
0 0.209375 0.10156250000000003 0.146875 0.1015625 0.146875 0.14843750000000003 0.209375 0.14843750000000006
0 0.2953125 0.05156250000000003 0.1859375 0.051562500000000025 0.1859375 0.11250000000000004 0.2953125 0.11250000000000004
0 0.3109375 0.10156250000000004 0.2140625 0.10156250000000004 0.2140625 0.15312500000000004 0.3109375 0.15312500000000004
0 0.2828125 0.14843750000000006 0.2515625 0.14843750000000006 0.2515625 0.2296875 0.2828125 0.2296875
0 0.2484375 0.15312500000000004 0.1984375 0.15312500000000004 0.19843750000000002 0.265625 0.2484375 0.265625
0 0.403125 0.20468750000000005 0.2515625 0.2046875 0.2515625 0.275 0.403125 0.2750000000000001
0 0.434375 0.025000000000000043 0.29375 0.025000000000000033 0.29375 0.26562500000000006 0.434375 0.2656250000000001
0 0.484375 0.026562500000000055 0.4109375 0.026562500000000055 0.4109375 0.10312500000000005 0.484375 0.10312500000000005
0 0.4875 0.11250000000000004 0.4265625 0.11250000000000004 0.4265625 0.20468750000000008 0.4875 0.20468750000000008
0 0.5578125 0.2406250000000001 0.4765625 0.2406250000000001 0.4765625 0.2906250000000001 0.5578125 0.2906250000000001
0 0.3296875 0.01562500000000002 0.015625 0.015625 0.015625000000000014 0.2140625 0.3296875 0.2140625