0 0.9421875 0.7734375000000002 0.7578125000000002 0.7734375000000002 0.7578125000000002 0.8859375 0.9421875 0.8859375
0 0.8859375 0.6296875000000001 0.7125 0.6296875 0.7125000000000001 0.8296875 0.8859375 0.8296875
0 0.996875 0.7375000000000002 0.8921875 0.7375000000000002 0.8921875 0.865625 0.996875 0.865625
0 0.7734375000000001 0.5046875000000001 0.565625 0.5046875 0.565625 0.7578125000000001 0.7734375000000002 0.7578125000000002
0 0.6000000000000001 0.721875 0.41875 0.721875 0.41875000000000007 0.88125 0.6000000000000002 0.88125
0 0.3265625000000001 0.6640625 0.15000000000000008 0.6640625 0.15000000000000008 0.8765625 0.3265625000000001 0.8765625
0 0.4000000000000002 0.76875 0.2765625000000001 0.76875 0.2765625000000001 0.8921875 0.4000000000000002 0.8921875
0 0.2687500000000001 0.453125 0.050000000000000044 0.453125 0.050000000000000065 0.675 0.2687500000000001 0.675
0 0.4390625000000001 0.5421875 0.2468750000000001 0.5421875 0.2468750000000001 0.7640625 0.4390625000000002 0.7640625
0 0.584375 0.5109375 0.415625 0.5109375 0.415625 0.7171875 0.584375 0.7171875
0 0.75 0.2171875000000001 0.5421875 0.2171875000000001 0.5421875 0.5359375000000001 0.75 0.5359375000000002
0 0.884375 0.3453125000000001 0.665625 0.3453125000000001 0.665625 0.4750000000000001 0.884375 0.4750000000000002
0 0.996875 0.4906250000000002 0.7765625 0.4906250000000002 0.7765625 0.871875 0.996875 0.871875
0 0.4265625 0.3921875 0.2843750000000001 0.3921875 0.2843750000000001 0.5671875 0.4265625 0.5671875
0 0.26093750000000004 0.2578125 3.15729252905177e-17 0.2578125 4.324534009489091e-17 0.4484375 0.2609375000000001 0.4484375
0 0.2390625 0.15000000000000002 0.13125 0.15 0.13125000000000003 0.278125 0.2390625 0.278125
0 0.4234375 0.23750000000000004 0.3 0.2375 0.30000000000000004 0.3921875 0.4234375 0.3921875000000001
0 0.546875 0.30937500000000007 0.4265625 0.30937500000000007 0.4265625 0.4890625 0.546875 0.4890625
0 0.5703125 0.12812500000000007 0.446875 0.12812500000000004 0.446875 0.2734375000000001 0.5703125 0.2734375000000001
0 0.6 0.2156250000000001 0.515625 0.2156250000000001 0.515625 0.30937500000000007 0.6 0.30937500000000007
0 0.665625 0.2015625000000001 0.58125 0.2015625000000001 0.58125 0.2531250000000001 0.665625 0.2531250000000001
0 0.715625 0.1281250000000001 0.6109375 0.1281250000000001 0.6109375 0.2218750000000001 0.715625 0.2218750000000001
0 0.784375 0.2171875000000001 0.7 0.2171875000000001 0.7 0.3453125000000001 0.784375 0.3453125000000001
0 0.7890625 0.10937500000000008 0.7078125 0.10937500000000008 0.7078125 0.18125000000000008 0.7890625 0.18125000000000008
0 0.78125 0.1593750000000001 0.715625 0.1593750000000001 0.715625 0.2375000000000001 0.78125 0.2375000000000001
0 0.86875 0.0046875000000001004 0.765625 0.004687500000000094 0.765625 0.13437500000000008 0.86875 0.13437500000000008
0 0.996875 0.006250000000000118 0.93125 0.006250000000000114 0.93125 0.12968750000000012 0.996875 0.12968750000000012
0 0.43125 0.03593750000000005 0.3421875 0.035937500000000046 0.3421875 0.14375000000000004 0.43125 0.14375000000000004
0 0.2546875 0.026562500000000027 0.1703125 0.026562500000000024 0.1703125 0.13906250000000003 0.2546875 0.13906250000000003
0 0.13125 0.035937500000000004 0.034375 0.0359375 0.03437500000000001 0.15 0.13125 0.15