0 0.7484375 4.7072361342226394e-17 0.0203125 2.487563810768061e-18 0.020312500000000018 0.25781250000000006 0.7484375 0.2578125000000001
0 0.38906250000000003 0.18906250000000002 0.017187500000000022 0.1890625 0.017187500000000036 0.415625 0.3890625000000001 0.415625
0 0.728125 0.19375000000000006 0.2515625 0.19375000000000003 0.2515625 0.37187500000000007 0.728125 0.37187500000000007
0 0.915625 0.3421875000000001 0.7125 0.3421875000000001 0.7125 0.5937500000000001 0.915625 0.5937500000000002
0 0.9 0.6140625000000002 0.759375 0.6140625000000002 0.7593750000000001 0.7765625000000002 0.9 0.7765625000000002
0 0.37968750000000007 0.6578125 0.24375000000000008 0.6578125 0.24375000000000008 0.8265625 0.37968750000000007 0.8265625
0 0.4078125000000002 0.796875 0.3515625000000001 0.796875 0.3515625000000001 0.871875 0.4078125000000002 0.871875
0 0.4562500000000001 0.653125 0.3593750000000001 0.653125 0.3593750000000001 0.796875 0.45625000000000016 0.796875
0 0.440625 0.50625 0.3078125000000001 0.50625 0.3078125000000001 0.6890625 0.440625 0.6890625
0 0.5359375 0.5109375 0.38750000000000007 0.5109375 0.38750000000000007 0.6296875 0.5359375 0.6296875
0 0.45625 0.38593750000000004 0.3593750000000001 0.3859375 0.3593750000000001 0.5203125 0.45625 0.5203125
0 0.2609375000000001 0.4359375 0.08906250000000004 0.4359375 0.08906250000000007 0.6390625 0.2609375000000001 0.6390625
0 0.17656250000000007 0.5046875 0.06875000000000006 0.5046875 0.06875000000000007 0.653125 0.1765625000000001 0.653125
0 0.07656250000000006 0.525 0.015625000000000066 0.525 0.015625000000000073 0.61875 0.07656250000000006 0.61875
0 0.06406250000000006 0.475 0.031250000000000056 0.475 0.03125000000000006 0.5203125 0.06406250000000006 0.5203125
0 0.2484375000000001 0.69375 0.08750000000000009 0.69375 0.08750000000000009 0.796875 0.2484375000000001 0.796875
0 0.3437500000000001 0.525 0.24375000000000008 0.525 0.24375000000000008 0.6578125 0.3437500000000001 0.6578125
0 0.34843750000000007 0.59375 0.22031250000000008 0.59375 0.22031250000000008 0.6984375 0.34843750000000007 0.6984375
0 0.9875 0.5000000000000002 0.8921875 0.5000000000000002 0.8921875 0.5843750000000002 0.9875 0.5843750000000002
0 0.9890625 0.31718750000000007 0.9171875 0.31718750000000007 0.9171875 0.4500000000000002 0.9890625 0.4500000000000002
3 0.996875 0.4796875000000001 0.6078125 0.4796875 0.6078125000000001 0.7281250000000001 0.996875 0.7281250000000001
3 0.85625 0.1390625000000001 0.7234375 0.1390625000000001 0.7234375 0.2078125000000001 0.85625 0.2078125000000001