0 0.86875 0.5359375000000001 0.7140625 0.5359375 0.7140625 0.7765625 0.86875 0.7765625000000002
0 0.996875 0.6562500000000002 0.865625 0.6562500000000002 0.865625 0.9125 0.996875 0.9125
0 0.996875 0.875 0.9609375 0.875 0.9609375 0.9234375 0.996875 0.9234375
0 0.996875 0.896875 0.909375 0.896875 0.909375 0.9953125 0.996875 0.9953125
0 0.9671875 0.91875 0.865625 0.91875 0.865625 0.9953125 0.9671875 0.9953125
0 0.8703125 0.8203125 0.7109375000000002 0.8203125 0.7109375000000002 0.9953125 0.8703125 0.9953125
0 0.88125 0.940625 0.7796875000000002 0.940625 0.7796875000000002 0.9953125 0.88125 0.9953125
0 0.8875 0.6343750000000001 0.6203125 0.634375 0.6203125 0.896875 0.8875 0.896875
0 0.721875 0.590625 0.6890625 0.590625 0.6890625 0.7 0.721875 0.7
0 0.884375 0.3609375000000001 0.7359375 0.3609375000000001 0.7359375 0.5515625000000002 0.884375 0.5515625000000002
0 0.8296875 0.49218750000000017 0.790625 0.49218750000000017 0.790625 0.5406250000000001 0.8296875 0.5406250000000001
0 0.8546875 0.5187500000000002 0.8296875 0.5187500000000002 0.8296875 0.5578125000000002 0.8546875 0.5578125000000002
0 0.98125 0.3828125000000001 0.8296875 0.3828125000000001 0.8296875 0.5734375000000002 0.98125 0.5734375000000002
0 0.996875 0.46406250000000016 0.8328125 0.46406250000000016 0.8328125 0.7109375000000002 0.996875 0.7109375000000002
0 0.7421875000000002 0.934375 0.6015625000000002 0.934375 0.6015625000000002 0.9953125 0.7421875000000002 0.9953125
0 0.7031250000000002 0.875 0.6484375000000002 0.875 0.6484375000000002 0.9234375 0.7031250000000002 0.9234375
0 0.7359375000000001 0.6500000000000001 0.6046875 0.65 0.6046875 0.9015625 0.7359375000000001 0.9015625
0 0.6203125 0.65625 0.4609375 0.65625 0.4609375000000001 0.9515625 0.6203125000000002 0.9515625
0 0.6453125000000002 0.8578125 0.5578125000000002 0.8578125 0.5578125000000002 0.9953125 0.6453125000000002 0.9953125
0 0.5578125000000002 0.9234375 0.4859375000000002 0.9234375 0.4859375000000002 0.9953125 0.5578125000000002 0.9953125
0 0.59375 0.65 0.5296875 0.65 0.5296875 0.721875 0.59375 0.721875
0 0.6296875 0.5625 0.5328125 0.5625 0.5328125 0.6828125 0.6296875 0.6828125
0 0.703125 0.3890625000000001 0.54375 0.3890625000000001 0.54375 0.6078125 0.703125 0.6078125
0 0.7109375 0.5515625 0.6421875 0.5515625 0.6421875 0.634375 0.7109375 0.634375
0 0.7609375 0.3609375000000001 0.65625 0.3609375000000001 0.65625 0.5250000000000001 0.7609375 0.5250000000000001
0 0.8078125 0.3656250000000001 0.7421875 0.3656250000000001 0.7421875 0.44843750000000016 0.8078125 0.44843750000000016
0 0.8734375 0.3218750000000001 0.815625 0.3218750000000001 0.815625 0.3609375000000001 0.8734375 0.3609375000000001
0 0.9234375 0.2796875000000001 0.8484375 0.2796875000000001 0.8484375 0.3781250000000001 0.9234375 0.3781250000000001
0 0.95625 0.2687500000000001 0.90625 0.2687500000000001 0.90625 0.3781250000000001 0.95625 0.3781250000000001
0 0.996875 0.26250000000000007 0.953125 0.26250000000000007 0.953125 0.37187500000000007 0.996875 0.37187500000000007
0 0.996875 0.3609375000000001 0.934375 0.3609375000000001 0.934375 0.4593750000000002 0.996875 0.4593750000000002
0 0.909375 0.2296875000000001 0.8546875 0.2296875000000001 0.8546875 0.27812500000000007 0.909375 0.27812500000000007
0 0.95625 0.13125000000000012 0.865625 0.1312500000000001 0.865625 0.26250000000000007 0.95625 0.26250000000000007
0 0.996875 0.16875000000000012 0.95 0.16875000000000012 0.95 0.2734375000000001 0.996875 0.2734375000000001
0 0.996875 0.021875000000000117 0.9171875 0.02187500000000011 0.9171875 0.16875000000000012 0.996875 0.16875000000000012
0 0.959375 1.1375820657704711e-16 0.8984375 1.1002686086089502e-16 0.8984375 0.07031250000000011 0.959375 0.07031250000000011
0 0.9953125 1.196900895104171e-16 0.959375 1.174895522931992e-16 0.959375 0.04843750000000012 0.9953125 0.04843750000000012
0 0.909375 0.09375000000000011 0.8515625 0.09375000000000011 0.8515625 0.1812500000000001 0.909375 0.18125000000000013
0 0.9203125 0.0718750000000001 0.8734375 0.0718750000000001 0.8734375 0.13750000000000012 0.9203125 0.13750000000000012
0 0.8953125 1.0208579177267389e-16 0.771875 9.452742480918633e-17 0.771875 0.0812500000000001 0.8953125 0.08125000000000011
0 0.8953125 1.0275552049095762e-16 0.7828125 9.586688224575374e-17 0.7828125 0.026562500000000107 0.8953125 0.02656250000000011
0 0.8484375 0.0546875000000001 0.7859375 0.05468750000000009 0.7859375 0.12031250000000009 0.8484375 0.12031250000000009
0 0.8625 0.06562500000000011 0.81875 0.06562500000000011 0.81875 0.14218750000000008 0.8625 0.14218750000000008
0 0.7671875 9.022202590593392e-17 0.70625 8.649068018978182e-17 0.70625 0.08125000000000009 0.7671875 0.08125000000000009
0 0.8328125 0.10312500000000009 0.75 0.10312500000000009 0.75 0.3062500000000001 0.8328125 0.3062500000000001
0 0.79375 0.1593750000000001 0.746875 0.1593750000000001 0.746875 0.30156250000000007 0.79375 0.30156250000000007
0 0.8515625 0.19687500000000008 0.8046875 0.19687500000000008 0.8046875 0.2671875000000001 0.8515625 0.2671875000000001
0 0.8734375 0.2671875000000001 0.775 0.2671875000000001 0.775 0.37187500000000007 0.8734375 0.37187500000000007
0 0.6375 0.21250000000000008 0.5140625 0.21250000000000008 0.5140625 0.2734375000000001 0.6375 0.2734375000000001
0 0.6703125 0.2453125000000001 0.634375 0.2453125000000001 0.634375 0.2953125000000001 0.6703125 0.2953125000000001
0 0.6921875 0.2890625000000001 0.5984375 0.2890625000000001 0.5984375 0.3609375000000001 0.6921875 0.3609375000000001
0 0.725 0.3281250000000001 0.6921875 0.3281250000000001 0.6921875 0.3609375000000001 0.725 0.3609375000000001
0 0.771875 0.2843750000000001 0.6921875 0.2843750000000001 0.6921875 0.3656250000000001 0.771875 0.3656250000000001
0 0.51875 0.3281250000000001 0.384375 0.3281250000000001 0.384375 0.540625 0.51875 0.540625
0 0.546875 0.48125 0.4640625 0.48125 0.4640625 0.628125 0.546875 0.628125
0 0.503125 0.5953125 0.43125 0.5953125 0.43125 0.678125 0.503125 0.678125
0 0.54375 0.5953125 0.496875 0.5953125 0.496875 0.6609375 0.54375 0.6609375
0 0.4828125000000001 0.634375 0.3921875000000001 0.634375 0.3921875000000001 0.7765625 0.4828125000000002 0.7765625
0 0.4281250000000001 0.721875 0.3234375000000001 0.721875 0.3234375000000001 0.875 0.4281250000000002 0.875
0 0.40625000000000017 0.846875 0.2750000000000001 0.846875 0.2750000000000001 0.9953125 0.40625000000000017 0.9953125
0 0.5046875000000002 0.765625 0.3921875000000001 0.765625 0.3921875000000001 0.9953125 0.5046875000000002 0.9953125
0 0.2906250000000001 0.940625 0.2656250000000001 0.940625 0.2656250000000001 0.9953125 0.2906250000000001 0.9953125
0 0.3265625000000001 0.78125 0.2171875000000001 0.78125 0.2171875000000001 0.940625 0.3265625000000001 0.940625
0 0.2640625000000001 0.853125 0.1671875000000001 0.853125 0.1671875000000001 0.9953125 0.2640625000000001 0.9953125
0 0.2500000000000001 0.7109375 0.15625000000000008 0.7109375 0.15625000000000008 0.853125 0.2500000000000001 0.853125
0 0.1812500000000001 0.7875 0.05468750000000009 0.7875 0.0546875000000001 0.9625 0.18125000000000013 0.9625
0 0.17343750000000013 0.9125 0.01875000000000011 0.9125 0.018750000000000117 0.9953125 0.17343750000000013 0.9953125
0 0.05468750000000011 0.8359375 1.0237281836622405e-16 0.8359375 1.1040956298562856e-16 0.9671875 0.05468750000000011 0.9671875
0 0.02187500000000012 0.95625 1.1710685016846565e-16 0.95625 1.1949873844805032e-16 0.9953125 0.021875000000000124 0.9953125
0 0.0546875000000001 0.7703125 9.433607374681956e-17 0.7703125 1.0103336092965665e-16 0.8796875 0.05468750000000011 0.8796875
0 0.1593750000000001 0.7265625 0.05468750000000009 0.7265625 0.0546875000000001 0.8203125 0.1593750000000001 0.8203125
0 0.1921875000000001 0.6015625 0.09375000000000007 0.6015625 0.09375000000000008 0.7265625 0.1921875000000001 0.7265625
0 0.3078125000000001 0.56875 0.1921875000000001 0.56875 0.1921875000000001 0.7546875 0.3078125000000001 0.7546875
0 0.3812500000000001 0.6125 0.25468750000000007 0.6125 0.25468750000000007 0.7921875 0.3812500000000001 0.7921875
0 0.428125 0.5515625 0.2968750000000001 0.5515625 0.2968750000000001 0.678125 0.428125 0.678125
0 0.4359375 0.475 0.3453125000000001 0.475 0.3453125000000001 0.5734375 0.4359375 0.5734375
0 0.4640625 0.5359375 0.409375 0.5359375 0.409375 0.60625 0.4640625 0.60625
0 0.3515625000000001 0.525 0.2718750000000001 0.525 0.2718750000000001 0.590625 0.3515625000000001 0.590625
0 0.2468750000000001 0.5359375 0.15625000000000006 0.5359375 0.15625000000000006 0.6171875 0.2468750000000001 0.6171875
0 0.2828125000000001 0.4859375 0.22812500000000008 0.4859375 0.22812500000000008 0.5625 0.2828125000000001 0.5625
0 0.2390625000000001 0.4703125 0.17343750000000005 0.4703125 0.17343750000000005 0.5359375 0.2390625000000001 0.5359375
0 0.17343750000000008 0.5359375 0.14531250000000004 0.5359375 0.14531250000000007 0.584375 0.17343750000000008 0.584375
0 0.15625000000000008 0.5625 0.029687500000000068 0.5625 0.02968750000000008 0.759375 0.15625000000000008 0.759375
0 0.06562500000000007 0.5734375 0.04375000000000007 0.5734375 0.043750000000000074 0.590625 0.06562500000000007 0.590625
0 0.06562500000000007 0.4921875 6.027558464553379e-17 0.4921875 6.659016970363734e-17 0.5953125 0.06562500000000007 0.5953125
0 0.18125000000000008 0.43125 0.050000000000000044 0.43125 0.05000000000000006 0.5734375 0.18125000000000008 0.5734375
0 0.2250000000000001 0.4046875 0.17343750000000005 0.4046875 0.17343750000000005 0.475 0.2250000000000001 0.475
0 0.37031250000000004 0.2515625 0.221875 0.2515625 0.22187500000000004 0.5359375 0.3703125000000001 0.5359375
0 0.39531250000000007 0.27968750000000003 0.3515625 0.2796875 0.35156250000000006 0.44375 0.39531250000000007 0.44375
0 0.4640625 0.2234375000000001 0.36875 0.2234375000000001 0.36875 0.3609375000000001 0.4640625 0.3609375000000001
0 0.546875 0.2406250000000001 0.434375 0.2406250000000001 0.434375 0.3390625000000001 0.546875 0.3390625000000001
0 0.6234375 0.2562500000000001 0.4671875 0.2562500000000001 0.4671875 0.4046875 0.6234375 0.4046875
0 0.68125 0.21875000000000008 0.659375 0.21875000000000008 0.659375 0.2562500000000001 0.68125 0.2562500000000001
0 0.7109375 0.2078125000000001 0.678125 0.2078125000000001 0.678125 0.2453125000000001 0.7109375 0.2453125000000001
0 0.7578125 0.21250000000000008 0.7171875 0.21250000000000008 0.7171875 0.2734375000000001 0.7578125 0.2734375000000001
0 0.653125 0.19687500000000008 0.628125 0.19687500000000008 0.628125 0.23437500000000008 0.653125 0.23437500000000008
0 0.7171875 0.060937500000000075 0.5984375 0.06093750000000007 0.5984375 0.2140625000000001 0.7171875 0.2140625000000001
0 0.6125 0.1531250000000001 0.590625 0.1531250000000001 0.590625 0.1906250000000001 0.6125 0.1906250000000001
0 0.63125 0.1750000000000001 0.5984375 0.1750000000000001 0.5984375 0.2078125000000001 0.63125 0.2078125000000001
0 0.59375 0.15781250000000008 0.5765625 0.15781250000000008 0.5765625 0.21875000000000008 0.59375 0.21875000000000008
0 0.5796875 0.16406250000000008 0.5578125 0.16406250000000008 0.5578125 0.21875000000000008 0.5796875 0.21875000000000008
0 0.590625 0.09843750000000007 0.5390625 0.09843750000000007 0.5390625 0.16406250000000006 0.590625 0.16406250000000008
0 0.5546875 0.07187500000000006 0.4921875 0.07187500000000006 0.4921875 0.15937500000000007 0.5546875 0.1593750000000001
0 0.528125 0.14843750000000006 0.4640625 0.14843750000000006 0.4640625 0.2250000000000001 0.528125 0.2250000000000001
0 0.5546875 0.16406250000000006 0.51875 0.16406250000000006 0.51875 0.21250000000000008 0.5546875 0.21250000000000008
0 0.7140625 0.028125000000000077 0.565625 0.028125000000000067 0.565625 0.07187500000000008 0.7140625 0.07187500000000009
0 0.7390625 0.08750000000000009 0.70625 0.08750000000000009 0.70625 0.1531250000000001 0.7390625 0.1531250000000001
0 0.75 0.15781250000000008 0.7140625 0.15781250000000008 0.7140625 0.21875000000000008 0.75 0.21875000000000008
0 0.6015625 6.965178670150572e-17 0.5359375 6.563341439180346e-17 0.5359375 0.05468750000000007 0.6015625 0.05468750000000007
0 0.6703125 7.453123879185845e-17 0.546875 6.697287182837088e-17 0.546875 0.043750000000000074 0.6703125 0.04375000000000008
0 0.703125 8.409879191019715e-17 0.6703125 8.208960575534602e-17 0.6703125 0.026562500000000083 0.703125 0.02656250000000009
0 0.5359375 6.113666442618427e-17 0.4625 5.663991446056509e-17 0.4625 0.08125000000000007 0.5359375 0.08125000000000007
0 0.4890625 0.03906250000000005 0.40625 0.03906250000000004 0.40625 0.17031250000000003 0.4890625 0.17031250000000003
0 0.484375 5.4917754899264124e-17 0.4125 5.051668046482832e-17 0.4125 0.04843750000000006 0.484375 0.04843750000000006
0 0.41875 4.889019643471074e-17 0.3796875 4.649830815512607e-17 0.3796875 0.04843750000000005 0.41875 0.04843750000000006
0 0.4171875 0.02187500000000004 0.29375 0.021875000000000033 0.29375 0.24531250000000004 0.4171875 0.2453125000000001
0 0.3265625 0.203125 0.14843750000000006 0.203125 0.14843750000000006 0.334375 0.3265625 0.334375
0 0.228125 0.2296875 0.16718750000000004 0.2296875 0.16718750000000004 0.284375 0.228125 0.284375
0 0.2578125 0.15937500000000004 0.1953125 0.15937500000000004 0.19531250000000003 0.246875 0.2578125 0.246875
0 0.203125 0.032812500000000015 0.1125 0.03281250000000001 0.1125 0.16875 0.203125 0.16875000000000004
0 0.1375 0.032812500000000015 0.0984375 0.03281250000000001 0.09843750000000001 0.1140625 0.1375 0.1140625
0 0.1046875 0.021875000000000006 0.01875 0.021875 0.01875000000000001 0.13125 0.1046875 0.13125
0 0.321875 0.18593750000000003 2.27707764216461e-17 0.1859375 3.951399437873882e-17 0.459375 0.3218750000000001 0.459375
0 0.04375000000000002 0.0921875 1.1289712679639661e-17 0.0921875 1.6360515832359172e-17 0.175 0.043750000000000025 0.175
0 0.1671875 1.358592542804095e-17 0.0546875 6.6972871828370884e-18 0.0546875 0.04375000000000002 0.1671875 0.043750000000000025
0 0.3546875 3.1668600821701084e-17 0.1625 1.990051048614449e-17 0.1625 0.10312500000000002 0.3546875 0.10312500000000005
0 0.3046875 0.07031250000000003 0.20625 0.07031250000000003 0.20625 0.21875 0.3046875 0.21875
0 0.996875 6.104098889500089e-17 0 0 6.09453133638175e-17 0.9953125 0.996875 0.9953125