0 0.690625 0.4921875 0.4859375 0.4921875 0.4859375 0.5828125 0.690625 0.5828125
0 0.6828125 0.5640625 0.478125 0.5640625 0.478125 0.6484375 0.6828125 0.6484375
0 0.6265625 0.5875 0.409375 0.5875 0.409375 0.6609375 0.6265625 0.6609375
0 0.6234375 0.6546875 0.4734375 0.6546875 0.4734375 0.703125 0.6234375 0.703125
0 0.6546875000000001 0.6546875 0.5265625 0.6546875 0.5265625 0.8 0.6546875000000002 0.8
0 0.5046875 0.528125 0.4140625 0.528125 0.4140625 0.5828125 0.5046875 0.5828125
0 0.55 0.3218750000000001 0.4 0.3218750000000001 0.4 0.521875 0.55 0.521875
0 0.440625 0.37031250000000004 0.2234375000000001 0.3703125 0.2234375000000001 0.5875 0.440625 0.5875
0 0.4546875000000001 0.684375 0.36406250000000007 0.684375 0.36406250000000007 0.8125 0.4546875000000002 0.8125
0 0.4906250000000002 0.7328125 0.4359375000000002 0.7328125 0.4359375000000002 0.81875 0.4906250000000002 0.81875
0 0.4359375000000002 0.8125 0.36406250000000007 0.8125 0.36406250000000007 0.878125 0.4359375000000002 0.878125
0 0.37187500000000007 0.7578125 0.3046875000000001 0.7578125 0.3046875000000001 0.8421875 0.37187500000000007 0.8421875
0 0.4000000000000001 0.6234375 0.2906250000000001 0.6234375 0.2906250000000001 0.7578125 0.4000000000000002 0.7578125
0 0.3187500000000001 0.696875 0.2406250000000001 0.696875 0.2406250000000001 0.7875 0.3187500000000001 0.7875
0 0.2312500000000001 0.6125 0.1546875000000001 0.6125 0.1546875000000001 0.7515625 0.2312500000000001 0.7515625
0 0.2406250000000001 0.515625 0.15000000000000005 0.515625 0.15000000000000008 0.61875 0.2406250000000001 0.61875
0 0.1546875000000001 0.575 0.06875000000000006 0.575 0.06875000000000007 0.703125 0.1546875000000001 0.703125
0 0.19062500000000007 0.4546875 0.10937500000000004 0.4546875 0.10937500000000007 0.575 0.1906250000000001 0.575
0 0.2906250000000001 0.41875 0.20468750000000008 0.41875 0.20468750000000008 0.509375 0.2906250000000001 0.509375
0 0.2140625000000001 0.375 0.12656250000000005 0.375 0.12656250000000005 0.4609375 0.2140625000000001 0.4609375
0 0.928125 0.6125 0.6328125 0.6125 0.6328125000000001 0.890625 0.928125 0.890625
0 0.8953125 0.3937500000000001 0.709375 0.3937500000000001 0.709375 0.47343750000000007 0.8953125 0.4734375000000002
0 0.859375 0.1828125000000001 0.6859375 0.1828125000000001 0.6859375 0.3765625000000001 0.859375 0.3765625000000001
0 0.65 0.25468750000000007 0.590625 0.25468750000000007 0.590625 0.3203125000000001 0.65 0.3203125000000001
0 0.659375 0.2250000000000001 0.6 0.2250000000000001 0.6 0.2671875000000001 0.659375 0.2671875000000001
0 0.6046875 0.21875000000000008 0.5453125 0.21875000000000008 0.5453125 0.2609375000000001 0.6046875 0.2609375000000001
0 0.5875 0.2484375000000001 0.5328125 0.2484375000000001 0.5328125 0.3156250000000001 0.5875 0.3156250000000001
0 0.5828125 0.3031250000000001 0.528125 0.3031250000000001 0.528125 0.3390625000000001 0.5828125 0.3390625000000001
0 0.6453125 0.3156250000000001 0.590625 0.3156250000000001 0.590625 0.3453125000000001 0.6453125 0.3453125000000001
0 0.4234375 0.27812500000000007 0.390625 0.27812500000000007 0.390625 0.3156250000000001 0.4234375 0.3156250000000001
0 0.390625 0.28437500000000004 0.35 0.284375 0.35 0.321875 0.390625 0.3218750000000001
0 0.35 0.2734375 0.31875 0.2734375 0.31875 0.321875 0.35 0.321875
0 0.359375 0.315625 0.309375 0.315625 0.309375 0.3515625 0.359375 0.3515625
0 0.3234375 0.290625 0.278125 0.290625 0.278125 0.3390625 0.3234375 0.3390625
0 0.278125 0.315625 0.2328125 0.315625 0.2328125 0.3578125 0.278125 0.3578125
0 0.259375 0.3515625 0.2265625 0.3515625 0.22656250000000006 0.38125 0.2593750000000001 0.38125
0 0.31875 0.11562500000000002 0.178125 0.115625 0.17812500000000003 0.278125 0.31875 0.278125
0 0.5546875 0.14531250000000007 0.31875 0.14531250000000004 0.31875 0.30937500000000007 0.5546875 0.30937500000000007
1 0.7546875 6.544206332943669e-17 0.3140625 3.846156353572156e-17 0.3140625 0.20000000000000004 0.7546875 0.2000000000000001
1 0.5406250000000001 0.715625 0.4 0.715625 0.4000000000000001 0.9453125 0.5406250000000001 0.9453125
1 0.4000000000000001 0.703125 0.1906250000000001 0.703125 0.1906250000000001 0.9390625 0.4000000000000002 0.9390625
1 0.3453125000000001 0.5578125 0.2000000000000001 0.5578125 0.2000000000000001 0.7265625 0.3453125000000001 0.7265625
1 0.55 0.5640625 0.3453125000000001 0.5640625 0.3453125000000001 0.7265625 0.5500000000000002 0.7265625
1 0.4 0.22500000000000003 0.19531250000000006 0.225 0.19531250000000006 0.32812500000000006 0.4 0.3281250000000001
1 0.46875 0.2296875000000001 0.390625 0.2296875000000001 0.390625 0.30937500000000007 0.46875 0.30937500000000007
1 0.45 0.31562500000000004 0.240625 0.315625 0.24062500000000003 0.425 0.45 0.425