0 0.8015625 0.12656250000000008 0.58125 0.12656250000000008 0.58125 0.4781250000000001 0.8015625 0.4781250000000002
0 0.859375 0.6265625000000001 0.6828125 0.6265625 0.6828125 0.8953125 0.859375 0.8953125
0 0.7875000000000002 0.753125 0.5125000000000002 0.753125 0.5125000000000002 0.99375 0.7875000000000002 0.99375
0 0.6750000000000002 0.7578125 0.6312500000000002 0.7578125 0.6312500000000002 0.8296875 0.6750000000000002 0.8296875
0 0.5281250000000001 0.615625 0.09843750000000007 0.615625 0.0984375000000001 0.9234375 0.5281250000000002 0.9234375
0 0.8484375 0.5546875000000001 0.4578125 0.5546875 0.45781250000000007 0.890625 0.8484375 0.890625
0 0.48750000000000016 0.8078125 0.16562500000000008 0.8078125 0.1656250000000001 0.9890625 0.48750000000000016 0.9890625
0 0.47656250000000017 0.8734375 0.2015625000000001 0.8734375 0.2015625000000001 0.9953125 0.47656250000000017 0.9953125
0 0.1734375000000001 0.6921875 8.476852062848085e-17 0.6921875 1.0332957367805794e-16 0.9953125 0.17343750000000013 0.9953125
0 0.41875000000000007 0.5828125 0.2921875000000001 0.5828125 0.2921875000000001 0.7640625 0.4187500000000002 0.7640625
0 0.2921875000000001 0.5390625 0.14843750000000006 0.5390625 0.14843750000000006 0.73125 0.2921875000000001 0.73125
0 0.4875 0.35781250000000003 0.328125 0.3578125 0.32812500000000006 0.6109375 0.4875 0.6109375
0 0.5953125 0.17656250000000007 0.4875 0.17656250000000004 0.4875 0.55 0.5953125 0.55
0 0.578125 0.14843750000000006 0.484375 0.14843750000000006 0.484375 0.3125000000000001 0.578125 0.3125000000000001
0 0.5515625 0.2968750000000001 0.4296875 0.2968750000000001 0.4296875 0.428125 0.5515625 0.428125
0 0.6531250000000001 0.478125 0.3859375000000001 0.478125 0.3859375000000001 0.790625 0.6531250000000002 0.790625
0 0.6781250000000001 0.55 0.4296875 0.55 0.4296875000000001 0.796875 0.6781250000000002 0.796875
0 0.93125 0.3843750000000001 0.653125 0.3843750000000001 0.653125 0.5281250000000001 0.93125 0.5281250000000002
0 0.934375 0.45000000000000007 0.675 0.45 0.675 0.5828125000000001 0.934375 0.5828125000000002
0 0.996875 0.5000000000000002 0.934375 0.5000000000000002 0.934375 0.6093750000000002 0.996875 0.6093750000000002
0 0.9640625 0.5828125000000002 0.9203125 0.5828125000000002 0.9203125 0.6703125000000002 0.9640625 0.6703125000000002
0 0.996875 0.6156250000000002 0.9671875 0.6156250000000002 0.9671875 0.6640625000000002 0.996875 0.6640625000000002
0 0.996875 0.6750000000000002 0.9609375 0.6750000000000002 0.9609375 0.7750000000000001 0.996875 0.7750000000000001
0 0.975 0.16406250000000014 0.9171875 0.16406250000000014 0.9171875 0.2750000000000001 0.975 0.2750000000000001
0 0.99375 0.12031250000000013 0.9359375 0.12031250000000013 0.9359375 0.24218750000000008 0.99375 0.24218750000000008
0 0.85625 0.1703125000000001 0.784375 0.1703125000000001 0.784375 0.2750000000000001 0.85625 0.2750000000000001
0 0.9171875 0.28593750000000007 0.8546875 0.28593750000000007 0.8546875 0.4281250000000002 0.9171875 0.4281250000000002
0 0.9953125 1.0907010554906115e-16 0.7859375 9.62495843704873e-17 0.7859375000000001 0.7906250000000001 0.9953125 0.7906250000000001
0 0.90625 0.5390625000000002 0.865625 0.5390625000000002 0.865625 0.7750000000000001 0.90625 0.7750000000000001
0 0.996875 0.6375000000000002 0.8453125 0.6375000000000002 0.8453125 0.99375 0.996875 0.99375
0 0.996875 0.7203125000000001 0.8921875 0.7203125000000001 0.8921875 0.9953125 0.996875 0.9953125
0 0.884375 0.6218750000000002 0.815625 0.6218750000000002 0.815625 0.9953125 0.884375 0.9953125
0 0.996875 0.8078125 0.8296875 0.8078125 0.8296875 0.95 0.996875 0.95
0 0.865625 8.390744084783037e-17 0.5046875 6.180639314446799e-17 0.5046875 0.16406250000000006 0.865625 0.16406250000000008
0 0.29218750000000004 0.16562500000000002 0.04062500000000002 0.165625 0.040625000000000036 0.4734375 0.2921875000000001 0.4734375
0 0.16562500000000008 0.334375 4.0949127346489623e-17 0.334375 5.539613255518106e-17 0.5703125 0.16562500000000008 0.5703125
0 0.396875 0.19218750000000004 0.2859375 0.19218750000000004 0.2859375 0.34062500000000007 0.396875 0.34062500000000007
0 0.4625 0.13750000000000004 0.36875 0.13750000000000004 0.36875 0.2687500000000001 0.4625 0.2687500000000001
0 0.4109375 0.14843750000000006 0.36875 0.14843750000000006 0.36875 0.2250000000000001 0.4109375 0.2250000000000001
0 0.4046875 0.028125000000000046 0.3421875 0.028125000000000046 0.3421875 0.10468750000000004 0.4046875 0.10468750000000004
0 0.4296875 0.10000000000000005 0.4 0.10000000000000005 0.4 0.14375000000000004 0.4296875 0.14375000000000004
0 0.490625 0.13750000000000004 0.4375 0.13750000000000004 0.4375 0.18125000000000005 0.490625 0.18125000000000005
0 0.5265625 6.056261123908394e-17 0.4625 5.663991446056509e-17 0.4625 0.09375000000000007 0.5265625 0.09375000000000007
0 0.4734375 0.05000000000000006 0.4375 0.050000000000000044 0.4375 0.13750000000000004 0.4734375 0.13750000000000004
0 0.4625 5.109073365192865e-17 0.371875 4.55415528432922e-17 0.371875 0.10468750000000004 0.4625 0.10468750000000004
0 0.390625 3.8557239066904946e-17 0.2390625 2.9276712542116413e-17 0.2390625 0.06562500000000003 0.390625 0.06562500000000004
0 0.371875 3.0520494447500445e-17 0.1265625 1.549943605170869e-17 0.1265625 0.10468750000000002 0.371875 0.10468750000000004
0 0.23125 1.4159978615141272e-17 0 0 5.07080315271951e-18 0.08281250000000001 0.23125 0.08281250000000002
0 0.2640625 0.021875000000000016 2.678914873134835e-18 0.021875 8.706473337688216e-18 0.12031250000000002 0.2640625 0.12031250000000004
0 0.396875 0.09375000000000003 1.1481063742006437e-17 0.09375 1.645619136354256e-17 0.17500000000000002 0.396875 0.17500000000000004