0 0.646875 0.2906250000000001 0.5453125 0.2906250000000001 0.5453125 0.5953125 0.646875 0.5953125
0 0.5953125000000001 0.55 0.4828125 0.55 0.4828125000000001 0.8859375 0.5953125000000001 0.8859375
0 0.54375 0.2671875000000001 0.465625 0.2671875000000001 0.465625 0.571875 0.54375 0.571875
0 0.4734375 0.2218750000000001 0.3921875 0.2218750000000001 0.3921875 0.48125 0.4734375 0.48125
0 0.446875 0.36718750000000006 0.3375000000000001 0.3671875 0.3375000000000001 0.703125 0.446875 0.703125
0 0.490625 0.3828125000000001 0.41875 0.3828125000000001 0.41875 0.703125 0.490625 0.703125
0 0.2984375 0.19843750000000002 0.012500000000000022 0.1984375 0.012500000000000067 0.9078125 0.2984375000000001 0.9078125
0 0.996875 0.2593750000000001 0.9140625 0.2593750000000001 0.9140625 0.93125 0.996875 0.93125
0 0.9875 0.19062500000000013 0.9484375 0.19062500000000013 0.9484375 0.8015625 0.9875 0.8015625
0 0.9296875 0.2750000000000001 0.8734375 0.2750000000000001 0.8734375 0.83125 0.9296875 0.83125
0 0.9515625 0.19062500000000013 0.9125 0.19062500000000013 0.9125 0.6031250000000001 0.9515625 0.6031250000000001
0 0.940625 1.1184469595337938e-16 0.8859375 1.0849605236196083e-16 0.8859375 0.4046875000000002 0.940625 0.4046875000000002
0 0.89375 0.3593750000000001 0.859375 0.3593750000000001 0.859375 0.7859375000000002 0.89375 0.7859375000000002
0 0.865625 0.6031250000000001 0.8421875 0.6031250000000001 0.8421875 0.946875 0.865625 0.946875
0 0.8625 0.3515625000000001 0.803125 0.3515625000000001 0.803125 0.8703125 0.8625 0.8703125
0 0.878125 0.2218750000000001 0.8515625 0.2218750000000001 0.8515625 0.3890625000000001 0.878125 0.3890625000000001
0 0.90625 0.10781250000000009 0.8671875 0.10781250000000009 0.8671875 0.3140625000000001 0.90625 0.3140625000000001
0 0.896875 0.07656250000000012 0.859375 0.07656250000000012 0.859375 0.2218750000000001 0.896875 0.2218750000000001
0 0.878125 0.1984375000000001 0.8265625 0.1984375000000001 0.8265625 0.4421875000000002 0.878125 0.4421875000000002
0 0.828125 0.4359375000000002 0.771875 0.4359375000000002 0.7718750000000001 0.9546875 0.828125 0.9546875
0 0.8578125 0.07656250000000012 0.8234375 0.07656250000000012 0.8234375 0.2671875000000001 0.8578125 0.2671875000000001
0 0.8296875 0.2750000000000001 0.759375 0.2750000000000001 0.7593750000000001 0.7781250000000002 0.8296875 0.7781250000000002
0 0.7953125000000001 0.2515625000000001 0.725 0.2515625000000001 0.7250000000000001 0.7562500000000001 0.7953125000000002 0.7562500000000002
0 0.8265625 0.10000000000000009 0.7953125 0.10000000000000009 0.7953125 0.2671875000000001 0.8265625 0.2671875000000001
0 0.7953125 0.1140625000000001 0.7640625 0.1140625000000001 0.7640625 0.2671875000000001 0.7953125 0.2671875000000001
0 0.771875 0.1218750000000001 0.7453125 0.1218750000000001 0.7453125 0.2671875000000001 0.771875 0.2671875000000001
0 0.7765625 0.1906250000000001 0.7171875 0.1906250000000001 0.7171875 0.46562500000000007 0.7765625 0.4656250000000002
0 0.7484375 0.1984375000000001 0.696875 0.1984375000000001 0.696875 0.6953125000000001 0.7484375 0.6953125000000002
0 0.7375 0.2140625000000001 0.6703125 0.2140625000000001 0.6703125 0.6031250000000001 0.7375 0.6031250000000001
0 0.7296875 0.2515625000000001 0.665625 0.2515625000000001 0.665625 0.6953125000000001 0.7296875 0.6953125000000002
0 0.7046875 0.3968750000000001 0.665625 0.3968750000000001 0.665625 0.6484375 0.7046875 0.6484375