0 0.6625 0.2078125000000001 0.453125 0.2078125000000001 0.453125 0.5359375 0.6625 0.5359375
0 0.5828125000000001 0.4640625 0.4671875 0.4640625 0.4671875000000001 0.74375 0.5828125000000002 0.74375
0 0.6375000000000001 0.540625 0.5578125 0.540625 0.5578125 0.984375 0.6375000000000002 0.984375
0 0.6843750000000001 0.6828125 0.6265625 0.6828125 0.6265625000000001 0.825 0.6843750000000002 0.825
0 0.7359375000000001 0.6015625000000001 0.6734375 0.6015625 0.6734375000000001 0.809375 0.7359375000000001 0.809375
0 0.8125 0.7812500000000001 0.7078125000000002 0.78125 0.7078125000000002 0.940625 0.8125 0.940625
0 0.8265625 0.7109375000000002 0.73125 0.7109375000000002 0.7312500000000001 0.83125 0.8265625 0.83125
0 0.8015625 0.5625000000000002 0.7390625 0.5625000000000002 0.7390625000000001 0.7328125000000002 0.8015625 0.7328125000000002
0 0.775 0.4640625000000001 0.6953125 0.4640625 0.6953125 0.6015625000000001 0.775 0.6015625000000002
0 0.834375 0.2843750000000001 0.7078125 0.2843750000000001 0.7078125 0.5906250000000001 0.834375 0.5906250000000002
0 0.753125 0.12031250000000007 0.54375 0.12031250000000004 0.54375 0.2890625000000001 0.753125 0.2890625000000001
0 0.5140625 0.09843750000000005 0.365625 0.09843750000000004 0.365625 0.27812500000000007 0.5140625 0.27812500000000007
0 0.40625 0.10937500000000004 0.2828125 0.10937500000000004 0.2828125 0.22343750000000004 0.40625 0.2234375000000001
0 0.4640625 0.20781250000000004 0.18125000000000005 0.2078125 0.18125000000000005 0.409375 0.4640625 0.409375
0 0.15156250000000004 0.2609375 3.195562741525125e-17 0.2609375 4.8411818778793805e-17 0.5296875 0.15156250000000004 0.5296875
0 0.275 0.25625 0.12656250000000005 0.25625 0.12656250000000005 0.4375 0.2750000000000001 0.4375
0 0.2531250000000001 0.3890625 0.15937500000000004 0.3890625 0.15937500000000004 0.5421875 0.2531250000000001 0.5421875
0 0.31562500000000004 0.328125 0.2171875 0.328125 0.21718750000000003 0.459375 0.3156250000000001 0.459375
0 0.4015625 0.4703125 0.20312500000000008 0.4703125 0.20312500000000008 0.6609375 0.4015625 0.6609375
0 0.4640625 0.409375 0.3296875000000001 0.409375 0.3296875000000001 0.56875 0.4640625 0.56875
0 0.49375 0.56875 0.403125 0.56875 0.403125 0.7046875 0.49375 0.7046875
0 0.4359375000000001 0.6453125 0.2906250000000001 0.6453125 0.2906250000000001 0.7984375 0.4359375000000002 0.7984375
0 0.5718750000000001 0.69375 0.3375000000000001 0.69375 0.3375000000000001 0.978125 0.5718750000000001 0.978125
0 0.5578125000000002 0.8359375 0.4828125000000002 0.8359375 0.4828125000000002 0.9953125 0.5578125000000002 0.9953125
0 0.4890625000000002 0.9125 0.40156250000000016 0.9125 0.40156250000000016 0.9953125 0.4890625000000002 0.9953125
0 0.3593750000000001 0.7703125 0.17343750000000008 0.7703125 0.1734375000000001 0.9953125 0.3593750000000001 0.9953125
0 0.17812500000000012 0.8796875 0.06250000000000011 0.8796875 0.06250000000000011 0.9890625 0.17812500000000014 0.9890625
0 0.14218750000000008 0.7328125 0.02656250000000009 0.7328125 0.0265625000000001 0.896875 0.14218750000000008 0.896875
0 0.20312500000000008 0.4640625 0.021875000000000054 0.4640625 0.021875000000000075 0.759375 0.20312500000000008 0.759375
0 0.05000000000000008 0.534375 6.544206332943669e-17 0.534375 8.0845823849962e-17 0.7859375 0.050000000000000086 0.7859375