0 0.6265625 0.27968750000000003 0.3578125 0.2796875 0.35781250000000003 0.653125 0.6265625 0.653125
0 0.8828125 0.3062500000000001 0.6234375 0.3062500000000001 0.6234375 0.675 0.8828125 0.6750000000000002
0 0.996875 0.3046875000000001 0.890625 0.3046875000000001 0.890625 0.6687500000000002 0.996875 0.6687500000000002
0 0.996875 0.6156250000000002 0.7328125 0.6156250000000002 0.7328125000000001 0.921875 0.996875 0.921875
0 0.7328125000000001 0.6062500000000001 0.4796875 0.60625 0.4796875000000001 0.921875 0.7328125000000002 0.921875
0 0.4828125000000001 0.590625 0.2078125000000001 0.590625 0.2078125000000001 0.921875 0.4828125000000002 0.921875
0 0.2156250000000001 0.5953125 7.290475476174086e-17 0.5953125 9.290094077906876e-17 0.921875 0.2156250000000001 0.921875
0 0.35937500000000006 0.246875 0.06875000000000002 0.246875 0.06875000000000006 0.6421875 0.3593750000000001 0.6421875
0 0.07500000000000005 0.2984375 3.654805291205382e-17 0.2984375 5.5300457023997667e-17 0.6046875 0.07500000000000007 0.6046875
0 0.1921875 1.1768090335556599e-17 0 0 1.865672858076046e-17 0.3046875 0.19218750000000004 0.3046875
0 0.503125 4.4967499656191874e-17 0.23125 2.8319957230282545e-17 0.23125 0.33125000000000004 0.503125 0.3312500000000001
0 0.7796875 7.797555791446039e-17 0.49375 6.046693570790056e-17 0.49375 0.3468750000000001 0.7796875 0.3468750000000001
0 0.996875 0.0375000000000001 0.765625 0.03750000000000009 0.765625 0.3734375000000001 0.996875 0.3734375000000001
0 0.909375 9.998093008663938e-17 0.7234375 8.859554187581634e-17 0.7234375 0.0625000000000001 0.909375 0.06250000000000011