0 0.540625 0.3265625000000001 0.5 0.3265625000000001 0.5 0.446875 0.540625 0.446875
0 0.8515625 0.5921875000000001 0.7078125 0.5921875 0.7078125000000001 0.8875 0.8515625 0.8875
0 0.884375 0.7984375000000001 0.7453125000000002 0.7984375000000001 0.7453125000000002 0.99375 0.884375 0.99375
0 0.7984375000000001 0.95 0.6953125000000002 0.95 0.6953125000000002 0.99375 0.7984375000000001 0.99375
0 0.7421875000000001 0.7109375000000001 0.596875 0.7109375 0.596875 0.99375 0.7421875000000002 0.99375
0 0.6125000000000002 0.9375 0.5062500000000002 0.9375 0.5062500000000002 0.99375 0.6125000000000002 0.99375
0 0.91875 0.4593750000000001 0.6859375 0.459375 0.6859375 0.6031250000000001 0.91875 0.6031250000000001
0 0.575 0.2953125000000001 0.540625 0.2953125000000001 0.540625 0.3968750000000001 0.575 0.3968750000000001
0 0.515625 0.3140625000000001 0.490625 0.3140625000000001 0.490625 0.3781250000000001 0.515625 0.3781250000000001
0 0.559375 0.2578125000000001 0.521875 0.2578125000000001 0.521875 0.3265625000000001 0.559375 0.3265625000000001
0 0.5984375 0.2015625000000001 0.5578125 0.2015625000000001 0.5578125 0.30156250000000007 0.5984375 0.30156250000000007
0 0.6484375 0.1828125000000001 0.5953125 0.1828125000000001 0.5953125 0.27031250000000007 0.6484375 0.27031250000000007
0 0.6734375 0.2453125000000001 0.6265625 0.2453125000000001 0.6265625 0.3078125000000001 0.6734375 0.3078125000000001
0 0.6234375 0.2640625000000001 0.5796875 0.2640625000000001 0.5796875 0.3515625000000001 0.6234375 0.3515625000000001
0 0.6453125 0.3390625000000001 0.6046875 0.3390625000000001 0.6046875 0.459375 0.6453125 0.459375
0 0.6640625 0.2953125000000001 0.6203125 0.2953125000000001 0.6203125 0.3906250000000001 0.6640625 0.3906250000000001
0 0.6921875 0.3515625000000001 0.6484375 0.3515625000000001 0.6484375 0.446875 0.6921875 0.446875
0 0.6734375 0.3156250000000001 0.6546875 0.3156250000000001 0.6546875 0.3531250000000001 0.6734375 0.3531250000000001
0 0.6078125 0.3453125000000001 0.5796875 0.3453125000000001 0.5796875 0.440625 0.6078125 0.440625
0 0.5890625 0.3968750000000001 0.5484375 0.3968750000000001 0.5484375 0.490625 0.5890625 0.490625
0 0.546875 0.428125 0.50625 0.428125 0.50625 0.496875 0.546875 0.496875
0 0.5921875 0.490625 0.5359375 0.490625 0.5359375 0.571875 0.5921875 0.571875
0 0.6359375 0.446875 0.5828125 0.446875 0.5828125 0.528125 0.6359375 0.528125
0 0.6640625 0.434375 0.6328125 0.434375 0.6328125 0.534375 0.6640625 0.534375
0 0.7015625 0.465625 0.6609375 0.465625 0.6609375 0.559375 0.7015625 0.559375
0 0.7078125 0.428125 0.6765625 0.428125 0.6765625 0.490625 0.7078125 0.490625
0 0.6515625 0.509375 0.6171875 0.509375 0.6171875 0.571875 0.6515625 0.571875
0 0.6234375 0.534375 0.6015625 0.534375 0.6015625 0.5984375 0.6234375 0.5984375
0 0.6046875 0.540625 0.5734375 0.540625 0.5734375 0.6046875 0.6046875 0.6046875
0 0.58125 0.578125 0.5375 0.578125 0.5375 0.6484375 0.58125 0.6484375
0 0.546875 0.484375 0.521875 0.484375 0.521875 0.553125 0.546875 0.553125
0 0.6859375 0.06250000000000008 0.609375 0.06250000000000007 0.609375 0.19531250000000008 0.6859375 0.19531250000000008
0 0.69375 7.94106908822112e-17 0.603125 7.386151007357474e-17 0.603125 0.06250000000000008 0.69375 0.06250000000000008
0 0.6203125 7.204367498109039e-17 0.55625 6.812097820257152e-17 0.55625 0.1515625000000001 0.6203125 0.1515625000000001
0 0.596875 6.773827607783798e-17 0.509375 6.23804463315683e-17 0.509375 0.050000000000000065 0.596875 0.050000000000000065
0 0.55625 0.03750000000000007 0.51875 0.03750000000000007 0.51875 0.10781250000000006 0.55625 0.10781250000000009
0 0.525 6.104098889500088e-17 0.471875 5.778802083476573e-17 0.471875 0.07500000000000007 0.525 0.07500000000000007
0 0.996875 1.1844630760503306e-16 0.9375 1.1481063742006435e-16 0.9375 0.13281250000000014 0.996875 0.13281250000000014
0 0.996875 0.6296875000000002 0.884375 0.6296875000000002 0.884375 0.7921875000000002 0.996875 0.7921875000000002
0 0.978125 0.8109375 0.9 0.8109375 0.9 0.90625 0.978125 0.90625
0 0.971875 0.90625 0.921875 0.90625 0.921875 0.99375 0.971875 0.99375
0 0.996875 0.9 0.971875 0.9 0.971875 0.99375 0.996875 0.99375
0 0.996875 0.3843750000000001 0.940625 0.3843750000000001 0.940625 0.5093750000000001 0.996875 0.5093750000000001
0 0.8546875 0.3765625000000001 0.7421875 0.3765625000000001 0.7421875 0.48437500000000017 0.8546875 0.48437500000000017
0 0.996875 0.2328125000000001 0.940625 0.2328125000000001 0.940625 0.4031250000000002 0.996875 0.4031250000000002
0 0.996875 0.3968750000000001 0.8359375 0.3968750000000001 0.8359375 0.6609375000000002 0.996875 0.6609375000000002
0 0.996875 0.6296875000000002 0.8609375 0.6296875000000002 0.8609375 0.7921875000000002 0.996875 0.7921875000000002
0 0.996875 0.8046875 0.909375 0.8046875 0.909375 0.99375 0.996875 0.99375
0 0.965625 0.13906250000000012 0.9015625 0.1390625000000001 0.9015625 0.3656250000000001 0.965625 0.3656250000000001
0 0.940625 0.1578125000000001 0.88125 0.15781250000000008 0.88125 0.3468750000000001 0.940625 0.3468750000000001
0 0.965625 0.1953125000000001 0.8578125 0.19531250000000008 0.8578125 0.3765625000000001 0.965625 0.3765625000000001
0 0.88125 0.2078125000000001 0.85625 0.2078125000000001 0.85625 0.44062500000000016 0.88125 0.44062500000000016
0 0.909375 0.2140625000000001 0.8359375 0.2140625000000001 0.8359375 0.4656250000000002 0.909375 0.4656250000000002
0 0.9125 0.30156250000000007 0.88125 0.30156250000000007 0.88125 0.42187500000000017 0.9125 0.42187500000000017
0 0.88125 0.3765625000000001 0.825 0.3765625000000001 0.825 0.4656250000000002 0.88125 0.4656250000000002
0 0.83125 0.2765625000000001 0.815625 0.2765625000000001 0.815625 0.3968750000000001 0.83125 0.3968750000000001
0 0.85625 0.27031250000000007 0.8375 0.27031250000000007 0.8375 0.4031250000000002 0.85625 0.4031250000000002
0 0.903125 0.0765625000000001 0.7796875 0.07656250000000009 0.7796875 0.3656250000000001 0.903125 0.3656250000000001
0 0.921875 0.0250000000000001 0.7546875 0.025000000000000088 0.7546875 0.44062500000000016 0.921875 0.44062500000000016
0 0.8328125 9.223121206078503e-17 0.6734375 8.247230788007957e-17 0.6734375 0.1703125000000001 0.8328125 0.1703125000000001
0 0.8515625 0.018750000000000093 0.6859375 0.018750000000000083 0.6859375 0.1390625000000001 0.8515625 0.1390625000000001
0 0.7515625 0.08125000000000009 0.6796875 0.08125000000000009 0.6796875 0.18906250000000008 0.7515625 0.18906250000000008
0 0.7234375 0.2015625000000001 0.6796875 0.2015625000000001 0.6796875 0.2453125000000001 0.7234375 0.2453125000000001
0 0.8234375 0.012500000000000094 0.7171875 0.01250000000000009 0.7171875 0.2578125000000001 0.8234375 0.2578125000000001
0 0.8203125 0.043750000000000094 0.6921875 0.04375000000000009 0.6921875 0.37187500000000007 0.8203125 0.37187500000000007
0 0.8671875 0.0562500000000001 0.7015625 0.05625000000000009 0.7015625 0.3781250000000001 0.8671875 0.3781250000000001
0 0.9171875 1.0160741411675695e-16 0.7421875 9.089175462421762e-17 0.7421875 0.0750000000000001 0.9171875 0.07500000000000011
0 0.7609375 0.2078125000000001 0.7296875 0.2078125000000001 0.7296875 0.4031250000000002 0.7609375 0.4031250000000002
0 0.7953125 0.2515625000000001 0.7546875 0.2515625000000001 0.7546875 0.4593750000000002 0.7953125 0.4593750000000002