0 0.09531250000000002 0.05156250000000001 6.31458505810354e-18 0.0515625 2.2196723234545777e-17 0.3109375 0.09531250000000005 0.3109375
0 0.2828125 0.010937500000000022 0.084375 0.010937500000000011 0.08437500000000003 0.496875 0.2828125000000001 0.496875
0 0.3046875 0.037500000000000026 0.20625 0.03750000000000002 0.20625 0.17187500000000006 0.3046875 0.17187500000000006
0 0.5109375 0.09375000000000006 0.29375 0.09375000000000004 0.29375000000000007 0.4515625 0.5109375 0.4515625
0 0.4890625 0.3062500000000001 0.3890625 0.3062500000000001 0.38906250000000003 0.3781250000000001 0.4890625 0.3781250000000001
0 0.446875 0.11875000000000005 0.3125 0.11875000000000005 0.31250000000000006 0.37343750000000003 0.446875 0.3734375000000001
0 0.484375 0.03125000000000004 0.3171875 0.031250000000000035 0.31718750000000007 0.37343750000000003 0.484375 0.3734375000000001
0 0.675 6.611179204772041e-17 0.4046875 4.955992515299445e-17 0.4046875 0.5078125 0.675 0.5078125
0 0.5953125 0.3062500000000001 0.38125 0.3062500000000001 0.38125000000000003 0.6734375 0.5953125 0.6734375
0 0.7140625 0.434375 0.6328125 0.434375 0.6328125 0.5546875 0.7140625 0.5546875
0 0.79375 0.14531250000000007 0.5265625 0.14531250000000004 0.5265625 0.2796875000000001 0.79375 0.2796875000000001
0 0.8046875 0.06250000000000008 0.6796875 0.06250000000000008 0.6796875 0.2640625000000001 0.8046875 0.2640625000000001
0 0.690625 0.07812500000000008 0.5796875 0.07812500000000007 0.5796875 0.16562500000000008 0.690625 0.16562500000000008
0 0.996875 9.653661096403746e-17 0.5796875 7.099124413807313e-17 0.5796875 0.24375000000000008 0.996875 0.24375000000000008
0 0.996875 0.16093750000000012 0.825 0.1609375000000001 0.825 0.3421875000000001 0.996875 0.3421875000000001
0 0.93125 0.22812500000000008 0.8171875 0.22812500000000008 0.8171875 0.44062500000000016 0.93125 0.44062500000000016
0 0.98125 0.2906250000000001 0.915625 0.2906250000000001 0.915625 0.3984375000000001 0.98125 0.3984375000000001
0 0.996875 0.4140625000000001 0.7109375 0.4140625 0.7109375 0.5906250000000001 0.996875 0.5906250000000002
0 0.996875 0.5125000000000001 0.6296875 0.5125 0.6296875000000001 0.7984375000000001 0.996875 0.7984375000000001
0 0.996875 0.6937500000000002 0.79375 0.6937500000000002 0.7937500000000001 0.834375 0.996875 0.834375
0 0.996875 0.7312500000000002 0.8125 0.7312500000000002 0.8125 0.9125 0.996875 0.9125
0 0.96875 0.825 0.8171875 0.825 0.8171875 0.9078125 0.96875 0.9078125
0 0.821875 0.7468750000000002 0.7453125000000002 0.7468750000000002 0.7453125000000002 0.8859375 0.821875 0.8859375
0 0.7671875000000001 0.834375 0.7062500000000002 0.834375 0.7062500000000002 0.896875 0.7671875000000001 0.896875
0 0.7640625000000002 0.7453125 0.6687500000000002 0.7453125 0.6687500000000002 0.865625 0.7640625000000002 0.865625
0 0.6984375000000002 0.7671875 0.6343750000000001 0.7671875 0.6343750000000001 0.896875 0.6984375000000002 0.896875
0 0.6640625000000001 0.575 0.5078125 0.575 0.5078125000000001 0.9015625 0.6640625000000002 0.9015625
0 0.7671875000000001 0.5453125000000001 0.5875 0.5453125 0.5875000000000001 0.7781250000000001 0.7671875000000001 0.7781250000000002
0 0.9953125 0.51875 0.6453125 0.51875 0.6453125000000001 0.8078125 0.9953125 0.8078125
0 0.5796875000000001 0.6109375 0.4890625 0.6109375 0.48906250000000007 0.896875 0.5796875000000001 0.896875
0 0.5078125000000001 0.590625 0.4078125 0.590625 0.4078125000000001 0.8546875 0.5078125000000002 0.8546875
0 0.534375 0.54375 0.446875 0.54375 0.446875 0.6421875 0.534375 0.6421875
0 0.615625 0.4828125 0.4859375 0.4828125 0.4859375 0.5453125 0.615625 0.5453125
0 0.615625 0.3109375000000001 0.4359375 0.3109375000000001 0.4359375 0.575 0.615625 0.575
0 0.6609375 0.03125000000000007 0.446875 0.031250000000000056 0.446875 0.503125 0.6609375 0.503125
0 0.409375 0.528125 0.020312500000000067 0.528125 0.020312500000000074 0.6421875 0.409375 0.6421875
0 0.1984375000000001 0.5484375 6.716422289073765e-17 0.5484375 8.658635572096521e-17 0.865625 0.1984375000000001 0.865625
0 0.1218750000000001 0.715625 8.763878656398247e-17 0.715625 9.778039286942148e-17 0.88125 0.1218750000000001 0.88125
0 0.10000000000000009 0.7875 9.644093543285407e-17 0.7875 1.0342524920924131e-16 0.9015625 0.10000000000000009 0.9015625
0 0.4625000000000002 0.771875 0.2218750000000001 0.771875 0.2218750000000001 0.9015625 0.4625000000000002 0.9015625
0 0.4703125000000001 0.653125 0.21093750000000008 0.653125 0.21093750000000008 0.896875 0.4703125000000002 0.896875
0 0.47343750000000007 0.6640625 0.3812500000000001 0.6640625 0.3812500000000001 0.8296875 0.4734375000000002 0.8296875
0 0.5156250000000001 0.590625 0.4234375 0.590625 0.4234375000000001 0.8453125 0.5156250000000002 0.8453125
0 0.3937500000000001 0.6171875 0.3359375000000001 0.6171875 0.3359375000000001 0.7046875 0.3937500000000001 0.7046875
0 0.3781250000000001 0.37812500000000004 0.2218750000000001 0.378125 0.2218750000000001 0.534375 0.3781250000000001 0.534375
0 0.2640625000000001 0.409375 0.17656250000000004 0.409375 0.17656250000000004 0.54375 0.2640625000000001 0.54375
0 0.39687500000000003 0.30625 0.13437500000000005 0.30625 0.13437500000000005 0.4140625 0.3968750000000001 0.4140625
0 0.496875 0.23437500000000006 0.06562500000000002 0.234375 0.06562500000000003 0.30156250000000007 0.496875 0.30156250000000007
0 0.11562500000000005 0.290625 0.039062500000000035 0.290625 0.03906250000000004 0.440625 0.11562500000000005 0.440625
0 0.09218750000000006 0.3734375 4.573290390565898e-17 0.3734375 5.463072830571396e-17 0.51875 0.09218750000000006 0.51875
0 0.9921875 9.672796202640423e-17 0.5875 7.1947999449907e-17 0.5875 0.2328125000000001 0.9921875 0.2328125000000001
0 0.946875 0.004687500000000109 0.825 0.004687500000000101 0.825 0.06718750000000011 0.946875 0.06718750000000011
0 0.996875 6.104098889500089e-17 0 0 5.520478149281428e-17 0.9015625 0.996875 0.9015625