0 0.996875 6.104098889500089e-17 0 0 6.084963783263412e-17 0.99375 0.996875 0.99375
0 0.4562500000000001 0.6359375 0.3343750000000001 0.6359375 0.3343750000000001 0.99375 0.45625000000000016 0.99375
0 0.7968750000000001 0.6656250000000001 0.6390625 0.665625 0.6390625000000001 0.9953125 0.7968750000000002 0.9953125
0 0.9125 0.6421875000000001 0.8453125 0.6421875000000001 0.8453125 0.9953125 0.9125 0.9953125
0 0.95625 0.4703125000000002 0.871875 0.4703125000000002 0.871875 0.8703125 0.95625 0.8703125
0 0.996875 0.859375 0.9015625 0.859375 0.9015625 0.99375 0.996875 0.99375
0 0.996875 0.7359375000000001 0.9484375 0.7359375000000001 0.9484375 0.9125 0.996875 0.9125
0 0.5406250000000001 0.61875 0.4390625 0.61875 0.4390625000000001 0.7953125 0.5406250000000001 0.7953125
0 0.5640625 0.3000000000000001 0.4296875 0.3000000000000001 0.4296875 0.6359375 0.5640625 0.6359375
0 0.446875 0.17187500000000006 0.3453125 0.17187500000000006 0.3453125 0.6421875 0.446875 0.6421875
0 0.38593750000000004 4.0375074159389303e-17 0.2734375 3.348643591418544e-17 0.27343750000000006 0.5234375 0.3859375000000001 0.5234375