0 0.6640625 0.09218750000000006 0.3125 0.09218750000000005 0.31250000000000006 0.5875 0.6640625 0.5875
0 0.4828125 0.040625000000000036 0.2 0.04062500000000002 0.20000000000000004 0.5828125 0.4828125 0.5828125
0 0.884375 0.1703125000000001 0.703125 0.1703125000000001 0.703125 0.35625000000000007 0.884375 0.35625000000000007
0 0.934375 0.30937500000000007 0.76875 0.30937500000000007 0.76875 0.4734375000000002 0.934375 0.4734375000000002
0 0.996875 0.34062500000000007 0.9265625 0.34062500000000007 0.9265625 0.5265625000000002 0.996875 0.5265625000000002
0 0.9953125 0.3968750000000001 0.6875 0.3968750000000001 0.6875000000000001 0.7312500000000001 0.9953125 0.7312500000000002
0 0.85 0.5937500000000001 0.721875 0.59375 0.721875 0.83125 0.85 0.83125
0 0.81875 0.4843750000000001 0.6515625 0.484375 0.6515625 0.6078125000000001 0.81875 0.6078125000000002
0 0.7578125000000001 0.6953125000000001 0.603125 0.6953125 0.6031250000000001 0.840625 0.7578125000000002 0.840625
0 0.6609375000000001 0.5625 0.5375 0.5625 0.5375000000000001 0.7375 0.6609375000000002 0.7375
0 0.6984375 0.5828125 0.6609375 0.5828125 0.6609375 0.690625 0.6984375 0.690625
0 0.75625 0.08750000000000008 0.5828125 0.08750000000000006 0.5828125 0.3609375000000001 0.75625 0.3609375000000001
0 0.996875 0.26250000000000007 0.9 0.26250000000000007 0.9 0.3656250000000001 0.996875 0.3656250000000001
0 0.6484375 0.09218750000000006 0.409375 0.09218750000000005 0.409375 0.2531250000000001 0.6484375 0.2531250000000001
0 0.5875 0.010937500000000067 0.50625 0.010937500000000062 0.50625 0.10781250000000006 0.5875 0.10781250000000009
0 0.32500000000000007 0.4375 0.19375000000000003 0.4375 0.19375000000000006 0.61875 0.32500000000000007 0.61875
0 0.3671875000000001 0.6234375 0.22812500000000008 0.6234375 0.22812500000000008 0.784375 0.3671875000000001 0.784375
0 0.5171875000000001 0.5828125 0.3546875000000001 0.5828125 0.3546875000000001 0.8609375 0.5171875000000001 0.8609375
0 0.6171875000000001 0.675 0.490625 0.675 0.4906250000000001 0.8609375 0.6171875000000002 0.8609375
0 0.17343750000000008 0.50625 0.11562500000000005 0.50625 0.11562500000000006 0.68125 0.17343750000000008 0.68125
0 0.2390625000000001 0.515625 0.13906250000000003 0.515625 0.13906250000000006 0.6640625 0.2390625000000001 0.6640625
0 0.2093750000000001 0.4328125 0.15937500000000004 0.4328125 0.15937500000000004 0.53125 0.2093750000000001 0.53125
0 0.15937500000000007 0.396875 0.035937500000000046 0.396875 0.03593750000000006 0.628125 0.1593750000000001 0.628125
0 0.21250000000000005 0.278125 0.14687500000000003 0.278125 0.14687500000000003 0.4015625 0.21250000000000008 0.4015625
0 0.23593750000000008 0.3875 0.19687500000000005 0.3875 0.19687500000000005 0.4546875 0.23593750000000008 0.4546875
0 0.16250000000000003 0.31875 0.07656250000000005 0.31875 0.07656250000000005 0.4125 0.16250000000000003 0.4125
0 0.14218750000000005 0.2421875 0.08906250000000002 0.2421875 0.08906250000000003 0.3203125 0.14218750000000005 0.3203125
0 0.2015625 0.221875 0.13593750000000004 0.221875 0.13593750000000004 0.2671875 0.2015625 0.2671875
0 0.07656250000000005 0.3234375 3.9609669909922206e-17 0.3234375 4.468047306264171e-17 0.40625 0.07656250000000005 0.40625
0 0.054687500000000056 0.4078125 0.00781250000000005 0.4078125 0.007812500000000057 0.5109375 0.05468750000000007 0.5109375