0 0.9625 0.5781250000000002 0.8171875 0.5781250000000002 0.8171875 0.8125 0.9625 0.8125
0 0.98125 0.1406250000000001 0.8359375 0.14062500000000008 0.8359375 0.3906250000000001 0.98125 0.3906250000000001
0 0.8171875 0.1453125000000001 0.6015625 0.1453125000000001 0.6015625 0.4375000000000001 0.8171875 0.43750000000000017
0 0.7265625 0.4687500000000001 0.5515625 0.46875 0.5515625 0.7078125000000001 0.7265625 0.7078125000000002
0 0.7578125000000001 0.7140625 0.609375 0.7140625 0.6093750000000001 0.8703125 0.7578125000000002 0.8703125
0 0.5484375000000001 0.6046875 0.3890625000000001 0.6046875 0.3890625000000001 0.8078125 0.5484375000000001 0.8078125
0 0.4984375 0.35937500000000006 0.3265625 0.359375 0.32656250000000003 0.5890625 0.4984375 0.5890625
0 0.5484375 0.09843750000000005 0.38125 0.09843750000000004 0.38125 0.3281250000000001 0.5484375 0.3281250000000001
0 0.6953125 0.28593750000000007 0.4984375 0.28593750000000007 0.4984375 0.5109375 0.6953125 0.5109375
0 0.9703125 0.3593750000000001 0.7375 0.3593750000000001 0.7375 0.5890625000000002 0.9703125 0.5890625000000002
0 0.89375 0.046875000000000104 0.7796875 0.0468750000000001 0.7796875 0.21875000000000008 0.89375 0.21875000000000008
0 0.50625 0.02656250000000005 0.2546875 0.026562500000000034 0.2546875 0.23906250000000004 0.50625 0.2390625000000001
0 0.33437500000000003 0.234375 0.12968750000000004 0.234375 0.12968750000000004 0.4265625 0.3343750000000001 0.4265625
0 0.16718750000000002 0.09375000000000001 0.057812500000000024 0.09375 0.05781250000000003 0.2859375 0.16718750000000004 0.2859375
0 0.3421875000000001 0.4578125 0.17500000000000004 0.4578125 0.17500000000000007 0.671875 0.3421875000000001 0.671875
0 0.3765625000000001 0.6671875 0.2171875000000001 0.6671875 0.2171875000000001 0.8953125 0.3765625000000001 0.8953125
0 0.1671875000000001 0.6296875 0.07656250000000006 0.6296875 0.07656250000000007 0.8078125 0.1671875000000001 0.8078125
0 0.19062500000000007 0.3484375 0.004687500000000043 0.3484375 0.004687500000000058 0.5890625 0.1906250000000001 0.5890625