0 0.7296875 0.5000000000000001 0.4203125 0.5 0.4203125000000001 0.934375 0.7296875000000002 0.934375
0 0.959375 0.5421875 0.6171875 0.5421875 0.6171875000000001 0.8328125 0.959375 0.8328125
0 0.890625 0.3156250000000001 0.7234375 0.3156250000000001 0.7234375 0.6671875 0.890625 0.6671875000000002
0 0.2875 0.14218750000000002 0.06093750000000002 0.1421875 0.06093750000000003 0.315625 0.2875 0.315625
0 0.4234375 0.24375000000000005 0.209375 0.24375 0.20937500000000003 0.50625 0.4234375 0.50625
0 0.37031250000000004 0.35781250000000003 0.15000000000000005 0.3578125 0.15000000000000008 0.803125 0.3703125000000001 0.803125
0 0.32656250000000003 0.2921875 0.09375000000000004 0.2921875 0.09375000000000007 0.803125 0.3265625000000001 0.803125
0 0.27656250000000004 0.3515625 0.017187500000000043 0.3515625 0.01718750000000007 0.75625 0.2765625000000001 0.75625
0 0.75 0.07656250000000007 0.5 0.07656250000000006 0.5 0.3812500000000001 0.75 0.3812500000000001
0 0.696875 0.07812500000000007 0.4390625 0.07812500000000004 0.4390625 0.3343750000000001 0.696875 0.3343750000000001
0 0.453125 0.15468750000000003 0.3609375 0.15468750000000003 0.3609375 0.321875 0.453125 0.3218750000000001
0 0.5171875 0.26250000000000007 0.4203125 0.26250000000000007 0.4203125 0.3453125000000001 0.5171875 0.3453125000000001
0 0.5640625 0.3515625000000001 0.4609375 0.3515625000000001 0.4609375 0.4703125 0.5640625 0.4703125
0 0.7265625 0.38750000000000007 0.540625 0.38750000000000007 0.540625 0.5359375000000001 0.7265625 0.5359375000000002
0 0.4265625 0.25625000000000003 0.13750000000000004 0.25625 0.13750000000000004 0.49375 0.4265625 0.49375