0 0.996875 0.14843750000000008 0.4515625 0.14843750000000006 0.4515625000000001 0.99375 0.996875 0.99375
0 0.8734375 8.486419615966424e-17 0.5125 6.276314845630185e-17 0.5125 0.4765625000000001 0.8734375 0.47656250000000017
0 0.5796875000000001 4.047074969057269e-17 0.08125 9.950255243072244e-18 0.08125000000000004 0.7734375 0.5796875000000001 0.7734375
0 0.46406250000000016 0.76875 0.40156250000000016 0.76875 0.40156250000000016 0.8578125 0.46406250000000016 0.8578125
0 0.40156250000000016 0.74375 0.2968750000000001 0.74375 0.2968750000000001 0.875 0.40156250000000016 0.875
0 0.4593750000000002 0.828125 0.3656250000000001 0.828125 0.3656250000000001 0.99375 0.4593750000000002 0.99375
0 0.4984375000000002 0.89375 0.4109375000000002 0.89375 0.4109375000000002 0.9953125 0.4984375000000002 0.9953125
0 0.3687500000000001 0.875 0.2921875000000001 0.875 0.2921875000000001 0.99375 0.3687500000000001 0.99375
0 0.31718750000000007 0.7984375 0.23437500000000008 0.7984375 0.23437500000000008 0.953125 0.31718750000000007 0.953125
0 0.2750000000000001 0.696875 0.1703125000000001 0.696875 0.1703125000000001 0.8625 0.2750000000000001 0.8625
0 0.18750000000000008 0.678125 0.1140625000000001 0.678125 0.1140625000000001 0.815625 0.18750000000000008 0.815625
0 0.2375000000000001 0.809375 0.0906250000000001 0.809375 0.0906250000000001 0.99375 0.2375000000000001 0.99375
0 0.29375000000000007 0.946875 0.2078125000000001 0.946875 0.2078125000000001 0.99375 0.29375000000000007 0.99375