0 0.98125 0.7578125000000002 0.890625 0.7578125000000002 0.890625 0.815625 0.98125 0.815625
0 0.98125 0.6421875000000001 0.890625 0.6421875000000001 0.890625 0.7625000000000002 0.98125 0.7625000000000002
0 0.9859375 0.4734375000000002 0.903125 0.4734375000000002 0.903125 0.6000000000000002 0.9859375 0.6000000000000002
0 0.9515625 0.5421875000000002 0.9015625 0.5421875000000002 0.9015625 0.6203125000000002 0.9515625 0.6203125000000002
0 0.9859375 0.5953125000000001 0.9328125 0.5953125000000001 0.9328125 0.6375000000000002 0.9859375 0.6375000000000002
0 0.9328125 0.5953125000000001 0.8765625 0.5953125000000001 0.8765625 0.6578125000000001 0.9328125 0.6578125000000001
0 0.9171875 0.5265625000000002 0.875 0.5265625000000002 0.875 0.6000000000000002 0.9171875 0.6000000000000002
0 0.8875 0.4781250000000002 0.8109375 0.4781250000000002 0.8109375 0.5843750000000002 0.8875 0.5843750000000002
0 0.909375 0.44843750000000016 0.875 0.44843750000000016 0.875 0.5218750000000002 0.909375 0.5218750000000002
0 0.909375 0.3843750000000001 0.8265625 0.3843750000000001 0.8265625 0.46875000000000017 0.909375 0.46875000000000017
0 0.9203125 0.3156250000000001 0.8609375 0.3156250000000001 0.8609375 0.39531250000000007 0.9203125 0.39531250000000007
0 0.9359375 0.26250000000000007 0.871875 0.26250000000000007 0.871875 0.3265625000000001 0.9359375 0.3265625000000001
0 0.9859375 0.3109375000000001 0.9140625 0.3109375000000001 0.9140625 0.4625000000000002 0.9859375 0.4625000000000002
0 0.98125 0.2484375000000001 0.9390625 0.2484375000000001 0.9390625 0.3062500000000001 0.98125 0.3062500000000001
0 0.98125 0.03750000000000012 0.8640625 0.03750000000000011 0.8640625 0.2734375000000001 0.98125 0.2734375000000001
0 0.8828125 0.12656250000000008 0.7203125 0.12656250000000008 0.7203125 0.3359375000000001 0.8828125 0.3359375000000001
0 0.890625 0.2734375000000001 0.8375 0.2734375000000001 0.8375 0.3375000000000001 0.890625 0.3375000000000001
0 0.8609375 0.3265625000000001 0.8078125 0.3265625000000001 0.8078125 0.39531250000000007 0.8609375 0.39531250000000007
0 0.821875 0.3375000000000001 0.7625 0.3375000000000001 0.7625 0.3890625000000001 0.821875 0.3890625000000001
0 0.8234375 0.3687500000000001 0.70625 0.3687500000000001 0.70625 0.5046875000000001 0.8234375 0.5046875000000002
0 0.8234375 0.5046875000000002 0.7671875 0.5046875000000002 0.7671875 0.5687500000000002 0.8234375 0.5687500000000002
0 0.7734375 0.4312500000000001 0.6640625 0.43125 0.6640625 0.6531250000000001 0.7734375 0.6531250000000002
0 0.8765625 0.6062500000000002 0.83125 0.6062500000000002 0.83125 0.6640625000000002 0.8765625 0.6640625000000002
0 0.8828125 0.6375000000000002 0.784375 0.6375000000000002 0.784375 0.8109375 0.8828125 0.8109375
0 0.821875 0.690625 0.6984375 0.690625 0.6984375 0.821875 0.821875 0.821875
0 0.6875 0.4578125 0.5890625 0.4578125 0.5890625 0.5796875 0.6875 0.5796875
0 0.6484375 0.3781250000000001 0.6 0.3781250000000001 0.6 0.4265625 0.6484375 0.4265625
0 0.7015625 0.2687500000000001 0.6078125 0.2687500000000001 0.6078125 0.4578125 0.7015625 0.4578125
0 0.7625 0.2843750000000001 0.6828125 0.2843750000000001 0.6828125 0.3734375000000001 0.7625 0.3734375000000001
0 0.653125 0.14218750000000008 0.4375 0.14218750000000005 0.4375 0.26250000000000007 0.653125 0.26250000000000007
0 0.746875 0.15781250000000008 0.653125 0.15781250000000008 0.653125 0.3000000000000001 0.746875 0.3000000000000001
0 0.7625 0.1375000000000001 0.725 0.1375000000000001 0.725 0.17343750000000008 0.7625 0.17343750000000008
0 0.871875 0.0734375000000001 0.7921875 0.07343750000000009 0.7921875 0.15781250000000008 0.871875 0.15781250000000008
0 0.8828125 0.0421875000000001 0.6828125 0.042187500000000086 0.6828125 0.11562500000000009 0.8828125 0.11562500000000009
0 0.7203125 0.03125000000000008 0.6453125 0.031250000000000076 0.6453125 0.07968750000000009 0.7203125 0.07968750000000009
0 0.65 0.026562500000000072 0.50625 0.026562500000000065 0.50625 0.17812500000000006 0.65 0.1781250000000001
0 0.528125 0.037500000000000054 0.4046875 0.03750000000000005 0.4046875 0.2062500000000001 0.528125 0.2062500000000001
0 0.4984375 0.021875000000000058 0.4484375 0.021875000000000054 0.4484375 0.04843750000000006 0.4984375 0.04843750000000006
0 0.4453125 0.010937500000000036 0.146875 0.010937500000000017 0.14687500000000003 0.32656250000000003 0.4453125 0.3265625000000001
0 0.12031250000000002 0.1046875 0.04531250000000001 0.1046875 0.04531250000000002 0.2 0.12031250000000004 0.2
0 0.10625 0.046875000000000014 0.05625 0.046875000000000014 0.05625000000000001 0.1109375 0.10625 0.1109375
0 0.14375 0.10625 0.10625 0.10625 0.10625 0.1640625 0.14375 0.1640625
0 0.2109375 0.2421875 0.04531250000000003 0.2421875 0.04531250000000004 0.3375 0.2109375 0.3375
0 0.18593750000000003 0.2046875 0.12187500000000004 0.2046875 0.12187500000000004 0.253125 0.18593750000000003 0.253125
0 0.20000000000000004 0.3 0.04218750000000003 0.3 0.042187500000000044 0.46875 0.2000000000000001 0.46875
0 0.32031250000000006 0.321875 0.15468750000000003 0.321875 0.15468750000000003 0.4640625 0.3203125000000001 0.4640625
0 0.3359375000000001 0.46875 0.04218750000000006 0.46875 0.04218750000000008 0.83125 0.3359375000000001 0.83125
0 0.2796875000000001 0.7265625 0.12500000000000008 0.7265625 0.12500000000000008 0.83125 0.2796875000000001 0.83125
0 0.1515625000000001 0.6265625 0.045312500000000075 0.6265625 0.04531250000000009 0.8109375 0.1515625000000001 0.8109375
0 0.4109375 0.5421875 0.3468750000000001 0.5421875 0.3468750000000001 0.6203125 0.4109375 0.6203125
0 0.31718750000000007 0.36875 0.2296875000000001 0.36875 0.2296875000000001 0.4890625 0.31718750000000007 0.4890625
0 0.15156250000000007 0.4578125 0.06875000000000006 0.4578125 0.06875000000000006 0.553125 0.1515625000000001 0.553125
0 0.4109375000000002 0.7421875 0.3281250000000001 0.7421875 0.3281250000000001 0.8375 0.4109375000000002 0.8375
0 0.7250000000000001 0.6046875 0.3390625000000001 0.6046875 0.3390625000000001 0.8265625 0.7250000000000002 0.8265625
0 0.6234375 0.546875 0.5734375 0.546875 0.5734375 0.6109375 0.6234375 0.6109375
0 0.6609375 0.584375 0.6 0.584375 0.6 0.6625 0.6609375 0.6625
0 0.7015625 0.53125 0.653125 0.53125 0.653125 0.5953125 0.7015625 0.5953125
0 0.6 0.4796875 0.5359375 0.4796875 0.5359375 0.60625 0.6 0.60625
0 0.5921875 0.4109375 0.5203125 0.4109375 0.5203125 0.4953125 0.5921875 0.4953125
0 0.6109375 0.3375000000000001 0.5328125 0.3375000000000001 0.5328125 0.453125 0.6109375 0.453125
0 0.621875 0.20468750000000008 0.471875 0.20468750000000008 0.471875 0.3531250000000001 0.621875 0.3531250000000001
0 0.6453125 0.14218750000000008 0.4875 0.14218750000000005 0.4875 0.24218750000000008 0.6453125 0.24218750000000008
0 0.6453125 0.2578125000000001 0.5921875 0.2578125000000001 0.5921875 0.3156250000000001 0.6453125 0.3156250000000001