0 0.996875 0.3828125000000001 0.7859375 0.3828125000000001 0.7859375000000001 0.99375 0.996875 0.99375
0 0.9515625 0.7671875000000001 0.2453125000000001 0.7671875 0.2453125000000001 0.99375 0.9515625 0.99375
0 0.9546875 0.86875 0.6250000000000002 0.86875 0.6250000000000002 0.99375 0.9546875 0.99375
0 0.9078125 0.20312500000000008 0.6859375 0.20312500000000008 0.6859375000000001 0.7968750000000001 0.9078125 0.7968750000000002
0 0.996875 0.0609375000000001 0.71875 0.06093750000000009 0.71875 0.5578125 0.996875 0.5578125000000002
0 0.996875 0.05468750000000011 0.8515625 0.05468750000000011 0.8515625 0.4203125000000002 0.996875 0.4203125000000002
0 0.9578125 1.1385388210823048e-16 0.9015625 1.1040956298562856e-16 0.9015625 0.1796875000000001 0.9578125 0.17968750000000014
0 0.996875 0.023437500000000118 0.94375 0.023437500000000118 0.94375 0.19218750000000012 0.996875 0.19218750000000012
0 0.9203125 1.0428632898989181e-16 0.7828125 9.586688224575374e-17 0.7828125 0.10781250000000012 0.9203125 0.10781250000000013
0 0.7859375 9.261391418551857e-17 0.7265625 8.897824400054988e-17 0.7265625 0.07812500000000008 0.7859375 0.07812500000000008
0 0.7484375 8.400311637901375e-17 0.6234375 7.634907388434281e-17 0.6234375 0.1671875000000001 0.7484375 0.1671875000000001
0 0.659375 6.725989842192105e-17 0.4390625 5.376964852506348e-17 0.4390625 0.15000000000000008 0.659375 0.15000000000000008
0 0.6828125 0.08437500000000007 0.528125 0.08437500000000006 0.528125 0.16250000000000006 0.6828125 0.1625000000000001
0 0.528125 5.616153680464816e-17 0.3890625 4.7646414529326714e-17 0.3890625 0.08437500000000006 0.528125 0.08437500000000006
0 0.41875 0.006250000000000045 0.3171875 0.0062500000000000385 0.3171875 0.09531250000000005 0.41875 0.09531250000000005
0 0.425 0.04218750000000004 0.171875 0.042187500000000024 0.17187500000000003 0.23906250000000004 0.425 0.2390625000000001
0 0.7984375 0.12656250000000008 0.4265625 0.12656250000000005 0.4265625 0.31718750000000007 0.7984375 0.31718750000000007
0 0.7859375 0.2453125000000001 0.40625 0.2453125000000001 0.40625 0.5750000000000001 0.7859375 0.5750000000000002
0 0.6609375000000001 0.4203125 0.2750000000000001 0.4203125 0.2750000000000001 0.809375 0.6609375000000002 0.809375
0 0.76875 0.5625000000000001 0.64375 0.5625 0.64375 0.7484375000000001 0.7687500000000002 0.7484375000000002
0 0.4250000000000001 0.6765625 0.20468750000000008 0.6765625 0.20468750000000008 0.8390625 0.42500000000000016 0.8390625
0 0.2968750000000001 0.6296875 7.711447813380989e-17 0.6296875 9.950255243072244e-17 0.9953125 0.2968750000000001 0.9953125
0 0.09531250000000006 0.484375 5.931882933369991e-17 0.484375 6.812097820257152e-17 0.628125 0.09531250000000006 0.628125
0 0.07343750000000006 0.346875 0.007812500000000042 0.346875 0.007812500000000052 0.496875 0.07343750000000007 0.496875
0 0.03906250000000004 0.3171875 3.884426566045511e-17 0.3171875 4.544587731210881e-17 0.425 0.039062500000000056 0.425
0 0.14531250000000004 0.2515625 0.012500000000000034 0.2515625 0.012500000000000044 0.44375 0.14531250000000004 0.44375
0 0.19843750000000004 0.11406250000000002 0.07968750000000002 0.1140625 0.07968750000000005 0.7 0.1984375000000001 0.7
0 0.32031250000000006 0.209375 0.14218750000000005 0.209375 0.14218750000000008 0.7671875 0.3203125000000001 0.7671875
0 0.7828125 4.793344112287687e-17 0 0 3.4825893350752864e-17 0.5687500000000001 0.7828125 0.5687500000000002
0 0.996875 6.104098889500089e-17 0 0 6.084963783263412e-17 0.99375 0.996875 0.99375