0 0.21875000000000006 0.209375 0.023437500000000028 0.209375 0.02343750000000004 0.4484375 0.21875000000000008 0.4484375
0 0.4921875 4.6689659217492845e-17 0.2703125 3.3103733789451887e-17 0.2703125 0.21718750000000003 0.4921875 0.2171875000000001
0 0.640625 0.040625000000000064 0.4453125 0.04062500000000006 0.4453125 0.2093750000000001 0.640625 0.2093750000000001
0 0.76875 0.16875000000000007 0.5375 0.16875000000000004 0.5375 0.4312500000000001 0.76875 0.4312500000000002
0 0.7734375000000001 0.7156250000000001 0.621875 0.715625 0.6218750000000001 0.840625 0.7734375000000002 0.840625
0 0.8234375 0.8359375 0.7343750000000002 0.8359375 0.7343750000000002 0.925 0.8234375 0.925
0 0.8671875 0.853125 0.7031250000000002 0.853125 0.7031250000000002 0.96875 0.8671875 0.96875
0 0.6000000000000001 0.63125 0.4265625 0.63125 0.42656250000000007 0.9640625 0.6000000000000002 0.9640625
0 0.5156250000000001 0.6703125 0.1062500000000001 0.6703125 0.1062500000000001 0.8046875 0.5156250000000002 0.8046875
0 0.4312500000000002 0.809375 0.3281250000000001 0.809375 0.3281250000000001 0.9421875 0.4312500000000002 0.9421875
0 0.2140625000000001 0.653125 0.07968750000000009 0.653125 0.0796875000000001 0.840625 0.2140625000000001 0.840625
0 0.4890625 0.471875 0.3468750000000001 0.471875 0.3468750000000001 0.6796875 0.4890625 0.6796875
0 0.4625 0.23125000000000004 0.17812500000000003 0.23125 0.17812500000000003 0.5203125 0.4625 0.5203125
0 0.5609375 0.2406250000000001 0.45 0.2406250000000001 0.45 0.2718750000000001 0.5609375 0.2718750000000001
0 0.29375000000000007 0.19531250000000006 0.2265625 0.19531250000000006 0.22656250000000006 0.6046875 0.29375000000000007 0.6046875
0 0.2484375 0.14218750000000005 0.209375 0.14218750000000005 0.209375 0.275 0.2484375 0.275
0 0.2578125 0.10625000000000002 0.15625 0.10625 0.15625000000000003 0.221875 0.2578125 0.221875
0 0.16406250000000003 0.08437500000000002 0.1203125 0.08437500000000002 0.12031250000000002 0.2140625 0.16406250000000006 0.2140625
0 0.2046875 0.08437500000000002 0.1421875 0.08437500000000002 0.1421875 0.17343750000000002 0.2046875 0.17343750000000005
0 0.5390625 0.4765625 0.41875 0.4765625 0.41875 0.5921875 0.5390625 0.5921875
0 0.496875 0.4984375 0.3468750000000001 0.4984375 0.3468750000000001 0.6765625 0.496875 0.6765625
0 0.8671875 0.14218750000000008 0.7203125 0.14218750000000008 0.7203125 0.4000000000000001 0.8671875 0.4000000000000002
0 0.915625 0.3968750000000001 0.746875 0.3968750000000001 0.746875 0.6187500000000001 0.915625 0.6187500000000001
0 0.9953125 0.5468750000000002 0.8625 0.5468750000000002 0.8625 0.7781250000000002 0.9953125 0.7781250000000002
0 0.996875 0.2671875000000001 0.8765625 0.2671875000000001 0.8765625 0.5250000000000001 0.996875 0.5250000000000001
0 0.048437500000000036 0.24375 2.985076572921674e-17 0.24375 3.989669650347237e-17 0.4078125 0.04843750000000004 0.4078125
0 0.9953125 6.09453133638175e-17 0 0 5.989288252080025e-17 0.978125 0.9953125 0.978125