0 0.80625 0.859375 0.7343750000000002 0.859375 0.7343750000000002 0.9421875 0.80625 0.9421875
0 0.7343750000000002 0.8546875 0.6546875000000002 0.8546875 0.6546875000000002 0.953125 0.7343750000000002 0.953125
0 0.6156250000000002 0.859375 0.5328125000000001 0.859375 0.5328125000000001 0.9421875 0.6156250000000002 0.9421875
0 0.5546875000000002 0.8078125 0.45312500000000017 0.8078125 0.45312500000000017 0.9015625 0.5546875000000002 0.9015625
0 0.6234375000000002 0.75 0.5546875000000002 0.75 0.5546875000000002 0.8234375 0.6234375000000002 0.8234375
0 0.6843750000000001 0.703125 0.6203125 0.703125 0.6203125 0.7703125 0.6843750000000002 0.7703125
0 0.7453125000000002 0.7562500000000001 0.6656250000000001 0.75625 0.6656250000000001 0.834375 0.7453125000000002 0.834375
0 0.7984375000000001 0.6671875000000002 0.7296875 0.6671875000000002 0.7296875 0.7500000000000002 0.7984375000000001 0.7500000000000002
0 0.8515625 0.7031250000000002 0.76875 0.7031250000000002 0.76875 0.8015625 0.8515625 0.8015625
0 0.9015625 0.7703125000000002 0.809375 0.7703125000000002 0.809375 0.84375 0.9015625 0.84375
0 0.909375 0.6765625000000002 0.8296875 0.6765625000000002 0.8296875 0.7656250000000002 0.909375 0.7656250000000002
0 0.9390625 0.6046875000000002 0.8625 0.6046875000000002 0.8625 0.6828125000000002 0.9390625 0.6828125000000002
0 0.8484375 0.6046875000000002 0.76875 0.6046875000000002 0.76875 0.6671875000000002 0.8484375 0.6671875000000002
0 0.8640625 0.5781250000000002 0.7953125 0.5781250000000002 0.7953125 0.6250000000000002 0.8640625 0.6250000000000002
0 0.946875 0.5421875000000002 0.8703125 0.5421875000000002 0.8703125 0.6093750000000002 0.946875 0.6093750000000002
0 0.9125 0.4890625000000002 0.8171875 0.4890625000000002 0.8171875 0.5578125000000002 0.9125 0.5578125000000002
0 0.859375 0.5265625000000002 0.7796875 0.5265625000000002 0.7796875 0.5781250000000002 0.859375 0.5781250000000002
0 0.775 0.5421875 0.684375 0.5421875 0.684375 0.6046875 0.775 0.6046875000000002
0 0.7234375 0.578125 0.64375 0.578125 0.64375 0.640625 0.7234375 0.640625
0 0.75 0.6250000000000001 0.678125 0.625 0.678125 0.6875000000000001 0.75 0.6875000000000002
0 0.6546875 0.6203125 0.5703125 0.6203125 0.5703125 0.6875 0.6546875 0.6875
0 0.6203125 0.6828125 0.540625 0.6828125 0.5406250000000001 0.7453125 0.6203125000000002 0.7453125
0 0.5593750000000001 0.71875 0.4640625 0.71875 0.4640625000000001 0.7859375 0.5593750000000002 0.7859375
0 0.5828125 0.625 0.4875 0.625 0.4875 0.6875 0.5828125 0.6875
0 0.5890625 0.5734375 0.5171875 0.5734375 0.5171875 0.6296875 0.5890625 0.6296875
0 0.6546875 0.578125 0.5859375 0.578125 0.5859375 0.6359375 0.6546875 0.6359375
0 0.684375 0.5203125 0.628125 0.5203125 0.628125 0.5734375 0.684375 0.5734375
0 0.7296875 0.4843750000000001 0.6734375 0.484375 0.6734375 0.5421875 0.7296875 0.5421875000000002
0 0.7765625 0.5156250000000002 0.73125 0.5156250000000002 0.73125 0.5421875000000002 0.7765625 0.5421875000000002
0 0.7640625 0.4531250000000001 0.721875 0.453125 0.721875 0.48906250000000007 0.7640625 0.4890625000000002
0 0.809375 0.46406250000000016 0.7609375 0.46406250000000016 0.7609375 0.5156250000000002 0.809375 0.5156250000000002
0 0.840625 0.43750000000000017 0.7875 0.43750000000000017 0.7875 0.48437500000000017 0.840625 0.48437500000000017
0 0.8859375 0.41718750000000016 0.828125 0.41718750000000016 0.828125 0.4578125000000002 0.8859375 0.4578125000000002
0 0.909375 0.4593750000000002 0.84375 0.4593750000000002 0.84375 0.5062500000000002 0.909375 0.5062500000000002
0 0.9390625 0.3859375000000001 0.8671875 0.3859375000000001 0.8671875 0.4421875000000002 0.9390625 0.4421875000000002
0 0.9921875 0.3750000000000001 0.9390625 0.3750000000000001 0.9390625 0.4265625000000002 0.9921875 0.4265625000000002
0 0.996875 0.4109375000000002 0.9546875 0.4109375000000002 0.9546875 0.48437500000000017 0.996875 0.48437500000000017
0 0.9578125 0.34843750000000007 0.9015625 0.34843750000000007 0.9015625 0.3906250000000001 0.9578125 0.3906250000000001
0 0.6171875 0.5109375 0.55625 0.5109375 0.55625 0.5671875 0.6171875 0.5671875
0 0.5515625 0.53125 0.475 0.53125 0.475 0.59375 0.5515625 0.59375
0 0.559375 0.4796875 0.490625 0.4796875 0.490625 0.53125 0.559375 0.53125
0 0.6921875 0.4375 0.6078125 0.4375 0.6078125 0.4953125 0.6921875 0.4953125
0 0.7234375 0.3750000000000001 0.6546875 0.3750000000000001 0.6546875 0.4578125 0.7234375 0.4578125
0 0.7765625 0.41093750000000007 0.715625 0.4109375 0.715625 0.4687500000000001 0.7765625 0.46875000000000017
0 0.803125 0.3546875000000001 0.734375 0.3546875000000001 0.734375 0.42187500000000017 0.803125 0.42187500000000017
0 0.8375 0.3343750000000001 0.784375 0.3343750000000001 0.784375 0.3812500000000001 0.8375 0.3812500000000001
0 0.8515625 0.3546875000000001 0.80625 0.3546875000000001 0.80625 0.4109375000000002 0.8515625 0.4109375000000002
0 0.875 0.3125000000000001 0.8171875 0.3125000000000001 0.8171875 0.36406250000000007 0.875 0.36406250000000007
0 0.9046875 0.34843750000000007 0.85625 0.34843750000000007 0.85625 0.3906250000000001 0.9046875 0.3906250000000001
0 0.94375 0.2656250000000001 0.878125 0.2656250000000001 0.878125 0.3234375000000001 0.94375 0.3234375000000001
0 0.9921875 0.2500000000000001 0.93125 0.2500000000000001 0.93125 0.3078125000000001 0.9921875 0.3078125000000001
0 0.6546875 0.3750000000000001 0.6015625 0.3750000000000001 0.6015625 0.4265625 0.6546875 0.4265625
0 0.6125 0.3437500000000001 0.5546875 0.3437500000000001 0.5546875 0.40625 0.6125 0.40625
0 0.646875 0.30156250000000007 0.5890625 0.30156250000000007 0.5890625 0.3546875000000001 0.646875 0.3546875000000001
0 0.684375 0.3125000000000001 0.646875 0.3125000000000001 0.646875 0.36406250000000007 0.684375 0.36406250000000007
0 0.7375 0.2812500000000001 0.684375 0.2812500000000001 0.684375 0.3281250000000001 0.7375 0.3281250000000001
0 0.7796875 0.3187500000000001 0.7265625 0.3187500000000001 0.7265625 0.3656250000000001 0.7796875 0.3656250000000001
0 0.821875 0.2921875000000001 0.771875 0.2921875000000001 0.771875 0.33281250000000007 0.821875 0.33281250000000007
0 0.8328125 0.23437500000000008 0.7609375 0.23437500000000008 0.7609375 0.2921875000000001 0.8328125 0.2921875000000001
0 0.878125 0.2453125000000001 0.8359375 0.2453125000000001 0.8359375 0.2968750000000001 0.878125 0.2968750000000001
0 0.93125 0.2296875000000001 0.878125 0.2296875000000001 0.878125 0.2656250000000001 0.93125 0.2656250000000001
0 0.98125 0.21875000000000008 0.93125 0.21875000000000008 0.93125 0.2609375000000001 0.98125 0.2609375000000001
0 0.9171875 0.19218750000000012 0.8828125 0.1921875000000001 0.8828125 0.23437500000000008 0.9171875 0.23437500000000008
0 0.9546875 0.18750000000000014 0.915625 0.18750000000000014 0.915625 0.21875000000000008 0.9546875 0.21875000000000008
0 0.996875 0.15625000000000014 0.9546875 0.15625000000000014 0.9546875 0.21875000000000008 0.996875 0.21875000000000008
0 0.9578125 0.16250000000000014 0.909375 0.16250000000000014 0.909375 0.19375000000000014 0.9578125 0.19375000000000014
0 0.98125 0.11406250000000014 0.9234375 0.11406250000000014 0.9234375 0.15625000000000014 0.98125 0.15625000000000014
0 0.9703125 0.06718750000000011 0.9046875 0.06718750000000011 0.9046875 0.12031250000000011 0.9703125 0.12031250000000013
0 0.878125 0.1781250000000001 0.8171875 0.1781250000000001 0.8171875 0.2406250000000001 0.878125 0.2406250000000001
0 0.821875 0.2078125000000001 0.7640625 0.2078125000000001 0.7640625 0.23437500000000008 0.821875 0.23437500000000008
0 0.825 0.17187500000000008 0.7953125 0.17187500000000008 0.7953125 0.2140625000000001 0.825 0.2140625000000001
0 0.825 0.1515625000000001 0.790625 0.1515625000000001 0.790625 0.1765625000000001 0.825 0.1765625000000001
0 0.8515625 0.10468750000000009 0.80625 0.10468750000000009 0.80625 0.1609375000000001 0.8515625 0.1609375000000001
0 0.88125 0.1312500000000001 0.8328125 0.1312500000000001 0.8328125 0.1781250000000001 0.88125 0.1781250000000001
0 0.9125 0.09375000000000011 0.8515625 0.09375000000000011 0.8515625 0.1359375000000001 0.9125 0.13593750000000013
0 0.8703125 0.0625000000000001 0.80625 0.06250000000000008 0.80625 0.10468750000000009 0.8703125 0.10468750000000009
0 0.8515625 0.0421875000000001 0.790625 0.0421875000000001 0.790625 0.0781250000000001 0.8515625 0.07812500000000011
0 0.984375 1.1844630760503306e-16 0.95 1.1634144591899854e-16 0.95 0.035937500000000115 0.984375 0.03593750000000012
0 0.803125 9.557985565220359e-17 0.7578125 9.280526524788537e-17 0.7578125 0.0468750000000001 0.803125 0.0468750000000001
0 0.790625 0.08437500000000009 0.75625 0.08437500000000009 0.75625 0.1312500000000001 0.790625 0.1312500000000001
0 0.775 0.06250000000000008 0.7109375 0.06250000000000008 0.7109375 0.1296875000000001 0.775 0.1296875000000001
0 0.7 0.06718750000000008 0.63125 0.06718750000000007 0.63125 0.10937500000000008 0.7 0.10937500000000008
0 0.6734375 0.046875000000000076 0.615625 0.046875000000000076 0.615625 0.08906250000000007 0.6734375 0.08906250000000009
0 0.665625 0.010937500000000077 0.6078125 0.010937500000000076 0.6078125 0.06250000000000008 0.665625 0.06250000000000008
0 0.6203125 0.03125000000000007 0.5703125 0.03125000000000007 0.5703125 0.07812500000000007 0.6203125 0.07812500000000007
0 0.559375 6.525071226706992e-17 0.50625 6.199774420683476e-17 0.50625 0.015625000000000062 0.559375 0.015625000000000066
0 0.55625 0.015625000000000062 0.503125 0.015625000000000062 0.503125 0.042187500000000065 0.55625 0.042187500000000065
0 0.559375 0.026562500000000065 0.50625 0.026562500000000065 0.50625 0.06718750000000007 0.559375 0.06718750000000007
0 0.665625 0.20312500000000008 0.6125 0.20312500000000008 0.6125 0.2453125000000001 0.665625 0.2453125000000001
0 0.68125 0.23437500000000008 0.615625 0.23437500000000008 0.615625 0.30156250000000007 0.68125 0.30156250000000007
0 0.715625 0.21875000000000008 0.6765625 0.21875000000000008 0.6765625 0.28593750000000007 0.715625 0.28593750000000007
0 0.7609375 0.2500000000000001 0.715625 0.2500000000000001 0.715625 0.3125000000000001 0.7609375 0.3125000000000001
0 0.7671875 0.20312500000000008 0.71875 0.20312500000000008 0.71875 0.2609375000000001 0.7671875 0.2609375000000001
0 0.7765625 0.1828125000000001 0.734375 0.1828125000000001 0.734375 0.21875000000000008 0.7765625 0.21875000000000008
0 0.7609375 0.1515625000000001 0.7 0.1515625000000001 0.7 0.1921875000000001 0.7609375 0.1921875000000001
0 0.7953125 0.1312500000000001 0.7421875 0.1312500000000001 0.7421875 0.1781250000000001 0.7953125 0.1781250000000001
0 0.734375 0.10468750000000009 0.68125 0.10468750000000009 0.68125 0.1453125000000001 0.734375 0.1453125000000001
0 0.6921875 0.11562500000000009 0.6390625 0.11562500000000009 0.6390625 0.1781250000000001 0.6921875 0.1781250000000001
0 0.6890625 0.1609375000000001 0.6203125 0.1609375000000001 0.6203125 0.18750000000000008 0.6890625 0.18750000000000008
0 0.6203125 0.09843750000000007 0.5515625 0.09843750000000007 0.5515625 0.17187500000000008 0.6203125 0.17187500000000008
0 0.6625 0.07343750000000007 0.590625 0.07343750000000007 0.590625 0.1140625000000001 0.6625 0.1140625000000001
0 0.59375 0.05156250000000007 0.521875 0.05156250000000007 0.521875 0.09375000000000007 0.59375 0.09375000000000007
0 0.5515625 0.08281250000000007 0.4796875 0.08281250000000007 0.4796875 0.10937500000000007 0.5515625 0.10937500000000008
0 0.5390625 0.11406250000000004 0.4640625 0.11406250000000004 0.4640625 0.16718750000000004 0.5390625 0.16718750000000004
0 0.540625 0.15625000000000006 0.475 0.15625000000000006 0.475 0.2140625000000001 0.540625 0.2140625000000001
0 0.615625 0.18281250000000007 0.54375 0.18281250000000004 0.54375 0.2234375000000001 0.615625 0.2234375000000001
0 0.575 0.2234375000000001 0.50625 0.2234375000000001 0.50625 0.2812500000000001 0.575 0.2812500000000001
0 0.5859375 0.2078125000000001 0.540625 0.2078125000000001 0.540625 0.2500000000000001 0.5859375 0.2500000000000001
0 0.64375 0.2609375000000001 0.575 0.2609375000000001 0.575 0.3078125000000001 0.64375 0.3078125000000001
0 0.6125 0.2812500000000001 0.525 0.2812500000000001 0.525 0.33281250000000007 0.6125 0.33281250000000007
0 0.5890625 0.3234375000000001 0.50625 0.3234375000000001 0.50625 0.3703125000000001 0.5890625 0.3703125000000001
0 0.5671875 0.3703125000000001 0.509375 0.3703125000000001 0.509375 0.4265625 0.5671875 0.4265625
0 0.4984375 0.39531250000000007 0.421875 0.39531250000000007 0.421875 0.4640625 0.4984375 0.4640625
0 0.5140625 0.3546875000000001 0.453125 0.3546875000000001 0.453125 0.4171875 0.5140625 0.4171875
0 0.5015625 0.3078125000000001 0.4484375 0.3078125000000001 0.4484375 0.3546875000000001 0.5015625 0.3546875000000001
0 0.5171875 0.2562500000000001 0.453125 0.2562500000000001 0.453125 0.3031250000000001 0.5171875 0.3031250000000001
0 0.5140625 0.2250000000000001 0.4453125 0.2250000000000001 0.4453125 0.2718750000000001 0.5140625 0.2718750000000001
0 0.4953125 0.19843750000000004 0.4265625 0.19843750000000004 0.4265625 0.23437500000000008 0.4953125 0.23437500000000008
0 0.4796875 0.16718750000000004 0.41875 0.16718750000000004 0.41875 0.2078125000000001 0.4796875 0.2078125000000001
0 0.4640625 0.12968750000000004 0.4109375 0.12968750000000004 0.4109375 0.17187500000000006 0.4640625 0.17187500000000006
0 0.471875 0.08906250000000006 0.4140625 0.08906250000000004 0.4140625 0.14062500000000006 0.471875 0.14062500000000006
0 0.41875 0.08281250000000004 0.365625 0.08281250000000004 0.365625 0.14062500000000006 0.41875 0.14062500000000006
0 0.4687500000000001 0.7078125 0.3890625000000001 0.7078125 0.3890625000000001 0.78125 0.46875000000000017 0.78125
0 0.4859375 0.6515625 0.403125 0.6515625 0.403125 0.7140625 0.4859375 0.7140625
0 0.45625 0.5625 0.3921875000000001 0.5625 0.3921875000000001 0.6359375 0.45625 0.6359375
0 0.45625 0.4890625 0.3921875000000001 0.4890625 0.3921875000000001 0.5578125 0.45625 0.5578125
0 0.4484375 0.4375 0.3687500000000001 0.4375 0.3687500000000001 0.484375 0.4484375 0.484375
0 0.41875 0.39531250000000007 0.3531250000000001 0.3953125 0.3531250000000001 0.4484375 0.41875 0.4484375
0 0.45625 0.3281250000000001 0.3875 0.3281250000000001 0.38750000000000007 0.39531250000000007 0.45625 0.39531250000000007
0 0.3468750000000001 0.7609375 0.2671875000000001 0.7609375 0.2671875000000001 0.8484375 0.3468750000000001 0.8484375
0 0.4000000000000001 0.725 0.3203125000000001 0.725 0.3203125000000001 0.803125 0.4000000000000002 0.803125
0 0.3203125000000001 0.6921875 0.2406250000000001 0.6921875 0.2406250000000001 0.78125 0.3203125000000001 0.78125
0 0.40312500000000007 0.65625 0.3109375000000001 0.65625 0.3109375000000001 0.7390625 0.4031250000000002 0.7390625
0 0.3234375000000001 0.625 0.25468750000000007 0.625 0.25468750000000007 0.703125 0.3234375000000001 0.703125
0 0.38750000000000007 0.6046875 0.3125000000000001 0.6046875 0.3125000000000001 0.65625 0.38750000000000007 0.65625
0 0.3125000000000001 0.5734375 0.22031250000000008 0.5734375 0.22031250000000008 0.65625 0.3125000000000001 0.65625
0 0.3843750000000001 0.53125 0.2968750000000001 0.53125 0.2968750000000001 0.6140625 0.3843750000000001 0.6140625
0 0.3234375000000001 0.5 0.2312500000000001 0.5 0.2312500000000001 0.5734375 0.3234375000000001 0.5734375
0 0.3921875000000001 0.4640625 0.3156250000000001 0.4640625 0.3156250000000001 0.53125 0.3921875000000001 0.53125
0 0.3500000000000001 0.421875 0.25468750000000007 0.421875 0.25468750000000007 0.5203125 0.3500000000000001 0.5203125
0 0.22812500000000008 0.6828125 0.1437500000000001 0.6828125 0.1437500000000001 0.7703125 0.22812500000000008 0.7703125
0 0.26250000000000007 0.7390625 0.1859375000000001 0.7390625 0.1859375000000001 0.8078125 0.26250000000000007 0.8078125
0 0.16406250000000008 0.6921875 0.10312500000000009 0.6921875 0.10312500000000009 0.78125 0.16406250000000008 0.78125
0 0.1218750000000001 0.6671875 0.04218750000000008 0.6671875 0.042187500000000086 0.7453125 0.1218750000000001 0.7453125
0 0.1515625000000001 0.5984375 0.06875000000000006 0.5984375 0.06875000000000007 0.6875 0.1515625000000001 0.6875
0 0.23593750000000008 0.5984375 0.1515625000000001 0.5984375 0.1515625000000001 0.6671875 0.23593750000000008 0.6671875
0 0.2093750000000001 0.5421875 0.14375000000000004 0.5421875 0.14375000000000007 0.5984375 0.2093750000000001 0.5984375
0 0.13750000000000007 0.5359375 0.06093750000000007 0.5359375 0.06093750000000007 0.6046875 0.1375000000000001 0.6046875
0 0.07656250000000006 0.5265625 6.448530801760282e-17 0.5265625 6.926908457677216e-17 0.6046875 0.07656250000000006 0.6046875
0 0.06875000000000006 0.4734375 0.010937500000000058 0.4734375 0.010937500000000062 0.5421875 0.06875000000000006 0.5421875
0 0.03437500000000006 0.4421875 5.415235064979703e-17 0.4421875 5.931882933369991e-17 0.5265625 0.034375000000000065 0.5265625
0 0.10625000000000004 0.4109375 0.01562500000000005 0.4109375 0.015625000000000056 0.5 0.10625000000000004 0.5
0 0.16718750000000004 0.4578125 0.10312500000000005 0.4578125 0.10312500000000005 0.515625 0.16718750000000004 0.515625
0 0.2015625000000001 0.4953125 0.12500000000000006 0.4953125 0.12500000000000006 0.546875 0.2015625000000001 0.546875
0 0.01875000000000005 0.365625 4.4776148593825096e-17 0.365625 4.955992515299445e-17 0.44375 0.018750000000000055 0.44375
0 0.08750000000000005 0.3703125 0.018750000000000044 0.3703125 0.018750000000000048 0.4265625 0.08750000000000005 0.4265625
0 0.16718750000000004 0.3796875 0.09062500000000004 0.3796875 0.09062500000000004 0.421875 0.16718750000000004 0.421875
0 0.19843750000000004 0.4125 0.11875000000000005 0.4125 0.11875000000000005 0.475 0.19843750000000004 0.475
0 0.25468750000000007 0.4640625 0.19375000000000003 0.4640625 0.19375000000000003 0.5203125 0.25468750000000007 0.5203125
0 0.2750000000000001 0.40625 0.2062500000000001 0.40625 0.2062500000000001 0.4578125 0.2750000000000001 0.4578125
0 0.27343750000000006 0.3546875 0.209375 0.3546875 0.20937500000000003 0.4015625 0.2734375000000001 0.4015625
0 0.3609375000000001 0.3703125 0.2812500000000001 0.3703125 0.2812500000000001 0.4328125 0.3609375000000001 0.4328125
0 0.2093750000000001 0.3703125 0.14843750000000006 0.3703125 0.14843750000000006 0.4171875 0.2093750000000001 0.4171875
0 0.14062500000000006 0.3328125 0.07656250000000005 0.3328125 0.07656250000000005 0.3859375 0.14062500000000006 0.3859375
0 0.19062500000000004 0.3078125 0.12187500000000004 0.3078125 0.12187500000000004 0.390625 0.19062500000000004 0.390625
0 0.2171875 0.2765625 0.15156250000000004 0.2765625 0.15156250000000004 0.3390625 0.2171875 0.3390625
0 0.2703125 0.3015625 0.209375 0.3015625 0.209375 0.3546875 0.2703125 0.3546875
0 0.31875 0.271875 0.24375 0.271875 0.24375 0.35 0.31875 0.35
0 0.3609375 0.3015625 0.296875 0.3015625 0.29687500000000006 0.3703125 0.3609375000000001 0.3703125
0 0.4 0.34375000000000006 0.3421875 0.34375 0.34218750000000003 0.38593750000000004 0.4 0.3859375000000001
0 0.4375 0.2875000000000001 0.371875 0.2875000000000001 0.371875 0.3343750000000001 0.4375 0.3343750000000001
0 0.4484375 0.2609375000000001 0.4 0.2609375000000001 0.4 0.3125000000000001 0.4484375 0.3125000000000001
0 0.403125 0.22968750000000004 0.35 0.2296875 0.35 0.27656250000000004 0.403125 0.2765625000000001
0 0.3578125 0.2140625 0.3046875 0.2140625 0.3046875 0.2546875 0.3578125 0.2546875
0 0.12187500000000004 0.2609375 0.04531250000000003 0.2609375 0.04531250000000004 0.328125 0.12187500000000004 0.328125
0 0.17968750000000006 0.25 0.11875000000000005 0.25 0.11875000000000005 0.2921875 0.17968750000000006 0.2921875
0 0.2390625 0.234375 0.19062500000000004 0.234375 0.19062500000000004 0.28125 0.2390625 0.28125
0 0.2703125 0.2296875 0.2390625 0.2296875 0.2390625 0.265625 0.2703125 0.265625
0 0.09531250000000002 0.203125 0.042187500000000024 0.203125 0.04218750000000003 0.2609375 0.09531250000000002 0.2609375
0 0.16406250000000006 0.21875 0.09531250000000002 0.21875 0.09531250000000002 0.2609375 0.16406250000000006 0.2609375
0 0.19375000000000003 0.18750000000000003 0.11875000000000005 0.1875 0.11875000000000005 0.2296875 0.19375000000000003 0.2296875
0 0.228125 0.16718750000000004 0.1828125 0.16718750000000004 0.18281250000000002 0.2234375 0.228125 0.2234375
0 0.278125 0.18750000000000006 0.225 0.18750000000000006 0.225 0.2390625 0.278125 0.2390625
0 0.3046875 0.15625000000000006 0.2359375 0.15625000000000006 0.2359375 0.2234375 0.3046875 0.2234375
0 0.3421875 0.14531250000000004 0.2859375 0.14531250000000004 0.2859375 0.19843750000000004 0.3421875 0.19843750000000004
0 0.2546875 0.12031250000000004 0.1984375 0.12031250000000004 0.1984375 0.16093750000000004 0.2546875 0.16093750000000004
0 0.3046875 0.10468750000000004 0.2625 0.10468750000000004 0.2625 0.16093750000000004 0.3046875 0.16093750000000004
0 0.3125 0.08281250000000004 0.2859375 0.08281250000000004 0.2859375 0.13593750000000004 0.3125 0.13593750000000004
0 0.24375 0.06250000000000003 0.190625 0.06250000000000003 0.190625 0.12968750000000004 0.24375 0.12968750000000004
0 0.28125 0.046875000000000035 0.2359375 0.046875000000000035 0.2359375 0.11406250000000004 0.28125 0.11406250000000004
0 0.3734375 0.09375000000000004 0.328125 0.09375000000000004 0.328125 0.14062500000000006 0.3734375 0.14062500000000006
0 0.3953125 0.006250000000000045 0.33125 0.006250000000000042 0.33125 0.05312500000000005 0.3953125 0.05312500000000005
0 0.3953125 0.035937500000000046 0.33125 0.035937500000000046 0.33125 0.07343750000000004 0.3953125 0.07343750000000004
0 0.3375 3.8365888004538175e-17 0.2890625 3.539994653785318e-17 0.2890625 0.03593750000000004 0.3375 0.035937500000000046
0 0.3921875 4.659398368630945e-17 0.36875 4.5158850718558645e-17 0.36875 0.010937500000000046 0.3921875 0.010937500000000048
0 0.4171875 4.831614324761042e-17 0.371875 4.55415528432922e-17 0.371875 0.020312500000000046 0.4171875 0.02031250000000005