0 0.9328125 0.2093750000000001 0.7203125 0.2093750000000001 0.7203125 0.6734375000000001 0.9328125 0.6734375000000001
0 0.9234375 0.7562500000000002 0.7906250000000001 0.7562500000000002 0.7906250000000001 0.934375 0.9234375 0.934375
0 0.6062500000000001 0.684375 0.49375 0.684375 0.4937500000000001 0.875 0.6062500000000002 0.875
0 0.41718750000000016 0.76875 0.3937500000000001 0.76875 0.3937500000000001 0.834375 0.41718750000000016 0.834375
0 0.45312500000000017 0.75625 0.4203125000000002 0.75625 0.4203125000000002 0.821875 0.45312500000000017 0.821875
0 0.47968750000000016 0.75 0.45312500000000017 0.75 0.45312500000000017 0.809375 0.47968750000000016 0.809375
0 0.4640625000000001 0.7203125 0.4296875 0.7203125 0.4296875000000001 0.7625 0.46406250000000016 0.7625
0 0.4328125000000001 0.7140625 0.4 0.7140625 0.4000000000000001 0.7625 0.43281250000000016 0.7625
0 0.3906250000000001 0.7796875 0.3703125000000001 0.7796875 0.3703125000000001 0.809375 0.3906250000000001 0.809375
0 0.3828125000000001 0.809375 0.3703125000000001 0.809375 0.3703125000000001 0.8453125 0.3828125000000001 0.8453125
0 0.3968750000000001 0.809375 0.3828125000000001 0.809375 0.3828125000000001 0.8578125 0.3968750000000001 0.8578125
0 0.3765625000000001 0.815625 0.34062500000000007 0.815625 0.34062500000000007 0.85625 0.3765625000000001 0.85625
0 0.3734375000000001 0.8515625 0.3437500000000001 0.8515625 0.3437500000000001 0.9171875 0.3734375000000001 0.9171875
0 0.4031250000000002 0.86875 0.3734375000000001 0.86875 0.3734375000000001 0.934375 0.4031250000000002 0.934375
0 0.43281250000000016 0.8875 0.3968750000000001 0.8875 0.3968750000000001 0.953125 0.43281250000000016 0.953125
0 0.46093750000000017 0.8625 0.4312500000000002 0.8625 0.4312500000000002 0.9171875 0.46093750000000017 0.9171875
0 0.4265625000000002 0.821875 0.3968750000000001 0.821875 0.3968750000000001 0.88125 0.4265625000000002 0.88125
0 0.45312500000000017 0.809375 0.4265625000000002 0.809375 0.4265625000000002 0.8515625 0.45312500000000017 0.8515625
0 0.48437500000000017 0.8046875 0.4578125000000002 0.8046875 0.4578125000000002 0.8640625 0.48437500000000017 0.8640625
0 0.7937500000000001 0.7031250000000001 0.6359375 0.703125 0.6359375 0.99375 0.7937500000000002 0.99375
0 0.7406250000000002 0.8390625 0.5703125000000002 0.8390625 0.5703125000000002 0.99375 0.7406250000000002 0.99375
0 0.7 0.4046875 0.640625 0.4046875 0.640625 0.578125 0.7 0.578125
0 0.6640625 0.434375 0.59375 0.434375 0.59375 0.51875 0.6640625 0.51875
0 0.609375 0.4828125 0.5265625 0.4828125 0.5265625 0.5484375 0.609375 0.5484375
0 0.5671875 0.20312500000000008 0.44375 0.20312500000000008 0.44375 0.5 0.5671875 0.5
0 0.7640625 0.1312500000000001 0.5609375 0.1312500000000001 0.5609375 0.4765625000000001 0.7640625 0.47656250000000017
0 0.95 0.1421875000000001 0.7640625 0.14218750000000008 0.7640625 0.4109375000000002 0.95 0.4109375000000002
0 0.990625 1.1002686086089502e-16 0.80625 9.873714818125535e-17 0.80625 0.2500000000000001 0.990625 0.2500000000000001
0 0.8109375 8.830851528226616e-17 0.63125 7.730582919617668e-17 0.63125 0.2500000000000001 0.8109375 0.2500000000000001
0 0.7375 0.5593750000000001 0.3609375000000001 0.559375 0.3609375000000001 0.7921875 0.7375000000000002 0.7921875000000002
0 0.440625 0.446875 0.3734375000000001 0.446875 0.3734375000000001 0.6078125 0.440625 0.6078125
0 0.3765625000000001 0.39843750000000006 0.3140625000000001 0.3984375 0.3140625000000001 0.6015625 0.3765625000000001 0.6015625
0 0.34062500000000007 0.7328125 8.974364825001696e-17 0.7328125 1.0572146195764259e-16 0.99375 0.34062500000000007 0.99375
0 0.3531250000000001 0.6078125 7.443556326067507e-17 0.6078125 9.26139141855186e-17 0.9046875 0.3531250000000001 0.9046875
0 0.3031250000000001 0.4640625 5.683126552293186e-17 0.4640625 7.175664838754022e-17 0.7078125 0.3031250000000001 0.7078125
0 0.23593750000000008 0.36875 4.5158850718558645e-17 0.36875 5.683126552293186e-17 0.559375 0.23593750000000008 0.559375
0 0.409375 2.5066989170047385e-17 0 0 2.037888814206143e-17 0.33281250000000007 0.409375 0.33281250000000007
0 0.4359375 0.25000000000000006 3.061616997868383e-17 0.25 4.410641987554139e-17 0.4703125 0.4359375 0.4703125
0 0.653125 6.104098889500088e-17 0.34375 4.209723372069027e-17 0.34375 0.23281250000000003 0.653125 0.2328125000000001