0 0.9703125 0.004687500000000061 0.0265625 0.004687500000000002 0.026562500000000055 0.8890625 0.9703125 0.8890625
0 0.9671875 0.3390625000000001 0.478125 0.3390625000000001 0.4781250000000001 0.884375 0.9671875 0.884375
0 0.8953125 0.17500000000000007 0.35 0.17500000000000004 0.35000000000000003 0.7625000000000001 0.8953125 0.7625000000000002
0 0.759375 0.08437500000000006 0.1875 0.08437500000000002 0.18750000000000006 0.6937500000000001 0.759375 0.6937500000000002
0 0.6515625 4.410641987554139e-17 0.06875 8.419446744138053e-18 0.06875000000000003 0.5296875 0.6515625 0.5296875
0 0.5453125 3.4538866757202695e-17 0.01875 2.296212748401287e-18 0.018750000000000027 0.45 0.5453125 0.45
1 0.08281250000000008 0.45 5.5109105961630896e-17 0.45 8.429014297256392e-17 0.9265625 0.08281250000000011 0.9265625
1 0.2218750000000001 0.51875 0.08281250000000007 0.51875 0.0828125000000001 0.925 0.2218750000000001 0.925
1 0.3468750000000001 0.6671875 0.22656250000000008 0.6671875 0.22656250000000008 0.93125 0.3468750000000001 0.93125
1 0.4015625000000001 0.6828125 0.3500000000000001 0.6828125 0.3500000000000001 0.9265625 0.40156250000000016 0.9265625
1 0.5031250000000002 0.7625 0.40625000000000017 0.7625 0.40625000000000017 0.93125 0.5031250000000002 0.93125
1 0.5296875000000002 0.8203125 0.5078125000000002 0.8203125 0.5078125000000002 0.925 0.5296875000000002 0.925
1 0.996875 0.878125 0.5421875000000002 0.878125 0.5421875000000002 0.9265625 0.996875 0.9265625
1 0.996875 0.6718750000000002 0.8015625 0.6718750000000002 0.8015625 0.878125 0.996875 0.878125
1 0.8015625 0.8046875 0.7375000000000002 0.8046875 0.7375000000000002 0.878125 0.8015625 0.878125
1 0.8015625 0.7562500000000002 0.7640625000000002 0.7562500000000002 0.7640625000000002 0.8046875 0.8015625 0.8046875
1 0.7375000000000002 0.8515625 0.6921875000000002 0.8515625 0.6921875000000002 0.878125 0.7375000000000002 0.878125
1 0.7375000000000002 0.825 0.7187500000000002 0.825 0.7187500000000002 0.8515625 0.7375000000000002 0.8515625
1 0.6921875000000002 0.8671875 0.6812500000000001 0.8671875 0.6812500000000001 0.878125 0.6921875000000002 0.878125
1 0.7671875000000001 0.7890625000000002 0.7484375000000002 0.7890625000000002 0.7484375000000002 0.809375 0.7671875000000001 0.809375
1 0.8015625 0.7359375000000001 0.7781250000000002 0.7359375000000001 0.7781250000000002 0.7562500000000002 0.8015625 0.7562500000000002
1 0.996875 0.5875000000000001 0.9328125 0.5875000000000001 0.9328125 0.6718750000000002 0.996875 0.6718750000000002
1 0.9953125 1.2055116929106758e-16 0.9734375 1.1921171185450017e-16 0.9734375 0.5812500000000002 0.9953125 0.5812500000000002
1 0.996875 1.0734794598776019e-16 0.75625 9.26139141855186e-17 0.75625 0.15312500000000012 0.996875 0.15312500000000012
1 0.996875 0.1593750000000001 0.8984375 0.1593750000000001 0.8984375 0.3390625000000001 0.996875 0.3390625000000001
1 0.75625 8.543824934676456e-17 0.6390625 7.826258450801054e-17 0.6390625 0.07968750000000009 0.75625 0.07968750000000009
1 0.3640625 2.2292398765729163e-17 0 0 4.496749965619189e-18 0.07343750000000002 0.3640625 0.07343750000000004
1 0.018750000000000034 0.06875 8.419446744138053e-18 0.06875 3.138157422815093e-17 0.44375 0.018750000000000055 0.44375
1 0.14687500000000003 0.07968750000000001 0.021875000000000012 0.0796875 0.02187500000000002 0.2171875 0.14687500000000003 0.2171875
1 0.2671875 0.07968750000000002 0.15 0.07968750000000002 0.15 0.153125 0.2671875 0.15312500000000004
1 0.3078125 0.07500000000000004 0.2671875 0.07500000000000002 0.2671875 0.11093750000000005 0.3078125 0.11093750000000005
1 0.1921875 0.15781250000000002 0.146875 0.1578125 0.14687500000000003 0.19062500000000002 0.19218750000000004 0.19062500000000004
1 0.07500000000000002 0.2171875 0.023437500000000028 0.2171875 0.02343750000000003 0.2703125 0.07500000000000002 0.2703125