0 0.996875 0.9 0.815625 0.9 0.815625 0.9953125 0.996875 0.9953125
0 0.996875 0.7093750000000002 0.8328125 0.7093750000000002 0.8328125 0.9671875 0.996875 0.9671875
0 0.8828125 0.2968750000000001 0.609375 0.2968750000000001 0.6093750000000001 0.9953125 0.8828125 0.9953125
0 0.996875 0.4359375000000002 0.86875 0.4359375000000002 0.86875 0.7593750000000001 0.996875 0.7593750000000001
0 0.95 0.1562500000000001 0.73125 0.15625000000000008 0.73125 0.6203125000000002 0.95 0.6203125000000002
0 0.996875 1.1385388210823048e-16 0.8625 1.0562578642645922e-16 0.8625 0.42500000000000016 0.996875 0.42500000000000016
0 0.9640625 9.940687689953906e-17 0.659375 8.075014831877861e-17 0.659375 0.1515625000000001 0.9640625 0.15156250000000013
0 0.759375 8.51512227532144e-17 0.63125 7.730582919617668e-17 0.63125 0.13437500000000008 0.759375 0.13437500000000008
0 0.765625 7.663610047789297e-17 0.4859375 5.95101803960667e-17 0.4859375 0.6312500000000001 0.765625 0.6312500000000002
0 0.625 5.128208471429541e-17 0.2125 2.6023744481881253e-17 0.21250000000000005 0.6984375 0.625 0.6984375
0 0.6453125000000001 0.503125 0.2093750000000001 0.503125 0.2093750000000001 0.99375 0.6453125000000002 0.99375
0 0.6734375000000001 0.6203125 0.2796875000000001 0.6203125 0.2796875000000001 0.99375 0.6734375000000001 0.99375
0 0.2687500000000001 0.3953125 4.8411818778793805e-17 0.3953125 8.505554722203101e-17 0.99375 0.2687500000000001 0.99375
0 0.2234375 1.3681600959224337e-17 0 0 1.8082675393660138e-17 0.2953125 0.2234375 0.2953125
0 0.290625 0.039062500000000014 4.783776559169349e-18 0.0390625 2.975509019803335e-17 0.446875 0.2906250000000001 0.446875
0 0.21718750000000003 0.31875 0.07500000000000004 0.31875 0.07500000000000005 0.5421875 0.2171875000000001 0.5421875