0 0.996875 0.6453125000000002 0.878125 0.6453125000000002 0.878125 0.95625 0.996875 0.95625
0 0.9375 0.4750000000000002 0.784375 0.4750000000000002 0.784375 0.7781250000000002 0.9375 0.7781250000000002
0 0.996875 0.17656250000000012 0.890625 0.1765625000000001 0.890625 0.4625000000000002 0.996875 0.4625000000000002
0 0.91875 0.2593750000000001 0.7625 0.2593750000000001 0.7625 0.5250000000000001 0.91875 0.5250000000000001
0 0.803125 0.3359375000000001 0.621875 0.3359375000000001 0.621875 0.6703125000000001 0.803125 0.6703125000000002
0 0.771875 0.08281250000000008 0.590625 0.08281250000000007 0.590625 0.4171875000000001 0.771875 0.41718750000000016
0 0.853125 9.395337162208599e-17 0.68125 8.342906319191344e-17 0.68125 0.2656250000000001 0.853125 0.2656250000000001
0 0.61875 0.2906250000000001 0.4375 0.2906250000000001 0.4375 0.6453125 0.61875 0.6453125
0 0.7031250000000001 0.5125 0.540625 0.5125 0.5406250000000001 0.8796875 0.7031250000000002 0.8796875
0 0.821875 0.6890625000000001 0.625 0.6890625 0.6250000000000001 0.99375 0.821875 0.99375
0 0.5437500000000002 0.8609375 0.3843750000000001 0.8609375 0.3843750000000001 0.99375 0.5437500000000002 0.99375
0 0.5562500000000001 0.5890625 0.35625000000000007 0.5890625 0.35625000000000007 0.9296875 0.5562500000000001 0.9296875
0 0.3843750000000001 0.746875 0.18750000000000008 0.746875 0.1875000000000001 0.99375 0.3843750000000001 0.99375
0 0.38750000000000007 0.46875 0.19687500000000005 0.46875 0.19687500000000008 0.784375 0.38750000000000007 0.784375
0 0.446875 0.27187500000000003 0.290625 0.271875 0.290625 0.5890625 0.446875 0.5890625
0 0.28750000000000003 0.215625 0.10625000000000004 0.215625 0.10625000000000007 0.6265625 0.2875000000000001 0.6265625
0 0.4 0.09531250000000004 0.209375 0.09531250000000002 0.20937500000000003 0.37343750000000003 0.4 0.3734375000000001
0 0.509375 5.300424427559639e-17 0.35625 4.362804221962446e-17 0.35625 0.24687500000000004 0.509375 0.2468750000000001
0 0.59375 0.20312500000000008 0.440625 0.20312500000000008 0.440625 0.37968750000000007 0.59375 0.37968750000000007
0 0.6125 0.03125000000000007 0.50625 0.03125000000000007 0.50625 0.2406250000000001 0.6125 0.2406250000000001
0 0.553125 6.391125483050251e-17 0.490625 6.008423358316702e-17 0.490625 0.07031250000000007 0.553125 0.07031250000000007
0 0.36875 3.6739403974420595e-17 0.23125 2.8319957230282545e-17 0.23125 0.11406250000000004 0.36875 0.11406250000000004
0 0.253125 0.006250000000000021 0.08125 0.006250000000000011 0.08125000000000002 0.234375 0.253125 0.234375
0 0.184375 0.10781250000000002 0.01875000000000001 0.1078125 0.01875000000000003 0.4234375 0.18437500000000004 0.4234375