0 0.6078125 0.2062500000000001 0.396875 0.2062500000000001 0.39687500000000003 0.5875 0.6078125 0.5875
0 0.515625 0.4078125 0.3890625000000001 0.4078125 0.3890625000000001 0.70625 0.515625 0.70625
0 0.5234375000000001 0.7015625 0.3281250000000001 0.7015625 0.3281250000000001 0.9296875 0.5234375000000002 0.9296875
0 0.81875 0.5593750000000001 0.5125 0.559375 0.5125000000000001 0.9296875 0.81875 0.9296875
0 0.9125 0.6578125000000001 0.7125 0.6578125 0.7125000000000001 0.815625 0.9125 0.815625
0 0.9390625 0.5328125000000001 0.7390625 0.5328125000000001 0.7390625000000001 0.7437500000000001 0.9390625 0.7437500000000001
0 0.8625 0.3156250000000001 0.646875 0.3156250000000001 0.646875 0.58125 0.8625 0.5812500000000002
0 0.884375 0.2984375000000001 0.7828125 0.2984375000000001 0.7828125 0.5109375000000002 0.884375 0.5109375000000002
0 0.7125 0.17968750000000008 0.553125 0.17968750000000008 0.553125 0.4296875 0.7125 0.4296875
0 0.759375 0.4406250000000001 0.6 0.440625 0.6 0.6687500000000001 0.759375 0.6687500000000002
0 0.6765625000000002 0.809375 0.47968750000000016 0.809375 0.47968750000000016 0.9953125 0.6765625000000002 0.9953125
0 0.5093750000000001 0.896875 0.3156250000000001 0.896875 0.3156250000000001 0.99375 0.5093750000000001 0.99375
0 0.3828125000000001 0.853125 0.2156250000000001 0.853125 0.2156250000000001 0.978125 0.3828125000000001 0.978125
0 0.4140625000000001 0.6296875 0.1312500000000001 0.6296875 0.13125000000000012 0.9078125 0.41406250000000017 0.9078125
0 0.3421875000000001 0.45625 0.057812500000000065 0.45625 0.057812500000000086 0.8640625 0.3421875000000001 0.8640625
0 0.425 0.3375 0.2984375 0.3375 0.2984375 0.5765625 0.425 0.5765625
0 0.46875 0.16250000000000003 0.3171875 0.16250000000000003 0.31718750000000007 0.4078125 0.46875 0.4078125
0 0.30937500000000007 0.2765625 0.18593750000000003 0.2765625 0.18593750000000003 0.4625 0.30937500000000007 0.4625
0 0.2328125000000001 0.440625 0.07968750000000005 0.440625 0.07968750000000005 0.5921875 0.2328125000000001 0.5921875
0 0.2156250000000001 0.5921875 0.04843750000000008 0.5921875 0.048437500000000085 0.7234375 0.2156250000000001 0.7234375