0 0.88125 0.01562500000000009 0.603125 0.015625000000000073 0.603125 0.17343750000000008 0.88125 0.17343750000000008
0 0.7421875 0.10937500000000007 0.428125 0.10937500000000004 0.428125 0.2093750000000001 0.7421875 0.2093750000000001
0 0.9953125 1.1586306826308163e-16 0.896875 1.0983550979852825e-16 0.896875 0.06562500000000011 0.9953125 0.06562500000000011
0 0.9953125 0.07343750000000011 0.9125 0.07343750000000011 0.9125 0.29375000000000007 0.9953125 0.29375000000000007
0 0.9125 0.12031250000000009 0.53125 0.12031250000000004 0.53125 0.6687500000000001 0.9125 0.6687500000000002
0 0.7171875000000001 0.21250000000000008 0.3921875 0.21250000000000008 0.3921875 0.7453125 0.7171875000000002 0.7453125
0 0.36562500000000003 0.00781250000000003 0.11875 0.007812500000000014 0.11875000000000005 0.6484375 0.3656250000000001 0.6484375
0 0.6343750000000001 0.4671875 0.2218750000000001 0.4671875 0.2218750000000001 0.9453125 0.6343750000000001 0.9453125
0 0.4171875000000001 0.36250000000000004 4.4393446469091554e-17 0.3625 7.443556326067506e-17 0.853125 0.41718750000000016 0.853125
0 0.3296875000000001 0.4296875 0.03593750000000005 0.4296875 0.03593750000000009 0.996875 0.3296875000000001 0.996875
0 0.4171875000000001 0.65625 0.3140625000000001 0.65625 0.3140625000000001 0.996875 0.41718750000000016 0.996875
0 0.6546875000000001 0.2906250000000001 0.4328125 0.2906250000000001 0.4328125000000001 0.996875 0.6546875000000002 0.996875