0 0.9171875 0.5828125000000002 0.8140625 0.5828125000000002 0.8140625 0.7296875000000002 0.9171875 0.7296875000000002
0 0.9390625 0.5421875000000002 0.846875 0.5421875000000002 0.846875 0.6609375000000002 0.9390625 0.6609375000000002
0 0.878125 0.46406250000000016 0.8046875 0.46406250000000016 0.8046875 0.5468750000000002 0.878125 0.5468750000000002
0 0.8625 0.6515625000000002 0.74375 0.6515625000000002 0.7437500000000001 0.8171875 0.8625 0.8171875
0 0.80625 0.6156250000000001 0.703125 0.615625 0.7031250000000001 0.7718750000000001 0.80625 0.7718750000000002
0 0.8171875 0.5375000000000002 0.7328125 0.5375000000000002 0.7328125 0.6312500000000002 0.8171875 0.6312500000000002
0 0.80625 0.40625000000000017 0.7375 0.40625000000000017 0.7375 0.4890625000000002 0.80625 0.4890625000000002
0 0.7375 0.3750000000000001 0.65625 0.3750000000000001 0.65625 0.5625000000000001 0.7375 0.5625000000000002
0 0.778125 0.4375000000000001 0.6953125 0.4375 0.6953125 0.5625000000000001 0.778125 0.5625000000000002
0 0.728125 0.3281250000000001 0.6453125 0.3281250000000001 0.6453125 0.37968750000000007 0.728125 0.37968750000000007
0 0.675 0.37968750000000007 0.5609375 0.37968750000000007 0.5609375 0.53125 0.675 0.53125
0 0.6375 0.5265625 0.5234375 0.5265625 0.5234375 0.6921875 0.6375 0.6921875
0 0.721875 0.5265625 0.6296875 0.5265625 0.6296875 0.6828125 0.721875 0.6828125
0 0.7328125000000001 0.6875000000000001 0.621875 0.6875 0.6218750000000001 0.8484375 0.7328125000000002 0.8484375
0 0.6109375000000001 0.671875 0.4765625 0.671875 0.4765625000000001 0.8546875 0.6109375000000001 0.8546875
0 0.5421875 0.578125 0.4234375 0.578125 0.4234375 0.7234375 0.5421875 0.7234375
0 0.48906250000000007 0.6671875 0.3937500000000001 0.6671875 0.3937500000000001 0.8234375 0.4890625000000002 0.8234375
0 0.3937500000000001 0.615625 0.2828125000000001 0.615625 0.2828125000000001 0.803125 0.3937500000000001 0.803125
0 0.446875 0.5265625 0.3437500000000001 0.5265625 0.3437500000000001 0.6765625 0.446875 0.6765625
0 0.5640625 0.40625 0.4046875 0.40625 0.4046875 0.5890625 0.5640625 0.5890625
0 0.3515625000000001 0.484375 0.2218750000000001 0.484375 0.2218750000000001 0.6765625 0.3515625000000001 0.6765625
0 0.28593750000000007 0.6515625 0.2250000000000001 0.6515625 0.2250000000000001 0.7703125 0.28593750000000007 0.7703125
0 0.2250000000000001 0.553125 0.11093750000000009 0.553125 0.11093750000000009 0.725 0.2250000000000001 0.725
0 0.2484375000000001 0.4171875 0.13281250000000006 0.4171875 0.13281250000000006 0.5578125 0.2484375000000001 0.5578125
0 0.14531250000000007 0.4953125 0.037500000000000054 0.4953125 0.03750000000000007 0.6515625 0.1453125000000001 0.6515625
0 0.13750000000000007 0.4421875 0.03437500000000006 0.4421875 0.03437500000000006 0.5625 0.1375000000000001 0.5625
0 0.22500000000000003 0.3546875 0.16875000000000004 0.3546875 0.16875000000000004 0.421875 0.2250000000000001 0.421875
0 0.29375000000000007 0.3703125 0.2250000000000001 0.3703125 0.2250000000000001 0.4890625 0.29375000000000007 0.4890625
0 0.3593750000000001 0.4171875 0.28593750000000007 0.4171875 0.28593750000000007 0.4890625 0.3593750000000001 0.4890625
0 0.4578125 0.29218750000000004 0.340625 0.2921875 0.34062500000000007 0.4375 0.4578125 0.4375
0 0.33906250000000004 0.3390625 0.29375 0.3390625 0.29375000000000007 0.4171875 0.3390625000000001 0.4171875
0 0.4390625 0.25468750000000007 0.3890625 0.25468750000000007 0.3890625 0.2968750000000001 0.4390625 0.2968750000000001
0 0.5375 0.2296875000000001 0.446875 0.2296875000000001 0.446875 0.3750000000000001 0.5375 0.3750000000000001
0 0.5765625 0.3437500000000001 0.4953125 0.3437500000000001 0.4953125 0.4421875 0.5765625 0.4421875
0 0.6453125 0.2921875000000001 0.5453125 0.2921875000000001 0.5453125 0.37968750000000007 0.6453125 0.37968750000000007