0 0.996875 0.6562500000000002 0.8859375 0.6562500000000002 0.8859375 0.8546875 0.996875 0.8546875
0 0.9953125 0.5359375000000002 0.9125 0.5359375000000002 0.9125 0.6671875000000002 0.9953125 0.6671875000000002
0 0.9953125 0.43281250000000016 0.9390625 0.43281250000000016 0.9390625 0.5359375000000002 0.9953125 0.5359375000000002
0 0.9546875 0.3968750000000001 0.84375 0.3968750000000001 0.84375 0.5687500000000002 0.9546875 0.5687500000000002
0 0.9546875 0.3437500000000001 0.846875 0.3437500000000001 0.846875 0.4421875000000002 0.9546875 0.4421875000000002
0 0.896875 0.27031250000000007 0.8015625 0.27031250000000007 0.8015625 0.3437500000000001 0.896875 0.3437500000000001
0 0.825 0.2656250000000001 0.709375 0.2656250000000001 0.709375 0.3750000000000001 0.825 0.3750000000000001
0 0.8390625 0.3437500000000001 0.7484375 0.3437500000000001 0.7484375 0.44843750000000016 0.8390625 0.44843750000000016
0 0.859375 0.4375000000000001 0.709375 0.4375 0.709375 0.6140625000000001 0.859375 0.6140625000000002
0 0.928125 0.5734375000000002 0.7859375 0.5734375000000002 0.7859375 0.7078125000000002 0.928125 0.7078125000000002
0 0.878125 0.6828125 0.7140625 0.6828125 0.7140625 0.8234375 0.878125 0.8234375
0 0.875 0.7968750000000001 0.6953125000000002 0.796875 0.6953125000000002 0.9796875 0.875 0.9796875
0 0.7375 0.5625000000000001 0.5734375 0.5625 0.5734375 0.7703125000000001 0.7375000000000002 0.7703125000000002
0 0.7453125 0.3234375000000001 0.6234375 0.3234375000000001 0.6234375 0.5359375000000001 0.7453125 0.5359375000000002
0 0.6484375 0.3968750000000001 0.5 0.3968750000000001 0.5 0.6 0.6484375 0.6
0 0.65625 0.2078125000000001 0.51875 0.2078125000000001 0.51875 0.4015625 0.65625 0.4015625
0 0.6765625 0.2093750000000001 0.634375 0.2093750000000001 0.634375 0.3343750000000001 0.6765625 0.3343750000000001
0 0.7296875 0.2500000000000001 0.6765625 0.2500000000000001 0.6765625 0.3234375000000001 0.7296875 0.3234375000000001
0 0.5234375 0.3281250000000001 0.4390625 0.3281250000000001 0.4390625 0.4734375 0.5234375 0.4734375
0 0.5296875 0.18750000000000006 0.4390625 0.18750000000000006 0.4390625 0.33281250000000007 0.5296875 0.33281250000000007
0 0.56875 0.15625000000000006 0.4921875 0.15625000000000006 0.4921875 0.2234375000000001 0.56875 0.2234375000000001
0 0.4015625 0.26562500000000006 0.3484375 0.265625 0.3484375 0.31718750000000007 0.4015625 0.31718750000000007
0 0.43125 0.30156250000000007 0.3015625 0.3015625 0.30156250000000007 0.4328125 0.43125 0.4328125
0 0.4765625 0.4015625 0.32500000000000007 0.4015625 0.32500000000000007 0.5625 0.4765625 0.5625
0 0.584375 0.484375 0.446875 0.484375 0.446875 0.65625 0.584375 0.65625
0 0.4578125 0.5421875 0.3593750000000001 0.5421875 0.3593750000000001 0.671875 0.4578125 0.671875
0 0.565625 0.59375 0.415625 0.59375 0.4156250000000001 0.796875 0.5656250000000002 0.796875
0 0.5531250000000002 0.7765625 0.4546875000000002 0.7765625 0.4546875000000002 0.8796875 0.5531250000000002 0.8796875
0 0.6750000000000002 0.8171875 0.5000000000000002 0.8171875 0.5000000000000002 0.9953125 0.6750000000000002 0.9953125
0 0.7296875000000002 0.7656250000000001 0.6000000000000002 0.765625 0.6000000000000002 0.9484375 0.7296875000000002 0.9484375
0 0.4968750000000002 0.7703125 0.3359375000000001 0.7703125 0.3359375000000001 0.9953125 0.4968750000000002 0.9953125
0 0.4125000000000001 0.640625 0.28593750000000007 0.640625 0.28593750000000007 0.8015625 0.4125000000000002 0.8015625
0 0.3625000000000001 0.7875 0.2828125000000001 0.7875 0.2828125000000001 0.94375 0.3625000000000001 0.94375
0 0.2828125000000001 0.6984375 0.1453125000000001 0.6984375 0.14531250000000012 0.9109375 0.2828125000000001 0.9109375
0 0.3593750000000001 0.5625 0.2375000000000001 0.5625 0.2375000000000001 0.7296875 0.3593750000000001 0.7296875
0 0.3125000000000001 0.4796875 0.2140625000000001 0.4796875 0.2140625000000001 0.6671875 0.3125000000000001 0.6671875
0 0.2375000000000001 0.53125 0.09531250000000006 0.53125 0.09531250000000008 0.7453125 0.2375000000000001 0.7453125
0 0.1218750000000001 0.5890625 0.004687500000000072 0.5890625 0.004687500000000084 0.78125 0.1218750000000001 0.78125
0 0.2015625000000001 0.4171875 0.08437500000000005 0.4171875 0.08437500000000006 0.5625 0.2015625000000001 0.5625
0 0.07187500000000006 0.49375 6.046693570790056e-17 0.49375 6.879070692085523e-17 0.6296875 0.07187500000000006 0.6296875
0 0.09218750000000006 0.453125 5.5491808086364444e-17 0.453125 6.09453133638175e-17 0.5421875 0.09218750000000006 0.5421875
0 0.2671875 0.359375 0.20625 0.359375 0.20625000000000004 0.4578125 0.2671875000000001 0.4578125
0 0.3203125000000001 0.3796875 0.2515625000000001 0.3796875 0.2515625000000001 0.4796875 0.3203125000000001 0.4796875