0 0.996875 1.0782632364367712e-16 0.7640625 9.357066949735246e-17 0.7640625 0.29375000000000007 0.996875 0.29375000000000007
0 0.7953125 0.0062500000000000845 0.590625 0.006250000000000072 0.590625 0.2640625000000001 0.7953125 0.2640625000000001
0 0.7031250000000001 0.20625000000000004 0.2859375 0.20625 0.28593750000000007 0.7828125 0.7031250000000002 0.7828125
0 0.6796875000000002 0.76875 0.4625000000000002 0.76875 0.4625000000000002 0.9953125 0.6796875000000002 0.9953125
0 0.609375 6.706854735955427e-17 0.4859375 5.95101803960667e-17 0.4859375 0.09218750000000006 0.609375 0.09218750000000006
0 0.640625 0.06718750000000008 0.50625 0.06718750000000007 0.50625 0.21093750000000008 0.640625 0.21093750000000008
0 0.3859375 0.21250000000000005 0.2859375 0.2125 0.2859375 0.35156250000000006 0.3859375 0.3515625000000001
0 0.459375 0.11406250000000004 0.359375 0.11406250000000004 0.359375 0.25312500000000004 0.459375 0.2531250000000001
0 0.525 0.15468750000000003 0.459375 0.15468750000000003 0.459375 0.2312500000000001 0.525 0.2312500000000001
0 0.525 0.004687500000000058 0.4328125 0.004687500000000053 0.4328125 0.11875000000000005 0.525 0.11875000000000005
0 0.478125 5.3865324056246864e-17 0.4015625 4.91772230282609e-17 0.4015625 0.03125000000000005 0.478125 0.031250000000000056
0 0.45625 0.03593750000000005 0.375 0.035937500000000046 0.375 0.12343750000000005 0.45625 0.12343750000000005
0 0.390625 0.06250000000000004 0.296875 0.06250000000000004 0.296875 0.19687500000000005 0.390625 0.19687500000000005
0 0.396875 4.228858478305704e-17 0.29375 3.59739997249535e-17 0.29375 0.06250000000000004 0.396875 0.06250000000000004
0 0.309375 3.243400507116819e-17 0.2203125 2.6980499793715128e-17 0.2203125 0.09218750000000003 0.309375 0.09218750000000005
0 0.309375 0.09375000000000003 0.209375 0.09375000000000003 0.209375 0.2484375 0.309375 0.2484375
0 0.27812500000000007 0.246875 0.17812500000000003 0.246875 0.17812500000000003 0.3765625 0.27812500000000007 0.3765625
0 0.2359375 0.06718750000000002 0.1421875 0.06718750000000002 0.14218750000000002 0.23125 0.2359375 0.23125
0 0.18593750000000003 0.2265625 0.07812500000000003 0.2265625 0.07812500000000003 0.284375 0.18593750000000003 0.284375
0 0.20937500000000003 0.278125 0.11562500000000005 0.278125 0.11562500000000005 0.396875 0.2093750000000001 0.396875
0 0.15156250000000004 0.2984375 0.04375000000000003 0.2984375 0.043750000000000046 0.44375 0.15156250000000004 0.44375
0 0.08437500000000006 0.4484375 5.4917754899264124e-17 0.4484375 6.343287717458556e-17 0.5875 0.08437500000000006 0.5875
0 0.17343750000000008 0.4234375 0.08906250000000004 0.4234375 0.08906250000000006 0.5578125 0.17343750000000008 0.5578125
0 0.2812500000000001 0.403125 0.17812500000000003 0.403125 0.17812500000000006 0.5578125 0.2812500000000001 0.5578125
0 0.33281250000000007 0.325 0.2546875 0.325 0.25468750000000007 0.421875 0.33281250000000007 0.421875
0 0.2515625000000001 0.5671875 0.1468750000000001 0.5671875 0.1468750000000001 0.6546875 0.2515625000000001 0.6546875
0 0.15000000000000008 0.5671875 0.057812500000000065 0.5671875 0.05781250000000008 0.690625 0.15000000000000008 0.690625
0 0.09687500000000009 0.64375 0.031250000000000076 0.64375 0.03125000000000008 0.721875 0.09687500000000009 0.721875
0 0.1859375000000001 0.665625 0.10781250000000009 0.665625 0.10781250000000009 0.778125 0.1859375000000001 0.778125
0 0.33281250000000007 0.6234375 0.23593750000000008 0.6234375 0.23593750000000008 0.778125 0.33281250000000007 0.778125
0 0.4484375000000001 0.7109375 0.3281250000000001 0.7109375 0.3281250000000001 0.8296875 0.44843750000000016 0.8296875
0 0.5062500000000002 0.8046875 0.43281250000000016 0.8046875 0.43281250000000016 0.9171875 0.5062500000000002 0.9171875
0 0.4281250000000002 0.79375 0.3125000000000001 0.79375 0.3125000000000001 0.9484375 0.4281250000000002 0.9484375
0 0.3203125000000001 0.7734375 0.27031250000000007 0.7734375 0.27031250000000007 0.85625 0.3203125000000001 0.85625
0 0.2593750000000001 0.7421875 0.1390625000000001 0.7421875 0.1390625000000001 0.85 0.2593750000000001 0.85
0 0.1468750000000001 0.7578125 0.08437500000000009 0.7578125 0.0843750000000001 0.896875 0.1468750000000001 0.896875
0 0.10468750000000011 0.8921875 0.00468750000000011 0.8921875 0.004687500000000116 0.9953125 0.10468750000000013 0.9953125
0 0.24375000000000008 0.94375 0.10781250000000013 0.94375 0.10781250000000013 0.9953125 0.24375000000000008 0.9953125
0 0.2671875000000001 0.8609375 0.1359375000000001 0.8609375 0.1359375000000001 0.96875 0.2671875000000001 0.96875
0 0.3437500000000001 0.94375 0.2515625000000001 0.94375 0.2515625000000001 0.9953125 0.3437500000000001 0.9953125
0 0.43281250000000016 0.9328125 0.3515625000000001 0.9328125 0.3515625000000001 0.9953125 0.43281250000000016 0.9953125