0 0.9265625 0.7406250000000002 0.88125 0.7406250000000002 0.88125 0.8859375 0.9265625 0.8859375
0 0.809375 0.7640625000000002 0.7812500000000002 0.7640625000000002 0.7812500000000002 0.878125 0.809375 0.878125
0 0.878125 0.5765625000000002 0.8 0.5765625000000002 0.8 0.8375 0.878125 0.8375
0 0.925 0.42187500000000017 0.84375 0.42187500000000017 0.84375 0.6750000000000002 0.925 0.6750000000000002
0 0.9609375 0.1953125000000001 0.85625 0.19531250000000008 0.85625 0.5765625000000002 0.9609375 0.5765625000000002
0 0.9765625 0.017187500000000116 0.915625 0.017187500000000112 0.915625 0.2531250000000001 0.9765625 0.2531250000000001
0 0.8984375 0.1468750000000001 0.859375 0.1468750000000001 0.859375 0.2609375000000001 0.8984375 0.2609375000000001
0 0.8609375 0.19531250000000008 0.825 0.19531250000000008 0.825 0.33281250000000007 0.8609375 0.33281250000000007
0 0.8953125 0.3000000000000001 0.8125 0.3000000000000001 0.8125 0.3984375000000001 0.8953125 0.3984375000000001
0 0.84375 0.3828125000000001 0.790625 0.3828125000000001 0.790625 0.5859375000000002 0.84375 0.5859375000000002
0 0.7640625000000001 0.7000000000000001 0.721875 0.7 0.721875 0.8546875 0.7640625000000002 0.8546875
0 0.7421875000000001 0.6093750000000001 0.703125 0.609375 0.7031250000000001 0.7562500000000001 0.7421875000000002 0.7562500000000002
0 0.8046875 0.5203125000000002 0.7390625 0.5203125000000002 0.7390625000000001 0.7406250000000002 0.8046875 0.7406250000000002
0 0.721875 0.5046875 0.690625 0.5046875 0.690625 0.609375 0.721875 0.609375
0 0.6953125 0.5859375 0.6578125 0.5859375 0.6578125 0.690625 0.6953125 0.690625
0 0.665625 0.65 0.6296875 0.65 0.6296875 0.7234375 0.665625 0.7234375
0 0.7031250000000001 0.6828125 0.6640625 0.6828125 0.6640625000000001 0.8296875 0.7031250000000002 0.8296875
0 0.6687500000000002 0.740625 0.6296875000000002 0.740625 0.6296875000000002 0.8546875 0.6687500000000002 0.8546875
0 0.6296875000000001 0.675 0.5859375 0.675 0.5859375000000001 0.8453125 0.6296875000000002 0.8453125
0 0.38125000000000003 0.24375000000000005 0.271875 0.24375 0.27187500000000003 0.5609375 0.3812500000000001 0.5609375
0 0.3593750000000001 0.5203125 0.2656250000000001 0.5203125 0.2656250000000001 0.690625 0.3593750000000001 0.690625
0 0.27031250000000007 0.325 0.15625000000000006 0.325 0.15625000000000006 0.578125 0.27031250000000007 0.578125
0 0.6828125 0.34062500000000007 0.56875 0.34062500000000007 0.56875 0.675 0.6828125 0.675
0 0.7828125 0.20312500000000008 0.7140625 0.20312500000000008 0.7140625 0.4640625000000001 0.7828125 0.46406250000000016
0 0.8078125 0.2921875000000001 0.734375 0.2921875000000001 0.734375 0.3984375000000001 0.8078125 0.3984375000000001
0 0.796875 0.3656250000000001 0.7515625 0.3656250000000001 0.7515625 0.47968750000000016 0.796875 0.47968750000000016
0 0.8171875 0.18750000000000008 0.778125 0.18750000000000008 0.778125 0.33281250000000007 0.8171875 0.33281250000000007
0 0.859375 0.08906250000000011 0.821875 0.08906250000000011 0.821875 0.19531250000000008 0.859375 0.19531250000000008
0 0.8203125 0.0562500000000001 0.7828125 0.05625000000000009 0.7828125 0.18750000000000008 0.8203125 0.18750000000000008
0 0.925 1.0514740877054227e-16 0.7921875 9.701498861995439e-17 0.7921875 0.048437500000000105 0.925 0.04843750000000011
0 0.9078125 0.040625000000000105 0.8390625 0.0406250000000001 0.8390625 0.15468750000000012 0.9078125 0.15468750000000014
0 0.9359375 0.017187500000000112 0.8953125 0.017187500000000112 0.8953125 0.1718750000000001 0.9359375 0.17187500000000014
0 0.821875 0.007812500000000097 0.775 0.007812500000000094 0.775 0.19531250000000008 0.821875 0.19531250000000008
0 0.7828125 0.01562500000000009 0.721875 0.01562500000000009 0.721875 0.23593750000000008 0.7828125 0.23593750000000008
0 0.7921875 9.376202055971922e-17 0.7390625 9.050905249948406e-17 0.7390625 0.04062500000000009 0.7921875 0.0406250000000001
0 0.7078125 7.768853132091022e-17 0.5609375 6.869503138967185e-17 0.5609375 0.5453125 0.7078125 0.5453125