0 0.996875 0.809375 0.8875 0.809375 0.8875 0.9953125 0.996875 0.9953125
0 0.9890625 0.5578125000000002 0.796875 0.5578125000000002 0.7968750000000001 0.8796875 0.9890625 0.8796875
0 0.9390625 0.27812500000000007 0.6296875 0.27812500000000007 0.6296875 0.721875 0.9390625 0.7218750000000002
0 0.8796875 0.2140625000000001 0.7203125 0.2140625000000001 0.7203125 0.3343750000000001 0.8796875 0.3343750000000001
0 0.7828125 0.03750000000000008 0.5609375 0.03750000000000007 0.5609375 0.2953125000000001 0.7828125 0.2953125000000001
0 0.6875 0.26250000000000007 0.5421875 0.26250000000000007 0.5421875 0.3390625000000001 0.6875 0.3390625000000001
0 0.66875 0.3062500000000001 0.46875 0.3062500000000001 0.46875 0.5140625 0.66875 0.5140625
0 0.6546875000000001 0.38750000000000007 0.3750000000000001 0.38750000000000007 0.3750000000000001 0.8203125 0.6546875000000002 0.8203125
0 0.8 0.6343750000000001 0.6109375 0.634375 0.6109375000000001 0.8859375 0.8 0.8859375
0 0.7640625000000002 0.7593750000000001 0.5375000000000002 0.759375 0.5375000000000002 0.9953125 0.7640625000000002 0.9953125
0 0.9015625 0.875 0.7343750000000002 0.875 0.7343750000000002 0.9953125 0.9015625 0.9953125
0 0.5203125000000002 0.7375 0.30156250000000007 0.7375 0.30156250000000007 0.9953125 0.5203125000000002 0.9953125
0 0.4140625000000001 0.48125 0.15312500000000004 0.48125 0.15312500000000007 0.86875 0.41406250000000017 0.86875
0 0.4328125 0.28437500000000004 0.19218750000000004 0.284375 0.19218750000000004 0.5296875 0.4328125 0.5296875
0 0.490625 0.13125000000000003 0.2796875 0.13125000000000003 0.2796875 0.35000000000000003 0.490625 0.3500000000000001
0 0.23593750000000005 0.3390625 0.12343750000000005 0.3390625 0.12343750000000005 0.475 0.23593750000000008 0.475
0 0.490625 0.3281250000000001 0.41875 0.3281250000000001 0.41875 0.3984375000000001 0.490625 0.3984375000000001
0 0.20312500000000008 0.38125 4.6689659217492845e-17 0.38125 6.850368032730508e-17 0.7375 0.20312500000000008 0.7375
0 0.13125000000000012 0.7265625 8.897824400054988e-17 0.7265625 1.0543443536409245e-16 0.9953125 0.13125000000000014 0.9953125
0 0.3156250000000001 0.853125 0.12031250000000009 0.853125 0.12031250000000011 0.9953125 0.3156250000000001 0.9953125
0 0.1750000000000001 0.7265625 0.1062500000000001 0.7265625 0.1062500000000001 0.8859375 0.1750000000000001 0.8859375