0 0.9421875 0.809375 0.8546875 0.809375 0.8546875 0.86875 0.9421875 0.86875
0 0.996875 0.7328125000000002 0.9421875 0.7328125000000002 0.9421875 0.8359375 0.996875 0.8359375
0 0.953125 0.7218750000000002 0.890625 0.7218750000000002 0.890625 0.809375 0.953125 0.809375
0 0.996875 0.9625 0.9125 0.9625 0.9125 0.9953125 0.996875 0.9953125
0 0.8765625 0.9625 0.7812500000000002 0.9625 0.7812500000000002 0.9953125 0.8765625 0.9953125
0 0.7640625000000002 0.9625 0.7093750000000002 0.9625 0.7093750000000002 0.9953125 0.7640625000000002 0.9953125
0 0.2953125000000001 0.7375 0.2406250000000001 0.7375 0.2406250000000001 0.846875 0.2953125000000001 0.846875
0 0.2906250000000001 0.60625 0.2078125000000001 0.60625 0.2078125000000001 0.7109375 0.2906250000000001 0.7109375
0 0.4296875000000001 0.6890625 0.3750000000000001 0.6890625 0.3750000000000001 0.7765625 0.42968750000000017 0.7765625
0 0.4468750000000002 0.7265625 0.4000000000000002 0.7265625 0.4000000000000002 0.8140625 0.4468750000000002 0.8140625
0 0.5203125000000001 0.7109375 0.4765625 0.7109375 0.4765625000000001 0.803125 0.5203125000000002 0.803125
0 0.5453125000000002 0.7703125 0.5093750000000001 0.7703125 0.5093750000000001 0.825 0.5453125000000002 0.825
0 0.4906250000000002 0.7484375 0.4546875000000002 0.7484375 0.4546875000000002 0.803125 0.4906250000000002 0.803125
0 0.5015625000000001 0.60625 0.4359375 0.60625 0.4359375000000001 0.7328125 0.5015625000000001 0.7328125
0 0.440625 0.5515625 0.3421875000000001 0.5515625 0.3421875000000001 0.7 0.440625 0.7
0 0.425 0.453125 0.3671875000000001 0.453125 0.3671875000000001 0.5515625 0.425 0.5515625
0 0.6359375 0.5625 0.55625 0.5625 0.55625 0.7 0.6359375 0.7
0 0.5609375000000001 0.6453125 0.50625 0.6453125 0.5062500000000001 0.7546875 0.5609375000000002 0.7546875
0 0.6296875000000001 0.6671875 0.55625 0.6671875 0.5562500000000001 0.759375 0.6296875000000002 0.759375
0 0.55 0.584375 0.5125 0.584375 0.5125 0.6671875 0.55 0.6671875
0 0.5125 0.475 0.4578125 0.475 0.4578125 0.5515625 0.5125 0.5515625
0 0.46875 0.3984375000000001 0.4359375 0.3984375000000001 0.4359375 0.48125 0.46875 0.48125
0 0.59375 0.3671875000000001 0.4921875 0.3671875000000001 0.4921875 0.4984375 0.59375 0.4984375
0 0.6328125 0.4921875 0.5234375 0.4921875 0.5234375 0.6015625 0.6328125 0.6015625
0 0.665625 0.2671875000000001 0.6109375 0.2671875000000001 0.6109375 0.4375 0.665625 0.4375
0 0.7390625000000001 0.721875 0.6703125 0.721875 0.6703125000000001 0.8359375 0.7390625000000002 0.8359375
0 0.8078125 0.7875000000000002 0.7343750000000002 0.7875000000000002 0.7343750000000002 0.875 0.8078125 0.875
0 0.7343750000000002 0.8421875 0.6656250000000001 0.8421875 0.6656250000000001 0.875 0.7343750000000002 0.875
0 0.884375 0.7109375000000002 0.778125 0.7109375000000002 0.7781250000000001 0.846875 0.884375 0.846875
0 0.8078125 0.6609375000000002 0.728125 0.6609375000000002 0.7281250000000001 0.7984375000000001 0.8078125 0.7984375000000001
0 0.88125 0.6343750000000001 0.79375 0.6343750000000001 0.7937500000000001 0.7375000000000002 0.88125 0.7375000000000002
0 0.9203125 0.5468750000000002 0.8078125 0.5468750000000002 0.8078125 0.6609375000000002 0.9203125 0.6609375000000002
0 0.996875 0.6125000000000002 0.9390625 0.6125000000000002 0.9390625 0.7328125000000002 0.996875 0.7328125000000002
0 0.9375 0.6281250000000002 0.8875 0.6281250000000002 0.8875 0.7375000000000002 0.9375 0.7375000000000002
0 0.3921875 3.7122106099154144e-17 0.2140625 2.6215095544248028e-17 0.2140625 0.10312500000000005 0.3921875 0.10312500000000005
0 0.20781250000000004 1.2724845647390468e-17 0 0 3.913129225400527e-17 0.6390625 0.2078125000000001 0.6390625
0 0.21875000000000008 0.65 0.08437500000000009 0.65 0.08437500000000009 0.7921875 0.21875000000000008 0.7921875
0 0.2812500000000001 0.7328125 0.2156250000000001 0.7328125 0.2156250000000001 0.9296875 0.2812500000000001 0.9296875
0 0.3750000000000001 0.6609375 0.2406250000000001 0.6609375 0.2406250000000001 0.74375 0.3750000000000001 0.74375
0 0.4765625 4.228858478305704e-17 0.2140625 2.6215095544248028e-17 0.2140625 0.09843750000000004 0.4765625 0.09843750000000007
0 0.3640625 0.10937500000000004 0.2078125 0.10937500000000004 0.2078125 0.20781250000000004 0.3640625 0.2078125000000001
0 0.28125000000000006 0.2125 0.2046875 0.2125 0.20468750000000005 0.5359375 0.2812500000000001 0.5359375
0 0.7312500000000001 0.6718750000000001 0.6765625 0.671875 0.6765625000000001 0.7437500000000001 0.7312500000000002 0.7437500000000001
0 0.75625 0.6125 0.7015625 0.6125 0.7015625 0.6828125 0.75625 0.6828125000000002
0 0.8296875 0.5796875000000001 0.778125 0.5796875000000001 0.778125 0.6500000000000001 0.8296875 0.6500000000000001
0 0.996875 0.5140625000000002 0.9203125 0.5140625000000002 0.9203125 0.6125000000000002 0.996875 0.6125000000000002
0 0.996875 0.46406250000000016 0.93125 0.46406250000000016 0.93125 0.5140625000000002 0.996875 0.5140625000000002
0 0.996875 0.3984375000000001 0.95625 0.3984375000000001 0.95625 0.4812500000000002 0.996875 0.4812500000000002
0 0.996875 0.3656250000000001 0.9484375 0.3656250000000001 0.9484375 0.4046875000000002 0.996875 0.4046875000000002
0 0.95625 0.3500000000000001 0.9171875 0.3500000000000001 0.9171875 0.4046875000000002 0.95625 0.4046875000000002
0 0.953125 0.4156250000000002 0.8953125 0.4156250000000002 0.8953125 0.5078125000000002 0.953125 0.5078125000000002
0 0.8953125 0.4703125000000002 0.840625 0.4703125000000002 0.840625 0.5468750000000002 0.8953125 0.5468750000000002
0 0.84375 0.4859375000000002 0.7921875 0.4859375000000002 0.7921875 0.5468750000000002 0.84375 0.5468750000000002
0 0.8046875 0.5140625000000002 0.771875 0.5140625000000002 0.771875 0.5734375000000002 0.8046875 0.5734375000000002
0 0.7265625 0.5468750000000001 0.6765625 0.546875 0.6765625 0.6390625000000001 0.7265625 0.6390625000000002
0 0.7921875 0.503125 0.6875 0.503125 0.6875 0.6125 0.7921875 0.6125000000000002
0 0.7203125 0.4546875 0.6828125 0.4546875 0.6828125 0.509375 0.7203125 0.509375
0 0.8 0.3281250000000001 0.7421875 0.3281250000000001 0.7421875 0.40937500000000016 0.8 0.40937500000000016
0 0.865625 0.3609375000000001 0.8140625 0.3609375000000001 0.8140625 0.4156250000000002 0.865625 0.4156250000000002
0 0.8984375 0.4000000000000002 0.81875 0.4000000000000002 0.81875 0.47656250000000017 0.8984375 0.47656250000000017
0 0.821875 0.4046875000000002 0.775 0.4046875000000002 0.775 0.4968750000000002 0.821875 0.4968750000000002
0 0.775 0.3984375000000001 0.7125 0.3984375000000001 0.7125 0.5140625000000001 0.775 0.5140625000000002
0 0.9921875 1.0591281302000936e-16 0.7375 9.031770143711729e-17 0.7375 0.1359375000000001 0.9921875 0.13593750000000013