0 0.39531250000000007 0.04218750000000003 0.1328125 0.04218750000000001 0.13281250000000003 0.4421875 0.39531250000000007 0.4421875
0 0.5125 0.12812500000000002 0.1484375 0.128125 0.14843750000000003 0.4375 0.5125 0.4375
0 0.6984375 0.21250000000000008 0.478125 0.21250000000000008 0.478125 0.3531250000000001 0.6984375 0.3531250000000001
0 0.846875 0.2484375000000001 0.6828125 0.2484375000000001 0.6828125 0.3765625000000001 0.846875 0.3765625000000001
0 0.840625 0.37968750000000007 0.671875 0.37968750000000007 0.671875 0.5125000000000001 0.840625 0.5125000000000002
0 0.9484375 0.42656250000000007 0.6109375 0.4265625 0.6109375000000001 0.8140625 0.9484375 0.8140625
0 0.7750000000000001 0.43437500000000007 0.503125 0.434375 0.503125 0.7828125000000001 0.7750000000000001 0.7828125000000001
0 0.5390625 0.3296875000000001 0.3640625 0.3296875000000001 0.36406250000000007 0.4609375 0.5390625 0.4609375
0 0.7140625 0.32500000000000007 0.534375 0.32500000000000007 0.534375 0.4265625 0.7140625 0.4265625
0 0.45625 0.29531250000000003 0.3078125 0.2953125 0.30781250000000004 0.415625 0.45625 0.415625
0 0.415625 0.4109375 0.12812500000000004 0.4109375 0.12812500000000007 0.6671875 0.415625 0.6671875
0 0.6 0.45 0.3750000000000001 0.45 0.3750000000000001 0.6078125 0.6 0.6078125
0 0.671875 0.434375 0.5328125 0.434375 0.5328125 0.578125 0.671875 0.578125
0 0.63125 0.5859375 0.425 0.5859375 0.425 0.6828125 0.63125 0.6828125
0 0.671875 0.5859375 0.625 0.5859375 0.625 0.7015625 0.671875 0.7015625
0 0.6359375 0.6859375 0.4609375 0.6859375 0.4609375000000001 0.7875 0.6359375000000002 0.7875
0 0.4609375000000001 0.6390625 0.3031250000000001 0.6390625 0.3031250000000001 0.7640625 0.46093750000000017 0.7640625
4 0.9953125 7.003448882623926e-17 0.1484375 1.8178350924843523e-17 0.14843750000000006 0.9265625 0.9953125 0.9265625