0 0.5609375 0.3359375000000001 0.421875 0.3359375000000001 0.421875 0.521875 0.5609375 0.521875
0 0.6375 0.5109375 0.50625 0.5109375 0.50625 0.7015625 0.6375 0.7015625
0 0.753125 0.4437500000000001 0.6171875 0.44375 0.6171875 0.6234375000000001 0.753125 0.6234375000000002
0 0.884375 0.49531250000000016 0.7328125 0.49531250000000016 0.7328125 0.6906250000000002 0.884375 0.6906250000000002
0 0.81875 0.675 0.6875 0.675 0.6875000000000001 0.8453125 0.81875 0.8453125
0 0.7375 0.5875000000000001 0.621875 0.5875 0.621875 0.7171875000000001 0.7375 0.7171875000000002
0 0.690625 0.70625 0.5828125 0.70625 0.5828125000000001 0.85625 0.6906250000000002 0.85625
0 0.5984375000000002 0.746875 0.4937500000000002 0.746875 0.4937500000000002 0.9078125 0.5984375000000002 0.9078125
0 0.5750000000000001 0.690625 0.5296875 0.690625 0.5296875000000001 0.7578125 0.5750000000000002 0.7578125
0 0.5375000000000001 0.6234375 0.3937500000000001 0.6234375 0.3937500000000001 0.825 0.5375000000000002 0.825
0 0.5296875000000002 0.840625 0.3906250000000001 0.840625 0.3906250000000001 0.9890625 0.5296875000000002 0.9890625
0 0.4671875000000002 0.7625 0.3781250000000001 0.7625 0.3781250000000001 0.8609375 0.4671875000000002 0.8609375
0 0.4171875000000001 0.6609375 0.3546875000000001 0.6609375 0.3546875000000001 0.7484375 0.41718750000000016 0.7484375
0 0.45625 0.490625 0.32500000000000007 0.490625 0.32500000000000007 0.665625 0.45625 0.665625
0 0.3906250000000001 0.675 0.2312500000000001 0.675 0.2312500000000001 0.85625 0.3906250000000001 0.85625
0 0.3359375000000001 0.515625 0.2593750000000001 0.515625 0.2593750000000001 0.675 0.3359375000000001 0.675
0 0.29375000000000007 0.4375 0.2156250000000001 0.4375 0.2156250000000001 0.53125 0.29375000000000007 0.53125
0 0.409375 0.31562500000000004 0.2546875 0.315625 0.25468750000000007 0.50625 0.409375 0.50625
0 0.26250000000000007 0.515625 0.11562500000000005 0.515625 0.11562500000000006 0.6796875 0.26250000000000007 0.6796875
0 0.14375000000000007 0.4484375 0.03593750000000005 0.4484375 0.03593750000000007 0.5921875 0.1437500000000001 0.5921875
0 0.21250000000000008 0.396875 0.11562500000000005 0.396875 0.11562500000000005 0.5109375 0.21250000000000008 0.5109375
0 0.27343750000000006 0.2984375 0.15468750000000003 0.2984375 0.15468750000000003 0.4484375 0.2734375000000001 0.4484375
0 0.3359375 0.2734375 0.2546875 0.2734375 0.2546875 0.3609375 0.3359375 0.3609375
0 0.4015625 0.14375000000000004 0.2734375 0.14375000000000004 0.2734375 0.29375000000000007 0.4015625 0.29375000000000007
0 0.278125 0.17500000000000002 0.1578125 0.175 0.15781250000000002 0.3140625 0.278125 0.3140625
0 0.18125000000000005 0.246875 0.07031250000000003 0.246875 0.07031250000000003 0.4078125 0.18125000000000005 0.4078125
0 0.5671875 0.07812500000000007 0.459375 0.07812500000000007 0.459375 0.2328125000000001 0.5671875 0.2328125000000001
0 0.6421875 0.1750000000000001 0.553125 0.1750000000000001 0.553125 0.2687500000000001 0.6421875 0.2687500000000001
0 0.7109375 0.2531250000000001 0.590625 0.2531250000000001 0.590625 0.4125 0.7109375 0.4125
0 0.7765625 0.3921875000000001 0.6609375 0.3921875000000001 0.6609375 0.5156250000000001 0.7765625 0.5156250000000002
0 0.8421875 0.3187500000000001 0.7375 0.3187500000000001 0.7375 0.46406250000000016 0.8421875 0.46406250000000016
0 0.8921875 0.18125000000000008 0.7640625 0.18125000000000008 0.7640625 0.3203125000000001 0.8921875 0.3203125000000001
0 0.7609375 0.30937500000000007 0.70625 0.30937500000000007 0.70625 0.3812500000000001 0.7609375 0.3812500000000001
0 0.7796875 0.15000000000000008 0.65625 0.15000000000000008 0.65625 0.3046875000000001 0.7796875 0.3046875000000001
0 0.8265625 0.0984375000000001 0.7109375 0.0984375000000001 0.7109375 0.2062500000000001 0.8265625 0.2062500000000001
0 0.784375 9.012635037475052e-17 0.6875 8.419446744138054e-17 0.6875 0.0984375000000001 0.784375 0.0984375000000001
0 0.690625 0.04218750000000008 0.571875 0.042187500000000065 0.571875 0.2171875000000001 0.690625 0.2171875000000001
0 0.69375 7.864528663274409e-17 0.590625 7.233070157464055e-17 0.590625 0.040625000000000085 0.69375 0.04062500000000009
0 0.5953125 0.01562500000000007 0.5296875 0.015625000000000066 0.5296875 0.08750000000000006 0.5953125 0.08750000000000006
0 0.5515625 6.113666442618428e-17 0.446875 5.472640383689735e-17 0.446875 0.05625000000000006 0.5515625 0.056250000000000064
0 0.4875 0.03125000000000005 0.3984375 0.03125000000000004 0.3984375 0.17500000000000004 0.4875 0.17500000000000004
0 0.440625 4.659398368630946e-17 0.3203125 3.922696778518866e-17 0.3203125 0.06718750000000004 0.440625 0.06718750000000004
0 0.3625 3.7122106099154144e-17 0.24375 2.985076572921674e-17 0.24375 0.15000000000000005 0.3625 0.15000000000000005