0 0.7453125000000002 0.7781250000000001 0.6015625000000002 0.778125 0.6015625000000002 0.9953125 0.7453125000000002 0.9953125
0 0.9765625 0.6750000000000002 0.8 0.6750000000000002 0.8 0.9953125 0.9765625 0.9953125
0 0.9953125 0.5515625000000002 0.8765625 0.5515625000000002 0.8765625 0.7171875000000002 0.9953125 0.7171875000000002
0 0.8921875 0.5718750000000001 0.70625 0.571875 0.70625 0.8140625 0.8921875 0.8140625
0 0.7140625 0.55625 0.4859375 0.55625 0.4859375000000001 0.8046875 0.7140625000000002 0.8046875
0 0.5953125000000001 0.7578125 0.3671875000000001 0.7578125 0.3671875000000001 0.984375 0.5953125000000001 0.984375
0 0.3703125000000001 0.7328125 0.18125000000000008 0.7328125 0.1812500000000001 0.9953125 0.3703125000000001 0.9953125
0 0.24375000000000008 0.6078125 0.04218750000000008 0.6078125 0.04218750000000009 0.94375 0.24375000000000008 0.94375
0 0.4328125000000001 0.571875 0.2234375000000001 0.571875 0.2234375000000001 0.753125 0.43281250000000016 0.753125
0 0.50625 0.38593750000000004 0.23593750000000008 0.3859375 0.23593750000000008 0.6546875 0.50625 0.6546875
0 0.4953125000000001 0.64375 0.4296875 0.64375 0.4296875000000001 0.7578125 0.49531250000000016 0.7578125
0 0.634375 0.29375000000000007 0.4875 0.29375000000000007 0.4875 0.546875 0.634375 0.546875
0 0.7265625 0.3921875000000001 0.6109375 0.3921875000000001 0.6109375 0.5562500000000001 0.7265625 0.5562500000000001
0 0.8078125 0.3140625000000001 0.7078125 0.3140625000000001 0.7078125 0.5625000000000001 0.8078125 0.5625000000000002
0 0.9546875 0.3046875000000001 0.7921875 0.3046875000000001 0.7921875 0.5671875000000002 0.9546875 0.5671875000000002
0 0.10781250000000006 0.484375 0.00468750000000006 0.484375 0.004687500000000079 0.8046875 0.10781250000000009 0.8046875
0 0.24687500000000004 0.2578125 0.031250000000000035 0.2578125 0.031250000000000056 0.5984375 0.2468750000000001 0.5984375
0 0.50625 0.14375000000000004 0.24375 0.14375000000000004 0.24375000000000005 0.39687500000000003 0.50625 0.3968750000000001
0 0.6140625 0.15468750000000006 0.4859375 0.15468750000000003 0.4859375 0.3046875000000001 0.6140625 0.3046875000000001
0 0.703125 0.2062500000000001 0.571875 0.2062500000000001 0.571875 0.4015625 0.703125 0.4015625
0 0.7296875 0.06718750000000008 0.6140625 0.06718750000000007 0.6140625 0.2375000000000001 0.7296875 0.2375000000000001
0 0.8484375 9.567553118338696e-17 0.7140625 8.744743550161569e-17 0.7140625 0.1281250000000001 0.8484375 0.1281250000000001
0 0.9 0.11875000000000009 0.7140625 0.11875000000000009 0.7140625 0.34062500000000007 0.9 0.34062500000000007
0 0.721875 8.113285044351215e-17 0.603125 7.386151007357474e-17 0.603125 0.08281250000000008 0.721875 0.0828125000000001
0 0.309375 0.010937500000000027 0.115625 0.010937500000000013 0.11562500000000002 0.2578125 0.309375 0.2578125
0 0.6453125 5.769234530358234e-17 0.296875 3.6356701849687046e-17 0.296875 0.15468750000000006 0.6453125 0.1546875000000001