0 0.8078125 0.08750000000000008 0.575 0.08750000000000006 0.575 0.4125000000000001 0.8078125 0.4125000000000002
0 0.76875 0.3968750000000001 0.5328125 0.3968750000000001 0.5328125000000001 0.7312500000000001 0.7687500000000002 0.7312500000000002
0 0.5875 0.2218750000000001 0.378125 0.2218750000000001 0.37812500000000004 0.5046875 0.5875 0.5046875
0 0.5640625000000001 0.475 0.2890625000000001 0.475 0.2890625000000001 0.8453125 0.5640625000000001 0.8453125
0 0.37812500000000004 0.28906250000000006 0.16562500000000005 0.2890625 0.16562500000000008 0.5828125 0.3781250000000001 0.5828125
1 0.17343750000000005 0.1453125 1.7795648800109975e-17 0.1453125 5.663991446056509e-17 0.7796875 0.17343750000000008 0.7796875
1 0.30156250000000007 0.578125 0.17343750000000008 0.578125 0.17343750000000008 0.8453125 0.30156250000000007 0.8453125
1 0.31718750000000007 0.7734375 0.1781250000000001 0.7734375 0.17812500000000012 0.94375 0.31718750000000007 0.94375
1 0.44843750000000016 0.8453125 0.31718750000000007 0.8453125 0.31718750000000007 0.9640625 0.44843750000000016 0.9640625
1 0.6250000000000002 0.8453125 0.44843750000000016 0.8453125 0.44843750000000016 0.9484375 0.6250000000000002 0.9484375
1 0.86875 0.7578125000000001 0.6250000000000002 0.7578125 0.6250000000000002 0.94375 0.86875 0.94375
1 0.3859375 0.020312500000000035 0.1703125 0.02031250000000002 0.17031250000000003 0.29375000000000007 0.3859375 0.29375000000000007
1 0.575 5.0612355996011704e-17 0.2515625 3.080752104105061e-17 0.2515625 0.22656250000000006 0.575 0.22656250000000008
1 0.9890625 9.577120671457036e-17 0.575 7.041719095097281e-17 0.575 0.1031250000000001 0.9890625 0.10312500000000013
1 0.996875 0.10937500000000011 0.803125 0.10937500000000008 0.803125 0.7640625000000002 0.996875 0.7640625000000002
1 0.6265625000000001 0.8203125 0.5031250000000002 0.8203125 0.5031250000000002 0.8453125 0.6265625000000001 0.8453125
1 0.6218750000000002 0.7734375 0.5359375000000002 0.7734375 0.5359375000000002 0.81875 0.6218750000000002 0.81875
1 0.6265625000000001 0.7375 0.5531250000000002 0.7375 0.5531250000000002 0.7734375 0.6265625000000001 0.7734375
1 0.5906250000000001 0.7015625 0.559375 0.7015625 0.5593750000000001 0.7421875 0.5906250000000002 0.7421875
1 0.6250000000000001 0.721875 0.590625 0.721875 0.5906250000000001 0.7375 0.6250000000000002 0.7375
1 0.803125 0.7265625000000001 0.6296875000000002 0.7265625 0.6296875000000002 0.7578125000000001 0.803125 0.7578125000000002
1 0.803125 0.38750000000000007 0.7609375 0.38750000000000007 0.7609375 0.7265625000000002 0.803125 0.7265625000000002
1 0.7609375 0.6906250000000002 0.7265625 0.6906250000000002 0.7265625 0.7218750000000002 0.7609375 0.7218750000000002
1 0.7609375 0.3968750000000001 0.7296875 0.3968750000000001 0.7296875 0.4437500000000002 0.7609375 0.4437500000000002
1 0.803125 0.35625000000000007 0.771875 0.35625000000000007 0.771875 0.3812500000000001 0.803125 0.3812500000000001
1 0.803125 0.08750000000000009 0.76875 0.08750000000000009 0.76875 0.1390625000000001 0.803125 0.1390625000000001
1 0.60625 0.08750000000000006 0.575 0.08750000000000006 0.575 0.1390625000000001 0.60625 0.1390625000000001
1 0.409375 0.2328125000000001 0.3859375 0.2328125000000001 0.3859375 0.2687500000000001 0.409375 0.2687500000000001
1 0.571875 0.2328125000000001 0.54375 0.2328125000000001 0.54375 0.2640625000000001 0.571875 0.2640625000000001
1 0.6140625 0.3765625000000001 0.5859375 0.3765625000000001 0.5859375 0.4015625 0.6140625 0.4015625
1 0.3937500000000001 0.4484375 0.3703125000000001 0.4484375 0.3703125000000001 0.484375 0.3937500000000001 0.484375
1 0.3828125 0.30000000000000004 0.340625 0.3 0.340625 0.35156250000000006 0.3828125 0.3515625000000001
1 0.3515625000000001 0.809375 0.31718750000000007 0.809375 0.31718750000000007 0.8453125 0.3515625000000001 0.8453125