0 0.6390625000000001 0.675 0.4875 0.675 0.4875000000000001 0.9109375 0.6390625000000002 0.9109375
0 0.7359375000000001 0.6515625 0.63125 0.6515625 0.6312500000000001 0.846875 0.7359375000000001 0.846875
0 0.7968750000000001 0.5156250000000001 0.6921875 0.515625 0.6921875000000001 0.7343750000000001 0.7968750000000002 0.7343750000000002
0 0.85625 0.1609375000000001 0.721875 0.1609375000000001 0.721875 0.6578125000000001 0.85625 0.6578125000000001
0 0.8796875 0.47968750000000016 0.853125 0.47968750000000016 0.853125 0.5562500000000001 0.8796875 0.5562500000000001
0 0.8296875 0.0937500000000001 0.76875 0.09375000000000008 0.76875 0.2250000000000001 0.8296875 0.2250000000000001
0 0.865625 0.2312500000000001 0.809375 0.2312500000000001 0.809375 0.3140625000000001 0.865625 0.3140625000000001
0 0.665625 0.11875000000000006 0.534375 0.11875000000000005 0.534375 0.4609375 0.665625 0.4609375
0 0.7359375 0.3609375000000001 0.6546875 0.3609375000000001 0.6546875 0.45000000000000007 0.7359375 0.4500000000000002
0 0.5921875 0.30156250000000007 0.53125 0.30156250000000007 0.53125 0.4734375 0.5921875 0.4734375
0 0.7390625 0.4203125000000001 0.6359375 0.4203125 0.6359375 0.5328125000000001 0.7390625 0.5328125000000001
0 0.7359375 0.4609375000000001 0.4546875 0.4609375 0.4546875 0.6921875000000001 0.7359375 0.6921875000000002
0 0.4843750000000001 0.715625 0.3750000000000001 0.715625 0.3750000000000001 0.88125 0.48437500000000017 0.88125
0 0.4984375000000002 0.8703125 0.20312500000000008 0.8703125 0.20312500000000008 0.99375 0.4984375000000002 0.99375
0 0.4046875000000002 0.834375 0.3375000000000001 0.834375 0.3375000000000001 0.99375 0.4046875000000002 0.99375
0 0.421875 0.509375 0.3578125000000001 0.509375 0.3578125000000001 0.675 0.421875 0.675
0 0.4984375 0.4734375 0.3906250000000001 0.4734375 0.3906250000000001 0.6984375 0.4984375 0.6984375
0 0.4578125 0.23750000000000004 0.3546875 0.2375 0.35468750000000004 0.403125 0.4578125 0.403125
0 0.5546875 0.19531250000000006 0.471875 0.19531250000000006 0.471875 0.3843750000000001 0.5546875 0.3843750000000001
0 0.5390625 0.012500000000000058 0.415625 0.01250000000000005 0.415625 0.2609375000000001 0.5390625 0.2609375000000001
0 0.446875 4.5541552843292194e-17 0.296875 3.6356701849687046e-17 0.296875 0.15312500000000004 0.446875 0.15312500000000004
0 0.5046875 5.1186409183112037e-17 0.33125 4.0566425221756075e-17 0.33125 0.08906250000000006 0.5046875 0.08906250000000007
0 0.575 6.592044098535362e-17 0.5015625 6.142369101973443e-17 0.5015625 0.08281250000000007 0.575 0.08281250000000007
0 0.36718750000000006 0.08906250000000003 0.2609375 0.08906250000000002 0.26093750000000004 0.36718750000000006 0.3671875000000001 0.3671875000000001
0 0.415625 0.14218750000000005 0.2953125 0.14218750000000005 0.29531250000000003 0.5140625 0.415625 0.5140625
0 0.3781250000000001 0.4328125 0.18437500000000004 0.4328125 0.18437500000000007 0.56875 0.3781250000000001 0.56875
0 0.3546875000000001 0.490625 0.27031250000000007 0.490625 0.27031250000000007 0.6625 0.3546875000000001 0.6625
0 0.3140625000000001 0.5796875 0.2171875000000001 0.5796875 0.2171875000000001 0.7578125 0.3140625000000001 0.7578125
0 0.30156250000000007 0.7171875 0.2171875000000001 0.7171875 0.2171875000000001 0.853125 0.30156250000000007 0.853125
0 0.39531250000000007 0.675 0.2953125000000001 0.675 0.2953125000000001 0.8703125 0.39531250000000007 0.8703125
0 0.20312500000000006 0.006250000000000015 0.04375 0.0062500000000000056 0.04375000000000003 0.5859375 0.20312500000000008 0.5859375
0 0.1546875 1.3203223303307403e-17 0.0609375 7.462691432304185e-18 0.06093750000000001 0.125 0.1546875 0.125
0 0.2609375 2.5354015763597545e-17 0.153125 1.8752404111943846e-17 0.153125 0.11875000000000002 0.2609375 0.11875000000000005
0 0.28437500000000004 0.07656250000000003 0.1203125 0.07656250000000002 0.12031250000000002 0.396875 0.2843750000000001 0.396875
0 0.2609375000000001 0.5921875 0.1765625000000001 0.5921875 0.1765625000000001 0.775 0.2609375000000001 0.775
4 0.76875 8.189825469297925e-17 0.56875 6.965178670150572e-17 0.56875 0.3734375000000001 0.76875 0.3734375000000001