0 0.903125 0.6343750000000001 0.7796875 0.6343750000000001 0.7796875000000001 0.8140625 0.903125 0.8140625
0 0.06875000000000003 0.1953125 2.3918882795846743e-17 0.1953125 3.463454228838608e-17 0.3703125 0.06875000000000005 0.3703125
0 0.17343750000000008 0.428125 0.031250000000000056 0.428125 0.03125000000000007 0.64375 0.17343750000000008 0.64375
0 0.259375 0.3046875 0.10781250000000005 0.3046875 0.10781250000000005 0.4796875 0.2593750000000001 0.4796875
0 0.3359375000000001 0.421875 0.2078125000000001 0.421875 0.2078125000000001 0.61875 0.3359375000000001 0.61875
0 0.26250000000000007 0.6234375 0.12343750000000009 0.6234375 0.12343750000000009 0.8453125 0.26250000000000007 0.8453125
0 0.3515625000000001 0.6859375 0.2390625000000001 0.6859375 0.2390625000000001 0.88125 0.3515625000000001 0.88125
0 0.4437500000000001 0.6859375 0.30937500000000007 0.6859375 0.30937500000000007 0.928125 0.4437500000000002 0.928125
0 0.5609375000000001 0.525 0.421875 0.525 0.4218750000000001 0.7375 0.5609375000000002 0.7375
0 0.5359375000000002 0.73125 0.42500000000000016 0.73125 0.42500000000000016 0.9125 0.5359375000000002 0.9125
0 0.6640625000000002 0.7265625 0.5296875000000002 0.7265625 0.5296875000000002 0.9640625 0.6640625000000002 0.9640625
0 0.7500000000000001 0.7015625000000001 0.6265625 0.7015625 0.6265625000000001 0.928125 0.7500000000000002 0.928125
0 0.8140625 0.6812500000000001 0.703125 0.68125 0.7031250000000001 0.871875 0.8140625 0.871875
0 0.91875 0.6031250000000001 0.8578125 0.6031250000000001 0.8578125 0.7015625000000002 0.91875 0.7015625000000002
0 0.9609375 0.4437500000000002 0.8453125 0.4437500000000002 0.8453125 0.6234375000000002 0.9609375 0.6234375000000002
0 0.953125 0.3765625000000001 0.86875 0.3765625000000001 0.86875 0.4437500000000002 0.953125 0.4437500000000002
0 0.9578125 0.2328125000000001 0.81875 0.2328125000000001 0.81875 0.4031250000000002 0.9578125 0.4031250000000002
0 0.996875 0.17031250000000014 0.98125 0.17031250000000014 0.98125 0.27812500000000007 0.996875 0.27812500000000007
0 0.9046875 0.1609375000000001 0.7578125 0.1609375000000001 0.7578125 0.3515625000000001 0.9046875 0.3515625000000001
0 0.86875 0.3671875000000001 0.75625 0.3671875000000001 0.75625 0.5062500000000002 0.86875 0.5062500000000002
0 0.865625 0.5000000000000001 0.721875 0.5 0.721875 0.6656250000000001 0.865625 0.6656250000000001
0 0.76875 0.4953125000000001 0.671875 0.4953125 0.671875 0.659375 0.76875 0.6593750000000002
0 0.703125 0.634375 0.640625 0.634375 0.640625 0.7015625 0.703125 0.7015625
0 0.6453125000000001 0.5515625 0.5453125 0.5515625 0.5453125000000001 0.7375 0.6453125000000002 0.7375
0 0.7265625 0.4328125000000001 0.575 0.4328125 0.575 0.6234375000000001 0.7265625 0.6234375000000002
0 0.7609375 0.3812500000000001 0.675 0.3812500000000001 0.675 0.5000000000000001 0.7609375 0.5000000000000002
0 0.5484375 0.4171875 0.4171875 0.4171875 0.4171875 0.5625 0.5484375 0.5625
0 0.440625 0.571875 0.3750000000000001 0.571875 0.3750000000000001 0.70625 0.440625 0.70625
0 0.3859375000000001 0.578125 0.25468750000000007 0.578125 0.25468750000000007 0.696875 0.3859375000000001 0.696875
0 0.425 0.44375 0.32500000000000007 0.44375 0.32500000000000007 0.6140625 0.425 0.6140625
0 0.37500000000000006 0.27812500000000007 0.2546875 0.278125 0.25468750000000007 0.4484375 0.3750000000000001 0.4484375
0 0.478125 0.29375000000000007 0.39375 0.29375000000000007 0.39375000000000004 0.4890625 0.478125 0.4890625
0 0.5953125 0.22656250000000008 0.4671875 0.22656250000000008 0.4671875 0.4390625 0.5953125 0.4390625
0 0.70625 0.2468750000000001 0.5953125 0.2468750000000001 0.5953125 0.4328125 0.70625 0.4328125
0 0.75625 0.2062500000000001 0.6375 0.2062500000000001 0.6375 0.3703125000000001 0.75625 0.3703125000000001
0 0.803125 0.07187500000000009 0.6484375 0.07187500000000009 0.6484375 0.2328125000000001 0.803125 0.2328125000000001
0 0.6828125 7.768853132091022e-17 0.5859375 7.175664838754022e-17 0.5859375 0.17968750000000008 0.6828125 0.17968750000000008
0 0.6140625 6.544206332943669e-17 0.4546875 5.568315914873122e-17 0.4546875 0.13906250000000006 0.6140625 0.1390625000000001
0 0.475 5.3865324056246864e-17 0.4046875 4.955992515299445e-17 0.4046875 0.11406250000000004 0.475 0.11406250000000004
0 0.4328125 4.7263712404593165e-17 0.3390625 4.152318053358994e-17 0.3390625 0.11406250000000004 0.4328125 0.11406250000000004
0 0.3359375 3.3773462507735604e-17 0.215625 2.6406446606614805e-17 0.215625 0.13906250000000003 0.3359375 0.13906250000000003
0 0.40625 0.08750000000000005 0.290625 0.08750000000000005 0.290625 0.24218750000000006 0.40625 0.24218750000000008
0 0.4671875 0.13906250000000003 0.325 0.13906250000000003 0.325 0.3609375 0.4671875 0.3609375000000001
0 0.503125 0.11406250000000004 0.421875 0.11406250000000004 0.421875 0.2484375000000001 0.503125 0.2484375000000001
0 0.309375 0.13906250000000003 0.1859375 0.13906250000000003 0.18593750000000003 0.309375 0.309375 0.309375
0 0.23125 0.08281250000000002 0.1546875 0.08281250000000002 0.15468750000000003 0.2171875 0.23125 0.2171875
0 0.18125000000000005 0.190625 0.07031250000000003 0.190625 0.07031250000000003 0.3203125 0.18125000000000005 0.3203125
0 0.20781250000000004 0.2171875 0.08906250000000002 0.2171875 0.08906250000000003 0.371875 0.2078125000000001 0.371875
0 0.10781250000000005 0.365625 0.023437500000000045 0.365625 0.02343750000000005 0.44375 0.10781250000000005 0.44375