0 0.996875 0.2218750000000001 0.9109375 0.2218750000000001 0.9109375 0.42187500000000017 0.996875 0.42187500000000017
0 0.996875 0.46406250000000016 0.8296875 0.46406250000000016 0.8296875 0.5765625000000002 0.996875 0.5765625000000002
0 0.996875 0.5781250000000002 0.8296875 0.5781250000000002 0.8296875 0.7125000000000001 0.996875 0.7125000000000001
0 0.8375 0.4687500000000001 0.6875 0.46875 0.6875 0.5718750000000001 0.8375 0.5718750000000001
0 0.8421875 0.5718750000000001 0.690625 0.571875 0.690625 0.659375 0.8421875 0.6593750000000002
0 0.9921875 0.7375000000000002 0.7921875000000002 0.7375000000000002 0.7921875000000002 0.9890625 0.9921875 0.9890625
0 0.8140625 0.7015625000000001 0.671875 0.7015625 0.6718750000000001 0.953125 0.8140625 0.953125
0 0.7765625000000002 0.9234375 0.6093750000000002 0.9234375 0.6093750000000002 0.9953125 0.7765625000000002 0.9953125
0 0.7109375 0.459375 0.5828125 0.459375 0.5828125 0.5265625 0.7109375 0.5265625
0 0.6984375 0.5109375 0.575 0.5109375 0.575 0.571875 0.6984375 0.571875
0 0.6921875 0.55625 0.5765625 0.55625 0.5765625 0.6140625 0.6921875 0.6140625
0 0.6875 0.5921875 0.571875 0.5921875 0.571875 0.65 0.6875 0.65
0 0.7484375000000001 0.6546875000000001 0.55625 0.6546875 0.5562500000000001 0.7421875000000001 0.7484375000000002 0.7421875000000002
0 0.721875 0.7171875 0.5640625 0.7171875 0.5640625000000001 0.79375 0.7218750000000002 0.79375
0 0.7062500000000002 0.76875 0.5562500000000001 0.76875 0.5562500000000001 0.8296875 0.7062500000000002 0.8296875
0 0.6953125000000002 0.8046875 0.5515625000000002 0.8046875 0.5515625000000002 0.9015625 0.6953125000000002 0.9015625
0 0.6296875000000002 0.8703125 0.4906250000000002 0.8703125 0.4906250000000002 0.9796875 0.6296875000000002 0.9796875
0 0.4984375000000002 0.865625 0.4515625000000002 0.865625 0.4515625000000002 0.9234375 0.4984375000000002 0.9234375
0 0.5171875000000001 0.809375 0.45625000000000016 0.809375 0.45625000000000016 0.85625 0.5171875000000001 0.85625
0 0.5359375000000002 0.840625 0.4906250000000002 0.840625 0.4906250000000002 0.896875 0.5359375000000002 0.896875
0 0.46406250000000016 0.8453125 0.42187500000000017 0.8453125 0.42187500000000017 0.896875 0.46406250000000016 0.896875
0 0.4750000000000002 0.778125 0.4281250000000002 0.778125 0.4281250000000002 0.840625 0.4750000000000002 0.840625
0 0.4359375000000002 0.8140625 0.3937500000000001 0.8140625 0.3937500000000001 0.88125 0.4359375000000002 0.88125
0 0.4125000000000002 0.865625 0.3750000000000001 0.865625 0.3750000000000001 0.9171875 0.4125000000000002 0.9171875
0 0.44843750000000016 0.8859375 0.40625000000000017 0.8859375 0.40625000000000017 0.94375 0.44843750000000016 0.94375
0 0.47187500000000016 0.896875 0.42968750000000017 0.896875 0.42968750000000017 0.953125 0.47187500000000016 0.953125
0 0.5593750000000001 0.70625 0.4828125 0.70625 0.4828125000000001 0.76875 0.5593750000000002 0.76875
0 0.5593750000000002 0.7375 0.4750000000000002 0.7375 0.4750000000000002 0.7984375 0.5593750000000002 0.7984375
0 0.5593750000000002 0.7640625 0.4750000000000002 0.7640625 0.4750000000000002 0.8359375 0.5593750000000002 0.8359375
0 0.575 0.4703125 0.5140625 0.4703125 0.5140625 0.50625 0.575 0.50625
0 0.571875 0.5 0.5015625 0.5 0.5015625 0.5203125 0.571875 0.5203125
0 0.5828125 0.5109375 0.490625 0.5109375 0.490625 0.55625 0.5828125 0.55625
0 0.575 0.546875 0.49375 0.546875 0.49375 0.578125 0.575 0.578125
0 0.5796875 0.571875 0.50625 0.571875 0.50625 0.5984375 0.5796875 0.5984375
0 0.571875 0.5921875 0.49375 0.5921875 0.49375 0.61875 0.571875 0.61875
0 0.721875 0.2531250000000001 0.6765625 0.2531250000000001 0.6765625 0.4328125 0.721875 0.4328125
0 0.7765625 0.2687500000000001 0.7265625 0.2687500000000001 0.7265625 0.4234375000000002 0.7765625 0.4234375000000002
0 0.85 0.2734375000000001 0.771875 0.2734375000000001 0.771875 0.42187500000000017 0.85 0.42187500000000017
0 0.8796875 0.2828125000000001 0.7953125 0.2828125000000001 0.7953125 0.4281250000000002 0.8796875 0.4281250000000002
0 0.93125 0.1968750000000001 0.85 0.19687500000000008 0.85 0.4234375000000002 0.93125 0.4234375000000002
0 0.6984375 0.29375000000000007 0.4828125 0.29375000000000007 0.4828125 0.3859375000000001 0.6984375 0.3859375000000001
0 0.6796875 0.3765625000000001 0.478125 0.3765625000000001 0.478125 0.421875 0.6796875 0.421875
0 0.4828125 0.3296875000000001 0.39375 0.3296875000000001 0.39375000000000004 0.4171875 0.4828125 0.4171875
0 0.4171875 0.30468750000000006 0.29375 0.3046875 0.29375000000000007 0.428125 0.4171875 0.428125
0 0.4984375 0.453125 0.3671875000000001 0.453125 0.3671875000000001 0.603125 0.4984375 0.603125
0 0.5218750000000001 0.603125 0.27812500000000007 0.603125 0.27812500000000007 0.7890625 0.5218750000000002 0.7890625
0 0.3515625000000001 0.7328125 0.23593750000000008 0.7328125 0.23593750000000008 0.8515625 0.3515625000000001 0.8515625
0 0.4203125000000002 0.7734375 0.3281250000000001 0.7734375 0.3281250000000001 0.8859375 0.4203125000000002 0.8859375
0 0.3750000000000001 0.4640625 0.30156250000000007 0.4640625 0.30156250000000007 0.5765625 0.3750000000000001 0.5765625
0 0.30937500000000007 0.4640625 0.25468750000000007 0.4640625 0.25468750000000007 0.5671875 0.30937500000000007 0.5671875
0 0.30468750000000006 0.340625 0.2015625 0.340625 0.20156250000000003 0.4234375 0.3046875000000001 0.4234375
0 0.18593750000000003 0.365625 0.12343750000000005 0.365625 0.12343750000000005 0.4234375 0.18593750000000003 0.4234375
0 0.12656250000000005 0.365625 0.08125000000000004 0.365625 0.08125000000000004 0.4234375 0.12656250000000005 0.4234375
0 0.08593750000000004 0.365625 0.035937500000000046 0.365625 0.03593750000000005 0.4171875 0.08593750000000004 0.4171875
0 0.2015625000000001 0.365625 0.16718750000000004 0.365625 0.16718750000000004 0.428125 0.2015625000000001 0.428125
0 0.06562500000000007 0.459375 0.023437500000000056 0.459375 0.02343750000000006 0.5046875 0.06562500000000007 0.5046875
0 0.13437500000000005 0.4390625 0.06562500000000004 0.4390625 0.06562500000000006 0.5109375 0.13437500000000005 0.5109375
0 0.15781250000000005 0.4640625 0.13125000000000003 0.4640625 0.13125000000000003 0.5203125 0.15781250000000005 0.5203125
0 0.2015625000000001 0.453125 0.15937500000000004 0.453125 0.15937500000000004 0.53125 0.2015625000000001 0.53125
0 0.2390625000000001 0.453125 0.19687500000000005 0.453125 0.19687500000000008 0.546875 0.2390625000000001 0.546875
0 0.3203125000000001 0.46875 0.22031250000000008 0.46875 0.22031250000000008 0.5625 0.3203125000000001 0.5625
0 0.2734375000000001 0.5828125 0.20468750000000008 0.5828125 0.20468750000000008 0.7015625 0.2734375000000001 0.7015625
0 0.30937500000000007 0.5921875 0.25468750000000007 0.5921875 0.25468750000000007 0.7015625 0.30937500000000007 0.7015625
0 0.057812500000000065 0.515625 0.015625000000000062 0.515625 0.015625000000000066 0.5671875 0.057812500000000065 0.5671875
0 0.12812500000000007 0.5265625 0.050000000000000065 0.5265625 0.050000000000000065 0.609375 0.1281250000000001 0.609375
0 0.1859375000000001 0.5515625 0.10468750000000009 0.5515625 0.10468750000000009 0.64375 0.1859375000000001 0.64375
0 0.22031250000000008 0.5828125 0.16562500000000008 0.5828125 0.16562500000000008 0.6546875 0.22031250000000008 0.6546875
0 0.27031250000000007 0.7171875 0.21250000000000008 0.7171875 0.21250000000000008 0.7625 0.27031250000000007 0.7625
0 0.23593750000000008 0.753125 0.1937500000000001 0.753125 0.1937500000000001 0.7890625 0.23593750000000008 0.7890625
0 0.21250000000000008 0.8046875 0.18906250000000008 0.8046875 0.18906250000000008 0.8296875 0.21250000000000008 0.8296875
0 0.19687500000000008 0.784375 0.1703125000000001 0.784375 0.1703125000000001 0.8203125 0.19687500000000008 0.8203125
0 0.2171875000000001 0.73125 0.1750000000000001 0.73125 0.1750000000000001 0.7890625 0.2171875000000001 0.7890625
0 0.2234375000000001 0.6953125 0.1781250000000001 0.6953125 0.1781250000000001 0.7375 0.2234375000000001 0.7375
0 0.1859375000000001 0.721875 0.1546875000000001 0.721875 0.1546875000000001 0.7734375 0.1859375000000001 0.7734375
0 0.1625000000000001 0.7625 0.1390625000000001 0.7625 0.1390625000000001 0.79375 0.1625000000000001 0.79375
0 0.18906250000000008 0.6546875 0.08125000000000009 0.6546875 0.08125000000000009 0.7265625 0.18906250000000008 0.7265625
0 0.08906250000000007 0.5875 7.1947999449907e-17 0.5875 7.797555791446038e-17 0.6859375 0.08906250000000009 0.6859375