0 0.6609375000000001 0.3828125000000001 0.471875 0.3828125000000001 0.4718750000000001 0.7453125 0.6609375000000002 0.7453125
0 0.8140625 0.3828125000000001 0.7046875 0.3828125000000001 0.7046875 0.6640625000000001 0.8140625 0.6640625000000002
0 0.5609375 0.2687500000000001 0.4125 0.2687500000000001 0.4125 0.6046875 0.5609375 0.6046875
0 0.6515625 0.16093750000000007 0.528125 0.16093750000000004 0.528125 0.3968750000000001 0.6515625 0.3968750000000001
0 0.409375 0.21406250000000004 0.271875 0.2140625 0.27187500000000003 0.403125 0.409375 0.403125
0 0.5171875000000001 0.6578125 0.3812500000000001 0.6578125 0.3812500000000001 0.871875 0.5171875000000001 0.871875
0 0.30937500000000007 0.5375 0.21875000000000008 0.5375 0.21875000000000008 0.771875 0.30937500000000007 0.771875
0 0.571875 6.486801014233637e-17 0.4875 5.970153145843348e-17 0.4875 0.15468750000000006 0.571875 0.1546875000000001
0 0.4546875 0.060937500000000054 0.325 0.06093750000000005 0.325 0.18125000000000005 0.4546875 0.18125000000000005
0 0.7078125 0.046875000000000076 0.578125 0.04687500000000007 0.578125 0.23437500000000008 0.7078125 0.23437500000000008
0 0.696875 0.2218750000000001 0.646875 0.2218750000000001 0.646875 0.3218750000000001 0.696875 0.3218750000000001
0 0.734375 0.22812500000000008 0.6640625 0.22812500000000008 0.6640625 0.3687500000000001 0.734375 0.3687500000000001
0 0.678125 0.3421875000000001 0.6140625 0.3421875000000001 0.6140625 0.490625 0.678125 0.490625
0 0.7578125 0.3421875000000001 0.6578125 0.3421875000000001 0.6578125 0.6312500000000001 0.7578125 0.6312500000000002
0 0.740625 0.5312500000000001 0.6453125 0.53125 0.6453125 0.7125000000000001 0.740625 0.7125000000000001
0 0.8109375 0.5171875000000001 0.734375 0.5171875000000001 0.734375 0.7250000000000002 0.8109375 0.7250000000000002
0 0.7406250000000001 0.7125000000000001 0.69375 0.7125 0.6937500000000001 0.7859375000000001 0.7406250000000002 0.7859375000000002
0 0.7203125000000001 0.7578125 0.6015625000000002 0.7578125 0.6015625000000002 0.81875 0.7203125000000001 0.81875
0 0.7078125000000001 0.6046875 0.5484375 0.6046875 0.5484375000000001 0.81875 0.7078125000000002 0.81875
0 0.5609375000000001 0.6640625 0.4953125 0.6640625 0.4953125000000001 0.859375 0.5609375000000002 0.859375
0 0.4953125 0.5703125 0.4015625 0.5703125 0.4015625 0.678125 0.4953125 0.678125
0 0.37187500000000007 0.5375 0.2828125000000001 0.5375 0.2828125000000001 0.7921875 0.37187500000000007 0.7921875
0 0.4453125 0.4625 0.3421875000000001 0.4625 0.3421875000000001 0.6515625 0.4453125 0.6515625
0 0.4281250000000001 0.63125 0.33281250000000007 0.63125 0.33281250000000007 0.8390625 0.4281250000000002 0.8390625
0 0.4421875 0.26250000000000007 0.2828125 0.2625 0.2828125 0.4828125 0.4421875 0.4828125
0 0.3109375000000001 0.3703125 0.25468750000000007 0.3703125 0.25468750000000007 0.53125 0.3109375000000001 0.53125
0 0.24218750000000008 0.409375 0.19687500000000005 0.409375 0.19687500000000008 0.6375 0.24218750000000008 0.6375
0 0.2828125 0.3296875 0.19843750000000004 0.3296875 0.19843750000000004 0.3890625 0.2828125000000001 0.3890625
0 0.3015625 0.2421875 0.20625 0.2421875 0.20625 0.309375 0.3015625 0.309375
0 0.3390625 0.13437500000000005 0.25625 0.13437500000000005 0.25625 0.26875 0.3390625 0.26875
0 0.378125 0.18125000000000005 0.3421875 0.18125000000000005 0.3421875 0.22812500000000005 0.378125 0.22812500000000008
0 0.415625 0.14843750000000006 0.371875 0.14843750000000006 0.371875 0.2218750000000001 0.415625 0.2218750000000001
0 0.471875 0.18125000000000005 0.4046875 0.18125000000000005 0.4046875 0.25468750000000007 0.471875 0.25468750000000007
0 0.540625 0.12812500000000004 0.4578125 0.12812500000000004 0.4578125 0.25468750000000007 0.540625 0.25468750000000007
2 0.8765625 6.075396230145073e-17 0.115625 1.4159978615141272e-17 0.11562500000000006 0.99375 0.8765625 0.99375