0 0.9234375 0.6031250000000001 0.7953125 0.6031250000000001 0.7953125000000001 0.7734375000000002 0.9234375 0.7734375000000002
0 0.9609375 0.4078125000000002 0.8265625 0.4078125000000002 0.8265625 0.5562500000000001 0.9609375 0.5562500000000001
0 0.8640625 9.567553118338697e-17 0.6984375 8.553392487794795e-17 0.6984375 0.1593750000000001 0.8640625 0.1593750000000001
0 0.9234375 0.0875000000000001 0.8078125 0.08750000000000009 0.8078125 0.1906250000000001 0.9234375 0.19062500000000013
0 0.9109375 0.1437500000000001 0.7609375 0.1437500000000001 0.7609375 0.32500000000000007 0.9109375 0.32500000000000007
0 0.8609375 0.3156250000000001 0.7109375 0.3156250000000001 0.7109375 0.4906250000000001 0.8609375 0.4906250000000002
0 0.9 0.3203125000000001 0.85 0.3203125000000001 0.85 0.4031250000000002 0.9 0.4031250000000002
0 0.8375 0.4890625000000002 0.753125 0.4890625000000002 0.753125 0.6703125000000002 0.8375 0.6703125000000002
0 0.8078125 0.5046875000000001 0.66875 0.5046875 0.66875 0.6703125000000001 0.8078125 0.6703125000000002
0 0.7406250000000001 0.6078125000000001 0.5984375 0.6078125 0.5984375000000001 0.76875 0.7406250000000002 0.7687500000000002
0 0.70625 0.44375 0.575 0.44375 0.575 0.603125 0.70625 0.603125
0 0.621875 0.4015625 0.540625 0.4015625 0.540625 0.5 0.621875 0.5
0 0.76875 0.4328125000000001 0.6875 0.4328125 0.6875 0.5156250000000001 0.76875 0.5156250000000002
0 0.771875 0.2375000000000001 0.6796875 0.2375000000000001 0.6796875 0.3296875000000001 0.771875 0.3296875000000001
0 0.721875 0.2578125000000001 0.5796875 0.2578125000000001 0.5796875 0.4484375 0.721875 0.4484375
0 0.6265625 0.08281250000000007 0.4796875 0.08281250000000007 0.4796875 0.3203125000000001 0.6265625 0.3203125000000001
0 0.5484375 0.2531250000000001 0.396875 0.2531250000000001 0.39687500000000003 0.5109375 0.5484375 0.5109375
0 0.6140625 0.5 0.4515625 0.5 0.4515625 0.7109375 0.6140625 0.7109375
0 0.4515625 0.4390625 0.3046875000000001 0.4390625 0.3046875000000001 0.7125 0.4515625 0.7125
0 0.4562500000000001 0.6796875 0.31718750000000007 0.6796875 0.31718750000000007 0.809375 0.45625000000000016 0.809375
0 0.5515625000000001 0.721875 0.4328125 0.721875 0.4328125000000001 0.9171875 0.5515625000000002 0.9171875
0 0.946875 0.6500000000000001 0.71875 0.65 0.7187500000000001 0.9953125 0.946875 0.9953125
0 0.7531250000000002 0.9484375 0.6328125000000002 0.9484375 0.6328125000000002 0.9953125 0.7531250000000002 0.9953125
0 0.815625 0.9015625 0.7500000000000002 0.9015625 0.7500000000000002 0.9953125 0.815625 0.9953125
0 0.7875000000000002 0.7625000000000001 0.40625000000000017 0.7625 0.40625000000000017 0.9953125 0.7875000000000002 0.9953125
0 0.4359375000000002 0.8296875 0.30156250000000007 0.8296875 0.30156250000000007 0.9640625 0.4359375000000002 0.9640625
0 0.3906250000000001 0.809375 0.2671875000000001 0.809375 0.2671875000000001 0.8859375 0.3906250000000001 0.8859375
0 0.30156250000000007 0.55625 0.21250000000000008 0.55625 0.21250000000000008 0.690625 0.30156250000000007 0.690625
0 0.3281250000000001 0.6390625 0.25468750000000007 0.6390625 0.25468750000000007 0.7171875 0.3281250000000001 0.7171875
0 0.2734375000000001 0.665625 0.1312500000000001 0.665625 0.1312500000000001 0.8875 0.2734375000000001 0.8875
0 0.3359375000000001 0.7109375 0.2734375000000001 0.7109375 0.2734375000000001 0.8140625 0.3359375000000001 0.8140625
0 0.29375000000000007 0.85625 0.22031250000000008 0.85625 0.22031250000000008 0.959375 0.29375000000000007 0.959375
0 0.2234375000000001 0.8453125 0.11250000000000009 0.8453125 0.11250000000000011 0.9640625 0.2234375000000001 0.9640625
0 0.1593750000000001 0.7015625 0.10156250000000008 0.7015625 0.10156250000000008 0.8453125 0.1593750000000001 0.8453125
0 0.2156250000000001 0.5671875 0.1468750000000001 0.5671875 0.1468750000000001 0.6703125 0.2156250000000001 0.6703125
0 0.27031250000000007 0.4546875 0.16250000000000003 0.4546875 0.16250000000000006 0.59375 0.27031250000000007 0.59375
0 0.18906250000000008 0.453125 0.10781250000000005 0.453125 0.10781250000000006 0.5671875 0.18906250000000008 0.5671875
0 0.15468750000000003 0.3515625 0.042187500000000044 0.3515625 0.04218750000000005 0.4546875 0.15468750000000003 0.4546875
0 0.11562500000000005 0.4234375 0.004687500000000051 0.4234375 0.004687500000000059 0.5421875 0.11562500000000005 0.5421875
0 0.15468750000000006 0.5421875 0.03906250000000007 0.5421875 0.03906250000000007 0.6609375 0.1546875000000001 0.6609375
0 0.1515625000000001 0.659375 0.09375000000000008 0.659375 0.09375000000000008 0.7171875 0.1515625000000001 0.7171875
0 0.10468750000000009 0.659375 8.075014831877861e-17 0.659375 9.060472803066747e-17 0.8203125 0.10468750000000009 0.8203125
0 0.12343750000000012 0.79375 0.007812500000000097 0.79375 0.007812500000000104 0.9125 0.12343750000000013 0.9125
0 0.05781250000000008 0.5421875 0.015625000000000066 0.5421875 0.015625000000000076 0.6609375 0.057812500000000086 0.6609375
0 0.521875 0.010937500000000048 0.278125 0.010937500000000034 0.278125 0.26250000000000007 0.521875 0.26250000000000007
0 0.76875 0.046875000000000076 0.5359375 0.04687500000000007 0.5359375 0.2468750000000001 0.76875 0.2468750000000001
0 0.4359375 3.913129225400527e-17 0.203125 2.487563810768061e-17 0.203125 0.2984375 0.4359375 0.2984375000000001
0 0.4046875 0.05781250000000003 0.2125 0.057812500000000024 0.2125 0.33593750000000006 0.4046875 0.3359375000000001
0 0.3015625 0.04687500000000003 0.178125 0.04687500000000002 0.17812500000000003 0.221875 0.3015625 0.221875
0 0.4015625 0.010937500000000032 0.1125 0.010937500000000013 0.11250000000000002 0.39687500000000003 0.4015625 0.3968750000000001
0 0.35156250000000006 0.04687500000000003 0.0921875 0.046875000000000014 0.09218750000000002 0.4125 0.3515625000000001 0.4125
0 0.4125 0.38593750000000004 0.3515625000000001 0.3859375 0.3515625000000001 0.4484375 0.4125 0.4484375
0 0.15156250000000002 0.04062500000000001 0.04375 0.040625 0.04375000000000001 0.20625 0.15156250000000004 0.20625
0 0.32812500000000006 0.11406250000000002 0.1234375 0.1140625 0.12343750000000002 0.475 0.3281250000000001 0.475
0 0.31250000000000006 0.08281250000000002 0.02343750000000001 0.0828125 0.023437500000000038 0.53125 0.3125000000000001 0.53125
0 0.17031250000000003 0.190625 0.042187500000000024 0.190625 0.04218750000000003 0.35 0.17031250000000003 0.35
0 0.23281250000000003 0.253125 0.07031250000000003 0.253125 0.07031250000000003 0.453125 0.2328125000000001 0.453125