0 0.7015625000000001 0.13750000000000007 0.2734375 0.13750000000000004 0.27343750000000006 0.803125 0.7015625000000002 0.803125
0 0.996875 0.2890625000000001 0.846875 0.2890625000000001 0.846875 0.8796875 0.996875 0.8796875
0 0.996875 0.803125 0.7859375000000002 0.803125 0.7859375000000002 0.9953125 0.996875 0.9953125
0 0.7750000000000001 0.7656250000000001 0.4031250000000002 0.765625 0.4031250000000002 0.9953125 0.7750000000000001 0.9953125
0 0.36406250000000007 0.9078125 0.18593750000000014 0.9078125 0.18593750000000014 0.9953125 0.36406250000000007 0.9953125
0 0.45781250000000007 0.5734375 0.1859375000000001 0.5734375 0.18593750000000012 0.940625 0.4578125000000002 0.940625
0 0.890625 0.3062500000000001 0.61875 0.3062500000000001 0.6187500000000001 0.8078125 0.890625 0.8078125
0 0.31562500000000004 0.08125000000000002 9.950255243072244e-18 0.08125 4.372371775080784e-17 0.6328125 0.3156250000000001 0.6328125
0 0.1968750000000001 0.6015625 7.367015901120797e-17 0.6015625 9.778039286942148e-17 0.9953125 0.19687500000000013 0.9953125
0 0.9953125 9.500580246510326e-17 0.55625 6.812097820257152e-17 0.55625 0.3437500000000001 0.9953125 0.3437500000000001
0 0.603125 5.2334515557312676e-17 0.2515625 3.080752104105061e-17 0.2515625 0.27343750000000006 0.603125 0.2734375000000001
0 0.2578125 1.578646264525885e-17 0 0 1.0045930774255633e-17 0.16406250000000003 0.2578125 0.16406250000000006