0 0.3078125000000001 0.7484375 0.2531250000000001 0.7484375 0.2531250000000001 0.809375 0.3078125000000001 0.809375
0 0.3515625000000001 0.7484375 0.3046875000000001 0.7484375 0.3046875000000001 0.803125 0.3515625000000001 0.803125
0 0.35625000000000007 0.7109375 0.30156250000000007 0.7109375 0.30156250000000007 0.765625 0.35625000000000007 0.765625
0 0.34843750000000007 0.6890625 0.2968750000000001 0.6890625 0.2968750000000001 0.7375 0.34843750000000007 0.7375
0 0.3046875000000001 0.7 0.2718750000000001 0.7 0.2718750000000001 0.7484375 0.3046875000000001 0.7484375
0 0.2750000000000001 0.65625 0.2140625000000001 0.65625 0.2140625000000001 0.721875 0.2750000000000001 0.721875
0 0.2718750000000001 0.7265625 0.2250000000000001 0.7265625 0.2250000000000001 0.7703125 0.2718750000000001 0.7703125
0 0.22812500000000008 0.7265625 0.1625000000000001 0.7265625 0.1625000000000001 0.7765625 0.22812500000000008 0.7765625
0 0.2171875000000001 0.6890625 0.1625000000000001 0.6890625 0.1625000000000001 0.7375 0.2171875000000001 0.7375
0 0.11250000000000009 0.7109375 0.057812500000000086 0.7109375 0.057812500000000086 0.765625 0.11250000000000009 0.765625
0 0.10156250000000008 0.8140625 0.050000000000000086 0.8140625 0.0500000000000001 0.8640625 0.10156250000000008 0.8640625
0 0.19531250000000008 0.846875 0.15625000000000008 0.846875 0.15625000000000008 0.875 0.19531250000000008 0.875
0 0.2312500000000001 0.7984375 0.1921875000000001 0.7984375 0.1921875000000001 0.875 0.2312500000000001 0.875
0 0.2718750000000001 0.8203125 0.22031250000000008 0.8203125 0.22031250000000008 0.91875 0.2718750000000001 0.91875
0 0.3296875000000001 0.83125 0.2906250000000001 0.83125 0.2906250000000001 0.9125 0.3296875000000001 0.9125
0 0.3765625000000001 0.7765625 0.33281250000000007 0.7765625 0.33281250000000007 0.83125 0.3765625000000001 0.83125
0 0.3921875000000001 0.74375 0.35625000000000007 0.74375 0.35625000000000007 0.7875 0.3921875000000001 0.7875
0 0.2000000000000001 0.7765625 0.1593750000000001 0.7765625 0.1593750000000001 0.846875 0.2000000000000001 0.846875
0 0.15625000000000008 0.7921875 0.10937500000000008 0.7921875 0.10937500000000008 0.875 0.15625000000000008 0.875
0 0.11250000000000009 0.765625 0.05468750000000009 0.765625 0.0546875000000001 0.8203125 0.11250000000000009 0.8203125
0 0.1671875000000001 0.7265625 0.10468750000000009 0.7265625 0.10468750000000009 0.78125 0.1671875000000001 0.78125
0 0.0578125000000001 0.7875 0.018750000000000093 0.7875 0.0187500000000001 0.853125 0.057812500000000114 0.853125
0 0.06875000000000009 0.74375 0.0031250000000000917 0.74375 0.003125000000000094 0.7875 0.06875000000000009 0.7875
0 0.5359375000000002 0.8359375 0.5109375000000002 0.8359375 0.5109375000000002 0.86875 0.5359375000000002 0.86875
0 0.5656250000000002 0.8359375 0.5406250000000001 0.8359375 0.5406250000000001 0.8640625 0.5656250000000002 0.8640625
0 0.6093750000000002 0.83125 0.5734375000000002 0.83125 0.5734375000000002 0.86875 0.6093750000000002 0.86875
0 0.6375000000000002 0.86875 0.5984375000000002 0.86875 0.5984375000000002 0.9953125 0.6375000000000002 0.9953125
0 0.5765625000000002 0.8796875 0.5296875000000002 0.8796875 0.5296875000000002 0.9953125 0.5765625000000002 0.9953125
0 0.8046875 0.825 0.7203125000000001 0.825 0.7203125000000001 0.9953125 0.8046875 0.9953125
0 0.8515625 0.7921875000000002 0.821875 0.7921875000000002 0.821875 0.95625 0.8515625 0.95625
0 0.996875 0.7765625000000002 0.88125 0.7765625000000002 0.88125 0.9953125 0.996875 0.9953125
0 0.95 0.7546875000000002 0.9140625 0.7546875000000002 0.9140625 0.825 0.95 0.825
0 0.8625 0.6781250000000002 0.821875 0.6781250000000002 0.821875 0.7328125000000002 0.8625 0.7328125000000002
0 0.8984375 0.6500000000000001 0.8546875 0.6500000000000001 0.8546875 0.7109375000000002 0.8984375 0.7109375000000002
0 0.8375 0.6343750000000001 0.8125 0.6343750000000001 0.8125 0.6828125000000002 0.8375 0.6828125000000002
0 0.815625 0.6562500000000002 0.7828125 0.6562500000000002 0.7828125 0.7156250000000002 0.815625 0.7156250000000002
0 0.75 0.6453125000000001 0.7171875 0.6453125 0.7171875 0.7046875000000001 0.75 0.7046875000000001
0 0.775 0.6453125000000002 0.75 0.6453125000000002 0.75 0.7046875000000001 0.775 0.7046875000000001
0 0.696875 0.65625 0.653125 0.65625 0.653125 0.7046875 0.696875 0.7046875
0 0.6453125000000001 0.678125 0.6203125 0.678125 0.6203125 0.74375 0.6453125000000002 0.74375
0 0.6171875000000001 0.6890625 0.584375 0.6890625 0.5843750000000001 0.7546875 0.6171875000000002 0.7546875
0 0.746875 0.5687500000000001 0.6515625 0.56875 0.6515625 0.6453125000000001 0.746875 0.6453125000000002
0 0.996875 0.5843750000000001 0.4921875 0.584375 0.4921875000000001 0.809375 0.996875 0.809375
0 0.996875 0.7546875000000001 0.46406250000000016 0.7546875 0.46406250000000016 0.803125 0.996875 0.803125
0 0.996875 0.7656250000000002 0.8875 0.7656250000000002 0.8875 0.9953125 0.996875 0.9953125