0 0.8625 0.2671875000000001 0.6640625 0.2671875000000001 0.6640625 0.4531250000000001 0.8625 0.45312500000000017
0 0.9265625 0.4359375000000002 0.746875 0.4359375000000002 0.746875 0.6171875000000002 0.9265625 0.6171875000000002
0 0.7734375000000001 0.5265625 0.5484375 0.5265625 0.5484375000000001 0.7328125000000001 0.7734375000000002 0.7328125000000002
0 0.775 0.4312500000000001 0.6640625 0.43125 0.6640625 0.5218750000000001 0.775 0.5218750000000002
0 0.6640625 0.3375000000000001 0.4703125 0.3375000000000001 0.4703125 0.565625 0.6640625 0.565625
0 0.5578125 0.4140625 0.3921875000000001 0.4140625 0.3921875000000001 0.5984375 0.5578125 0.5984375
0 0.5296875 0.20312500000000006 0.3046875 0.203125 0.30468750000000006 0.421875 0.5296875 0.421875
0 0.28593750000000007 0.259375 0.059375000000000025 0.259375 0.05937500000000003 0.453125 0.28593750000000007 0.453125
0 0.3828125000000001 0.421875 0.2390625000000001 0.421875 0.2390625000000001 0.578125 0.3828125000000001 0.578125
0 0.45625 0.5046875 0.2484375000000001 0.5046875 0.2484375000000001 0.70625 0.45625 0.70625
0 0.2953125000000001 0.5953125 0.09218750000000006 0.5953125 0.09218750000000007 0.759375 0.2953125000000001 0.759375
0 0.2484375000000001 0.4234375 0.07812500000000004 0.4234375 0.07812500000000006 0.6 0.2484375000000001 0.6
0 0.13750000000000007 0.44375 5.43437017121638e-17 0.44375 6.802530267138814e-17 0.6671875 0.1375000000000001 0.6671875