0 0.9890625 0.4968750000000002 0.778125 0.4968750000000002 0.7781250000000001 0.7937500000000002 0.9890625 0.7937500000000002
0 0.996875 0.40156250000000016 0.7828125 0.40156250000000016 0.7828125000000001 0.846875 0.996875 0.846875
0 0.996875 0.884375 0.83125 0.884375 0.83125 0.9953125 0.996875 0.9953125
0 0.7781250000000001 0.7093750000000001 0.6625 0.709375 0.6625000000000001 0.7984375000000001 0.7781250000000002 0.7984375000000001
0 0.6734375000000001 0.73125 0.6203125000000002 0.73125 0.6203125000000002 0.8 0.6734375000000001 0.8
0 0.721875 0.5296875 0.4890625 0.5296875 0.48906250000000007 0.7296875 0.7218750000000002 0.7296875
0 0.7859375 0.46562500000000007 0.6015625 0.465625 0.6015625 0.7250000000000001 0.7859375 0.7250000000000002
0 0.8453125 0.06406250000000009 0.5453125 0.06406250000000006 0.5453125 0.48125000000000007 0.8453125 0.4812500000000002
0 0.553125 0.13750000000000004 0.1765625 0.1375 0.1765625 0.45 0.553125 0.45
0 0.5078125 0.39687500000000003 0.27031250000000007 0.396875 0.27031250000000007 0.725 0.5078125 0.725
0 0.6359375 0.6078125 0.5046875 0.6078125 0.5046875000000001 0.8046875 0.6359375000000002 0.8046875
0 0.5046875000000001 0.6140625 0.3656250000000001 0.6140625 0.3656250000000001 0.7984375 0.5046875000000002 0.7984375
0 0.37968750000000007 0.5984375 0.2406250000000001 0.5984375 0.2406250000000001 0.7984375 0.37968750000000007 0.7984375
0 0.2593750000000001 0.4765625 0.10156250000000004 0.4765625 0.10156250000000007 0.6765625 0.2593750000000001 0.6765625
0 0.2515625000000001 0.6453125 0.1687500000000001 0.6453125 0.1687500000000001 0.7890625 0.2515625000000001 0.7890625
0 0.28593750000000007 0.5453125 0.021875000000000068 0.5453125 0.02187500000000008 0.725 0.28593750000000007 0.725
0 0.1281250000000001 0.6671875 0.02656250000000008 0.6671875 0.026562500000000083 0.75625 0.1281250000000001 0.75625
0 0.1687500000000001 0.709375 0.11718750000000008 0.709375 0.11718750000000008 0.771875 0.1687500000000001 0.771875
0 0.24375000000000008 0.640625 0.16562500000000008 0.640625 0.16562500000000008 0.7828125 0.24375000000000008 0.7828125
0 0.35000000000000003 0.2921875 0.18437500000000004 0.2921875 0.18437500000000004 0.540625 0.3500000000000001 0.540625
0 0.1921875000000001 0.2703125 3.3103733789451887e-17 0.2703125 7.491394091659199e-17 0.953125 0.19218750000000012 0.953125