0 0.9421875 0.7921875000000002 0.8328125 0.7921875000000002 0.8328125 0.9953125 0.9421875 0.9953125
0 0.996875 0.6718750000000002 0.8765625 0.6718750000000002 0.8765625 0.846875 0.996875 0.846875
0 0.996875 0.5250000000000001 0.890625 0.5250000000000001 0.890625 0.7046875000000001 0.996875 0.7046875000000001
0 0.9640625 0.44843750000000016 0.8140625 0.44843750000000016 0.8140625 0.6390625000000002 0.9640625 0.6390625000000002
0 0.975 0.2906250000000001 0.84375 0.2906250000000001 0.84375 0.4437500000000002 0.975 0.4437500000000002
0 0.9828125 0.05937500000000011 0.8484375 0.05937500000000011 0.8484375 0.2734375000000001 0.9828125 0.2734375000000001
0 0.8734375 0.0546875000000001 0.796875 0.05468750000000009 0.796875 0.19687500000000008 0.8734375 0.19687500000000008
0 0.8296875 0.03750000000000009 0.6796875 0.037500000000000075 0.6796875 0.2734375000000001 0.8296875 0.2734375000000001
0 0.86875 0.19687500000000008 0.73125 0.19687500000000008 0.73125 0.3546875000000001 0.86875 0.3546875000000001
0 0.8625 0.3609375000000001 0.73125 0.3609375000000001 0.73125 0.5578125000000002 0.8625 0.5578125000000002
0 0.8296875 0.4859375000000001 0.66875 0.4859375 0.66875 0.6937500000000001 0.8296875 0.6937500000000002
0 0.8875 0.6171875000000002 0.753125 0.6171875000000002 0.753125 0.7765625000000002 0.8875 0.7765625000000002
0 0.8765625 0.7484375000000002 0.7312500000000002 0.7484375000000002 0.7312500000000002 0.9453125 0.8765625 0.9453125
0 0.7968750000000002 0.934375 0.6875000000000002 0.934375 0.6875000000000002 0.9953125 0.7968750000000002 0.9953125
0 0.7421875000000002 0.803125 0.6031250000000001 0.803125 0.6031250000000001 0.9625 0.7421875000000002 0.9625
0 0.6984375000000002 0.9453125 0.5750000000000002 0.9453125 0.5750000000000002 0.9953125 0.6984375000000002 0.9953125
0 0.6000000000000002 0.7875 0.4734375000000002 0.7875 0.4734375000000002 0.9953125 0.6000000000000002 0.9953125
0 0.4109375000000002 0.8859375 0.2734375000000001 0.8859375 0.2734375000000001 0.9953125 0.4109375000000002 0.9953125
0 0.43281250000000016 0.9125 0.36406250000000007 0.9125 0.36406250000000007 0.9953125 0.43281250000000016 0.9953125
0 0.48437500000000017 0.86875 0.4109375000000002 0.86875 0.4109375000000002 0.9953125 0.48437500000000017 0.9953125
0 0.2906250000000001 0.9125 0.14531250000000012 0.9125 0.14531250000000012 0.9953125 0.2906250000000001 0.9953125
0 0.1718750000000001 0.7703125 0.02968750000000009 0.7703125 0.029687500000000106 0.9953125 0.17187500000000014 0.9953125
0 0.06875000000000007 0.503125 6.161504208210122e-17 0.503125 7.433988772949167e-17 0.7109375 0.06875000000000009 0.7109375
0 0.18906250000000008 0.5359375 0.05468750000000007 0.5359375 0.054687500000000076 0.765625 0.18906250000000008 0.765625
0 0.2796875000000001 0.69375 0.14218750000000008 0.69375 0.1421875000000001 0.91875 0.2796875000000001 0.91875
0 0.30937500000000007 0.5734375 0.1859375000000001 0.5734375 0.1859375000000001 0.7484375 0.30937500000000007 0.7484375
0 0.3281250000000001 0.415625 0.18281250000000004 0.415625 0.18281250000000007 0.628125 0.3281250000000001 0.628125
0 0.23593750000000005 0.3171875 0.08437500000000005 0.3171875 0.08437500000000006 0.525 0.23593750000000008 0.525
0 0.13125000000000006 0.378125 0.018750000000000044 0.378125 0.018750000000000055 0.5640625 0.1312500000000001 0.5640625
0 0.12343750000000005 0.225 0.07656250000000002 0.225 0.07656250000000003 0.35625 0.12343750000000005 0.35625
0 0.24375000000000005 0.153125 0.09375000000000003 0.153125 0.09375000000000003 0.365625 0.24375000000000008 0.365625
0 0.3609375 0.2140625 0.2296875 0.2140625 0.22968750000000004 0.4109375 0.3609375000000001 0.4109375
0 0.39375000000000004 0.35625000000000007 0.2265625 0.35625 0.22656250000000006 0.4546875 0.3937500000000001 0.4546875
0 0.459375 0.4109375 0.3937500000000001 0.4109375 0.3937500000000001 0.4984375 0.459375 0.4984375
0 0.5015625 0.48125 0.403125 0.48125 0.403125 0.6609375 0.5015625 0.6609375
0 0.4 0.415625 0.30156250000000007 0.415625 0.30156250000000007 0.5734375 0.4 0.5734375
0 0.18906250000000002 0.010937500000000015 0.0578125 0.010937500000000008 0.05781250000000001 0.2078125 0.18906250000000005 0.2078125
0 0.290625 2.8511308292649316e-17 0.175 2.143131898507868e-17 0.175 0.17500000000000002 0.290625 0.17500000000000004
0 0.3734375 3.8844265660455115e-17 0.2609375 3.195562741525125e-17 0.2609375 0.05937500000000003 0.3734375 0.059375000000000046
0 0.515625 5.443937724334719e-17 0.3734375 4.573290390565898e-17 0.3734375 0.09218750000000006 0.515625 0.09218750000000006
0 0.6578125 7.347880794884119e-17 0.5421875 6.639881864127056e-17 0.5421875 0.17500000000000007 0.6578125 0.1750000000000001
0 0.75625 8.572527594031472e-17 0.64375 7.883663769511086e-17 0.64375 0.06562500000000009 0.75625 0.06562500000000009
0 0.8609375 9.873714818125537e-17 0.7515625 9.203986099841827e-17 0.7515625 0.0593750000000001 0.8609375 0.05937500000000011
0 0.734375 0.1921875000000001 0.6296875 0.1921875000000001 0.6296875 0.3890625000000001 0.734375 0.3890625000000001
0 0.6328125 0.15312500000000007 0.5125 0.15312500000000004 0.5125 0.3437500000000001 0.6328125 0.3437500000000001
0 0.5453125 0.054687500000000056 0.4328125 0.05468750000000004 0.4328125 0.2515625000000001 0.5453125 0.2515625000000001
0 0.465625 0.19687500000000005 0.3640625 0.19687500000000005 0.36406250000000007 0.3984375000000001 0.465625 0.3984375000000001
0 0.4140625 0.05468750000000004 0.2984375 0.05468750000000004 0.2984375 0.22343750000000004 0.4140625 0.2234375000000001
0 0.44375 0.08125000000000004 0.403125 0.08125000000000004 0.403125 0.21875000000000008 0.44375 0.21875000000000008
0 0.640625 0.3500000000000001 0.5203125 0.3500000000000001 0.5203125 0.5296875 0.640625 0.5296875
0 0.7390625 0.4000000000000001 0.6078125 0.4 0.6078125 0.5750000000000001 0.7390625 0.5750000000000002
0 0.7343750000000001 0.6125 0.575 0.6125 0.5750000000000001 0.846875 0.7343750000000002 0.846875
0 0.5453125000000001 0.678125 0.425 0.678125 0.4250000000000001 0.8796875 0.5453125000000002 0.8796875
0 0.6296875000000001 0.5625 0.4953125 0.5625 0.4953125000000001 0.78125 0.6296875000000002 0.78125
0 0.43281250000000016 0.74375 0.3046875000000001 0.74375 0.3046875000000001 0.9015625 0.43281250000000016 0.9015625
0 0.3203125000000001 0.7328125 0.26250000000000007 0.7328125 0.26250000000000007 0.9078125 0.3203125000000001 0.9078125
0 0.4406250000000001 0.5734375 0.2984375000000001 0.5734375 0.2984375000000001 0.7875 0.44062500000000016 0.7875
0 0.5421875 0.2671875000000001 0.4328125 0.2671875000000001 0.4328125 0.459375 0.5421875 0.459375
0 0.4734375 0.3937500000000001 0.3937500000000001 0.3937500000000001 0.3937500000000001 0.496875 0.4734375 0.496875