0 0.996875 0.3109375000000001 0.5875 0.3109375000000001 0.5875000000000001 0.9953125 0.996875 0.9953125
0 0.996875 0.1437500000000001 0.803125 0.1437500000000001 0.803125 0.6281250000000002 0.996875 0.6281250000000002
0 0.825 0.39531250000000007 0.6484375 0.39531250000000007 0.6484375 0.5671875000000001 0.825 0.5671875000000002
0 0.996875 1.0533875983290906e-16 0.7234375 8.859554187581634e-17 0.7234375 0.4000000000000001 0.996875 0.4000000000000002
0 0.8203125 7.1947999449907e-17 0.3546875 4.343669115725768e-17 0.35468750000000004 0.5000000000000001 0.8203125 0.5000000000000002
0 0.6671875 0.35000000000000003 0.21875 0.35 0.21875000000000006 0.99375 0.6671875000000002 0.99375
0 0.3046875000000001 0.534375 6.544206332943669e-17 0.534375 9.366634502853585e-17 0.9953125 0.3046875000000001 0.9953125
0 0.35156250000000006 0.12343750000000002 0.050000000000000024 0.1234375 0.050000000000000044 0.534375 0.3515625000000001 0.534375
0 0.4234375 3.865291459808833e-17 0.2078125 2.5449691294780934e-17 0.2078125 0.18906250000000005 0.4234375 0.18906250000000005
0 0.2109375 1.291619670975724e-17 0 0 1.6264840301175783e-17 0.265625 0.2109375 0.265625
0 0.050000000000000044 0.271875 3.329508485181867e-17 0.271875 5.443937724334719e-17 0.6171875 0.050000000000000065 0.6171875
0 0.9953125 6.09453133638175e-17 0 0 6.084963783263412e-17 0.99375 0.9953125 0.99375