0 0.2671875000000001 0.5609375 0.057812500000000065 0.5609375 0.057812500000000086 0.996875 0.2671875000000001 0.996875
0 0.5859375000000001 0.5953125 0.20468750000000008 0.5953125 0.20468750000000008 0.9953125 0.5859375000000002 0.9953125
0 0.8890625 0.5062500000000001 0.2968750000000001 0.50625 0.2968750000000001 0.9953125 0.8890625 0.9953125
0 0.9953125 0.36406250000000007 0.76875 0.36406250000000007 0.76875 0.7953125000000002 0.9953125 0.7953125000000002
0 0.9953125 0.6265625000000001 0.7875 0.6265625000000001 0.7875000000000001 0.9953125 0.9953125 0.9953125
0 0.8984375 0.5468750000000001 0.6 0.546875 0.6000000000000001 0.9953125 0.8984375 0.9953125
0 0.9953125 0.4406250000000001 5.3960999587430256e-17 0.440625 7.433988772949168e-17 0.7734375000000001 0.9953125 0.7734375000000002
0 0.0625000000000001 0.7640625 9.357066949735246e-17 0.7640625 1.0179876517912375e-16 0.8984375 0.06250000000000011 0.8984375
0 0.34218750000000003 2.095294132916175e-17 0 0 3.807886141098801e-17 0.621875 0.3421875000000001 0.621875
0 0.9953125 6.668584523482072e-17 0.09375 1.1481063742006437e-17 0.09375000000000003 0.6312500000000001 0.9953125 0.6312500000000002
0 0.9953125 0.021875000000000082 0.3375 0.02187500000000004 0.3375 0.6312500000000001 0.9953125 0.6312500000000002
0 0.696875 6.659016970363734e-17 0.390625 4.7837765591693485e-17 0.390625 0.15937500000000007 0.696875 0.1593750000000001
0 0.50625 0.048437500000000036 0.0625 0.04843750000000001 0.06250000000000001 0.20000000000000004 0.50625 0.2000000000000001
0 0.35625000000000007 0.240625 2.9468063604483184e-17 0.240625 3.846156353572156e-17 0.3875 0.35625000000000007 0.3875
0 0.16875 0.1203125 0.021875000000000016 0.1203125 0.021875000000000023 0.240625 0.16875000000000004 0.240625
0 0.048437500000000015 2.9659414666849968e-18 0 0 1.6551866894725943e-17 0.2703125 0.048437500000000036 0.2703125