0 0.95625 0.7859375000000002 0.7484375000000002 0.7859375000000002 0.7484375000000002 0.9375 0.95625 0.9375
0 0.9953125 0.934375 0.7328125000000002 0.934375 0.7328125000000002 0.996875 0.9953125 0.996875
0 0.9953125 0.840625 0.9515625 0.840625 0.9515625 0.93125 0.9953125 0.93125
0 0.7484375000000002 0.8296875 0.5140625000000002 0.8296875 0.5140625000000002 0.978125 0.7484375000000002 0.978125
0 0.7437500000000001 0.9453125 0.6453125000000002 0.9453125 0.6453125000000002 0.996875 0.7437500000000001 0.996875
0 0.7656250000000002 0.846875 0.6718750000000002 0.846875 0.6718750000000002 0.953125 0.7656250000000002 0.953125
0 0.4812500000000002 0.928125 0.26250000000000007 0.928125 0.26250000000000007 0.996875 0.4812500000000002 0.996875
0 0.6125000000000002 0.928125 0.4265625000000002 0.928125 0.4265625000000002 0.996875 0.6125000000000002 0.996875
0 0.5531250000000002 0.8 0.3343750000000001 0.8 0.3343750000000001 0.9234375 0.5531250000000002 0.9234375
0 0.6171875000000001 0.6734375 0.3984375000000001 0.6734375 0.3984375000000001 0.8109375 0.6171875000000002 0.8109375
0 0.7265625000000001 0.7234375000000001 0.5296875 0.7234375 0.5296875000000001 0.8359375 0.7265625000000002 0.8359375
0 0.9453125 0.6546875000000001 0.69375 0.6546875 0.6937500000000001 0.7921875 0.9453125 0.7921875000000002
0 0.9953125 0.5937500000000002 0.9015625 0.5937500000000002 0.9015625 0.7390625000000002 0.9953125 0.7390625000000002
0 0.9953125 0.7343750000000002 0.896875 0.7343750000000002 0.896875 0.840625 0.9953125 0.840625
0 0.3781250000000001 0.6140625 0.1375000000000001 0.6140625 0.1375000000000001 0.796875 0.3781250000000001 0.796875
0 0.31718750000000007 0.796875 0.10312500000000009 0.796875 0.1031250000000001 0.9484375 0.31718750000000007 0.9484375
0 0.1468750000000001 0.6578125 8.055879725641184e-17 0.6578125 8.945662165646683e-17 0.803125 0.1468750000000001 0.803125
0 0.16406250000000006 0.5125 6.276314845630185e-17 0.5125 7.233070157464055e-17 0.66875 0.16406250000000008 0.66875
0 0.3437500000000001 0.4515625 0.15312500000000004 0.4515625 0.15312500000000007 0.61875 0.3437500000000001 0.61875
0 0.5859375 0.509375 0.3125000000000001 0.509375 0.3125000000000001 0.6828125 0.5859375 0.6828125
0 0.74375 0.3750000000000001 0.475 0.3750000000000001 0.475 0.5531250000000001 0.74375 0.5531250000000002
0 0.9953125 0.47968750000000016 0.7765625 0.47968750000000016 0.7765625 0.5968750000000002 0.9953125 0.5968750000000002
0 0.86875 0.5562500000000001 0.6015625 0.55625 0.6015625 0.7125000000000001 0.86875 0.7125000000000001
0 0.74375 0.5015625000000001 0.525 0.5015625 0.525 0.6250000000000001 0.74375 0.6250000000000002
0 0.9953125 0.30156250000000007 0.7765625 0.30156250000000007 0.7765625 0.48437500000000017 0.9953125 0.48437500000000017
0 0.9953125 0.30937500000000007 0.8796875 0.30937500000000007 0.8796875 0.3421875000000001 0.9953125 0.3421875000000001
0 0.8640625 0.2484375000000001 0.6171875 0.2484375000000001 0.6171875 0.3937500000000001 0.8640625 0.3937500000000001
0 0.9953125 0.11250000000000011 0.759375 0.11250000000000009 0.759375 0.2906250000000001 0.9953125 0.2906250000000001
0 0.9953125 1.0983550979852825e-16 0.7984375 9.778039286942148e-17 0.7984375 0.12031250000000011 0.9953125 0.12031250000000013
0 0.825 0.14218750000000008 0.634375 0.14218750000000008 0.634375 0.2468750000000001 0.825 0.2468750000000001
0 0.6390625 0.15000000000000008 0.3984375 0.15000000000000005 0.3984375 0.3062500000000001 0.6390625 0.3062500000000001
0 0.6390625 0.2656250000000001 0.4265625 0.2656250000000001 0.4265625 0.3453125000000001 0.6390625 0.3453125000000001
0 0.628125 0.3421875000000001 0.4265625 0.3421875000000001 0.4265625 0.465625 0.628125 0.465625
0 0.4328125 0.2984375 0.17031250000000003 0.2984375 0.17031250000000003 0.44375 0.4328125 0.44375
0 0.27812500000000007 0.375 0.09843750000000004 0.375 0.09843750000000005 0.50625 0.27812500000000007 0.50625
0 0.16875000000000004 0.3265625 3.999237203465575e-17 0.3265625 5.070803152719509e-17 0.5015625 0.16875000000000004 0.5015625
0 0.24062500000000003 0.2265625 2.7745904043182222e-17 0.2265625 3.731345716152092e-17 0.3828125 0.2406250000000001 0.3828125
0 0.44375 0.17500000000000002 0.1703125 0.175 0.17031250000000003 0.33125000000000004 0.44375 0.3312500000000001
0 0.2625 0.06562500000000002 0.04375000000000001 0.065625 0.043750000000000025 0.2296875 0.2625 0.2296875
0 0.4703125 0.01875000000000004 0.2125 0.018750000000000027 0.2125 0.16406250000000006 0.4703125 0.16406250000000006
0 0.6171875 6.352855270576895e-17 0.4203125 5.147343577666219e-17 0.4203125 0.09531250000000005 0.6171875 0.09531250000000006
0 0.803125 8.189825469297925e-17 0.534375 6.544206332943669e-17 0.534375 0.13750000000000007 0.803125 0.1375000000000001
0 0.3125 2.554536682596432e-17 0.1046875 1.2820521178573852e-17 0.1046875 0.07343750000000003 0.3125 0.07343750000000004
0 0.109375 0.007812500000000007 9.567553118338697e-19 0.0078125 7.175664838754023e-18 0.109375 0.109375 0.109375
0 0.11406250000000002 0.1484375 1.8178350924843523e-17 0.1484375 2.7076175324898514e-17 0.29375 0.11406250000000004 0.29375
0 0.9953125 6.09453133638175e-17 0 0 6.104098889500089e-17 0.996875 0.9953125 0.996875