0 0.8515625 0.42656250000000007 0.7171875 0.4265625 0.7171875 0.6796875000000001 0.8515625 0.6796875000000002
0 0.8390625 0.6234375000000001 0.684375 0.6234375 0.6843750000000001 0.9140625 0.8390625 0.9140625
0 0.9171875 0.815625 0.7984375000000001 0.815625 0.7984375000000001 0.9140625 0.9171875 0.9140625
0 0.7437500000000001 0.821875 0.6859375000000002 0.821875 0.6859375000000002 0.9265625 0.7437500000000001 0.9265625
0 0.6859375000000002 0.815625 0.6406250000000002 0.815625 0.6406250000000002 0.9203125 0.6859375000000002 0.9203125
0 0.6531250000000001 0.6671875 0.4921875 0.6671875 0.4921875000000001 0.9015625 0.6531250000000002 0.9015625
0 0.5312500000000001 0.5125 0.3984375000000001 0.5125 0.3984375000000001 0.759375 0.5312500000000002 0.759375
0 0.4375 0.21718750000000003 0.2703125 0.2171875 0.27031250000000007 0.4453125 0.4375 0.4453125
0 0.5281250000000001 0.6859375 0.30937500000000007 0.6859375 0.30937500000000007 0.9265625 0.5281250000000002 0.9265625
0 0.3593750000000001 0.8640625 0.21250000000000008 0.8640625 0.21250000000000008 0.9453125 0.3593750000000001 0.9453125
0 0.3046875000000001 0.703125 0.21875000000000008 0.703125 0.21875000000000008 0.8828125 0.3046875000000001 0.8828125
0 0.22812500000000008 0.8203125 0.1609375000000001 0.8203125 0.16093750000000012 0.9078125 0.22812500000000008 0.9078125
0 0.1906250000000001 0.746875 0.0750000000000001 0.746875 0.0750000000000001 0.9078125 0.19062500000000013 0.9078125
0 0.08125000000000011 0.8203125 0.0296875000000001 0.8203125 0.029687500000000106 0.8828125 0.08125000000000011 0.8828125
0 0.7015625 0.53125 0.6015625 0.53125 0.6015625 0.721875 0.7015625 0.721875
0 0.6140625 0.6171875 0.56875 0.6171875 0.56875 0.703125 0.6140625 0.703125
0 0.6078125 0.4328125 0.4953125 0.4328125 0.4953125 0.6546875 0.6078125 0.6546875
0 0.4828125 0.43125 0.4375 0.43125 0.4375 0.5125 0.4828125 0.5125
0 0.540625 0.39531250000000007 0.4890625 0.39531250000000007 0.4890625 0.475 0.540625 0.475
0 0.6296875 0.36406250000000007 0.553125 0.36406250000000007 0.553125 0.48125 0.6296875 0.48125
0 0.675 0.45625 0.6265625 0.45625 0.6265625 0.5375 0.675 0.5375
0 0.20312500000000006 0.18593750000000003 0.03906250000000002 0.1859375 0.03906250000000004 0.4640625 0.20312500000000008 0.4640625
0 0.20625000000000004 0.246875 0.15156250000000004 0.246875 0.15156250000000004 0.3890625 0.2062500000000001 0.3890625
0 0.20625 0.19062500000000002 0.11562500000000005 0.190625 0.11562500000000005 0.284375 0.20625 0.284375
0 0.04218750000000004 0.240625 0.009375000000000031 0.240625 0.009375000000000038 0.3515625 0.042187500000000044 0.3515625
0 0.340625 0.12968750000000004 0.2796875 0.12968750000000004 0.2796875 0.221875 0.340625 0.221875
0 0.465625 0.17968750000000006 0.3921875 0.17968750000000006 0.3921875 0.2843750000000001 0.465625 0.2843750000000001
0 0.5015625 0.054687500000000056 0.434375 0.05468750000000004 0.434375 0.14218750000000005 0.5015625 0.14218750000000005
0 0.5859375 0.09218750000000006 0.528125 0.09218750000000006 0.528125 0.16718750000000007 0.5859375 0.1671875000000001
0 0.640625 0.1921875000000001 0.559375 0.1921875000000001 0.559375 0.30937500000000007 0.640625 0.30937500000000007
0 0.640625 0.056250000000000064 0.2828125 0.05625000000000004 0.2828125 0.4203125 0.640625 0.4203125
0 0.7046875 0.4328125 0.6328125 0.4328125 0.6328125 0.5375 0.7046875 0.5375
0 0.8515625 0.08593750000000008 0.5953125 0.08593750000000007 0.5953125 0.48125000000000007 0.8515625 0.4812500000000002