0 0.8 0.2734375000000001 0.4359375 0.2734375000000001 0.4359375000000001 0.7656250000000001 0.8 0.7656250000000002
0 0.9109375 0.6531250000000001 0.628125 0.653125 0.628125 0.9953125 0.9109375 0.9953125
0 0.996875 0.5625000000000002 0.88125 0.5625000000000002 0.88125 0.9046875 0.996875 0.9046875
0 0.996875 0.85625 0.8921875 0.85625 0.8921875 0.9953125 0.996875 0.9953125
0 0.996875 0.1656250000000001 0.7734375 0.16562500000000008 0.7734375 0.5781250000000002 0.996875 0.5781250000000002
0 0.996875 1.1002686086089502e-16 0.8 9.797174393178826e-17 0.8 0.17656250000000012 0.996875 0.17656250000000012
0 0.80625 7.988906853812813e-17 0.4984375 6.104098889500089e-17 0.4984375 0.18750000000000006 0.80625 0.18750000000000008
0 0.80625 0.16562500000000008 0.5359375 0.16562500000000005 0.5359375 0.3906250000000001 0.80625 0.3906250000000001
0 0.6843750000000002 0.85 0.48750000000000016 0.85 0.48750000000000016 0.9953125 0.6843750000000002 0.9953125
0 0.6468750000000002 0.728125 0.4828125000000002 0.728125 0.4828125000000002 0.8671875 0.6468750000000002 0.8671875
0 0.5437500000000001 0.5359375 0.38750000000000007 0.5359375 0.38750000000000007 0.7765625 0.5437500000000002 0.7765625
0 0.5390625 0.18750000000000006 0.3234375 0.18750000000000006 0.32343750000000004 0.465625 0.5390625 0.465625
0 0.56875 5.597018574228137e-17 0.3453125 4.228858478305704e-17 0.3453125 0.29375000000000007 0.56875 0.29375000000000007
0 0.375 3.664372844323721e-17 0.2234375 2.7363201918448673e-17 0.2234375 0.13906250000000003 0.375 0.13906250000000003
0 0.290625 0.042187500000000024 0.115625 0.04218750000000001 0.11562500000000002 0.315625 0.290625 0.315625
0 0.3578125 0.12812500000000004 0.290625 0.12812500000000004 0.290625 0.2359375 0.3578125 0.2359375
0 0.27812500000000007 0.3265625 0.18593750000000003 0.3265625 0.18593750000000003 0.4921875 0.27812500000000007 0.4921875
0 0.36875 0.2515625 0.271875 0.2515625 0.27187500000000003 0.44375 0.3687500000000001 0.44375
0 0.3906250000000001 0.44375 0.24218750000000008 0.44375 0.24218750000000008 0.66875 0.3906250000000001 0.66875
0 0.3156250000000001 0.6796875 0.2562500000000001 0.6796875 0.2562500000000001 0.8078125 0.3156250000000001 0.8078125
0 0.4312500000000001 0.675 0.3156250000000001 0.675 0.3156250000000001 0.803125 0.4312500000000002 0.803125
0 0.5203125000000002 0.759375 0.3609375000000001 0.759375 0.3609375000000001 0.9625 0.5203125000000002 0.9625
0 0.5656250000000002 0.9578125 0.40937500000000016 0.9578125 0.40937500000000016 0.9953125 0.5656250000000002 0.9953125
0 0.2968750000000001 0.6 0.1859375000000001 0.6 0.1859375000000001 0.7390625 0.2968750000000001 0.7390625
0 0.21250000000000008 0.4765625 0.12656250000000005 0.4765625 0.12656250000000008 0.5890625 0.21250000000000008 0.5890625
0 0.18593750000000003 0.284375 0.07812500000000004 0.284375 0.07812500000000006 0.471875 0.18593750000000003 0.471875
0 0.12656250000000008 0.421875 0.026562500000000055 0.421875 0.026562500000000062 0.5828125 0.12656250000000008 0.5828125
0 0.10781250000000002 0.18125 2.2196723234545777e-17 0.18125 3.339076038300205e-17 0.3640625 0.10781250000000005 0.3640625
0 0.08906250000000002 0.026562500000000006 0.010937500000000003 0.0265625 0.010937500000000013 0.171875 0.08906250000000002 0.171875
0 0.196875 0.010937500000000018 0.0890625 0.010937500000000011 0.08906250000000002 0.16562500000000002 0.196875 0.16562500000000005
0 0.2265625 2.4110233858213517e-17 0.1671875 2.0474563673244812e-17 0.1671875 0.042187500000000024 0.2265625 0.042187500000000024
0 0.1640625 1.2055116929106758e-17 0.0328125 4.018372309702252e-18 0.03281250000000001 0.04843750000000001 0.1640625 0.04843750000000002
0 0.8859375 0.3531250000000001 0.740625 0.3531250000000001 0.740625 0.41718750000000016 0.8859375 0.41718750000000016