0 0.184375 1.1289712679639661e-17 0 0 6.218909526920154e-18 0.10156250000000003 0.184375 0.10156250000000004
0 0.4796875 3.74091326927043e-17 0.13125 1.607348923880901e-17 0.13125 0.12812500000000002 0.4796875 0.12812500000000004
0 0.9953125 8.993499931238375e-17 0.4734375 5.79793718971325e-17 0.4734375 0.1703125000000001 0.9953125 0.17031250000000014
0 0.921875 0.10937500000000011 0.753125 0.10937500000000008 0.753125 0.2687500000000001 0.921875 0.2687500000000001
0 0.9953125 1.1385388210823048e-16 0.8640625 1.0581713748882599e-16 0.8640625 0.03750000000000012 0.9953125 0.037500000000000124
0 0.7953125 0.026562500000000072 0.321875 0.026562500000000044 0.321875 0.37343750000000003 0.7953125 0.3734375000000001
0 0.9953125 0.31718750000000007 0.5578125 0.31718750000000007 0.5578125 0.6484375000000001 0.9953125 0.6484375000000002
0 0.9953125 0.17812500000000012 0.753125 0.1781250000000001 0.753125 0.3921875000000001 0.9953125 0.3921875000000001
0 0.5265625 0.31250000000000006 0.046875000000000035 0.3125 0.046875000000000056 0.6265625 0.5265625 0.6265625
0 0.3421875000000001 0.6265625 0.20468750000000008 0.6265625 0.20468750000000008 0.7390625 0.3421875000000001 0.7390625
0 0.6109375000000001 0.6078125 0.2796875000000001 0.6078125 0.2796875000000001 0.875 0.6109375000000001 0.875
0 0.44843750000000016 0.86875 0.40625000000000017 0.86875 0.40625000000000017 0.8953125 0.44843750000000016 0.8953125
0 0.5734375000000002 0.853125 0.5375000000000002 0.853125 0.5375000000000002 0.875 0.5734375000000002 0.875
0 0.5796875000000001 0.875 0.5578125000000002 0.875 0.5578125000000002 0.890625 0.5796875000000001 0.890625
0 0.5531250000000002 0.8984375 0.5000000000000002 0.8984375 0.5000000000000002 0.928125 0.5531250000000002 0.928125
0 0.7046875000000001 0.9015625 0.6687500000000002 0.9015625 0.6687500000000002 0.928125 0.7046875000000001 0.928125
0 0.3906250000000001 0.925 0.34843750000000007 0.925 0.34843750000000007 0.946875 0.3906250000000001 0.946875
0 0.11093750000000006 0.4828125 5.912747827133314e-17 0.4828125 7.166097285635683e-17 0.6875 0.11093750000000009 0.6875
0 0.9953125 0.5890625000000002 0.8796875 0.5890625000000002 0.8796875 0.7437500000000001 0.9953125 0.7437500000000001
0 0.9265625 0.7468750000000001 0.7203125000000001 0.746875 0.7203125000000001 0.94375 0.9265625 0.94375
0 0.7312500000000002 0.7390625000000001 0.6109375000000001 0.7390625 0.6109375000000001 0.871875 0.7312500000000002 0.871875
0 0.7156250000000001 0.6609375 0.615625 0.6609375 0.6156250000000001 0.759375 0.7156250000000002 0.759375
0 0.8578125 0.6453125000000001 0.684375 0.6453125 0.6843750000000001 0.7281250000000001 0.8578125 0.7281250000000001
0 0.32656250000000003 0.06718750000000002 8.228095681771279e-18 0.0671875 2.7937255105548996e-17 0.3890625 0.3265625000000001 0.3890625