0 0.12031250000000009 0.7 0.06250000000000008 0.7 0.06250000000000008 0.803125 0.12031250000000009 0.803125
0 0.17343750000000008 0.7875 0.11250000000000009 0.7875 0.11250000000000009 0.86875 0.17343750000000008 0.86875
0 0.2062500000000001 0.7328125 0.1375000000000001 0.7328125 0.1375000000000001 0.83125 0.2062500000000001 0.83125
0 0.3046875000000001 0.6828125 0.1781250000000001 0.6828125 0.1781250000000001 0.83125 0.3046875000000001 0.83125
0 0.3156250000000001 0.721875 0.2468750000000001 0.721875 0.2468750000000001 0.8203125 0.3156250000000001 0.8203125
0 0.2906250000000001 0.803125 0.1781250000000001 0.803125 0.17812500000000012 0.9671875 0.2906250000000001 0.9671875
0 0.22812500000000008 0.8578125 0.15625000000000008 0.8578125 0.1562500000000001 0.95625 0.22812500000000008 0.95625
0 0.1640625000000001 0.7703125 0.09531250000000009 0.7703125 0.0953125000000001 0.9296875 0.16406250000000014 0.9296875
0 0.2500000000000001 0.9234375 0.16250000000000014 0.9234375 0.16250000000000014 0.9953125 0.2500000000000001 0.9953125
0 0.2968750000000001 0.8796875 0.23593750000000008 0.8796875 0.23593750000000008 0.9953125 0.2968750000000001 0.9953125
0 0.3703125000000001 0.7484375 0.28593750000000007 0.7484375 0.28593750000000007 0.9953125 0.3703125000000001 0.9953125
0 0.3843750000000001 0.896875 0.3265625000000001 0.896875 0.3265625000000001 0.9671875 0.3843750000000001 0.9671875
0 0.5109375000000002 0.8640625 0.3218750000000001 0.8640625 0.3218750000000001 0.9953125 0.5109375000000002 0.9953125
0 0.5218750000000002 0.809375 0.3765625000000001 0.809375 0.3765625000000001 0.9625 0.5218750000000002 0.9625
0 0.5000000000000002 0.7265625 0.38750000000000007 0.7265625 0.38750000000000007 0.8578125 0.5000000000000002 0.8578125
0 0.5218750000000001 0.634375 0.4125 0.634375 0.4125000000000001 0.7265625 0.5218750000000002 0.7265625
0 0.4890625 0.60625 0.4125 0.60625 0.4125 0.6671875 0.4890625 0.6671875
0 0.5875 0.5796875 0.4640625 0.5796875 0.4640625 0.6453125 0.5875 0.6453125
0 0.7 0.546875 0.5546875 0.546875 0.5546875 0.6171875 0.7 0.6171875
0 0.8015625 0.5296875000000001 0.6640625 0.5296875 0.6640625 0.6500000000000001 0.8015625 0.6500000000000001
0 0.8328125 0.628125 0.725 0.628125 0.7250000000000001 0.7984375000000001 0.8328125 0.7984375000000001
0 0.8625 0.6343750000000001 0.7890625 0.6343750000000001 0.7890625 0.7218750000000002 0.8625 0.7218750000000002
0 0.890625 0.7000000000000001 0.725 0.7 0.7250000000000001 0.9953125 0.890625 0.9953125
0 0.996875 0.7156250000000002 0.8875 0.7156250000000002 0.8875 0.7984375000000001 0.996875 0.7984375000000001
0 0.996875 0.7984375000000001 0.884375 0.7984375000000001 0.884375 0.978125 0.996875 0.978125
0 0.5046875000000002 0.7328125 0.4031250000000002 0.7328125 0.4031250000000002 0.875 0.5046875000000002 0.875
0 0.6343750000000001 0.69375 0.496875 0.69375 0.49687500000000007 0.8421875 0.6343750000000001 0.8421875
0 0.76875 0.7046875000000001 0.5546875 0.7046875 0.5546875000000001 0.9953125 0.7687500000000002 0.9953125
0 0.3671875000000001 0.5578125 0.2218750000000001 0.5578125 0.2218750000000001 0.678125 0.3671875000000001 0.678125
0 0.2750000000000001 0.60625 0.12343750000000009 0.60625 0.12343750000000009 0.7328125 0.2750000000000001 0.7328125
0 0.446875 0.5796875 0.30156250000000007 0.5796875 0.30156250000000007 0.7109375 0.446875 0.7109375
0 0.3843750000000001 0.503125 0.3109375000000001 0.503125 0.3109375000000001 0.590625 0.3843750000000001 0.590625
0 0.5109375 0.4484375 0.453125 0.4484375 0.453125 0.5078125 0.5109375 0.5078125
0 0.5734375 0.4859375 0.4390625 0.4859375 0.4390625 0.5734375 0.5734375 0.5734375
0 0.7109375 0.503125 0.51875 0.503125 0.51875 0.546875 0.7109375 0.546875
0 0.571875 0.054687500000000056 0.4203125 0.05468750000000004 0.4203125 0.2406250000000001 0.571875 0.2406250000000001
0 0.8625 0.03281250000000009 0.55 0.032812500000000064 0.55 0.3390625000000001 0.8625 0.3390625000000001
0 0.79375 0.26250000000000007 0.6015625 0.26250000000000007 0.6015625 0.5734375 0.79375 0.5734375000000002
0 0.6734375 0.17031250000000006 0.478125 0.17031250000000003 0.478125 0.3781250000000001 0.6734375 0.3781250000000001
0 0.615625 0.18593750000000006 0.4203125 0.18593750000000003 0.4203125 0.5296875 0.615625 0.5296875
0 0.4640625 0.2843750000000001 0.3875 0.2843750000000001 0.3875 0.3437500000000001 0.4640625 0.3437500000000001
0 0.4234375 0.24062500000000003 0.3515625 0.240625 0.3515625 0.321875 0.4234375 0.3218750000000001
0 0.4609375 0.15937500000000004 0.3765625 0.15937500000000004 0.3765625 0.20312500000000008 0.4609375 0.20312500000000008
0 0.478125 0.3500000000000001 0.4125 0.3500000000000001 0.4125 0.3984375000000001 0.478125 0.3984375000000001
0 0.278125 2.7458877449632062e-17 0.1703125 2.085726579797836e-17 0.1703125 0.15781250000000002 0.278125 0.15781250000000005
0 0.3484375 3.8174536942171404e-17 0.275 3.367778697655221e-17 0.275 0.17500000000000004 0.3484375 0.17500000000000004
0 0.4296875 4.6689659217492845e-17 0.3328125 4.075777628412285e-17 0.3328125 0.16875000000000004 0.4296875 0.16875000000000004
0 0.996875 1.1624577038781518e-16 0.9015625 1.1040956298562856e-16 0.9015625 0.3062500000000001 0.996875 0.3062500000000001
0 0.9265625 1.0438200452107518e-16 0.778125 9.529282905865343e-17 0.778125 0.2562500000000001 0.9265625 0.2562500000000001
0 0.8078125 8.649068018978182e-17 0.6046875 7.405286113594152e-17 0.6046875 0.07031250000000008 0.8078125 0.07031250000000008