0 0.8375 0.946875 0.5750000000000002 0.946875 0.5750000000000002 0.996875 0.8375 0.996875
0 0.99375 0.8046875 0.7750000000000001 0.8046875 0.7750000000000001 0.9953125 0.99375 0.9953125
0 0.99375 0.6921875000000002 0.95625 0.6921875000000002 0.95625 0.8078125 0.99375 0.8078125
0 0.7750000000000001 0.7796875000000001 0.4750000000000002 0.7796875 0.4750000000000002 0.9703125 0.7750000000000001 0.9703125
0 0.95625 0.6546875000000001 0.65 0.6546875 0.6500000000000001 0.8375 0.95625 0.8375
0 0.99375 0.5046875000000002 0.8 0.5046875000000002 0.8 0.6875000000000002 0.99375 0.6875000000000002
0 0.5500000000000002 0.9 0.21250000000000008 0.9 0.21250000000000008 0.9953125 0.5500000000000002 0.9953125
0 0.2750000000000001 0.8046875 9.854579711888858e-17 0.8046875 1.1021821192326179e-16 0.9953125 0.2750000000000001 0.9953125
0 0.51875 0.6953125 0.18125000000000008 0.6953125 0.18125000000000008 0.9 0.5187500000000002 0.9
0 0.7125000000000001 0.559375 0.4 0.559375 0.4000000000000001 0.771875 0.7125000000000001 0.771875
0 0.84375 0.43437500000000007 0.5375 0.434375 0.5375 0.6093750000000001 0.84375 0.6093750000000002
0 0.99375 0.3671875000000001 0.83125 0.3671875000000001 0.83125 0.5046875000000002 0.99375 0.5046875000000002
0 0.99375 0.25468750000000007 0.8375 0.25468750000000007 0.8375 0.3750000000000001 0.99375 0.3750000000000001
0 0.99375 0.12968750000000012 0.79375 0.1296875000000001 0.79375 0.2671875000000001 0.99375 0.2671875000000001
0 0.99375 0.03750000000000012 0.925 0.03750000000000011 0.925 0.12500000000000014 0.99375 0.12500000000000014
0 0.91875 0.025000000000000095 0.66875 0.025000000000000078 0.66875 0.17031250000000012 0.91875 0.17031250000000014
0 0.99375 1.0907010554906115e-16 0.7875 9.644093543285407e-17 0.7875 0.0828125000000001 0.99375 0.08281250000000011
0 0.775 7.921933981984441e-17 0.51875 6.352855270576895e-17 0.51875 0.07031250000000008 0.775 0.07031250000000008
0 0.66875 0.05468750000000007 0.3875 0.05468750000000004 0.3875 0.2078125000000001 0.66875 0.2078125000000001
0 0.8 0.16250000000000006 0.53125 0.16250000000000003 0.53125 0.3046875000000001 0.8 0.3046875000000001
0 0.86875 0.2921875000000001 0.58125 0.2921875000000001 0.58125 0.4328125000000001 0.86875 0.43281250000000016
0 0.5125 4.7837765591693485e-17 0.26875 3.2912382727085115e-17 0.26875 0.09531250000000005 0.5125 0.09531250000000006
0 0.2875 2.525834023241416e-17 0.125 1.5308084989341915e-17 0.125 0.042187500000000024 0.2875 0.04218750000000003
0 0.14375 8.802148868871602e-18 0 0 6.601611651653701e-18 0.1078125 0.14375 0.1078125
0 0.35625 0.054687500000000035 0.09375 0.05468750000000002 0.09375000000000001 0.2078125 0.35625 0.2078125
0 0.5 0.15937500000000004 0.23125 0.15937500000000004 0.23125 0.321875 0.5 0.3218750000000001
0 0.575 0.26250000000000007 0.31875 0.2625 0.31875000000000003 0.4375 0.575 0.4375
0 0.53125 0.4171875 0.2562500000000001 0.4171875 0.2562500000000001 0.575 0.53125 0.575
0 0.3937500000000001 0.5421875 0.07500000000000007 0.5421875 0.07500000000000008 0.7203125 0.3937500000000001 0.7203125
0 0.1437500000000001 0.6578125 8.055879725641184e-17 0.6578125 9.079607909303425e-17 0.825 0.1437500000000001 0.825
0 0.16875000000000007 0.4421875 5.415235064979703e-17 0.4421875 6.611179204772041e-17 0.6375 0.1687500000000001 0.6375
0 0.32500000000000007 0.3375 0.050000000000000044 0.3375 0.05000000000000006 0.5046875 0.32500000000000007 0.5046875
0 0.24375000000000005 0.2 2.4492935982947065e-17 0.2 3.4921568881936244e-17 0.3703125 0.24375000000000008 0.3703125
0 0.11875000000000002 0.1046875 1.2820521178573852e-17 0.1046875 2.0952941329161746e-17 0.2375 0.11875000000000005 0.2375
0 0.050000000000000044 0.3296875 4.0375074159389303e-17 0.3296875 4.7455063466959936e-17 0.4453125 0.050000000000000044 0.4453125