0 0.28906250000000006 0.07500000000000004 0.096875 0.07500000000000002 0.09687500000000003 0.5421875 0.2890625000000001 0.5421875
0 0.41875000000000007 0.4796875 0.2718750000000001 0.4796875 0.2718750000000001 0.9203125 0.4187500000000002 0.9203125
0 0.21718750000000003 0.3375 4.133182947122317e-17 0.3375 7.26177281681907e-17 0.8484375 0.2171875000000001 0.8484375
0 0.02187500000000007 0.5375 6.582476545417023e-17 0.5375 7.185232391872362e-17 0.6359375 0.02187500000000008 0.6359375
0 0.2484375000000001 0.76875 0.05312500000000009 0.76875 0.0531250000000001 0.9953125 0.2484375000000001 0.9953125
0 0.3828125000000001 0.8265625 0.2750000000000001 0.8265625 0.2750000000000001 0.9953125 0.3828125000000001 0.9953125
0 0.534375 6.027558464553378e-17 0.45 5.5109105961630896e-17 0.45 0.11093750000000005 0.534375 0.11093750000000005
0 0.5828125 6.783395160902136e-17 0.525 6.429395695523604e-17 0.525 0.11562500000000006 0.5828125 0.11562500000000009
0 0.8140625 0.02656250000000009 0.6140625 0.02656250000000008 0.6140625 0.4843750000000001 0.8140625 0.48437500000000017
0 0.9203125 0.3781250000000001 0.7515625 0.3781250000000001 0.7515625000000001 0.9015625 0.9203125 0.9015625
0 0.9875 0.5296875000000002 0.925 0.5296875000000002 0.925 0.6718750000000002 0.9875 0.6718750000000002
0 0.6890625000000001 0.3781250000000001 0.5828125 0.3781250000000001 0.5828125000000001 0.8 0.6890625000000001 0.8
0 0.5859375 0.24375000000000008 0.4625 0.24375000000000008 0.4625 0.7203125 0.5859375 0.7203125
0 0.5687500000000001 0.33281250000000007 0.35625 0.3328125 0.35625000000000007 0.8 0.5687500000000002 0.8