0 0.896875 0.3609375000000001 0.75 0.3609375000000001 0.75 0.5562500000000001 0.896875 0.5562500000000001
0 0.921875 0.32500000000000007 0.81875 0.32500000000000007 0.81875 0.4125000000000002 0.921875 0.4125000000000002
0 0.984375 0.13906250000000012 0.603125 0.1390625000000001 0.603125 0.4750000000000001 0.984375 0.4750000000000002
0 0.7421875 0.21093750000000008 0.5875 0.21093750000000008 0.5875 0.37187500000000007 0.7421875 0.37187500000000007
0 0.9234375 0.4703125000000001 0.509375 0.4703125 0.5093750000000001 0.9546875 0.9234375 0.9546875
0 0.8765625 0.07812500000000006 9.567553118338697e-18 0.078125 3.702643056797076e-17 0.5265625 0.8765625 0.5265625000000002
0 0.3703125000000001 0.6390625 0.11250000000000009 0.6390625 0.11250000000000009 0.85 0.3703125000000001 0.85
0 0.3593750000000001 0.5765625 0.1859375000000001 0.5765625 0.1859375000000001 0.6859375 0.3593750000000001 0.6859375
0 0.15781250000000008 0.5828125 0.03125000000000007 0.5828125 0.031250000000000076 0.76875 0.15781250000000008 0.76875
0 0.7609375 0.3921875 4.802911665406026e-17 0.3921875 8.495987169084762e-17 0.9953125 0.7609375000000002 0.9953125
0 0.5296875 0.26875000000000004 0.2546875 0.26875 0.25468750000000007 0.7015625 0.5296875 0.7015625
0 0.590625 0.24218750000000008 0.409375 0.24218750000000008 0.409375 0.428125 0.590625 0.428125