0 0.38125 0.13906250000000003 0.2109375 0.13906250000000003 0.2109375 0.26562500000000006 0.38125 0.2656250000000001
0 0.453125 0.24218750000000006 0.29375 0.2421875 0.29375000000000007 0.36562500000000003 0.453125 0.3656250000000001
0 0.5 0.38906250000000003 0.34062500000000007 0.3890625 0.34062500000000007 0.496875 0.5 0.496875
0 0.5109375 0.5078125 0.38750000000000007 0.5078125 0.38750000000000007 0.603125 0.5109375 0.603125
0 0.5359375 0.603125 0.3921875000000001 0.603125 0.3921875000000001 0.7078125 0.5359375 0.7078125
0 0.5625000000000001 0.7 0.4171875 0.7 0.4171875000000001 0.8078125 0.5625000000000002 0.8078125
0 0.5875000000000001 0.8 0.43750000000000017 0.8 0.43750000000000017 0.9 0.5875000000000001 0.9
0 0.6546875000000002 0.8078125 0.5625000000000002 0.8078125 0.5625000000000002 0.91875 0.6546875000000002 0.91875
0 0.7484375000000002 0.7812500000000001 0.6296875000000002 0.78125 0.6296875000000002 0.8609375 0.7484375000000002 0.8609375
0 0.753125 0.7000000000000001 0.61875 0.7 0.6187500000000001 0.7968750000000001 0.7531250000000002 0.7968750000000002
0 0.7015625 0.6 0.55625 0.6 0.55625 0.715625 0.7015625 0.715625
0 0.68125 0.5234375 0.5421875 0.5234375 0.5421875 0.6234375 0.68125 0.6234375
0 0.6546875 0.4078125 0.5203125 0.4078125 0.5203125 0.534375 0.6546875 0.534375
0 0.5984375 0.3078125000000001 0.475 0.3078125000000001 0.475 0.4109375 0.5984375 0.4109375
0 0.5515625 0.19218750000000007 0.4078125 0.19218750000000004 0.4078125 0.2921875000000001 0.5515625 0.2921875000000001
0 0.4640625 0.14687500000000003 0.428125 0.14687500000000003 0.428125 0.18125000000000005 0.4640625 0.18125000000000005
0 0.459375 0.10468750000000004 0.4078125 0.10468750000000004 0.4078125 0.14218750000000005 0.459375 0.14218750000000005
0 0.4484375 0.07031250000000004 0.3921875 0.07031250000000004 0.3921875 0.12812500000000004 0.4484375 0.12812500000000004
0 0.4328125 0.03906250000000005 0.38125 0.03906250000000004 0.38125 0.08125000000000004 0.4328125 0.08125000000000004
0 0.9734375 0.2656250000000001 0.928125 0.2656250000000001 0.928125 0.3109375000000001 0.9734375 0.3109375000000001
0 0.9484375 0.20468750000000008 0.9015625 0.20468750000000008 0.9015625 0.24218750000000008 0.9484375 0.24218750000000008
0 0.79375 0.1703125000000001 0.7375 0.1703125000000001 0.7375 0.22031250000000008 0.79375 0.22031250000000008
0 0.07187500000000002 0.196875 0.026562500000000024 0.196875 0.026562500000000027 0.234375 0.07187500000000002 0.234375
0 0.06093750000000002 0.15 0.015625000000000017 0.15 0.01562500000000002 0.196875 0.06093750000000002 0.196875
0 0.1140625 0.09687500000000002 0.07812500000000003 0.096875 0.07812500000000003 0.1203125 0.1140625 0.1203125
0 0.020312500000000032 0.2578125 3.15729252905177e-17 0.2578125 3.348643591418544e-17 0.2890625 0.020312500000000032 0.2890625
0 0.3515625000000001 0.6046875 0.2843750000000001 0.6046875 0.2843750000000001 0.684375 0.3515625000000001 0.684375
0 0.4281250000000001 0.6390625 0.3609375000000001 0.6390625 0.3609375000000001 0.73125 0.4281250000000002 0.73125
0 0.9953125 0.5500000000000002 0.9484375 0.5500000000000002 0.9484375 0.6078125000000002 0.9953125 0.6078125000000002