0 0.996875 0.8140625 0.934375 0.8140625 0.934375 0.95625 0.996875 0.95625
0 0.996875 0.9515625 0.93125 0.9515625 0.93125 0.9953125 0.996875 0.9953125
0 0.934375 0.8203125 0.8515625 0.8203125 0.8515625 0.9453125 0.934375 0.9453125
0 0.934375 0.940625 0.846875 0.940625 0.846875 0.9953125 0.934375 0.9953125
0 0.8546875 0.8640625 0.7781250000000002 0.8640625 0.7781250000000002 0.9953125 0.8546875 0.9953125
0 0.90625 0.5468750000000001 0.690625 0.546875 0.690625 0.875 0.90625 0.875
0 0.996875 0.4812500000000002 0.890625 0.4812500000000002 0.890625 0.803125 0.996875 0.803125
0 0.7781250000000002 0.8203125 0.6000000000000002 0.8203125 0.6000000000000002 0.9953125 0.7781250000000002 0.9953125
0 0.6031250000000001 0.8421875 0.4437500000000002 0.8421875 0.4437500000000002 0.9953125 0.6031250000000001 0.9953125
0 0.4906250000000001 0.48125 0.2515625000000001 0.48125 0.2515625000000001 0.875 0.4906250000000002 0.875
0 0.4437500000000001 0.590625 0.2796875000000001 0.590625 0.2796875000000001 0.9953125 0.4437500000000002 0.9953125
0 0.3890625000000001 0.6015625 0.2218750000000001 0.6015625 0.2218750000000001 0.9953125 0.3890625000000001 0.9953125
0 0.2984375000000001 0.6015625 0.2000000000000001 0.6015625 0.2000000000000001 0.9953125 0.2984375000000001 0.9953125
0 0.15937500000000007 0.39375 0.06562500000000004 0.39375 0.06562500000000006 0.546875 0.1593750000000001 0.546875
0 0.19687500000000008 0.3984375 0.11250000000000004 0.3984375 0.11250000000000007 0.5796875 0.19687500000000008 0.5796875
0 0.14218750000000008 0.525 0.029687500000000068 0.525 0.02968750000000007 0.6609375 0.14218750000000008 0.6609375
0 0.19687500000000008 0.590625 0.1281250000000001 0.590625 0.1281250000000001 0.7 0.19687500000000008 0.7
0 0.1921875000000001 0.65 0.05468750000000009 0.65 0.05468750000000009 0.809375 0.1921875000000001 0.809375
0 0.2218750000000001 0.7375 0.1531250000000001 0.7375 0.1531250000000001 0.83125 0.2218750000000001 0.83125
0 0.2406250000000001 0.809375 0.15000000000000008 0.809375 0.1500000000000001 0.9890625 0.2406250000000001 0.9890625
0 0.15312500000000012 0.7984375 0.06562500000000009 0.7984375 0.0656250000000001 0.940625 0.15312500000000012 0.940625
0 0.16406250000000014 0.934375 0.09062500000000011 0.934375 0.09062500000000011 0.9953125 0.16406250000000014 0.9953125
0 0.06250000000000011 0.8421875 1.0313822261569115e-16 0.8421875 1.1213172254692953e-16 0.9890625 0.06250000000000011 0.9890625
0 0.0625000000000001 0.65625 8.036744619404505e-17 0.65625 9.203986099841826e-17 0.846875 0.06250000000000011 0.846875
0 0.02500000000000007 0.5515625 6.754692501547121e-17 0.5515625 7.453123879185845e-17 0.665625 0.025000000000000078 0.665625
0 0.06562500000000006 0.4046875 4.955992515299445e-17 0.4046875 5.759666977239896e-17 0.5359375 0.06562500000000007 0.5359375
0 0.04062500000000005 0.3671875 4.4967499656191874e-17 0.3671875 4.76464145293267e-17 0.4109375 0.04062500000000006 0.4109375
0 0.12343750000000005 0.3609375 0.04687500000000004 0.3609375 0.04687500000000005 0.43125 0.12343750000000005 0.43125
0 0.6140625000000001 0.5359375 0.3453125000000001 0.5359375 0.3453125000000001 0.803125 0.6140625000000002 0.803125
0 0.5203125 0.4375 0.29375000000000007 0.4375 0.29375000000000007 0.5796875 0.5203125 0.5796875
0 0.571875 0.36718750000000006 0.2484375000000001 0.3671875 0.2484375000000001 0.509375 0.571875 0.509375
0 0.6984375 0.2796875000000001 0.3640625 0.2796875000000001 0.36406250000000007 0.53125 0.6984375 0.53125
0 0.6796875 0.3609375000000001 0.4078125 0.3609375000000001 0.4078125 0.7 0.6796875 0.7
0 0.6937500000000001 0.453125 0.4546875 0.453125 0.4546875000000001 0.8140625 0.6937500000000002 0.8140625
0 0.7921875 0.3656250000000001 0.4875 0.3656250000000001 0.4875000000000001 0.853125 0.7921875000000002 0.853125
0 0.6703125000000001 0.721875 0.59375 0.721875 0.5937500000000001 0.9453125 0.6703125000000002 0.9453125
0 0.959375 0.2953125000000001 0.7859375 0.2953125000000001 0.7859375 0.5468750000000002 0.959375 0.5468750000000002
0 0.996875 0.2906250000000001 0.9453125 0.2906250000000001 0.9453125 0.4984375000000002 0.996875 0.4984375000000002
0 0.996875 1.1222739807811292e-16 0.8359375 1.0237281836622405e-16 0.8359375 0.3281250000000001 0.996875 0.3281250000000001
0 0.7921875 0.2406250000000001 0.665625 0.2406250000000001 0.665625 0.4375000000000001 0.7921875 0.43750000000000017
0 0.759375 0.19687500000000008 0.6984375 0.19687500000000008 0.6984375 0.2953125000000001 0.759375 0.2953125000000001
0 0.840625 0.16406250000000008 0.775 0.16406250000000008 0.775 0.2515625000000001 0.840625 0.2515625000000001
0 0.8078125 0.1531250000000001 0.759375 0.1531250000000001 0.759375 0.2406250000000001 0.8078125 0.2406250000000001
0 0.7453125 0.1312500000000001 0.709375 0.1312500000000001 0.709375 0.1906250000000001 0.7453125 0.1906250000000001
0 0.7234375 0.1531250000000001 0.646875 0.1531250000000001 0.646875 0.2562500000000001 0.7234375 0.2562500000000001
0 0.840625 0.0812500000000001 0.775 0.08125000000000009 0.775 0.1750000000000001 0.840625 0.1750000000000001
0 0.778125 0.03281250000000009 0.7265625 0.03281250000000009 0.7265625 0.1312500000000001 0.778125 0.1312500000000001
0 0.803125 0.043750000000000094 0.7671875 0.04375000000000009 0.7671875 0.08125000000000009 0.803125 0.08125000000000009
0 0.734375 0.021875000000000085 0.690625 0.021875000000000082 0.690625 0.12031250000000009 0.734375 0.12031250000000009
0 0.7046875 0.06093750000000009 0.64375 0.06093750000000009 0.64375 0.14843750000000008 0.7046875 0.14843750000000008
0 0.27968750000000003 1.712592008182627e-17 0 0 3.7122106099154144e-17 0.60625 0.2796875000000001 0.60625
0 0.3609375 0.09843750000000004 0.19375 0.09843750000000002 0.19375000000000003 0.3546875 0.3609375 0.3546875
0 0.5203125 0.14218750000000005 0.3484375 0.14218750000000005 0.34843750000000007 0.409375 0.5203125 0.409375
0 0.6578125 0.07031250000000008 0.4984375 0.07031250000000007 0.4984375 0.3281250000000001 0.6578125 0.3281250000000001
0 0.6765625 0.03281250000000008 0.625 0.03281250000000008 0.625 0.12031250000000009 0.6765625 0.12031250000000009
0 0.7421875 8.639500465859842e-17 0.66875 8.189825469297925e-17 0.66875 0.06562500000000009 0.7421875 0.06562500000000009
0 0.6984375 8.218528128652941e-17 0.64375 7.883663769511086e-17 0.64375 0.026562500000000083 0.6984375 0.02656250000000009
0 0.7453125 8.830851528226617e-17 0.696875 8.534257381558118e-17 0.696875 0.015625000000000087 0.7453125 0.01562500000000009
0 0.6625 7.730582919617668e-17 0.6 7.347880794884119e-17 0.6 0.054687500000000076 0.6625 0.05468750000000009
0 0.6296875 0.028125000000000074 0.5890625 0.028125000000000067 0.5890625 0.09375000000000007 0.6296875 0.09375000000000007
0 0.6734375 0.04375000000000008 0.6296875 0.04375000000000008 0.6296875 0.08125000000000007 0.6734375 0.08125000000000009
0 0.6 6.39112548305025e-17 0.44375 5.43437017121638e-17 0.44375 0.09843750000000005 0.6 0.09843750000000007
0 0.440625 4.4393446469091554e-17 0.284375 3.482589335075286e-17 0.284375 0.14218750000000005 0.440625 0.14218750000000005