0 0.996875 0.7593750000000001 0.9578125 0.7593750000000001 0.9578125 0.8515625 0.996875 0.8515625
0 0.996875 0.6500000000000001 0.9578125 0.6500000000000001 0.9578125 0.7593750000000001 0.996875 0.7593750000000001
0 0.971875 0.6718750000000002 0.9171875 0.6718750000000002 0.9171875 0.7703125000000002 0.971875 0.7703125000000002
0 0.934375 0.6671875000000002 0.8625 0.6671875000000002 0.8625 0.7875000000000002 0.934375 0.7875000000000002
0 0.965625 0.7765625000000002 0.90625 0.7765625000000002 0.90625 0.834375 0.965625 0.834375
0 0.928125 0.8046875 0.8625 0.8046875 0.8625 0.8453125 0.928125 0.8453125
0 0.865625 0.7406250000000002 0.7718750000000002 0.7406250000000002 0.7718750000000002 0.8390625 0.865625 0.8390625
0 0.8625 0.6156250000000002 0.7828125 0.6156250000000002 0.7828125000000001 0.7593750000000001 0.8625 0.7593750000000001
0 0.8796875 0.6500000000000001 0.8515625 0.6500000000000001 0.8515625 0.6953125000000002 0.8796875 0.6953125000000002
0 0.9375 0.5687500000000002 0.8625 0.5687500000000002 0.8625 0.6953125000000002 0.9375 0.6953125000000002
0 0.996875 0.4656250000000002 0.7515625 0.4656250000000002 0.7515625 0.6671875000000002 0.996875 0.6671875000000002
0 0.9578125 0.2531250000000001 0.8828125 0.2531250000000001 0.8828125 0.5000000000000002 0.9578125 0.5000000000000002
0 0.790625 0.4828125000000001 0.7078125 0.4828125 0.7078125 0.5859375000000001 0.790625 0.5859375000000002
0 0.83125 0.5468750000000002 0.76875 0.5468750000000002 0.76875 0.6218750000000002 0.83125 0.6218750000000002
0 0.796875 0.5875000000000001 0.7171875 0.5875 0.7171875 0.6734375000000001 0.796875 0.6734375000000001
0 0.7968750000000001 0.6562500000000001 0.7 0.65625 0.7000000000000001 0.7765625 0.7968750000000002 0.7765625000000002
0 0.7656250000000002 0.7359375000000001 0.6625000000000002 0.7359375 0.6625000000000002 0.8390625 0.7656250000000002 0.8390625
0 0.7078125 0.5859375 0.6421875 0.5859375 0.6421875 0.6953125 0.7078125 0.6953125
0 0.7203125000000001 0.690625 0.66875 0.690625 0.6687500000000001 0.7484375 0.7203125000000001 0.7484375
0 0.6828125 0.725 0.634375 0.725 0.6343750000000001 0.8 0.6828125000000002 0.8
0 0.6765625000000002 0.7421875 0.5765625000000002 0.7421875 0.5765625000000002 0.8453125 0.6765625000000002 0.8453125
0 0.6343750000000001 0.6671875 0.5859375 0.6671875 0.5859375000000001 0.7421875 0.6343750000000001 0.7421875
0 0.6562500000000001 0.64375 0.621875 0.64375 0.6218750000000001 0.7359375 0.6562500000000002 0.7359375
0 0.6765625 0.5 0.603125 0.5 0.603125 0.6203125 0.6765625 0.6203125
0 0.725 0.4765625 0.66875 0.4765625 0.66875 0.56875 0.725 0.56875
0 0.7375 0.5515625000000001 0.6859375 0.5515625 0.6859375 0.64375 0.7375 0.6437500000000002
0 0.6234375 0.5640625 0.565625 0.5640625 0.565625 0.65625 0.6234375 0.65625
0 0.628125 0.4265625 0.5515625 0.4265625 0.5515625 0.5125 0.628125 0.5125
0 0.6 0.471875 0.5453125 0.471875 0.5453125 0.5578125 0.6 0.5578125
0 0.7171875 0.425 0.6171875 0.425 0.6171875 0.50625 0.7171875 0.50625
0 0.6625 0.3218750000000001 0.4765625 0.3218750000000001 0.4765625 0.459375 0.6625 0.459375
0 0.5515625 0.4828125 0.4890625 0.4828125 0.4890625 0.5796875 0.5515625 0.5796875
0 0.5578125 0.4375 0.5140625 0.4375 0.5140625 0.4953125 0.5578125 0.4953125
0 0.571875 0.4078125 0.534375 0.4078125 0.534375 0.459375 0.571875 0.459375
0 0.5140625 0.3906250000000001 0.4453125 0.3906250000000001 0.4453125 0.5 0.5140625 0.5
0 0.5796875000000001 0.6328125 0.440625 0.6328125 0.4406250000000001 0.8453125 0.5796875000000001 0.8453125
0 0.4343750000000002 0.7421875 0.28593750000000007 0.7421875 0.28593750000000007 0.8453125 0.4343750000000002 0.8453125
0 0.53125 0.5640625 0.4625 0.5640625 0.4625 0.65625 0.53125 0.65625
0 0.49375 0.65625 0.4375 0.65625 0.4375 0.725 0.49375 0.725
0 0.46562500000000007 0.684375 0.37968750000000007 0.684375 0.37968750000000007 0.78125 0.4656250000000002 0.78125
0 0.434375 0.58125 0.3656250000000001 0.58125 0.3656250000000001 0.6953125 0.434375 0.6953125
0 0.46875 0.4953125 0.3859375000000001 0.4953125 0.3859375000000001 0.615625 0.46875 0.615625
0 0.496875 0.4828125 0.440625 0.4828125 0.440625 0.56875 0.496875 0.56875
0 0.4484375 0.3968750000000001 0.3656250000000001 0.3968750000000001 0.3656250000000001 0.534375 0.4484375 0.534375
0 0.428125 0.36250000000000004 0.3625 0.3625 0.36250000000000004 0.4203125 0.428125 0.4203125
0 0.38906250000000003 0.29375000000000007 0.328125 0.29375 0.32812500000000006 0.37968750000000007 0.3890625000000001 0.37968750000000007
0 0.4625 0.2812500000000001 0.39375 0.2812500000000001 0.39375000000000004 0.37968750000000007 0.4625 0.37968750000000007
0 0.34843750000000007 0.2875 0.303125 0.2875 0.30312500000000003 0.3796875 0.34843750000000007 0.3796875
0 0.35156250000000006 0.3625 0.3078125 0.3625 0.30781250000000004 0.396875 0.3515625000000001 0.396875
0 0.3968750000000001 0.38593750000000004 0.31718750000000007 0.3859375 0.31718750000000007 0.5296875 0.3968750000000001 0.5296875
0 0.3968750000000001 0.534375 0.3203125000000001 0.534375 0.3203125000000001 0.603125 0.3968750000000001 0.603125
0 0.3312500000000001 0.4703125 0.2453125000000001 0.4703125 0.2453125000000001 0.609375 0.3312500000000001 0.609375
0 0.3453125000000001 0.5921875 0.3000000000000001 0.5921875 0.3000000000000001 0.6375 0.3453125000000001 0.6375
0 0.3625000000000001 0.6390625 0.2968750000000001 0.6390625 0.2968750000000001 0.7078125 0.3625000000000001 0.7078125
0 0.3765625000000001 0.7015625 0.3375000000000001 0.7015625 0.3375000000000001 0.7359375 0.3765625000000001 0.7359375
0 0.3375000000000001 0.690625 0.2656250000000001 0.690625 0.2656250000000001 0.79375 0.3375000000000001 0.79375
0 0.2765625000000001 0.7578125 0.2250000000000001 0.7578125 0.2250000000000001 0.821875 0.2765625000000001 0.821875
0 0.2687500000000001 0.815625 0.2312500000000001 0.815625 0.2312500000000001 0.8453125 0.2687500000000001 0.8453125
0 0.29375000000000007 0.6203125 0.22812500000000008 0.6203125 0.22812500000000008 0.753125 0.29375000000000007 0.753125
0 0.2734375000000001 0.5625 0.17343750000000008 0.5625 0.17343750000000008 0.6609375 0.2734375000000001 0.6609375
0 0.22812500000000008 0.6546875 0.1625000000000001 0.6546875 0.1625000000000001 0.7703125 0.22812500000000008 0.7703125
0 0.2218750000000001 0.7703125 0.15625000000000008 0.7703125 0.15625000000000008 0.8328125 0.2218750000000001 0.8328125
0 0.1593750000000001 0.8109375 0.11093750000000009 0.8109375 0.11093750000000009 0.8390625 0.1593750000000001 0.8390625
0 0.1140625000000001 0.79375 0.0453125000000001 0.79375 0.0453125000000001 0.8390625 0.1140625000000001 0.8390625
0 0.0687500000000001 0.7421875 9.089175462421762e-17 0.7421875 9.653661096403746e-17 0.834375 0.06875000000000012 0.834375
0 0.12500000000000008 0.740625 0.06875000000000009 0.740625 0.0687500000000001 0.821875 0.12500000000000008 0.821875
0 0.1546875000000001 0.678125 0.09687500000000009 0.678125 0.09687500000000009 0.759375 0.1546875000000001 0.759375
0 0.16562500000000008 0.7015625 0.1281250000000001 0.7015625 0.1281250000000001 0.821875 0.16562500000000008 0.821875
0 0.0906250000000001 0.64375 0.010937500000000077 0.64375 0.010937500000000086 0.7703125 0.0906250000000001 0.7703125
0 0.11093750000000009 0.575 0.01718750000000007 0.575 0.017187500000000078 0.6953125 0.11093750000000009 0.6953125
0 0.1765625000000001 0.546875 0.10781250000000009 0.546875 0.10781250000000009 0.6734375 0.1765625000000001 0.6734375
0 0.2171875000000001 0.4828125 0.13437500000000005 0.4828125 0.13437500000000008 0.5796875 0.2171875000000001 0.5796875
0 0.2718750000000001 0.540625 0.2171875000000001 0.540625 0.2171875000000001 0.5796875 0.2718750000000001 0.5796875
0 0.2828125000000001 0.465625 0.22812500000000008 0.465625 0.22812500000000008 0.540625 0.2828125000000001 0.540625
0 0.3109375000000001 0.3734375 0.2375000000000001 0.3734375 0.2375000000000001 0.465625 0.3109375000000001 0.465625
0 0.2406250000000001 0.425 0.18281250000000004 0.425 0.18281250000000004 0.5 0.2406250000000001 0.5
0 0.14218750000000008 0.4609375 0.07343750000000007 0.4609375 0.07343750000000007 0.5640625 0.14218750000000008 0.5640625
0 0.06875000000000006 0.5171875 0.01718750000000006 0.5171875 0.01718750000000007 0.6328125 0.06875000000000006 0.6328125
0 0.020312500000000074 0.5515625 6.754692501547121e-17 0.5515625 7.280907923055748e-17 0.6375 0.020312500000000077 0.6375
0 0.05937500000000005 0.4375 5.357829746269671e-17 0.4375 5.922315380251653e-17 0.5296875 0.05937500000000007 0.5296875
0 0.07187500000000005 0.3328125 4.075777628412285e-17 0.3328125 4.7072361342226394e-17 0.4359375 0.07187500000000005 0.4359375
0 0.10781250000000005 0.3796875 0.05625000000000004 0.3796875 0.05625000000000006 0.4765625 0.10781250000000005 0.4765625
0 0.12500000000000006 0.3328125 0.059375000000000046 0.3328125 0.059375000000000046 0.390625 0.12500000000000006 0.390625
0 0.13125000000000003 0.253125 0.06250000000000003 0.253125 0.06250000000000003 0.35 0.13125000000000003 0.35
0 0.06875000000000005 0.2765625 0.025000000000000033 0.2765625 0.02500000000000004 0.334375 0.06875000000000005 0.334375
0 0.023437500000000035 0.2640625 3.2338329539984796e-17 0.2640625 3.6165350787320275e-17 0.3265625 0.023437500000000038 0.3265625
0 0.15156250000000004 0.2359375 0.10781250000000005 0.2359375 0.10781250000000005 0.29375 0.15156250000000004 0.29375
0 0.19375000000000003 0.246875 0.15468750000000003 0.246875 0.15468750000000003 0.315625 0.19375000000000003 0.315625
0 0.2140625 0.21875 0.17187500000000006 0.21875 0.17187500000000006 0.2875 0.2140625 0.2875
0 0.265625 0.2359375 0.20625 0.2359375 0.20625 0.3046875 0.265625 0.3046875
0 0.25625 0.3 0.225 0.3 0.225 0.3515625 0.25625 0.3515625
0 0.29687500000000006 0.321875 0.2484375 0.321875 0.24843750000000003 0.384375 0.2968750000000001 0.384375
0 0.2625 0.2984375 0.228125 0.2984375 0.228125 0.3390625 0.2625 0.3390625
0 0.24218750000000006 0.2984375 0.19062500000000004 0.2984375 0.19062500000000004 0.3796875 0.24218750000000008 0.3796875
0 0.2109375 0.2875 0.16562500000000005 0.2875 0.16562500000000005 0.3453125 0.2109375 0.3453125
0 0.20000000000000004 0.3390625 0.14843750000000006 0.3390625 0.14843750000000006 0.4015625 0.2000000000000001 0.4015625
0 0.16875000000000004 0.328125 0.12031250000000004 0.328125 0.12031250000000004 0.3796875 0.16875000000000004 0.3796875
0 0.14843750000000006 0.390625 0.10625000000000004 0.390625 0.10625000000000004 0.425 0.14843750000000006 0.425
0 0.15625000000000006 0.4203125 0.09062500000000004 0.4203125 0.09062500000000005 0.5125 0.15625000000000006 0.5125
0 0.20312500000000008 0.4078125 0.14843750000000006 0.4078125 0.14843750000000006 0.471875 0.20312500000000008 0.471875
0 0.2140625000000001 0.478125 0.14062500000000006 0.478125 0.14062500000000006 0.58125 0.2140625000000001 0.58125
0 0.26250000000000007 0.35 0.2171875 0.35 0.21718750000000003 0.4140625 0.26250000000000007 0.4140625
0 0.32500000000000007 0.471875 0.2515625000000001 0.471875 0.2515625000000001 0.5984375 0.32500000000000007 0.5984375
0 0.28593750000000007 0.6203125 0.2312500000000001 0.6203125 0.2312500000000001 0.7359375 0.28593750000000007 0.7359375
0 0.2687500000000001 0.5859375 0.2078125000000001 0.5859375 0.2078125000000001 0.6609375 0.2687500000000001 0.6609375
0 0.20468750000000008 0.5921875 0.17343750000000008 0.5921875 0.17343750000000008 0.6609375 0.20468750000000008 0.6609375
3 0.903125 8.802148868871601e-17 0.534375 6.544206332943669e-17 0.534375 0.48906250000000007 0.903125 0.4890625000000002