0 0.8375 0.19375000000000006 0.4859375 0.19375000000000003 0.4859375000000001 0.9609375 0.8375 0.9609375
0 0.9984375 0.5734375000000002 0.83125 0.5734375000000002 0.83125 0.9375 0.9984375 0.9375
0 0.996875 0.4890625000000002 0.8359375 0.4890625000000002 0.8359375 0.7140625000000002 0.996875 0.7140625000000002
0 0.9984375 0.5968750000000002 0.9421875 0.5968750000000002 0.9421875 0.8375 0.9984375 0.8375
0 0.959375 0.1250000000000001 0.6171875 0.12500000000000008 0.6171875 0.5515625000000001 0.959375 0.5515625000000002
0 0.93125 0.007812500000000097 0.665625 0.00781250000000008 0.665625 0.37187500000000007 0.93125 0.37187500000000007
0 0.9984375 1.139495576394139e-16 0.8625 1.0562578642645922e-16 0.8625 0.2171875000000001 0.9984375 0.2171875000000001
0 0.9984375 1.1031388745444518e-16 0.803125 9.83544460565218e-17 0.803125 0.4343750000000002 0.9984375 0.4343750000000002
0 0.675 7.510529197895878e-17 0.5515625 6.754692501547121e-17 0.5515625 0.10781250000000009 0.675 0.10781250000000009
0 0.609375 0.015625000000000062 0.459375 0.015625000000000056 0.459375 0.30156250000000007 0.609375 0.30156250000000007
0 0.4984375 0.10937500000000004 0.29375 0.10937500000000004 0.29375000000000007 0.7140625 0.4984375 0.7140625
0 0.453125 0.007812500000000047 0.3265625 0.007812500000000038 0.3265625 0.15468750000000003 0.453125 0.15468750000000003
0 0.31875000000000003 2.86069838238327e-17 0.1484375 1.8178350924843523e-17 0.14843750000000003 0.3796875 0.3187500000000001 0.3796875
0 0.3187500000000001 0.3640625 0.18281250000000004 0.3640625 0.18281250000000007 0.8453125 0.3187500000000001 0.8453125
0 0.2140625000000001 0.3875 0.043750000000000046 0.3875 0.04375000000000008 0.9609375 0.2140625000000001 0.9609375
0 0.14687500000000003 0.1484375 1.8178350924843523e-17 0.1484375 5.3291270869146544e-17 0.721875 0.1468750000000001 0.721875
0 0.1203125 7.367015901120796e-18 0 0 1.042863289898918e-17 0.1703125 0.1203125 0.1703125