0 0.909375 0.4859375000000001 0.5375 0.4859375 0.5375000000000001 0.875 0.909375 0.875
0 0.5640625000000001 0.8140625 0.4515625000000002 0.8140625 0.4515625000000002 0.940625 0.5640625000000001 0.940625
0 0.9640625 0.3781250000000001 0.8515625 0.3781250000000001 0.8515625 0.5312500000000002 0.9640625 0.5312500000000002
0 0.840625 0.14218750000000008 0.8140625 0.14218750000000008 0.8140625 0.17968750000000008 0.840625 0.17968750000000008
0 0.8796875 0.14218750000000008 0.846875 0.14218750000000008 0.846875 0.1750000000000001 0.8796875 0.1750000000000001
0 0.8984375 0.1703125000000001 0.8765625 0.1703125000000001 0.8765625 0.20312500000000008 0.8984375 0.20312500000000008
0 0.8765625 0.17968750000000008 0.8328125 0.17968750000000008 0.8328125 0.21875000000000008 0.8765625 0.21875000000000008
0 0.8703125 0.21875000000000008 0.815625 0.21875000000000008 0.815625 0.2562500000000001 0.8703125 0.2562500000000001
0 0.8984375 0.2250000000000001 0.86875 0.2250000000000001 0.86875 0.2796875000000001 0.8984375 0.2796875000000001
0 0.8578125 0.26250000000000007 0.8109375 0.26250000000000007 0.8109375 0.3062500000000001 0.8578125 0.3062500000000001
0 0.890625 0.2734375000000001 0.8546875 0.2734375000000001 0.8546875 0.3390625000000001 0.890625 0.3390625000000001
0 0.8625 0.3062500000000001 0.8140625 0.3062500000000001 0.8140625 0.3546875000000001 0.8625 0.3546875000000001
0 0.7890625 0.3062500000000001 0.775 0.3062500000000001 0.775 0.3437500000000001 0.7890625 0.3437500000000001
0 0.81875 0.3218750000000001 0.7890625 0.3218750000000001 0.7890625 0.3500000000000001 0.81875 0.3500000000000001
0 0.778125 0.3343750000000001 0.759375 0.3343750000000001 0.759375 0.3781250000000001 0.778125 0.3781250000000001
0 0.803125 0.3765625000000001 0.7890625 0.3765625000000001 0.7890625 0.4265625000000002 0.803125 0.4265625000000002
0 0.8328125 0.3765625000000001 0.8109375 0.3765625000000001 0.8109375 0.4265625000000002 0.8328125 0.4265625000000002
0 0.778125 0.3828125000000001 0.753125 0.3828125000000001 0.753125 0.4312500000000002 0.778125 0.4312500000000002
0 0.7671875 0.4265625000000002 0.734375 0.4265625000000002 0.734375 0.4703125000000002 0.7671875 0.4703125000000002
0 0.803125 0.4265625000000002 0.775 0.4265625000000002 0.775 0.46406250000000016 0.803125 0.46406250000000016
0 0.8296875 0.40937500000000016 0.8 0.40937500000000016 0.8 0.4703125000000002 0.8296875 0.4703125000000002
0 0.81875 0.4656250000000002 0.7921875 0.4656250000000002 0.7921875 0.5203125000000002 0.81875 0.5203125000000002
0 0.796875 0.4656250000000002 0.7671875 0.4656250000000002 0.7671875 0.5312500000000002 0.796875 0.5312500000000002
0 0.7671875 0.4812500000000002 0.728125 0.4812500000000002 0.728125 0.5296875000000002 0.7671875 0.5296875000000002
0 0.734375 0.48125000000000007 0.6984375 0.48125 0.6984375 0.5359375000000001 0.734375 0.5359375000000002
0 0.753125 0.2671875000000001 0.6328125 0.2671875000000001 0.6328125 0.4484375000000001 0.753125 0.44843750000000016
0 0.7703125 0.2406250000000001 0.7421875 0.2406250000000001 0.7421875 0.3000000000000001 0.7703125 0.3000000000000001
0 0.7890625 0.1703125000000001 0.753125 0.1703125000000001 0.753125 0.2578125000000001 0.7890625 0.2578125000000001
0 0.75 0.1859375000000001 0.7125 0.1859375000000001 0.7125 0.2515625000000001 0.75 0.2515625000000001
0 0.7453125 0.10312500000000009 0.6875 0.10312500000000009 0.6875 0.19687500000000008 0.7453125 0.19687500000000008
0 0.690625 0.14843750000000008 0.6296875 0.14843750000000008 0.6296875 0.2250000000000001 0.690625 0.2250000000000001
0 0.665625 0.2234375000000001 0.6109375 0.2234375000000001 0.6109375 0.2953125000000001 0.665625 0.2953125000000001
0 0.7125 0.2015625000000001 0.665625 0.2015625000000001 0.665625 0.26250000000000007 0.7125 0.26250000000000007
0 0.6546875 0.2687500000000001 0.578125 0.2687500000000001 0.578125 0.3781250000000001 0.6546875 0.3781250000000001
0 0.6953125 0.43125 0.571875 0.43125 0.571875 0.590625 0.6953125 0.590625
0 0.5390625000000001 0.6125 0.4265625 0.6125 0.42656250000000007 0.803125 0.5390625000000002 0.803125
0 0.4984375000000002 0.7921875 0.4031250000000002 0.7921875 0.4031250000000002 0.8796875 0.4984375000000002 0.8796875
0 0.4187500000000002 0.8140625 0.3453125000000001 0.8140625 0.3453125000000001 0.91875 0.4187500000000002 0.91875
0 0.4328125000000001 0.6015625 0.3046875000000001 0.6015625 0.3046875000000001 0.8140625 0.43281250000000016 0.8140625
0 0.30937500000000007 0.69375 0.20312500000000008 0.69375 0.20312500000000008 0.846875 0.30937500000000007 0.846875
0 0.21093750000000008 0.78125 0.11250000000000009 0.78125 0.11250000000000011 0.940625 0.21093750000000008 0.940625
0 0.2218750000000001 0.6125 0.12656250000000008 0.6125 0.12656250000000008 0.7484375 0.2218750000000001 0.7484375
0 0.30156250000000007 0.540625 0.21875000000000008 0.540625 0.21875000000000008 0.69375 0.30156250000000007 0.69375
0 0.25468750000000007 0.4859375 0.18125000000000005 0.4859375 0.18125000000000008 0.590625 0.25468750000000007 0.590625
0 0.17500000000000007 0.525 0.09531250000000006 0.525 0.09531250000000008 0.6453125 0.1750000000000001 0.6453125
0 0.13906250000000006 0.459375 0.05937500000000007 0.459375 0.05937500000000007 0.5578125 0.1390625000000001 0.5578125
0 0.21875000000000008 0.4375 0.16093750000000004 0.4375 0.16093750000000004 0.51875 0.21875000000000008 0.51875
0 0.4765625 0.2515625000000001 0.378125 0.2515625000000001 0.37812500000000004 0.4046875 0.4765625 0.4046875
0 0.50625 0.2140625000000001 0.4296875 0.2140625000000001 0.4296875 0.30156250000000007 0.50625 0.30156250000000007
0 0.4546875 0.07656250000000006 0.334375 0.07656250000000005 0.334375 0.24062500000000003 0.4546875 0.2406250000000001
0 0.596875 0.05937500000000005 0.446875 0.059375000000000046 0.446875 0.26250000000000007 0.596875 0.26250000000000007
0 0.2375 0.12656250000000002 0.128125 0.1265625 0.12812500000000002 0.3234375 0.2375 0.3234375
0 0.328125 0.14218750000000005 0.2046875 0.14218750000000005 0.2046875 0.2890625 0.328125 0.2890625
0 0.17187500000000006 0.290625 0.08437500000000005 0.290625 0.08437500000000005 0.4 0.17187500000000006 0.4
0 0.18906250000000005 0.371875 0.09843750000000004 0.371875 0.09843750000000005 0.459375 0.18906250000000005 0.459375
0 0.425 0.2234375000000001 0.3890625 0.2234375000000001 0.3890625 0.2734375000000001 0.425 0.2734375000000001
0 0.3890625 0.2406250000000001 0.3640625 0.2406250000000001 0.3640625 0.2890625000000001 0.3890625 0.2890625000000001
0 0.375 0.23437500000000006 0.3375 0.234375 0.3375 0.28437500000000004 0.375 0.2843750000000001
0 0.3453125 0.2453125 0.309375 0.2453125 0.309375 0.2953125 0.3453125 0.2953125
0 0.3171875 0.21875 0.2734375 0.21875 0.2734375 0.278125 0.3171875 0.278125
0 0.3125 0.26875 0.2734375 0.26875 0.2734375 0.3234375 0.3125 0.3234375
0 0.2875 0.290625 0.246875 0.290625 0.246875 0.35625 0.2875 0.35625
0 0.31718750000000007 0.3171875 0.284375 0.3171875 0.28437500000000004 0.365625 0.31718750000000007 0.365625
0 0.36406250000000007 0.33281250000000007 0.3203125 0.3328125 0.32031250000000006 0.38281250000000006 0.36406250000000007 0.3828125000000001
0 0.39375000000000004 0.30156250000000007 0.3609375 0.3015625 0.3609375 0.36718750000000006 0.3937500000000001 0.3671875000000001
0 0.37500000000000006 0.3609375000000001 0.3640625 0.3609375000000001 0.36406250000000007 0.3828125000000001 0.3750000000000001 0.3828125000000001
0 0.3375000000000001 0.371875 0.30937500000000007 0.371875 0.30937500000000007 0.4375 0.3375000000000001 0.4375
0 0.3921875000000001 0.38750000000000007 0.3421875000000001 0.3875 0.3421875000000001 0.4265625 0.3921875000000001 0.4265625
0 0.3203125000000001 0.3875 0.2796875000000001 0.3875 0.2796875000000001 0.4484375 0.3203125000000001 0.4484375
0 0.2984375 0.3546875 0.26875 0.3546875 0.26875000000000004 0.39375 0.2984375000000001 0.39375
0 0.221875 0.3015625 0.19218750000000004 0.3015625 0.19218750000000004 0.35625 0.221875 0.35625
0 0.2359375 0.290625 0.21875 0.290625 0.21875 0.3453125 0.2359375 0.3453125
0 0.23281250000000003 0.35 0.2078125 0.35 0.20781250000000004 0.4203125 0.2328125000000001 0.4203125
0 0.2140625000000001 0.4046875 0.16406250000000006 0.4046875 0.16406250000000006 0.4640625 0.2140625000000001 0.4640625
0 0.24375000000000008 0.415625 0.2140625000000001 0.415625 0.2140625000000001 0.4640625 0.24375000000000008 0.4640625
0 0.20312500000000006 0.328125 0.16718750000000004 0.328125 0.16718750000000004 0.3984375 0.20312500000000008 0.3984375
0 0.55625 0.27812500000000007 0.53125 0.27812500000000007 0.53125 0.6453125 0.55625 0.6453125
0 0.5671875 0.2687500000000001 0.5234375 0.2687500000000001 0.5234375 0.6625 0.5671875 0.6625
0 0.6109375 0.3671875000000001 0.5234375 0.3671875000000001 0.5234375 0.465625 0.6109375 0.465625
0 0.5421875 0.39375000000000004 0.3125000000000001 0.39375 0.3125000000000001 0.51875 0.5421875 0.51875
0 0.5171875 0.3234375000000001 0.4484375 0.3234375000000001 0.4484375 0.553125 0.5171875 0.553125
0 0.575 0.19687500000000008 0.484375 0.19687500000000005 0.484375 0.31718750000000007 0.575 0.31718750000000007
0 0.465625 0.38906250000000003 0.3156250000000001 0.3890625 0.3156250000000001 0.465625 0.465625 0.465625
0 0.3453125000000001 0.4703125 0.26250000000000007 0.4703125 0.26250000000000007 0.6015625 0.3453125000000001 0.6015625
0 0.46875 0.48125 0.3234375000000001 0.48125 0.3234375000000001 0.56875 0.46875 0.56875