0 0.6796875 0.34843750000000007 0.509375 0.34843750000000007 0.509375 0.571875 0.6796875 0.571875
0 0.625 0.4296875 0.5375 0.4296875 0.5375 0.528125 0.625 0.528125
0 0.546875 0.4125 0.37968750000000007 0.4125 0.37968750000000007 0.5921875 0.546875 0.5921875
0 0.3890625 0.06406250000000002 0.0546875 0.0640625 0.05468750000000002 0.27968750000000003 0.3890625 0.2796875000000001
0 0.4125 0.06406250000000002 0.0875 0.0640625 0.08750000000000001 0.20625000000000004 0.4125 0.2062500000000001
0 0.584375 0.060937500000000054 0.45 0.06093750000000005 0.45 0.17656250000000007 0.584375 0.1765625000000001
0 0.6859375 0.12031250000000007 0.5 0.12031250000000004 0.5 0.27812500000000007 0.6859375 0.27812500000000007
0 0.8390625 0.1375000000000001 0.7140625 0.1375000000000001 0.7140625 0.1843750000000001 0.8390625 0.1843750000000001
0 0.9390625 0.12031250000000011 0.778125 0.12031250000000009 0.778125 0.27812500000000007 0.9390625 0.27812500000000007
0 0.9453125 0.39531250000000007 0.8296875 0.39531250000000007 0.8296875 0.5359375000000002 0.9453125 0.5359375000000002
0 0.8328125 0.3859375000000001 0.7359375 0.3859375000000001 0.7359375 0.5234375000000002 0.8328125 0.5234375000000002
0 0.940625 0.6531250000000002 0.7265625 0.6531250000000002 0.7265625000000001 0.8625 0.940625 0.8625
0 0.6718750000000002 0.79375 0.6015625000000002 0.79375 0.6015625000000002 0.8625 0.6718750000000002 0.8625
0 0.6890625000000001 0.79375 0.6484375000000002 0.79375 0.6484375000000002 0.8453125 0.6890625000000001 0.8453125
0 0.6156250000000002 0.7765625 0.5468750000000002 0.7765625 0.5468750000000002 0.8328125 0.6156250000000002 0.8328125
0 0.6765625 0.6734375 0.60625 0.6734375 0.60625 0.7078125 0.6765625 0.7078125
0 0.565625 0.709375 0.4859375 0.709375 0.4859375000000001 0.8078125 0.5656250000000002 0.8078125
0 0.4390625000000001 0.7203125 0.13437500000000008 0.7203125 0.13437500000000008 0.8671875 0.4390625000000002 0.8671875
0 0.1859375000000001 0.703125 0.06093750000000009 0.703125 0.0609375000000001 0.8328125 0.1859375000000001 0.8328125
0 0.22656250000000008 0.49375 0.08750000000000006 0.49375 0.08750000000000008 0.6609375 0.22656250000000008 0.6609375
0 0.3609375000000001 0.4421875 0.2218750000000001 0.4421875 0.2218750000000001 0.5796875 0.3609375000000001 0.5796875
0 0.16250000000000006 0.425 0.05625000000000004 0.425 0.05625000000000006 0.5453125 0.1625000000000001 0.5453125