0 0.640625 0.37187500000000007 0.2796875000000001 0.371875 0.2796875000000001 0.4421875 0.640625 0.4421875
0 0.7812500000000001 0.6015625000000001 0.1312500000000001 0.6015625 0.13125000000000012 0.9953125 0.7812500000000002 0.9953125
0 0.996875 0.6125 0.690625 0.6125 0.690625 0.853125 0.996875 0.853125
0 0.996875 0.46406250000000016 0.8953125 0.46406250000000016 0.8953125 0.6234375000000002 0.996875 0.6234375000000002
0 0.996875 0.35625000000000007 0.934375 0.35625000000000007 0.934375 0.48750000000000016 0.996875 0.48750000000000016
0 0.9609375 0.3828125000000001 0.728125 0.3828125000000001 0.728125 0.6062500000000002 0.9609375 0.6062500000000002
0 0.81875 0.5468750000000001 0.5703125 0.546875 0.5703125 0.6718750000000001 0.81875 0.6718750000000002
0 0.31718750000000007 0.4640625 0.04843750000000006 0.4640625 0.04843750000000007 0.715625 0.31718750000000007 0.715625
0 0.5828125 0.540625 0.2515625000000001 0.540625 0.2515625000000001 0.5953125 0.5828125 0.5953125
0 0.15312500000000007 0.51875 6.352855270576895e-17 0.51875 7.558366963487571e-17 0.715625 0.1531250000000001 0.715625
0 0.771875 0.3062500000000001 0.5140625 0.3062500000000001 0.5140625 0.44218750000000007 0.771875 0.4421875000000002