0 0.840625 0.2515625000000001 0.5015625 0.2515625000000001 0.5015625 0.49687500000000007 0.840625 0.4968750000000002
0 0.953125 0.4531250000000001 0.3343750000000001 0.453125 0.3343750000000001 0.7703125000000001 0.953125 0.7703125000000002
0 0.4546875 0.31718750000000007 0.3421875 0.3171875 0.34218750000000003 0.51875 0.4546875 0.51875
0 0.37812500000000004 0.35468750000000004 0.2734375 0.3546875 0.27343750000000006 0.5359375 0.3781250000000001 0.5359375
0 0.3968750000000001 0.60625 0.2796875000000001 0.60625 0.2796875000000001 0.8203125 0.3968750000000001 0.8203125
0 0.4375000000000001 0.671875 0.3937500000000001 0.671875 0.3937500000000001 0.7921875 0.43750000000000017 0.7921875
0 0.35625000000000007 0.546875 0.2796875000000001 0.546875 0.2796875000000001 0.628125 0.35625000000000007 0.628125
0 0.30156250000000007 0.6125 0.1671875000000001 0.6125 0.1671875000000001 0.809375 0.30156250000000007 0.809375
0 0.2843750000000001 0.590625 0.1453125000000001 0.590625 0.1453125000000001 0.83125 0.2843750000000001 0.83125
0 0.290625 0.3109375 0.02187500000000004 0.3109375 0.021875000000000065 0.7265625 0.2906250000000001 0.7265625
0 0.6296875 0.09843750000000005 0.309375 0.09843750000000004 0.30937500000000007 0.503125 0.6296875 0.503125