0 0.6609375000000002 0.8234375 0.5015625000000001 0.8234375 0.5015625000000001 0.9953125 0.6609375000000002 0.9953125
0 0.7937500000000002 0.7468750000000001 0.6312500000000002 0.746875 0.6312500000000002 0.9953125 0.7937500000000002 0.9953125
0 0.8859375 0.565625 0.7015625 0.565625 0.7015625000000001 0.8234375 0.8859375 0.8234375
0 0.9453125 0.5484375000000001 0.8484375 0.5484375000000001 0.8484375 0.6609375000000002 0.9453125 0.6609375000000002
0 0.9453125 0.42968750000000017 0.8671875 0.42968750000000017 0.8671875 0.5593750000000002 0.9453125 0.5593750000000002
0 0.91875 0.1984375000000001 0.778125 0.1984375000000001 0.778125 0.42500000000000016 0.91875 0.42500000000000016
0 0.8296875 0.2953125000000001 0.653125 0.2953125000000001 0.653125 0.5484375000000001 0.8296875 0.5484375000000001
0 0.859375 0.3921875000000001 0.7265625 0.3921875000000001 0.7265625 0.5703125000000002 0.859375 0.5703125000000002
0 0.7828125 0.11250000000000009 0.6609375 0.11250000000000009 0.6609375 0.30156250000000007 0.7828125 0.30156250000000007
0 0.815625 0.11250000000000009 0.7640625 0.11250000000000009 0.7640625 0.22656250000000008 0.815625 0.22656250000000008
0 0.6828125 0.11250000000000009 0.5828125 0.11250000000000009 0.5828125 0.2578125000000001 0.6828125 0.2578125000000001
0 0.6125 0.17187500000000006 0.465625 0.17187500000000006 0.465625 0.3765625000000001 0.6125 0.3765625000000001
0 0.696875 0.2578125000000001 0.56875 0.2578125000000001 0.56875 0.4578125 0.696875 0.4578125
0 0.615625 0.4296875 0.5796875 0.4296875 0.5796875 0.5109375 0.615625 0.5109375
0 0.7234375 0.4515625 0.590625 0.4515625 0.590625 0.6875 0.7234375 0.6875
0 0.7046875000000001 0.671875 0.5984375 0.671875 0.5984375000000001 0.84375 0.7046875000000001 0.84375
0 0.6125000000000002 0.7375 0.47187500000000016 0.7375 0.47187500000000016 0.89375 0.6125000000000002 0.89375
0 0.5093750000000001 0.84375 0.4234375000000002 0.84375 0.4234375000000002 0.9953125 0.5093750000000001 0.9953125
0 0.4421875000000002 0.828125 0.3062500000000001 0.828125 0.3062500000000001 0.99375 0.4421875000000002 0.99375
0 0.4984375000000001 0.640625 0.3609375000000001 0.640625 0.3609375000000001 0.8453125 0.4984375000000002 0.8453125
0 0.6343750000000001 0.5046875 0.465625 0.5046875 0.46562500000000007 0.7421875 0.6343750000000001 0.7421875
0 0.5828125 0.3593750000000001 0.4359375 0.3593750000000001 0.4359375 0.559375 0.5828125 0.559375
0 0.5453125 0.10156250000000007 0.40625 0.10156250000000004 0.40625 0.30156250000000007 0.5453125 0.30156250000000007
0 0.4734375 0.2578125000000001 0.3734375 0.2578125000000001 0.37343750000000003 0.425 0.4734375 0.425
0 0.4234375 0.28593750000000007 0.284375 0.2859375 0.28437500000000004 0.4796875 0.4234375 0.4796875
0 0.3515625000000001 0.4140625 0.2000000000000001 0.4140625 0.2000000000000001 0.6078125 0.3515625000000001 0.6078125
0 0.4609375 0.478125 0.3218750000000001 0.478125 0.3218750000000001 0.671875 0.4609375 0.671875
0 0.3734375000000001 0.6234375 0.2656250000000001 0.6234375 0.2656250000000001 0.80625 0.3734375000000001 0.80625
0 0.3546875000000001 0.8015625 0.2515625000000001 0.8015625 0.2515625000000001 0.9625 0.3546875000000001 0.9625
0 0.3031250000000001 0.69375 0.14843750000000008 0.69375 0.1484375000000001 0.9359375 0.3031250000000001 0.9359375
0 0.2765625000000001 0.5265625 0.15468750000000003 0.5265625 0.15468750000000006 0.7265625 0.2765625000000001 0.7265625