0 0.4765625 0.14375000000000004 0.4375 0.14375000000000004 0.4375 0.2250000000000001 0.4765625 0.2250000000000001
0 0.31875 0.10781250000000005 0.271875 0.10781250000000005 0.271875 0.2 0.31875 0.2
0 0.41875 0.10312500000000005 0.3375 0.10312500000000005 0.3375 0.17968750000000006 0.41875 0.17968750000000006
0 0.209375 0.08750000000000002 0.14375 0.08750000000000002 0.14375 0.14843750000000003 0.209375 0.14843750000000006
0 0.171875 0.01562500000000002 0.125 0.015625000000000017 0.125 0.1125 0.171875 0.1125
0 0.0765625 0.04062500000000001 0.023437500000000007 0.040625 0.02343750000000001 0.1390625 0.07656250000000002 0.1390625
0 0.146875 1.4734031802241592e-17 0.09375 1.1481063742006437e-17 0.09375 0.046875000000000014 0.146875 0.04687500000000002
0 0.2515625 2.659779766898158e-17 0.1828125 2.2388074296912548e-17 0.1828125 0.05625000000000002 0.2515625 0.05625000000000002
0 0.29375 0.06718750000000004 0.2328125 0.06718750000000002 0.2328125 0.11875000000000005 0.29375 0.11875000000000005
0 0.3328125 0.004687500000000037 0.2828125 0.0046875000000000345 0.2828125 0.10312500000000005 0.3328125 0.10312500000000005
0 0.3953125 0.020312500000000046 0.340625 0.020312500000000046 0.340625 0.10312500000000005 0.3953125 0.10312500000000005
0 0.45 0.03125000000000005 0.3953125 0.03125000000000004 0.3953125 0.12812500000000004 0.45 0.12812500000000004
0 0.4890625 0.046875000000000056 0.4421875 0.046875000000000056 0.4421875 0.13437500000000005 0.4890625 0.13437500000000005
0 0.5546875 0.09218750000000006 0.496875 0.09218750000000006 0.496875 0.14843750000000006 0.5546875 0.14843750000000008
0 0.5578125 0.040625000000000064 0.4890625 0.04062500000000006 0.4890625 0.09218750000000006 0.5578125 0.09218750000000006
0 0.6015625 0.07187500000000006 0.5546875 0.07187500000000006 0.5546875 0.13281250000000008 0.6015625 0.13281250000000008
0 0.6671875 0.05625000000000008 0.609375 0.056250000000000064 0.609375 0.1437500000000001 0.6671875 0.1437500000000001
0 0.709375 0.08750000000000009 0.6703125 0.08750000000000009 0.6703125 0.1687500000000001 0.709375 0.1687500000000001
0 0.76875 0.06250000000000008 0.721875 0.06250000000000008 0.721875 0.13437500000000008 0.76875 0.13437500000000008
0 0.74375 8.96479727188336e-17 0.7203125 8.82128397510828e-17 0.7203125 0.06093750000000009 0.74375 0.06093750000000009
0 0.7015625 8.352473872309682e-17 0.6625 8.113285044351215e-17 0.6625 0.03593750000000008 0.7015625 0.03593750000000009
0 0.675 0.02031250000000008 0.6203125 0.020312500000000077 0.6203125 0.05156250000000008 0.675 0.05156250000000009
0 0.7171875 8.543824934676456e-17 0.678125 8.304636106717989e-17 0.678125 0.06093750000000009 0.7171875 0.06093750000000009
0 0.728125 0.05625000000000009 0.69375 0.05625000000000009 0.69375 0.10312500000000009 0.728125 0.10312500000000009
0 0.6515625 7.596637175960924e-17 0.5890625 7.213935051227377e-17 0.5890625 0.03125000000000007 0.6515625 0.031250000000000076
0 0.609375 0.01562500000000007 0.5515625 0.015625000000000066 0.5515625 0.06718750000000007 0.609375 0.06718750000000007
0 0.5578125 6.400693036168589e-17 0.4875 5.970153145843348e-17 0.4875 0.040625000000000064 0.5578125 0.040625000000000064
0 0.4875 5.683126552293186e-17 0.440625 5.3960999587430256e-17 0.440625 0.04062500000000006 0.4875 0.04062500000000006
0 0.45 5.223884002612929e-17 0.403125 4.9368574090627673e-17 0.403125 0.051562500000000046 0.45 0.051562500000000046
0 0.4109375 4.745506346695993e-17 0.3640625 4.4584797531458325e-17 0.3640625 0.04062500000000005 0.4109375 0.04062500000000006
0 0.359375 4.142750500240656e-17 0.3171875 3.884426566045511e-17 0.3171875 0.02500000000000004 0.359375 0.025000000000000043
0 0.9734375 0.11250000000000013 0.9234375 0.11250000000000013 0.9234375 0.20468750000000008 0.9734375 0.20468750000000008
0 0.98125 0.2828125000000001 0.934375 0.2828125000000001 0.934375 0.3546875000000001 0.98125 0.3546875000000001
0 0.840625 0.2921875000000001 0.80625 0.2921875000000001 0.80625 0.3750000000000001 0.840625 0.3750000000000001
0 0.8609375 0.3593750000000001 0.8140625 0.3593750000000001 0.8140625 0.4203125000000002 0.8609375 0.4203125000000002
0 0.8953125 0.3906250000000001 0.8609375 0.3906250000000001 0.8609375 0.4625000000000002 0.8953125 0.4625000000000002
0 0.8140625 0.4109375000000002 0.7671875 0.4109375000000002 0.7671875 0.4671875000000002 0.8140625 0.4671875000000002
0 0.771875 0.3843750000000001 0.728125 0.3843750000000001 0.728125 0.4265625000000002 0.771875 0.4265625000000002
0 0.728125 0.36406250000000007 0.7015625 0.36406250000000007 0.7015625 0.4312500000000001 0.728125 0.4312500000000002
0 0.6984375 0.3843750000000001 0.6515625 0.3843750000000001 0.6515625 0.4515625 0.6984375 0.4515625
0 0.6859375 0.446875 0.615625 0.446875 0.615625 0.4984375 0.6859375 0.4984375
0 0.6203125 0.5078125 0.5734375 0.5078125 0.5734375 0.5640625 0.6203125 0.5640625
0 0.6359375 0.5546875 0.58125 0.5546875 0.58125 0.6203125 0.6359375 0.6203125
0 0.5546875 0.54375 0.515625 0.54375 0.515625 0.6203125 0.5546875 0.6203125
0 0.6515625000000002 0.8 0.6015625000000002 0.8 0.6015625000000002 0.871875 0.6515625000000002 0.871875
0 0.7593750000000001 0.871875 0.7015625000000002 0.871875 0.7015625000000002 0.9390625 0.7593750000000001 0.9390625
0 0.75625 0.5234375000000001 0.709375 0.5234375 0.709375 0.5953125000000001 0.75625 0.5953125000000001
0 0.7828125 0.4359375000000002 0.7328125 0.4359375000000002 0.7328125 0.4812500000000002 0.7828125 0.4812500000000002
0 0.80625 0.47656250000000017 0.7515625 0.47656250000000017 0.7515625 0.5281250000000002 0.80625 0.5281250000000002
0 0.871875 0.5125000000000002 0.821875 0.5125000000000002 0.821875 0.5750000000000002 0.871875 0.5750000000000002
0 0.8265625 0.5343750000000002 0.76875 0.5343750000000002 0.76875 0.5906250000000002 0.8265625 0.5906250000000002
0 0.9296875 0.5140625000000002 0.8875 0.5140625000000002 0.8875 0.5906250000000002 0.9296875 0.5906250000000002
0 0.965625 0.5281250000000002 0.9296875 0.5281250000000002 0.9296875 0.6109375000000001 0.965625 0.6109375000000001
0 0.996875 0.5890625000000002 0.7796875 0.5890625000000002 0.7796875000000001 0.9953125 0.996875 0.9953125
0 0.275 1.6838893488276106e-17 0 0 2.0091861548511263e-17 0.328125 0.275 0.328125
0 0.9953125 9.031770143711729e-17 0.4796875 5.87447761465996e-17 0.4796875 0.3890625000000001 0.9953125 0.3890625000000001
0 0.996875 0.2406250000000001 0.7671875 0.2406250000000001 0.7671875 0.6359375000000002 0.996875 0.6359375000000002
0 0.10468750000000007 0.3640625 4.4584797531458325e-17 0.3640625 6.151936655091781e-17 0.640625 0.10468750000000009 0.640625
0 0.4500000000000002 0.8046875 0.39531250000000007 0.8046875 0.39531250000000007 0.9078125 0.4500000000000002 0.9078125
0 0.4531250000000001 0.71875 0.38750000000000007 0.71875 0.38750000000000007 0.7703125 0.45312500000000017 0.7703125
0 0.3765625000000001 0.784375 0.33281250000000007 0.784375 0.33281250000000007 0.846875 0.3765625000000001 0.846875
0 0.4031250000000002 0.8921875 0.32500000000000007 0.8921875 0.32500000000000007 0.9546875 0.4031250000000002 0.9546875
0 0.3296875000000001 0.85625 0.2828125000000001 0.85625 0.2828125000000001 0.9390625 0.3296875000000001 0.9390625
0 0.28593750000000007 0.85625 0.2171875000000001 0.85625 0.2171875000000001 0.94375 0.28593750000000007 0.94375
0 0.31718750000000007 0.9328125 0.2406250000000001 0.9328125 0.2406250000000001 0.9953125 0.31718750000000007 0.9953125
0 0.23593750000000008 0.953125 0.18281250000000013 0.953125 0.18281250000000013 0.9953125 0.23593750000000008 0.9953125
0 0.2250000000000001 0.903125 0.1468750000000001 0.903125 0.14687500000000012 0.984375 0.2250000000000001 0.984375
0 0.1750000000000001 0.7953125 0.11718750000000008 0.7953125 0.11718750000000008 0.8609375 0.1750000000000001 0.8609375
0 0.484375 0.6671875 0.434375 0.6671875 0.434375 0.71875 0.484375 0.71875
0 0.08593750000000008 0.6875 0.007812500000000083 0.6875 0.007812500000000087 0.753125 0.08593750000000008 0.753125
0 0.13281250000000008 0.640625 0.0671875000000001 0.640625 0.0671875000000001 0.7125 0.13281250000000008 0.7125
0 0.1984375000000001 0.5640625 0.11718750000000008 0.5640625 0.11718750000000008 0.6921875 0.1984375000000001 0.6921875
0 0.08593750000000011 0.8359375 1.0237281836622405e-16 0.8359375 1.0677389280065986e-16 0.9078125 0.08593750000000011 0.9078125
0 0.12500000000000008 0.7328125 0.05156250000000009 0.7328125 0.0515625000000001 0.8515625 0.12500000000000008 0.8515625
0 0.30937500000000007 0.74375 0.2562500000000001 0.74375 0.2562500000000001 0.8609375 0.30937500000000007 0.8609375
0 0.2906250000000001 0.6 0.2250000000000001 0.6 0.2250000000000001 0.65625 0.2906250000000001 0.65625
0 0.2593750000000001 0.4515625 0.17031250000000003 0.4515625 0.17031250000000003 0.528125 0.2593750000000001 0.528125
0 0.4 0.4828125 0.3500000000000001 0.4828125 0.3500000000000001 0.584375 0.4 0.584375
0 0.5968750000000002 0.871875 0.5265625000000002 0.871875 0.5265625000000002 0.928125 0.5968750000000002 0.928125
0 0.4843750000000001 0.45625 0.007812500000000056 0.45625 0.007812500000000088 0.9953125 0.48437500000000017 0.9953125
0 0.86875 0.4468750000000001 0.465625 0.446875 0.46562500000000007 0.9953125 0.86875 0.9953125
0 0.08593750000000003 0.2515625 3.080752104105061e-17 0.2515625 4.11404784088564e-17 0.4203125 0.08593750000000004 0.4203125
0 0.6671875 0.15937500000000004 0.1015625 0.159375 0.10156250000000004 0.5796875 0.6671875 0.5796875
0 0.31718750000000007 0.503125 0.2640625000000001 0.503125 0.2640625000000001 0.5484375 0.31718750000000007 0.5484375
0 0.3296875000000001 0.4515625 0.2671875000000001 0.4515625 0.2671875000000001 0.503125 0.3296875000000001 0.503125
0 0.2906250000000001 0.43125 0.2328125000000001 0.43125 0.2328125000000001 0.4828125 0.2906250000000001 0.4828125
0 0.33281250000000007 0.415625 0.2828125000000001 0.415625 0.2828125000000001 0.471875 0.33281250000000007 0.471875
0 0.3609375000000001 0.3859375 0.3031250000000001 0.3859375 0.3031250000000001 0.4625 0.3609375000000001 0.4625
0 0.3140625000000001 0.3703125 0.2593750000000001 0.3703125 0.2593750000000001 0.4265625 0.3140625000000001 0.4265625
0 0.2640625000000001 0.375 0.2140625000000001 0.375 0.2140625000000001 0.4359375 0.2640625000000001 0.4359375
0 0.2828125 0.328125 0.228125 0.328125 0.22812500000000005 0.384375 0.2828125000000001 0.384375
0 0.22187500000000004 0.3234375 0.18281250000000004 0.3234375 0.18281250000000004 0.3890625 0.2218750000000001 0.3890625
0 0.2250000000000001 0.3953125 0.18125000000000005 0.3953125 0.18125000000000005 0.45625 0.2250000000000001 0.45625
0 0.18593750000000003 0.359375 0.14687500000000003 0.359375 0.14687500000000003 0.43125 0.18593750000000003 0.43125
0 0.15625000000000006 0.3484375 0.10937500000000004 0.3484375 0.10937500000000004 0.415625 0.15625000000000006 0.415625