0 0.9578125 0.4281250000000001 0.6140625 0.428125 0.6140625 0.659375 0.9578125 0.6593750000000002
0 0.421875 0.07812500000000003 0.2171875 0.07812500000000003 0.2171875 0.28437500000000004 0.421875 0.2843750000000001
0 0.4984375 0.3046875000000001 0.390625 0.3046875000000001 0.39062500000000006 0.4328125 0.4984375 0.4328125
0 0.4703125 0.23750000000000004 0.3359375 0.2375 0.3359375 0.33437500000000003 0.4703125 0.3343750000000001
0 0.3546875 0.2625 0.246875 0.2625 0.246875 0.3609375 0.3546875 0.3609375
0 0.3828125 0.3140625 0.3328125 0.3140625 0.3328125 0.3609375 0.3828125 0.3609375000000001
0 0.29375000000000007 0.2734375 0.19687500000000005 0.2734375 0.19687500000000005 0.396875 0.29375000000000007 0.396875
0 0.3125000000000001 0.4640625 0.18125000000000005 0.4640625 0.18125000000000008 0.5765625 0.3125000000000001 0.5765625
0 0.3593750000000001 0.5265625 0.2812500000000001 0.5265625 0.2812500000000001 0.609375 0.3593750000000001 0.609375
0 0.3046875000000001 0.6140625 0.23593750000000008 0.6140625 0.23593750000000008 0.7328125 0.3046875000000001 0.7328125
0 0.409375 0.46875 0.2968750000000001 0.46875 0.2968750000000001 0.5828125 0.409375 0.5828125
0 0.2890625000000001 0.396875 0.18906250000000005 0.396875 0.18906250000000005 0.46875 0.2890625000000001 0.46875
0 0.359375 3.951399437873882e-17 0.2859375 3.501724441311963e-17 0.2859375 0.07656250000000005 0.359375 0.07656250000000005
0 0.8234375 0.026562500000000062 0.14375 0.026562500000000024 0.14375000000000007 0.9546875 0.8234375 0.9546875
0 0.934375 0.27812500000000007 0.8453125 0.27812500000000007 0.8453125 0.46406250000000016 0.934375 0.46406250000000016