0 0.19687500000000005 0.09843750000000001 1.2055116929106758e-17 0.0984375 4.190588265832349e-17 0.5859375 0.19687500000000008 0.5859375
0 0.25468750000000007 0.5 0.12812500000000004 0.5 0.12812500000000007 0.6953125 0.25468750000000007 0.6953125
0 0.1281250000000001 0.5859375 7.175664838754022e-17 0.5859375 8.476852062848085e-17 0.7984375 0.1281250000000001 0.7984375
0 0.34843750000000007 0.43125 0.2140625000000001 0.43125 0.2140625000000001 0.64375 0.34843750000000007 0.64375
0 0.31718750000000007 0.13281250000000003 0.1515625 0.1328125 0.15156250000000002 0.5 0.31718750000000007 0.5
0 0.3453125 0.046875000000000035 0.1796875 0.04687500000000002 0.17968750000000003 0.36875 0.3453125000000001 0.36875
0 0.39062500000000006 0.30468750000000006 0.3046875 0.3046875 0.30468750000000006 0.5578125 0.3906250000000001 0.5578125
0 0.4171875 0.403125 0.3453125000000001 0.403125 0.3453125000000001 0.603125 0.4171875 0.603125
0 0.43125 0.615625 0.3625000000000001 0.615625 0.3625000000000001 0.71875 0.43125 0.71875
0 0.4765625 0.575 0.4171875 0.575 0.4171875 0.671875 0.4765625 0.671875
0 0.5453125 0.5921875 0.4765625 0.5921875 0.4765625 0.70625 0.5453125 0.70625
0 0.6109375 0.5578125 0.5421875 0.5578125 0.5421875 0.671875 0.6109375 0.671875
0 0.6687500000000001 0.603125 0.596875 0.603125 0.596875 0.7296875 0.6687500000000002 0.7296875
0 0.7875000000000001 0.64375 0.7078125 0.64375 0.7078125000000001 0.7765625 0.7875000000000002 0.7765625000000002
0 0.896875 0.4593750000000002 0.73125 0.4593750000000002 0.7312500000000001 0.7468750000000002 0.896875 0.7468750000000002
0 0.9515625 0.43750000000000017 0.865625 0.43750000000000017 0.865625 0.5578125000000002 0.9515625 0.5578125000000002
0 0.9578125 0.5812500000000002 0.8828125 0.5812500000000002 0.8828125 0.7078125000000002 0.9578125 0.7078125000000002
0 0.9828125 0.5468750000000002 0.903125 0.5468750000000002 0.903125 0.6562500000000002 0.9828125 0.6562500000000002
0 0.996875 0.2296875000000001 0.9203125 0.2296875000000001 0.9203125 0.5578125000000002 0.996875 0.5578125000000002
0 0.9765625 0.09843750000000011 0.890625 0.09843750000000011 0.890625 0.4421875000000002 0.9765625 0.4421875000000002
0 0.996875 0.08125000000000011 0.965625 0.08125000000000011 0.965625 0.3515625000000001 0.996875 0.3515625000000001
0 0.996875 9.290094077906876e-17 0.5203125 6.371990376813572e-17 0.5203125 0.3218750000000001 0.996875 0.3218750000000001
0 0.9109375 0.1328125000000001 0.6484375 0.13281250000000008 0.6484375 0.4718750000000001 0.9109375 0.47187500000000016
0 0.7875 0.40312500000000007 0.690625 0.403125 0.690625 0.5468750000000001 0.7875 0.5468750000000002
0 0.734375 0.4484375000000001 0.5890625 0.4484375 0.5890625 0.6609375000000001 0.734375 0.6609375000000002
0 0.6 0.50625 0.528125 0.50625 0.528125 0.609375 0.6 0.609375
0 0.6828125 0.3218750000000001 0.60625 0.3218750000000001 0.60625 0.4484375 0.6828125 0.4484375
0 0.6140625 0.3046875000000001 0.471875 0.3046875000000001 0.471875 0.5234375 0.6140625 0.5234375
0 0.5625 5.893612720896637e-17 0.4 4.898587196589413e-17 0.4 0.3453125000000001 0.5625 0.3453125000000001
0 0.5828125 6.563341439180347e-17 0.4890625 5.989288252080025e-17 0.4890625 0.16718750000000007 0.5828125 0.1671875000000001
0 0.4375 3.205130294643464e-17 0.0859375 1.0524308430172567e-17 0.08593750000000003 0.2984375 0.4375 0.2984375000000001