0 0.7953125000000001 0.10312500000000006 0.1859375 0.10312500000000005 0.18593750000000006 0.928125 0.7953125000000002 0.928125
0 0.2515625000000001 0.428125 5.2430191088496056e-17 0.428125 8.716040890806552e-17 0.9953125 0.2515625000000001 0.9953125
0 0.475 0.04687500000000003 0.018750000000000006 0.046875 0.018750000000000037 0.55625 0.475 0.55625
0 0.9953125 0.6656250000000001 0.7375 0.6656250000000001 0.7375 0.9953125 0.9953125 0.9953125
0 0.9953125 0.3453125000000001 0.6953125 0.3453125000000001 0.6953125000000001 0.9171875 0.9953125 0.9171875
0 0.7375000000000002 0.8609375 0.2515625000000001 0.8609375 0.2515625000000001 0.9953125 0.7375000000000002 0.9953125
0 0.9390625 0.046875000000000104 0.8078125 0.0468750000000001 0.8078125 0.24218750000000008 0.9390625 0.24218750000000008
0 0.8953125 0.2015625000000001 0.7609375 0.2015625000000001 0.7609375 0.3500000000000001 0.8953125 0.3500000000000001
0 0.996875 0.2062500000000001 0.896875 0.2062500000000001 0.896875 0.3500000000000001 0.996875 0.3500000000000001
0 0.8421875 9.433607374681953e-17 0.6984375 8.553392487794795e-17 0.6984375 0.0875000000000001 0.8421875 0.0875000000000001
0 0.6984375 7.845393557037732e-17 0.5828125 7.137394626280668e-17 0.5828125 0.09843750000000008 0.6984375 0.0984375000000001
0 0.590625 6.52507122670699e-17 0.475 5.817072295949927e-17 0.475 0.10312500000000006 0.590625 0.10312500000000009