0 0.9359375 0.41718750000000016 0.7484375 0.41718750000000016 0.7484375000000001 0.840625 0.9359375 0.840625
0 0.9203125 0.8234375 0.7593750000000001 0.8234375 0.7593750000000001 0.9703125 0.9203125 0.9703125
0 0.88125 0.834375 0.6000000000000002 0.834375 0.6000000000000002 0.99375 0.88125 0.99375
0 0.7609375 0.2765625000000001 0.4546875 0.2765625000000001 0.4546875000000001 0.878125 0.7609375000000002 0.878125
0 0.9328125 0.3312500000000001 0.79375 0.3312500000000001 0.79375 0.5156250000000002 0.9328125 0.5156250000000002
0 0.8640625 0.3125000000000001 0.8453125 0.3125000000000001 0.8453125 0.35625000000000007 0.8640625 0.35625000000000007
0 0.996875 0.3078125000000001 0.9328125 0.3078125000000001 0.9328125 0.3812500000000001 0.996875 0.3812500000000001
0 0.996875 0.38750000000000007 0.9328125 0.38750000000000007 0.9328125 0.5468750000000002 0.996875 0.5468750000000002
0 0.996875 0.5218750000000002 0.9484375 0.5218750000000002 0.9484375 0.6875000000000002 0.996875 0.6875000000000002
0 0.815625 0.32500000000000007 0.7296875 0.32500000000000007 0.7296875 0.41718750000000016 0.815625 0.41718750000000016
0 0.684375 0.12187500000000007 0.5296875 0.12187500000000004 0.5296875 0.2640625000000001 0.684375 0.2640625000000001
0 0.7578125 0.22031250000000008 0.50625 0.22031250000000008 0.50625 0.4296875000000001 0.7578125 0.42968750000000017
0 0.5 0.20312500000000006 0.3296875 0.203125 0.3296875 0.478125 0.5 0.478125
0 0.39062500000000006 0.32500000000000007 0.11250000000000004 0.325 0.11250000000000007 0.6328125 0.3906250000000001 0.6328125
0 0.49375 0.478125 0.37968750000000007 0.478125 0.37968750000000007 0.6140625 0.49375 0.6140625
0 0.5937500000000001 0.6078125 0.17968750000000008 0.6078125 0.1796875000000001 0.99375 0.5937500000000002 0.99375
0 0.2234375000000001 0.9140625 0.12656250000000013 0.9140625 0.12656250000000013 0.99375 0.2234375000000001 0.99375
0 0.27031250000000007 0.471875 5.778802083476573e-17 0.471875 8.96479727188336e-17 0.9921875 0.27031250000000007 0.9921875
0 0.7515625 0.05625000000000008 0.5875 0.056250000000000064 0.5875 0.12343750000000009 0.7515625 0.12343750000000009
0 0.5453125 0.018750000000000062 0.4609375 0.018750000000000055 0.4609375 0.22031250000000008 0.5453125 0.22031250000000008
0 0.7703125 7.988906853812813e-17 0.534375 6.544206332943669e-17 0.534375 0.13437500000000008 0.7703125 0.13437500000000008
0 0.259375 0.35 0.020312500000000046 0.35 0.020312500000000046 0.3984375 0.2593750000000001 0.3984375
0 0.18125000000000005 0.3984375 4.8794520903527353e-17 0.3984375 5.367397299388009e-17 0.478125 0.18125000000000005 0.478125