0 0.9703125 0.846875 0.7562500000000002 0.846875 0.7562500000000002 0.9953125 0.9703125 0.9953125
0 0.996875 0.9015625 0.9703125 0.9015625 0.9703125 0.9953125 0.996875 0.9953125
0 0.996875 0.5734375000000002 0.775 0.5734375000000002 0.7750000000000001 0.8859375 0.996875 0.8859375
0 0.846875 0.8203125 0.8109375 0.8203125 0.8109375 0.8859375 0.846875 0.8859375
0 0.7640625000000001 0.3390625000000001 0.5921875 0.3390625000000001 0.5921875000000001 0.7656250000000001 0.7640625000000002 0.7656250000000002
0 0.86875 0.37187500000000007 0.753125 0.37187500000000007 0.753125 0.6890625000000001 0.86875 0.6890625000000001
0 0.996875 0.2453125000000001 0.8140625 0.2453125000000001 0.8140625 0.6234375000000002 0.996875 0.6234375000000002
0 0.915625 0.13750000000000012 0.665625 0.1375000000000001 0.665625 0.3781250000000001 0.915625 0.3781250000000001
0 0.996875 0.09218750000000012 0.8765625 0.09218750000000012 0.8765625 0.3609375000000001 0.996875 0.3609375000000001
0 0.9953125 1.1127064276627905e-16 0.821875 1.0065065880492308e-16 0.821875 0.1359375000000001 0.9953125 0.13593750000000013
0 0.89375 1.0237281836622407e-16 0.778125 9.529282905865343e-17 0.778125 0.1906250000000001 0.89375 0.1906250000000001
0 0.8578125 9.031770143711731e-17 0.6171875 7.558366963487571e-17 0.6171875 0.1906250000000001 0.8578125 0.1906250000000001
0 0.6953125 0.037500000000000075 0.5609375 0.03750000000000007 0.5609375 0.3828125000000001 0.6953125 0.3828125000000001
0 0.646875 0.3781250000000001 0.5203125 0.3781250000000001 0.5203125 0.575 0.646875 0.575
0 0.6359375 0.5953125 0.490625 0.5953125 0.4906250000000001 0.8859375 0.6359375000000002 0.8859375
0 0.8078125 0.6718750000000001 0.6078125 0.671875 0.6078125000000001 0.9953125 0.8078125 0.9953125
0 0.6359375 0.23593750000000005 0.3453125 0.2359375 0.3453125 0.575 0.6359375 0.575
0 0.5453125 0.12031250000000007 0.3390625 0.12031250000000004 0.3390625 0.34375000000000006 0.5453125 0.3437500000000001
0 0.559375 0.07187500000000005 0.375 0.07187500000000005 0.375 0.23593750000000008 0.559375 0.23593750000000008
0 0.6109375 5.960585592725009e-17 0.3625 4.4393446469091554e-17 0.3625 0.13593750000000007 0.6109375 0.1359375000000001
0 0.5375000000000001 0.5625 0.24375000000000008 0.5625 0.24375000000000008 0.9296875 0.5375000000000002 0.9296875
0 0.5234375000000002 0.8640625 0.30156250000000007 0.8640625 0.30156250000000007 0.9953125 0.5234375000000002 0.9953125
0 0.2875000000000001 0.6671875 0.10937500000000008 0.6671875 0.10937500000000011 0.9953125 0.2875000000000001 0.9953125
0 0.10937500000000011 0.78125 9.567553118338697e-17 0.78125 1.0878307895551099e-16 0.9953125 0.10937500000000014 0.9953125
0 0.14531250000000007 0.2953125 3.6165350787320275e-17 0.2953125 7.127827073162329e-17 0.86875 0.1453125000000001 0.86875
0 0.22187500000000004 0.3 0.08750000000000005 0.3 0.08750000000000005 0.5796875 0.2218750000000001 0.5796875
0 0.2078125000000001 0.5578125 0.1312500000000001 0.5578125 0.1312500000000001 0.715625 0.2078125000000001 0.715625
0 0.37812500000000004 0.30156250000000007 0.19218750000000004 0.3015625 0.19218750000000007 0.6953125 0.3781250000000001 0.6953125
0 0.353125 0.07187500000000004 0.13125 0.07187500000000002 0.13125000000000003 0.3125 0.353125 0.3125
0 0.21875 0.19062500000000002 0.06875000000000002 0.190625 0.06875000000000003 0.3609375 0.21875 0.3609375
0 0.10156250000000003 0.103125 1.262917011620708e-17 0.103125 2.5736717888331094e-17 0.3171875 0.10156250000000004 0.3171875
0 0.2328125 1.9996186017327877e-17 0.09375 1.1481063742006437e-17 0.09375000000000001 0.14218750000000002 0.2328125 0.14218750000000005
0 0.378125 3.6069675256136883e-17 0.2109375 2.583239341951448e-17 0.2109375 0.18593750000000003 0.378125 0.18593750000000003
0 0.09843750000000001 6.505936120470315e-18 0.0078125 9.567553118338697e-19 0.007812500000000005 0.09843750000000001 0.09843750000000002 0.09843750000000002
0 0.021875000000000006 1.3394574365674179e-18 0 0 6.027558464553379e-18 0.0984375 0.021875000000000012 0.0984375
0 0.996875 6.104098889500089e-17 0 0 6.09453133638175e-17 0.9953125 0.996875 0.9953125