0 0.9953125 0.1984375000000001 0.6796875 0.1984375000000001 0.6796875 0.7031250000000001 0.9953125 0.7031250000000002
0 0.6375 0.19843750000000007 0.3390625 0.19843750000000004 0.33906250000000004 0.625 0.6375 0.625
0 0.675 0.15156250000000007 0.259375 0.15156250000000004 0.259375 0.5671875 0.675 0.5671875
0 0.809375 0.09375000000000008 0.56875 0.09375000000000007 0.56875 0.2968750000000001 0.809375 0.2968750000000001
0 0.7437500000000001 0.4171875000000001 0.2328125000000001 0.4171875 0.2328125000000001 0.7546875000000001 0.7437500000000001 0.7546875000000002
0 0.7453125 0.6515625 0.2296875000000001 0.6515625 0.2296875000000001 0.9109375 0.7453125000000002 0.9109375
0 0.996875 0.6671875 0.3750000000000001 0.6671875 0.3750000000000001 0.9953125 0.996875 0.9953125
0 0.996875 0.6093750000000002 0.95 0.6093750000000002 0.95 0.7390625000000002 0.996875 0.7390625000000002
0 0.2750000000000001 0.5421875 0.08750000000000006 0.5421875 0.08750000000000008 0.7078125 0.2750000000000001 0.7078125
0 0.2750000000000001 0.3640625 0.19843750000000004 0.3640625 0.19843750000000007 0.546875 0.2750000000000001 0.546875
0 0.2375000000000001 0.703125 0.1765625000000001 0.703125 0.1765625000000001 0.7859375 0.2375000000000001 0.7859375
0 0.5343750000000002 0.7765625 9.510147799628666e-17 0.7765625 1.0849605236196083e-16 0.9953125 0.5343750000000002 0.9953125