0 0.5062500000000002 0.8796875 0.3515625000000001 0.8796875 0.3515625000000001 0.9921875 0.5062500000000002 0.9921875
0 0.6234375000000002 0.8265625 0.46875000000000017 0.8265625 0.46875000000000017 0.91875 0.6234375000000002 0.91875
0 0.5109375000000002 0.771875 0.41718750000000016 0.771875 0.41718750000000016 0.8421875 0.5109375000000002 0.8421875
0 0.5718750000000001 0.8265625 0.4593750000000002 0.8265625 0.4593750000000002 0.8875 0.5718750000000001 0.8875
0 0.43281250000000016 0.7875 0.27812500000000007 0.7875 0.27812500000000007 0.9109375 0.43281250000000016 0.9109375
0 0.43281250000000016 0.7640625 0.3453125000000001 0.7640625 0.3453125000000001 0.8109375 0.43281250000000016 0.8109375
0 0.5000000000000001 0.721875 0.4234375 0.721875 0.4234375000000001 0.76875 0.5000000000000002 0.76875
0 0.6546875000000001 0.7109375 0.5046875 0.7109375 0.5046875000000001 0.834375 0.6546875000000002 0.834375
0 0.7062500000000002 0.734375 0.6187500000000001 0.734375 0.6187500000000001 0.834375 0.7062500000000002 0.834375
0 0.7375 0.6453125000000001 0.5765625 0.6453125 0.5765625000000001 0.7343750000000001 0.7375000000000002 0.7343750000000002
0 0.7265625 0.5796875000000001 0.578125 0.5796875 0.578125 0.6953125000000001 0.7265625 0.6953125000000002
0 0.5921875000000001 0.6296875 0.4328125 0.6296875 0.4328125000000001 0.7453125 0.5921875000000002 0.7453125
0 0.4375000000000001 0.671875 0.29375000000000007 0.671875 0.29375000000000007 0.7640625 0.43750000000000017 0.7640625
0 0.3656250000000001 0.6765625 0.2687500000000001 0.6765625 0.2687500000000001 0.765625 0.3656250000000001 0.765625
0 0.3609375000000001 0.5640625 0.22656250000000008 0.5640625 0.22656250000000008 0.671875 0.3609375000000001 0.671875
0 0.475 0.5875 0.3296875000000001 0.5875 0.3296875000000001 0.671875 0.475 0.671875
0 0.5875 0.521875 0.44375 0.521875 0.44375 0.6296875 0.5875 0.6296875
0 0.6703125 0.50625 0.5875 0.50625 0.5875 0.5796875 0.6703125 0.5796875
0 0.721875 0.5140625 0.6640625 0.5140625 0.6640625 0.5875 0.721875 0.5875
0 0.4484375 0.5484375 0.3453125000000001 0.5484375 0.3453125000000001 0.59375 0.4484375 0.59375
0 0.3812500000000001 0.471875 0.2531250000000001 0.471875 0.2531250000000001 0.5609375 0.3812500000000001 0.5609375
0 0.50625 0.4296875 0.3515625000000001 0.4296875 0.3515625000000001 0.553125 0.50625 0.553125
0 0.6859375 0.3984375000000001 0.5046875 0.3984375000000001 0.5046875 0.525 0.6859375 0.525
0 0.7375 0.3781250000000001 0.6546875 0.3781250000000001 0.6546875 0.4750000000000001 0.7375 0.4750000000000002
0 0.690625 0.3125000000000001 0.5625 0.3125000000000001 0.5625 0.4015625 0.690625 0.4015625
0 0.8 0.2890625000000001 0.68125 0.2890625000000001 0.68125 0.3859375000000001 0.8 0.3859375000000001
0 0.7734375 0.2390625000000001 0.7109375 0.2390625000000001 0.7109375 0.30156250000000007 0.7734375 0.30156250000000007
0 0.7734375 0.21250000000000008 0.70625 0.21250000000000008 0.70625 0.27031250000000007 0.7734375 0.27031250000000007
0 0.76875 0.1281250000000001 0.6234375 0.1281250000000001 0.6234375 0.2390625000000001 0.76875 0.2390625000000001
0 0.634375 0.11562500000000006 0.5359375 0.11562500000000005 0.5359375 0.23593750000000008 0.634375 0.23593750000000008
0 0.5515625 0.11562500000000006 0.4015625 0.11562500000000005 0.4015625 0.21250000000000008 0.5515625 0.21250000000000008
0 0.5265625 0.06562500000000006 0.3875 0.06562500000000004 0.3875 0.16562500000000005 0.5265625 0.16562500000000005
0 0.371875 0.046875000000000035 0.2265625 0.04687500000000002 0.2265625 0.15781250000000005 0.371875 0.15781250000000005
0 0.309375 0.14375000000000002 0.15 0.14375 0.15000000000000002 0.259375 0.309375 0.259375
0 0.2109375 0.17812500000000003 0.08750000000000002 0.178125 0.08750000000000004 0.278125 0.2109375 0.278125
0 0.29375 0.2625 0.15468750000000003 0.2625 0.15468750000000003 0.359375 0.29375 0.359375
0 0.3453125000000001 0.3671875 0.2062500000000001 0.3671875 0.2062500000000001 0.4703125 0.3453125000000001 0.4703125
0 0.27812500000000007 0.45625 0.18593750000000003 0.45625 0.18593750000000003 0.5328125 0.27812500000000007 0.5328125
0 0.44375 0.33281250000000007 0.309375 0.3328125 0.30937500000000007 0.4328125 0.44375 0.4328125
0 0.5734375 0.3359375000000001 0.4390625 0.3359375000000001 0.4390625 0.4359375 0.5734375 0.4359375
0 0.5671875 0.2078125000000001 0.4015625 0.2078125000000001 0.4015625 0.3359375000000001 0.5671875 0.3359375000000001
0 0.7109375 0.2078125000000001 0.5671875 0.2078125000000001 0.5671875 0.3281250000000001 0.7109375 0.3281250000000001
0 0.4078125 0.24062500000000003 0.2578125 0.240625 0.2578125 0.34843750000000007 0.4078125 0.34843750000000007
0 0.5265625 5.692694105411524e-17 0.403125 4.9368574090627673e-17 0.403125 0.08125000000000006 0.5265625 0.08125000000000007
0 0.571875 6.630314311008718e-17 0.5109375 6.257179739393508e-17 0.5109375 0.06250000000000007 0.571875 0.06250000000000007
0 0.3609375 3.59739997249535e-17 0.2265625 2.7745904043182222e-17 0.2265625 0.05781250000000003 0.3609375 0.057812500000000044
0 0.396875 0.03125000000000004 0.35625 0.03125000000000004 0.35625 0.10000000000000005 0.396875 0.10000000000000005
0 0.221875 0.034375000000000024 0.159375 0.034375000000000024 0.159375 0.11250000000000002 0.221875 0.11250000000000004
0 0.221875 1.865672858076046e-17 0.0828125 1.0141606305439019e-17 0.0828125 0.054687500000000014 0.221875 0.05468750000000002
0 0.221875 0.10468750000000002 0.15 0.1046875 0.15 0.15000000000000002 0.221875 0.15000000000000005
0 0.051562500000000025 0.1703125 2.085726579797836e-17 0.1703125 2.458861151413045e-17 0.23125 0.051562500000000025 0.23125
0 0.09843750000000002 0.1890625 0.035937500000000025 0.1890625 0.035937500000000025 0.2515625 0.09843750000000002 0.2515625
0 0.05156250000000003 0.2359375 2.8894010417382865e-17 0.2359375 3.310373378945189e-17 0.3046875 0.051562500000000046 0.3046875
0 0.03593750000000004 0.2984375 0.004687500000000036 0.2984375 0.004687500000000039 0.340625 0.035937500000000046 0.340625