0 0.30625 2.3918882795846743e-17 0.084375 1.0332957367805793e-17 0.084375 0.1296875 0.30625 0.12968750000000004
0 0.3109375 0.015625000000000024 0.096875 0.01562500000000001 0.09687500000000002 0.3015625 0.3109375 0.3015625
0 0.4140625 0.11875000000000005 0.30625 0.11875000000000005 0.30625 0.30156250000000007 0.4140625 0.30156250000000007
0 0.25468750000000007 0.275 0.025000000000000033 0.275 0.025000000000000043 0.43125 0.25468750000000007 0.43125
0 0.2843750000000001 0.440625 5.3960999587430256e-17 0.440625 6.352855270576895e-17 0.596875 0.2843750000000001 0.596875
0 0.2953125000000001 0.38125 0.19843750000000004 0.38125 0.19843750000000004 0.4625 0.2953125000000001 0.4625
0 0.3656250000000001 0.521875 0.11093750000000005 0.521875 0.11093750000000006 0.6984375 0.3656250000000001 0.6984375
0 0.23593750000000008 0.6078125 0.1515625000000001 0.6078125 0.1515625000000001 0.784375 0.23593750000000008 0.784375
0 0.3140625000000001 0.640625 0.10312500000000009 0.640625 0.10312500000000009 0.903125 0.3140625000000001 0.903125
0 0.31718750000000007 0.6890625 0.18125000000000008 0.6890625 0.1812500000000001 0.946875 0.31718750000000007 0.946875
0 0.3843750000000001 0.6890625 0.18125000000000008 0.6890625 0.1812500000000001 0.9953125 0.3843750000000001 0.9953125
0 0.878125 7.166097285635683e-17 0.2921875 3.5782648662586727e-17 0.2921875 0.17187500000000006 0.878125 0.17187500000000008
0 0.996875 0.09687500000000007 0.2578125 0.09687500000000002 0.25781250000000006 0.4359375000000001 0.996875 0.4359375000000002
0 0.9 0.28593750000000007 0.2359375 0.2859375 0.23593750000000005 0.5437500000000001 0.9 0.5437500000000002
0 0.996875 0.39843750000000006 0.2734375000000001 0.3984375 0.2734375000000001 0.8546875 0.996875 0.8546875
0 0.9375 0.6031250000000001 0.2687500000000001 0.603125 0.2687500000000001 0.9953125 0.9375 0.9953125