0 0.4703125 0.5109375 0.2890625000000001 0.5109375 0.2890625000000001 0.6671875 0.4703125 0.6671875
0 0.4406250000000001 0.6359375 0.22656250000000008 0.6359375 0.22656250000000008 0.8140625 0.44062500000000016 0.8140625
0 0.4937500000000001 0.63125 0.4359375 0.63125 0.4359375000000001 0.7375 0.4937500000000002 0.7375
0 0.4984375000000001 0.725 0.440625 0.725 0.4406250000000001 0.8 0.4984375000000002 0.8
0 0.4984375000000002 0.778125 0.35625000000000007 0.778125 0.35625000000000007 0.9859375 0.4984375000000002 0.9859375
0 0.3609375000000001 0.790625 0.1390625000000001 0.790625 0.13906250000000012 0.9953125 0.3609375000000001 0.9953125
0 0.2890625000000001 0.5953125 0.12031250000000009 0.5953125 0.12031250000000009 0.7875 0.2890625000000001 0.7875
0 0.14218750000000008 0.6984375 8.553392487794795e-17 0.6984375 9.261391418551857e-17 0.8140625 0.14218750000000008 0.8140625
0 0.1875000000000001 0.7734375 0.009375000000000095 0.7734375 0.009375000000000107 0.96875 0.18750000000000014 0.96875
0 0.7562500000000001 0.5156250000000001 0.525 0.515625 0.5250000000000001 0.7562500000000001 0.7562500000000002 0.7562500000000002
0 0.8046875 0.7203125000000001 0.5828125 0.7203125 0.5828125000000001 0.9515625 0.8046875 0.9515625
0 0.9953125 1.0093768539847325e-16 0.653125 7.99847440693115e-17 0.653125 0.3734375000000001 0.9953125 0.3734375000000001
0 0.9953125 0.3296875000000001 0.840625 0.3296875000000001 0.840625 0.5515625000000002 0.9953125 0.5515625000000002
0 0.9828125 0.5468750000000002 0.7734375 0.5468750000000002 0.7734375000000001 0.7593750000000001 0.9828125 0.7593750000000001
0 0.9953125 0.7250000000000002 0.809375 0.7250000000000002 0.809375 0.9421875 0.9953125 0.9421875
0 0.8796875 0.3734375000000001 0.653125 0.3734375000000001 0.653125 0.5906250000000001 0.8796875 0.5906250000000002
0 0.7375 0.2312500000000001 0.546875 0.2312500000000001 0.546875 0.4093750000000001 0.7375 0.40937500000000016
0 0.6 0.3828125000000001 0.5015625 0.3828125000000001 0.5015625 0.61875 0.6 0.61875
0 0.684375 0.06250000000000008 0.5015625 0.06250000000000007 0.5015625 0.26250000000000007 0.684375 0.26250000000000007
0 0.55625 0.21250000000000008 0.503125 0.21250000000000008 0.503125 0.3734375000000001 0.55625 0.3734375000000001
0 0.728125 7.606204729079263e-17 0.5140625 6.295449951866863e-17 0.5140625 0.10156250000000007 0.728125 0.10156250000000008
0 0.346875 0.275 0.296875 0.275 0.296875 0.3203125 0.346875 0.3203125
0 0.35625 0.3203125 0.315625 0.3203125 0.315625 0.359375 0.35625 0.359375
0 0.36875 0.35625000000000007 0.3296875 0.35625 0.3296875 0.38750000000000007 0.3687500000000001 0.38750000000000007
0 0.36875 0.23125000000000004 0.325 0.23125 0.325 0.275 0.36875 0.2750000000000001
0 0.35625 0.2 0.3296875 0.2 0.3296875 0.2359375 0.35625 0.2359375
0 0.36875 0.13750000000000004 0.3296875 0.13750000000000004 0.3296875 0.19062500000000004 0.36875 0.19062500000000004
0 0.378125 0.09843750000000004 0.3421875 0.09843750000000004 0.3421875 0.13750000000000004 0.378125 0.13750000000000004
0 0.334375 0.08906250000000004 0.2984375 0.08906250000000004 0.2984375 0.12812500000000004 0.334375 0.12812500000000004
0 0.325 0.048437500000000036 0.2890625 0.048437500000000036 0.2890625 0.08906250000000004 0.325 0.08906250000000004
0 0.334375 0.13750000000000004 0.2984375 0.13750000000000004 0.2984375 0.16875000000000004 0.334375 0.16875000000000004
0 0.3296875 0.16875000000000004 0.284375 0.16875000000000004 0.284375 0.2140625 0.3296875 0.2140625
0 0.3203125 0.2140625 0.284375 0.2140625 0.284375 0.2578125 0.3203125 0.2578125
0 0.2578125 0.01718750000000003 0.2265625 0.01718750000000003 0.2265625 0.06718750000000002 0.2578125 0.06718750000000002
0 0.2578125 0.05312500000000002 0.2046875 0.05312500000000002 0.2046875 0.10312500000000005 0.2578125 0.10312500000000005
0 0.240625 0.09687500000000002 0.190625 0.09687500000000002 0.190625 0.14687500000000003 0.240625 0.14687500000000003
0 0.2171875 0.14687500000000003 0.178125 0.146875 0.17812500000000003 0.19531250000000003 0.2171875 0.19531250000000006
0 0.2 0.2171875 0.15156250000000004 0.2171875 0.15156250000000004 0.2625 0.2 0.2625
0 0.18750000000000006 0.275 0.15156250000000004 0.275 0.15156250000000004 0.3203125 0.18750000000000006 0.3203125
0 0.271875 0.19062500000000004 0.2359375 0.19062500000000004 0.2359375 0.2359375 0.271875 0.2359375
0 0.2625 0.24375 0.221875 0.24375 0.221875 0.2890625 0.2625 0.2890625
0 0.2625 0.275 0.2171875 0.275 0.2171875 0.3203125 0.2625 0.3203125
0 0.240625 0.315625 0.19531250000000006 0.315625 0.19531250000000006 0.35625 0.240625 0.35625
0 0.24843750000000003 0.3375 0.2046875 0.3375 0.20468750000000005 0.390625 0.2484375000000001 0.390625
0 0.22656250000000006 0.3609375 0.19531250000000006 0.3609375 0.19531250000000006 0.41875 0.22656250000000008 0.41875
0 0.2578125000000001 0.3953125 0.2000000000000001 0.3953125 0.2000000000000001 0.453125 0.2578125000000001 0.453125
0 0.2453125000000001 0.4453125 0.2140625000000001 0.4453125 0.2140625000000001 0.4765625 0.2453125000000001 0.4765625
0 0.04062500000000002 0.1734375 2.1239967922711906e-17 0.1734375 2.4205909389396902e-17 0.221875 0.04062500000000002 0.221875
0 0.009375000000000033 0.2484375 3.042481891631706e-17 0.2484375 3.291238272708512e-17 0.2890625 0.009375000000000036 0.2890625
0 0.009375000000000038 0.2890625 3.539994653785318e-17 0.2890625 3.7313457161520915e-17 0.3203125 0.00937500000000004 0.3203125
0 0.014062500000000042 0.3296875 4.0375074159389303e-17 0.3296875 4.25756113766072e-17 0.365625 0.014062500000000044 0.365625
0 0.0671875 0.004687500000000007 0.040625 0.004687500000000006 0.040625 0.026562500000000006 0.0671875 0.02656250000000001
0 0.6500000000000001 0.703125 0.5078125 0.703125 0.5078125000000001 0.9953125 0.6500000000000001 0.9953125