0 0.3140625000000001 0.734375 8.993499931238375e-17 0.734375 1.0591281302000936e-16 0.9953125 0.3140625000000001 0.9953125
0 0.5406250000000001 0.7984375 0.3281250000000001 0.7984375 0.3281250000000001 0.9953125 0.5406250000000001 0.9953125
0 0.996875 0.5953125000000001 0.8765625 0.5953125000000001 0.8765625 0.9953125 0.996875 0.9953125
0 0.9109375 0.7187500000000001 0.615625 0.71875 0.6156250000000001 0.9890625 0.9109375 0.9890625
0 0.9671875 0.6765625000000001 0.66875 0.6765625 0.6687500000000001 0.990625 0.9671875 0.990625
0 0.996875 0.3296875000000001 0.75 0.3296875000000001 0.75 0.6484375000000002 0.996875 0.6484375000000002
0 0.7984375 0.4953125000000001 0.6609375 0.4953125 0.6609375 0.6328125000000001 0.7984375 0.6328125000000002
0 0.728125 0.4953125000000001 0.5078125 0.4953125 0.5078125 0.7078125000000001 0.728125 0.7078125000000002
0 0.8890625 0.6390625000000002 0.74375 0.6390625000000002 0.7437500000000001 0.7718750000000002 0.8890625 0.7718750000000002
0 0.6937500000000001 0.590625 0.2687500000000001 0.590625 0.2687500000000001 0.8671875 0.6937500000000002 0.8671875
0 0.5859375000000002 0.8671875 0.49218750000000017 0.8671875 0.49218750000000017 0.984375 0.5859375000000002 0.984375
0 0.3062500000000001 0.89375 0.03281250000000011 0.89375 0.03281250000000012 0.9953125 0.3062500000000001 0.9953125
0 0.36250000000000004 0.3515625 0.13750000000000004 0.3515625 0.13750000000000007 0.89375 0.3625000000000001 0.89375
0 0.17968750000000006 0.3515625 0.010937500000000044 0.3515625 0.010937500000000069 0.78125 0.17968750000000008 0.78125
0 0.06406250000000009 0.484375 5.931882933369991e-17 0.484375 8.046312172522843e-17 0.8296875 0.0640625000000001 0.8296875
0 0.14218750000000002 0.159375 1.951780836141094e-17 0.159375 3.807886141098801e-17 0.4625 0.14218750000000005 0.4625
0 0.2390625 2.1909696640995614e-17 0.11875 1.4542680739874818e-17 0.11875000000000002 0.3296875 0.2390625 0.3296875
0 0.4703125 4.869884537234397e-17 0.325 3.980102097228898e-17 0.32500000000000007 0.38281250000000006 0.4703125 0.3828125000000001
0 0.03281250000000001 2.0091861548511265e-18 0 0 7.462691432304185e-18 0.121875 0.03281250000000001 0.121875
0 0.12343750000000002 7.558366963487572e-18 0 0 1.7604297737743203e-17 0.2875 0.12343750000000005 0.2875
0 0.8515625 0.3343750000000001 0.5234375 0.3343750000000001 0.5234375 0.5000000000000001 0.8515625 0.5000000000000002
0 0.8734375 0.07031250000000008 0.465625 0.07031250000000007 0.465625 0.3468750000000001 0.8734375 0.3468750000000001
0 0.9546875 0.0906250000000001 0.746875 0.0906250000000001 0.746875 0.3781250000000001 0.9546875 0.3781250000000001
0 0.996875 1.0859172789314422e-16 0.7765625 9.510147799628666e-17 0.7765625 0.2500000000000001 0.996875 0.2500000000000001
0 0.996875 0.2562500000000001 0.94375 0.2562500000000001 0.94375 0.3890625000000001 0.996875 0.3890625000000001
0 0.790625 8.429014297256392e-17 0.5859375 7.175664838754022e-17 0.5859375 0.11718750000000008 0.790625 0.11718750000000008
0 0.621875 6.659016970363734e-17 0.465625 5.702261658529863e-17 0.465625 0.12187500000000007 0.621875 0.1218750000000001
0 0.6015625 0.15937500000000007 0.3765625 0.15937500000000004 0.3765625 0.696875 0.6015625 0.696875
0 0.425 0.026562500000000044 0.2953125 0.026562500000000034 0.29531250000000003 0.584375 0.425 0.584375