0 0.65 0.484375 0.565625 0.484375 0.565625 0.6046875 0.65 0.6046875
0 0.7921875000000002 0.7609375000000002 0.7296875000000002 0.7609375000000002 0.7296875000000002 0.853125 0.7921875000000002 0.853125
0 0.8671875 0.884375 0.7640625000000002 0.884375 0.7640625000000002 0.990625 0.8671875 0.990625
0 0.578125 0.4578125 0.4703125 0.4578125 0.4703125 0.5375 0.578125 0.5375
0 0.56875 0.5421875 0.453125 0.5421875 0.453125 0.609375 0.56875 0.609375
0 0.8578125 0.41406250000000017 0.778125 0.41406250000000017 0.778125 0.4984375000000002 0.8578125 0.4984375000000002
0 0.715625 0.10781250000000009 0.6265625 0.10781250000000009 0.6265625 0.21875000000000008 0.715625 0.21875000000000008
0 0.640625 0.053125000000000075 0.5640625 0.05312500000000007 0.5640625 0.15625000000000008 0.640625 0.15625000000000008
0 0.4984375 0.2453125000000001 0.41875 0.2453125000000001 0.41875 0.3296875000000001 0.4984375 0.3296875000000001
0 0.4578125 0.35937500000000006 0.346875 0.359375 0.34687500000000004 0.4578125 0.4578125 0.4578125
0 0.396875 0.24375000000000005 0.2765625 0.24375 0.2765625 0.35156250000000006 0.396875 0.3515625000000001
0 0.34687500000000004 0.303125 0.2484375 0.303125 0.24843750000000003 0.3828125 0.3468750000000001 0.3828125
0 0.2093750000000001 0.4625 0.10156250000000004 0.4625 0.10156250000000007 0.559375 0.2093750000000001 0.559375
0 0.33281250000000007 0.515625 0.20468750000000008 0.515625 0.20468750000000008 0.6171875 0.33281250000000007 0.6171875
0 0.2171875000000001 0.5515625 0.12500000000000008 0.5515625 0.12500000000000008 0.6578125 0.2171875000000001 0.6578125
0 0.2843750000000001 0.621875 0.16406250000000008 0.621875 0.16406250000000008 0.7640625 0.2843750000000001 0.7640625
0 0.11093750000000009 0.703125 8.610797806504827e-17 0.703125 9.347499396616907e-17 0.8234375 0.11093750000000009 0.8234375
0 0.2000000000000001 0.84375 0.11562500000000009 0.84375 0.11562500000000012 0.9421875 0.2000000000000001 0.9421875
0 0.03125000000000012 0.9375 1.1481063742006435e-16 0.9375 1.183506320738497e-16 0.9953125 0.031250000000000125 0.9953125
0 0.03593750000000005 0.378125 4.63069570927593e-17 0.378125 5.1186409183112037e-17 0.4578125 0.03593750000000005 0.4578125
0 0.1375 0.031250000000000014 0.0671875 0.031250000000000014 0.06718750000000001 0.09375000000000001 0.1375 0.09375000000000003
0 0.284375 0.00468750000000003 0.2140625 0.004687500000000027 0.2140625 0.06718750000000004 0.284375 0.06718750000000004
0 0.04062500000000001 0.05 6.123233995736766e-18 0.05 9.663228649522084e-18 0.1078125 0.04062500000000001 0.1078125
0 0.03125 1.9135106236677394e-18 0 0 1.6264840301175783e-18 0.0265625 0.03125 0.0265625
0 0.9953125 0.026562500000000117 0.9296875 0.02656250000000011 0.9296875 0.08906250000000011 0.9953125 0.08906250000000011
0 0.778125 0.009375000000000092 0.715625 0.009375000000000088 0.715625 0.05312500000000009 0.778125 0.05312500000000009
0 0.946875 0.0750000000000001 0.746875 0.0750000000000001 0.746875 0.14687500000000012 0.946875 0.14687500000000014
0 0.390625 0.06250000000000003 0.253125 0.06250000000000003 0.253125 0.24062500000000003 0.390625 0.2406250000000001
0 0.3421875 0.2046875 0.11562500000000005 0.2046875 0.11562500000000005 0.2578125 0.3421875 0.2578125
0 0.25781250000000006 0.25 0.014062500000000033 0.25 0.014062500000000044 0.4453125 0.2578125000000001 0.4453125
0 0.925 0.5078125000000002 0.840625 0.5078125000000002 0.840625 0.5875000000000001 0.925 0.5875000000000001
0 0.959375 0.44843750000000016 0.8890625 0.44843750000000016 0.8890625 0.4984375000000002 0.959375 0.4984375000000002
0 0.840625 0.4984375000000002 0.75625 0.4984375000000002 0.75625 0.5875000000000001 0.840625 0.5875000000000001
0 0.7828125 0.45781250000000007 0.6984375 0.4578125 0.6984375 0.5328125000000001 0.7828125 0.5328125000000001
0 0.7203125 0.525 0.6578125 0.525 0.6578125 0.6 0.7203125 0.6
0 0.39531250000000007 0.4796875 0.3109375000000001 0.4796875 0.3109375000000001 0.5875 0.39531250000000007 0.5875
0 0.12031250000000009 0.5828125 7.137394626280668e-17 0.5828125 8.00804196004949e-17 0.725 0.12031250000000009 0.725
0 0.4718750000000001 0.7203125 0.3421875000000001 0.7203125 0.3421875000000001 0.83125 0.47187500000000016 0.83125