0 0.9109375 0.8359375 0.809375 0.8359375 0.809375 0.99375 0.9109375 0.99375
0 0.7515625000000001 0.825 0.6296875000000002 0.825 0.6296875000000002 0.959375 0.7515625000000001 0.959375
0 0.8609375 0.6843750000000002 0.7546875 0.6843750000000002 0.7546875000000001 0.8359375 0.8609375 0.8359375
0 0.840625 0.8015625 0.7421875000000002 0.8015625 0.7421875000000002 0.946875 0.840625 0.946875
0 0.7515625000000001 0.7203125000000001 0.65625 0.7203125 0.6562500000000001 0.83125 0.7515625000000001 0.83125
0 0.7484375000000001 0.6375000000000001 0.65625 0.6375 0.6562500000000001 0.7421875000000001 0.7484375000000002 0.7421875000000002
0 0.771875 0.5671875000000001 0.6875 0.5671875 0.6875 0.6953125000000001 0.771875 0.6953125000000002
0 0.721875 0.5265625 0.6671875 0.5265625 0.6671875 0.590625 0.721875 0.590625
0 0.69375 0.5203125 0.60625 0.5203125 0.60625 0.6671875 0.69375 0.6671875
0 0.653125 0.4625 0.5984375 0.4625 0.5984375 0.54375 0.653125 0.54375
0 0.5921875 0.4265625 0.5234375 0.4265625 0.5234375 0.5203125 0.5921875 0.5203125
0 0.61875 0.5140625 0.571875 0.5140625 0.571875 0.6140625 0.61875 0.6140625
0 0.5890625 0.54375 0.49375 0.54375 0.49375 0.684375 0.5890625 0.684375
0 0.6562500000000001 0.65 0.578125 0.65 0.5781250000000001 0.8375 0.6562500000000002 0.8375
0 0.6093750000000002 0.8015625 0.5109375000000002 0.8015625 0.5109375000000002 0.9703125 0.6093750000000002 0.9703125
0 0.5828125000000001 0.6671875 0.5078125 0.6671875 0.5078125000000001 0.8015625 0.5828125000000002 0.8015625
0 0.5140625000000001 0.7140625 0.4109375 0.7140625 0.41093750000000007 0.83125 0.5140625000000002 0.83125
0 0.509375 0.596875 0.421875 0.596875 0.421875 0.71875 0.509375 0.71875
0 0.5234375 0.4671875 0.4453125 0.4671875 0.4453125 0.54375 0.5234375 0.54375
0 0.5265625 0.5265625 0.4765625 0.5265625 0.4765625 0.6140625 0.5265625 0.6140625
0 0.4796875 0.509375 0.3812500000000001 0.509375 0.3812500000000001 0.6203125 0.4796875 0.6203125
0 0.4125 0.509375 0.3750000000000001 0.509375 0.3750000000000001 0.5734375 0.4125 0.5734375
0 0.421875 0.590625 0.3203125000000001 0.590625 0.3203125000000001 0.7015625 0.421875 0.7015625
0 0.3296875000000001 0.596875 0.2453125000000001 0.596875 0.2453125000000001 0.7078125 0.3296875000000001 0.7078125
0 0.3359375000000001 0.6609375 0.2656250000000001 0.6609375 0.2656250000000001 0.7953125 0.3359375000000001 0.7953125
0 0.4125000000000001 0.696875 0.3375000000000001 0.696875 0.3375000000000001 0.8375 0.4125000000000002 0.8375
0 0.4125000000000002 0.825 0.3203125000000001 0.825 0.3203125000000001 0.965625 0.4125000000000002 0.965625
0 0.5140625000000002 0.825 0.4281250000000002 0.825 0.4281250000000002 0.9703125 0.5140625000000002 0.9703125
0 0.4390625000000002 0.825 0.3906250000000001 0.825 0.3906250000000001 0.9359375 0.4390625000000002 0.9359375
0 0.3234375000000001 0.83125 0.23437500000000008 0.83125 0.23437500000000008 0.9890625 0.3234375000000001 0.9890625
0 0.2687500000000001 0.696875 0.17968750000000008 0.696875 0.17968750000000008 0.8078125 0.2687500000000001 0.8078125
0 0.19375000000000012 0.7828125 0.09531250000000009 0.7828125 0.0953125000000001 0.9125 0.19375000000000014 0.9125
0 0.2687500000000001 0.8125 0.1937500000000001 0.8125 0.19375000000000012 0.965625 0.2687500000000001 0.965625
0 0.18750000000000008 0.765625 0.15000000000000008 0.765625 0.15000000000000008 0.825 0.18750000000000008 0.825