0 0.7968750000000002 0.8796875 0.6015625000000002 0.8796875 0.6015625000000002 0.9953125 0.7968750000000002 0.9953125
0 0.7500000000000002 0.803125 0.6046875000000002 0.803125 0.6046875000000002 0.9296875 0.7500000000000002 0.9296875
0 0.5609375000000002 0.8578125 0.3625000000000001 0.8578125 0.3625000000000001 0.9953125 0.5609375000000002 0.9953125
0 0.4593750000000002 0.7875 0.3046875000000001 0.7875 0.3046875000000001 0.9453125 0.4593750000000002 0.9453125
0 0.3156250000000001 0.8359375 0.12343750000000009 0.8359375 0.12343750000000012 0.9953125 0.3156250000000001 0.9953125
0 0.2500000000000001 0.7 0.05468750000000009 0.7 0.0546875000000001 0.9015625 0.2500000000000001 0.9015625
0 0.0406250000000001 0.7 8.572527594031472e-17 0.7 9.778039286942148e-17 0.896875 0.04062500000000011 0.896875
0 0.14218750000000008 0.6390625 0.01875000000000008 0.6390625 0.01875000000000009 0.7984375 0.14218750000000008 0.7984375
0 0.2468750000000001 0.540625 0.15625000000000006 0.540625 0.15625000000000006 0.6890625 0.2468750000000001 0.6890625
0 0.3187500000000001 0.634375 0.1625000000000001 0.634375 0.1625000000000001 0.78125 0.3187500000000001 0.78125
0 0.4390625 0.584375 0.3265625000000001 0.584375 0.3265625000000001 0.715625 0.4390625 0.715625
0 0.43437500000000007 0.7 0.3375000000000001 0.7 0.3375000000000001 0.809375 0.4343750000000002 0.809375
0 0.51875 0.7109375 0.43125 0.7109375 0.4312500000000001 0.853125 0.5187500000000002 0.853125
0 0.6093750000000001 0.6453125 0.4640625 0.6453125 0.4640625000000001 0.7921875 0.6093750000000002 0.7921875
0 0.6890625000000001 0.7375 0.5468750000000002 0.7375 0.5468750000000002 0.8796875 0.6890625000000001 0.8796875
0 0.8078125 0.6671875 0.7140625 0.6671875 0.7140625 0.8140625 0.8078125 0.8140625
0 0.8953125 0.7593750000000001 0.7578125000000002 0.7593750000000001 0.7578125000000002 0.896875 0.8953125 0.896875
0 0.9828125 0.6828125000000002 0.8484375 0.6828125000000002 0.8484375 0.7921875000000002 0.9828125 0.7921875000000002
0 0.971875 0.6062500000000002 0.8484375 0.6062500000000002 0.8484375 0.6937500000000002 0.971875 0.6937500000000002
0 0.14218750000000008 0.503125 0.040625000000000064 0.503125 0.04062500000000007 0.6125 0.14218750000000008 0.6125
0 0.12968750000000007 0.5125 6.276314845630185e-17 0.5125 7.386151007357473e-17 0.69375 0.1296875000000001 0.69375
0 0.2140625000000001 0.4703125 0.09062500000000007 0.4703125 0.09062500000000007 0.5953125 0.2140625000000001 0.5953125
0 0.2656250000000001 0.4109375 0.15312500000000004 0.4109375 0.15312500000000004 0.5203125 0.2656250000000001 0.5203125
0 0.3734375000000001 0.503125 0.23593750000000008 0.503125 0.23593750000000008 0.6125 0.3734375000000001 0.6125
0 0.43125 0.4265625 0.2968750000000001 0.4265625 0.2968750000000001 0.546875 0.43125 0.546875
0 0.496875 0.5515625 0.3656250000000001 0.5515625 0.3656250000000001 0.671875 0.496875 0.671875
0 0.5515625 0.496875 0.425 0.496875 0.425 0.5953125 0.5515625 0.5953125
0 0.7 0.525 0.565625 0.525 0.565625 0.6453125 0.7 0.6453125
0 0.84375 0.5296875000000001 0.725 0.5296875 0.725 0.6562500000000001 0.84375 0.6562500000000002
0 0.8265625 0.628125 0.7 0.628125 0.7000000000000001 0.7484375000000001 0.8265625 0.7484375000000002
0 0.6562500000000001 0.6171875 0.5515625 0.6171875 0.5515625000000001 0.7265625 0.6562500000000002 0.7265625
0 0.928125 0.4156250000000002 0.815625 0.4156250000000002 0.815625 0.5687500000000002 0.928125 0.5687500000000002
0 0.996875 0.49218750000000017 0.9640625 0.49218750000000017 0.9640625 0.6062500000000002 0.996875 0.6062500000000002
0 0.996875 0.43750000000000017 0.9671875 0.43750000000000017 0.9671875 0.5078125000000002 0.996875 0.5078125000000002
0 0.996875 0.3609375000000001 0.978125 0.3609375000000001 0.978125 0.4421875000000002 0.996875 0.4421875000000002
0 0.9421875 0.35625000000000007 0.8109375 0.35625000000000007 0.8109375 0.4656250000000002 0.9421875 0.4656250000000002
0 0.840625 0.2906250000000001 0.7421875 0.2906250000000001 0.7421875 0.43281250000000016 0.840625 0.43281250000000016
0 0.79375 0.3781250000000001 0.684375 0.3781250000000001 0.684375 0.5203125000000001 0.79375 0.5203125000000002
0 0.7359375 0.3343750000000001 0.6375 0.3343750000000001 0.6375 0.4546875000000001 0.7359375 0.4546875000000002
0 0.659375 0.3828125000000001 0.5546875 0.3828125000000001 0.5546875 0.5140625 0.659375 0.5140625
0 0.609375 0.31718750000000007 0.5296875 0.31718750000000007 0.5296875 0.4484375 0.609375 0.4484375
0 0.6234375 0.2578125000000001 0.5140625 0.2578125000000001 0.5140625 0.3671875000000001 0.6234375 0.3671875000000001
0 0.51875 0.3390625000000001 0.4234375 0.3390625000000001 0.4234375 0.475 0.51875 0.475
0 0.475 0.2796875000000001 0.3875 0.2796875000000001 0.38750000000000007 0.421875 0.475 0.421875
0 0.4125 0.21875000000000006 0.3265625 0.21875 0.3265625 0.33906250000000004 0.4125 0.3390625000000001
0 0.39531250000000007 0.32343750000000004 0.2796875 0.3234375 0.27968750000000003 0.465625 0.39531250000000007 0.465625
0 0.34375000000000006 0.290625 0.246875 0.290625 0.24687500000000004 0.4 0.3437500000000001 0.4
0 0.4390625 0.2140625000000001 0.40625 0.2140625000000001 0.40625 0.2796875000000001 0.4390625 0.2796875000000001
0 0.4671875 0.18125000000000005 0.4171875 0.18125000000000005 0.4171875 0.2468750000000001 0.4671875 0.2468750000000001
0 0.5109375 0.2578125000000001 0.4453125 0.2578125000000001 0.4453125 0.3234375000000001 0.5109375 0.3234375000000001
0 0.51875 0.21875000000000008 0.4640625 0.21875000000000008 0.4640625 0.2734375000000001 0.51875 0.2734375000000001
0 0.5296875 0.16406250000000006 0.4671875 0.16406250000000006 0.4671875 0.21875000000000008 0.5296875 0.21875000000000008
0 0.5578125 0.19687500000000008 0.5140625 0.19687500000000005 0.5140625 0.2453125000000001 0.5578125 0.2453125000000001
0 0.6375 0.1921875000000001 0.565625 0.1921875000000001 0.565625 0.2468750000000001 0.6375 0.2468750000000001
0 0.6671875 0.21875000000000008 0.6046875 0.21875000000000008 0.6046875 0.2843750000000001 0.6671875 0.2843750000000001
0 0.7140625 0.26250000000000007 0.6515625 0.26250000000000007 0.6515625 0.3218750000000001 0.7140625 0.3218750000000001
0 0.7390625 0.3000000000000001 0.6890625 0.3000000000000001 0.6890625 0.3500000000000001 0.7390625 0.3500000000000001
0 0.7796875 0.2406250000000001 0.7109375 0.2406250000000001 0.7109375 0.2953125000000001 0.7796875 0.2953125000000001
0 0.90625 0.23437500000000008 0.840625 0.23437500000000008 0.840625 0.31718750000000007 0.90625 0.31718750000000007
0 0.95625 0.3062500000000001 0.8921875 0.3062500000000001 0.8921875 0.3765625000000001 0.95625 0.3765625000000001
0 0.9859375 0.2515625000000001 0.93125 0.2515625000000001 0.93125 0.3218750000000001 0.9859375 0.3218750000000001
0 0.996875 0.3218750000000001 0.95 0.3218750000000001 0.95 0.3937500000000001 0.996875 0.3937500000000001