0 0.6828125 0.34843750000000007 0.3203125 0.3484375 0.32031250000000006 0.878125 0.6828125000000002 0.878125
0 0.996875 0.6140625000000001 0.61875 0.6140625 0.6187500000000001 0.9953125 0.996875 0.9953125
0 0.996875 0.16093750000000012 0.615625 0.1609375000000001 0.615625 0.6578125000000001 0.996875 0.6578125000000001
0 0.7515625 0.04375000000000008 0.59375 0.04375000000000008 0.59375 0.25468750000000007 0.7515625 0.25468750000000007
0 0.615625 0.08906250000000006 0.4390625 0.08906250000000004 0.4390625 0.38750000000000007 0.615625 0.38750000000000007
0 0.43125 0.11093750000000002 0.16875 0.1109375 0.16875 0.496875 0.43125 0.496875
0 0.3234375000000001 0.4203125 0.02187500000000005 0.4203125 0.021875000000000082 0.9234375 0.3234375000000001 0.9234375
0 0.6578125 7.156529732517345e-17 0.5109375 6.257179739393508e-17 0.5109375 0.12187500000000007 0.6578125 0.1218750000000001
0 0.7625 0.01093750000000009 0.66875 0.010937500000000083 0.66875 0.15000000000000008 0.7625 0.15000000000000008
0 0.13750000000000004 0.19375 0.07187500000000002 0.19375 0.07187500000000002 0.259375 0.13750000000000004 0.259375
0 0.10781250000000005 0.1828125 2.2388074296912548e-17 0.1828125 4.0949127346489623e-17 0.4859375 0.10781250000000005 0.4859375