0 0.690625 0.22343750000000004 0.309375 0.2234375 0.30937500000000007 0.634375 0.690625 0.634375
0 0.996875 0.4750000000000002 0.7390625 0.4750000000000002 0.7390625000000001 0.8140625 0.996875 0.8140625
0 0.934375 0.7593750000000001 0.8078125 0.7593750000000001 0.8078125 0.875 0.934375 0.875
0 0.7500000000000001 0.6453125000000001 0.571875 0.6453125 0.5718750000000001 0.83125 0.7500000000000002 0.83125
0 0.6000000000000001 0.60625 0.4765625 0.60625 0.4765625000000001 0.8421875 0.6000000000000002 0.8421875
0 0.6734375000000001 0.825 0.5171875000000001 0.825 0.5171875000000001 0.9078125 0.6734375000000001 0.9078125
0 0.5125000000000002 0.875 0.42187500000000017 0.875 0.42187500000000017 0.9671875 0.5125000000000002 0.9671875
0 0.9640625 0.86875 0.47968750000000016 0.86875 0.47968750000000016 0.9953125 0.9640625 0.9953125
0 0.996875 0.7218750000000002 0.8984375 0.7218750000000002 0.8984375 0.9296875 0.996875 0.9296875
0 0.5203125000000001 0.32812500000000006 0.025000000000000043 0.328125 0.025000000000000085 0.99375 0.5203125000000002 0.99375
0 0.040625000000000105 0.7 8.572527594031472e-17 0.7 1.0380795133397485e-16 0.9953125 0.04062500000000012 0.9953125
0 0.4046875 0.31718750000000007 0.10625000000000004 0.3171875 0.10625000000000007 0.6390625 0.4046875 0.6390625
0 0.14218750000000008 0.5359375 6.563341439180346e-17 0.5359375 8.237663234889618e-17 0.809375 0.14218750000000008 0.809375
0 0.19687500000000005 0.19062500000000002 2.3344829608746423e-17 0.190625 3.645237738087043e-17 0.4046875 0.19687500000000005 0.4046875
0 0.17031250000000006 0.3109375 3.807886141098801e-17 0.3109375 5.348262193151332e-17 0.5625 0.1703125000000001 0.5625
0 0.8515625 0.4640625000000001 0.64375 0.4640625 0.64375 0.6125 0.8515625 0.6125000000000002
0 0.8796875 0.26250000000000007 0.6875 0.26250000000000007 0.6875 0.4859375000000001 0.8796875 0.4859375000000002
0 0.9203125 0.2734375000000001 0.6515625 0.2734375000000001 0.6515625 0.48125000000000007 0.9203125 0.4812500000000002
0 0.996875 0.2843750000000001 0.9203125 0.2843750000000001 0.9203125 0.49218750000000017 0.996875 0.49218750000000017
0 0.95 0.2515625000000001 0.6484375 0.2515625000000001 0.6484375 0.4093750000000001 0.95 0.40937500000000016
0 0.8546875 0.0718750000000001 0.7125 0.07187500000000009 0.7125 0.2687500000000001 0.8546875 0.2687500000000001
0 0.98125 0.010937500000000102 0.6765625 0.010937500000000083 0.6765625 0.2734375000000001 0.98125 0.2734375000000001
0 0.6984375 0.10312500000000009 0.5890625 0.10312500000000009 0.5890625 0.2406250000000001 0.6984375 0.2406250000000001
0 0.66875 0.05000000000000008 0.509375 0.050000000000000065 0.509375 0.23593750000000008 0.66875 0.23593750000000008
0 0.50625 0.13750000000000004 0.371875 0.13750000000000004 0.371875 0.2250000000000001 0.50625 0.2250000000000001
0 0.509375 0.07656250000000005 0.2515625 0.07656250000000002 0.2515625 0.21250000000000005 0.509375 0.21250000000000008
0 0.225 0.08125000000000002 0.029687500000000012 0.08125 0.029687500000000016 0.18593750000000003 0.225 0.18593750000000003
0 0.39375 0.14218750000000005 0.19375 0.14218750000000005 0.19375000000000003 0.33906250000000004 0.39375 0.3390625000000001
0 0.246875 0.03906250000000002 0.0546875 0.039062500000000014 0.054687500000000014 0.14843750000000003 0.246875 0.14843750000000006
0 0.057812500000000024 0.109375 1.3394574365674177e-17 0.109375 1.8752404111943846e-17 0.196875 0.057812500000000024 0.196875