0 0.7671875 0.19687500000000008 0.621875 0.19687500000000008 0.621875 0.3546875000000001 0.7671875 0.3546875000000001
0 0.69375 0.2468750000000001 0.5921875 0.2468750000000001 0.5921875 0.37968750000000007 0.69375 0.37968750000000007
0 0.7703125 0.3546875000000001 0.6890625 0.3546875000000001 0.6890625 0.4781250000000001 0.7703125 0.4781250000000002
0 0.7703125 0.49687500000000007 0.6328125 0.496875 0.6328125 0.6062500000000001 0.7703125 0.6062500000000002
0 0.7828125 0.5718750000000001 0.68125 0.571875 0.68125 0.6453125000000001 0.7828125 0.6453125000000002
0 0.81875 0.4828125000000002 0.7625 0.4828125000000002 0.7625 0.5859375000000002 0.81875 0.5859375000000002
0 0.734375 0.596875 0.6125 0.596875 0.6125 0.690625 0.734375 0.6906250000000002
0 0.7984375 0.6203125 0.725 0.6203125 0.725 0.7000000000000001 0.7984375 0.7000000000000002
0 0.7265625000000001 0.6656250000000001 0.6421875 0.665625 0.6421875000000001 0.7390625000000001 0.7265625000000002 0.7390625000000002
0 0.6812500000000001 0.6359375 0.5609375 0.6359375 0.5609375000000001 0.778125 0.6812500000000001 0.778125
0 0.5359375000000001 0.665625 0.27812500000000007 0.665625 0.27812500000000007 0.8625 0.5359375000000002 0.8625
0 0.5562500000000001 0.8234375 0.5125000000000002 0.8234375 0.5125000000000002 0.853125 0.5562500000000001 0.853125
0 0.6937500000000002 0.7890625 0.5406250000000001 0.7890625 0.5406250000000001 0.828125 0.6937500000000002 0.828125
0 0.5640625000000001 0.55625 0.4078125 0.55625 0.4078125000000001 0.803125 0.5640625000000001 0.803125
0 0.5890625 0.5171875 0.38750000000000007 0.5171875 0.38750000000000007 0.596875 0.5890625 0.596875
0 0.4359375 0.53125 0.3515625000000001 0.53125 0.3515625000000001 0.675 0.4359375 0.675
0 0.37187500000000007 0.4828125 0.22656250000000008 0.4828125 0.22656250000000008 0.665625 0.37187500000000007 0.665625
0 0.3671875000000001 0.384375 0.2296875000000001 0.384375 0.2296875000000001 0.546875 0.3671875000000001 0.546875
0 0.2750000000000001 0.4484375 0.19062500000000004 0.4484375 0.19062500000000007 0.546875 0.2750000000000001 0.546875
0 0.38750000000000007 0.453125 0.3515625000000001 0.453125 0.3515625000000001 0.5078125 0.38750000000000007 0.5078125
0 0.6375 0.20781250000000004 0.346875 0.2078125 0.34687500000000004 0.5578125 0.6375 0.5578125
0 0.6984375 0.3750000000000001 0.6328125 0.3750000000000001 0.6328125 0.5078125 0.6984375 0.5078125
0 0.5765625 0.16250000000000006 0.33125 0.16250000000000003 0.33125 0.29531250000000003 0.5765625 0.2953125000000001
0 0.596875 0.1781250000000001 0.5609375 0.1781250000000001 0.5609375 0.2375000000000001 0.596875 0.2375000000000001
0 0.3625 0.17812500000000003 0.334375 0.17812500000000003 0.334375 0.2265625 0.3625 0.2265625
0 0.36718750000000006 0.18281250000000004 0.209375 0.18281250000000004 0.20937500000000003 0.4578125 0.3671875000000001 0.4578125