0 0.9953125 0.6937500000000002 0.871875 0.6937500000000002 0.871875 0.959375 0.9953125 0.959375
0 0.9953125 0.5109375000000002 0.9296875 0.5109375000000002 0.9296875 0.7031250000000002 0.9953125 0.7031250000000002
0 0.9953125 0.3390625000000001 0.8 0.3390625000000001 0.8 0.5609375000000002 0.9953125 0.5609375000000002
0 0.89375 0.4625000000000001 0.640625 0.4625 0.640625 0.70625 0.89375 0.7062500000000002
0 0.9953125 0.14687500000000012 0.871875 0.1468750000000001 0.871875 0.3687500000000001 0.9953125 0.3687500000000001
0 0.946875 0.0406250000000001 0.7375 0.04062500000000009 0.7375 0.2578125000000001 0.946875 0.2578125000000001
0 0.853125 0.18750000000000008 0.621875 0.18750000000000008 0.621875 0.45000000000000007 0.853125 0.4500000000000002
0 0.7203125 0.3156250000000001 0.50625 0.3156250000000001 0.50625 0.5515625 0.7203125 0.5515625
0 0.6 0.22656250000000008 0.4 0.22656250000000008 0.4 0.409375 0.6 0.409375
0 0.715625 0.07187500000000008 0.484375 0.07187500000000006 0.484375 0.3031250000000001 0.715625 0.3031250000000001
0 0.8171875 8.677770678333198e-17 0.6 7.347880794884119e-17 0.6 0.1468750000000001 0.8171875 0.1468750000000001
0 0.6140625 6.563341439180347e-17 0.4578125 5.606586127346476e-17 0.4578125 0.057812500000000065 0.6140625 0.057812500000000065
0 0.528125 0.004687500000000052 0.3203125 0.004687500000000039 0.3203125 0.18593750000000003 0.528125 0.18593750000000003
0 0.4484375 0.10625000000000004 0.23125 0.10625000000000004 0.23125 0.31562500000000004 0.4484375 0.3156250000000001
0 0.3203125 2.611942001306464e-17 0.10625 1.3011872240940627e-17 0.10625000000000002 0.2046875 0.3203125 0.2046875
0 0.2171875 0.07968750000000001 9.75890418070547e-18 0.0796875 2.688482426253174e-17 0.359375 0.2171875 0.359375
0 0.27187500000000003 0.2625 0.03593750000000003 0.2625 0.03593750000000005 0.5203125 0.2718750000000001 0.5203125
0 0.06250000000000006 0.2890625 3.539994653785318e-17 0.2890625 4.5732903905658965e-17 0.4578125 0.06250000000000007 0.4578125
0 0.10156250000000007 0.4578125 5.606586127346476e-17 0.4578125 7.070421754452296e-17 0.696875 0.10156250000000008 0.696875
0 0.3656250000000001 0.5421875 0.10781250000000005 0.5421875 0.10781250000000006 0.7640625 0.3656250000000001 0.7640625
0 0.3781250000000001 0.6984375 0.0750000000000001 0.6984375 0.0750000000000001 0.9953125 0.3781250000000001 0.9953125
0 0.6406250000000002 0.7875 0.3781250000000001 0.7875 0.3781250000000001 0.9953125 0.6406250000000002 0.9953125
0 0.8578125 0.675 0.6046875 0.675 0.6046875 0.9421875 0.8578125 0.9421875
0 0.5203125 0.31562500000000004 0.24375 0.315625 0.24375000000000005 0.5953125 0.5203125 0.5953125
0 0.6500000000000001 0.5203125 0.38750000000000007 0.5203125 0.38750000000000007 0.7828125 0.6500000000000001 0.7828125
0 0.11562500000000012 0.6796875 8.323771212954667e-17 0.6796875 1.0093768539847325e-16 0.96875 0.11562500000000013 0.96875