0 0.8625 0.9390625 0.7406250000000002 0.9390625 0.7406250000000002 0.9921875 0.8625 0.9921875
0 0.890625 0.7859375000000002 0.7484375000000002 0.7859375000000002 0.7484375000000002 0.9921875 0.890625 0.9921875
0 0.996875 0.7406250000000002 0.971875 0.7406250000000002 0.971875 0.9921875 0.996875 0.9921875
0 0.996875 0.16093750000000012 0.9015625 0.1609375000000001 0.9015625 0.5109375000000002 0.996875 0.5109375000000002
0 0.953125 1.123230736092963e-16 0.88125 1.0792199917486051e-16 0.88125 0.1906250000000001 0.953125 0.19062500000000013
0 0.896875 9.854579711888858e-17 0.7125 8.725608443924891e-17 0.7125 0.3515625000000001 0.896875 0.3515625000000001
0 0.865625 0.1609375000000001 0.7671875 0.1609375000000001 0.7671875 0.4890625000000002 0.865625 0.4890625000000002
0 0.796875 0.06093750000000009 0.7328125 0.06093750000000009 0.7328125 0.2984375000000001 0.796875 0.2984375000000001
0 0.7671875 0.1062500000000001 0.6765625 0.1062500000000001 0.6765625 0.3359375000000001 0.7671875 0.3359375000000001
0 0.721875 8.362041425428021e-17 0.64375 7.883663769511086e-17 0.64375 0.1531250000000001 0.721875 0.1531250000000001
0 0.6546875 0.023437500000000076 0.584375 0.023437500000000073 0.584375 0.2593750000000001 0.6546875 0.2593750000000001
0 0.696875 0.1453125000000001 0.61875 0.1453125000000001 0.61875 0.4734375 0.696875 0.4734375
0 0.8390625 0.2984375000000001 0.65 0.2984375000000001 0.65 0.6875000000000001 0.8390625 0.6875000000000002
0 0.8359375 0.6031250000000001 0.6578125 0.603125 0.6578125000000001 0.9921875 0.8359375 0.9921875
0 0.6828125000000002 0.89375 0.5921875000000002 0.89375 0.5921875000000002 0.9921875 0.6828125000000002 0.9921875
0 0.6796875000000001 0.5046875 0.5015625 0.5046875 0.5015625000000001 0.9921875 0.6796875000000002 0.9921875
0 0.5484375000000001 0.38906250000000003 0.30156250000000007 0.3890625 0.30156250000000007 0.9921875 0.5484375000000001 0.9921875
0 0.3750000000000001 0.6875 0.2812500000000001 0.6875 0.2812500000000001 0.9703125 0.3750000000000001 0.9703125
0 0.5296875 0.2750000000000001 0.403125 0.2750000000000001 0.403125 0.5796875 0.5296875 0.5796875
0 0.628125 0.22812500000000008 0.509375 0.22812500000000008 0.509375 0.5421875 0.628125 0.5421875
0 0.5375 0.15312500000000004 0.4984375 0.15312500000000004 0.4984375 0.24375000000000008 0.5375 0.24375000000000008
0 0.571875 6.745124948428782e-17 0.5296875 6.486801014233636e-17 0.5296875 0.12968750000000007 0.571875 0.1296875000000001
0 0.5875 0.1140625000000001 0.55 0.1140625000000001 0.55 0.2296875000000001 0.5875 0.2296875000000001
0 0.5296875 0.03750000000000007 0.509375 0.03750000000000007 0.509375 0.14531250000000004 0.5296875 0.14531250000000004
0 0.5328125 6.38155792993191e-17 0.509375 6.23804463315683e-17 0.509375 0.03125000000000007 0.5328125 0.03125000000000007
0 0.6140625 7.280907923055748e-17 0.575 7.041719095097281e-17 0.575 0.07656250000000006 0.6140625 0.07656250000000006
0 0.5015625 5.185613790139574e-17 0.3453125 4.228858478305704e-17 0.3453125 0.2515625 0.5015625 0.2515625000000001
0 0.4046875 3.559129760021995e-17 0.1765625 2.1622670047445454e-17 0.1765625 0.4203125 0.4046875 0.4203125
0 0.30312500000000003 0.3515625 0.09375000000000004 0.3515625 0.09375000000000008 0.9921875 0.3031250000000001 0.9921875
0 0.2593750000000001 0.771875 0.1375000000000001 0.771875 0.13750000000000012 0.9921875 0.2593750000000001 0.9921875
0 0.07343750000000009 0.5578125 6.831232926493829e-17 0.5578125 9.022202590593392e-17 0.915625 0.07343750000000011 0.915625
0 0.04375000000000011 0.79375 9.720633968232116e-17 0.79375 1.0696524386302664e-16 0.953125 0.04375000000000012 0.953125
0 0.09062500000000011 0.89375 0.01875000000000011 0.89375 0.018750000000000117 0.9921875 0.09062500000000011 0.9921875
0 0.015625000000000118 0.93125 1.1404523317059726e-16 0.93125 1.1777657888674937e-16 0.9921875 0.01562500000000012 0.9921875
0 0.13281250000000014 0.915625 0.08593750000000011 0.915625 0.08593750000000011 0.9921875 0.13281250000000014 0.9921875
0 0.10156250000000007 0.4421875 0.012500000000000056 0.4421875 0.012500000000000077 0.8171875 0.10156250000000008 0.8171875
0 0.08593750000000001 5.2621542150862836e-18 0 0 1.0237281836622406e-17 0.1671875 0.08593750000000003 0.1671875
0 0.1609375 1.511673392697514e-17 0.0859375 1.0524308430172567e-17 0.08593750000000001 0.1828125 0.16093750000000004 0.1828125
0 0.2 2.181402110981223e-17 0.15625 1.9135106236677395e-17 0.15625000000000003 0.19062500000000002 0.2 0.19062500000000004
2 0.20000000000000004 0.16875 0.003125000000000021 0.16875 0.0031250000000000652 0.89375 0.2000000000000001 0.89375