0 0.875 0.6093750000000001 0.6578125 0.609375 0.6578125000000001 0.9421875 0.875 0.9421875
0 0.7984375000000001 0.5578125 0.6640625 0.5578125 0.6640625000000001 0.7609375 0.7984375000000001 0.7609375000000002
0 0.8359375 0.5375000000000002 0.7328125 0.5375000000000002 0.7328125000000001 0.7562500000000002 0.8359375 0.7562500000000002
0 0.9234375 0.5359375000000002 0.775 0.5359375000000002 0.7750000000000001 0.8078125 0.9234375 0.8078125
0 0.9546875 0.41718750000000016 0.7296875 0.41718750000000016 0.7296875 0.5156250000000002 0.9546875 0.5156250000000002
0 0.7875 0.48906250000000007 0.5046875 0.4890625 0.5046875 0.6046875 0.7875 0.6046875000000002
0 0.70625 0.3437500000000001 0.55 0.3437500000000001 0.55 0.5515625 0.70625 0.5515625
0 0.8328125 0.2656250000000001 0.61875 0.2656250000000001 0.61875 0.5203125000000001 0.8328125 0.5203125000000002
0 0.684375 0.5984375 0.615625 0.5984375 0.615625 0.6671875 0.684375 0.6671875
0 0.6375000000000001 0.6359375 0.5640625 0.6359375 0.5640625000000001 0.7703125 0.6375000000000002 0.7703125
0 0.5734375 0.6046875 0.5203125 0.6046875 0.5203125 0.6984375 0.5734375 0.6984375
0 0.5609375 0.04218750000000006 0.4703125 0.04218750000000006 0.4703125 0.5828125 0.5609375 0.5828125
0 0.6265625 0.2765625000000001 0.38125 0.2765625000000001 0.38125000000000003 0.5984375 0.6265625 0.5984375
0 0.56875 0.28593750000000007 0.4390625 0.28593750000000007 0.4390625 0.5109375 0.56875 0.5109375
0 0.6343750000000001 0.21406250000000004 0.057812500000000024 0.2140625 0.05781250000000006 0.734375 0.6343750000000001 0.734375
0 0.1984375000000001 0.609375 7.462691432304184e-17 0.609375 9.376202055971923e-17 0.921875 0.19843750000000013 0.921875
0 0.2562500000000001 0.6296875 0.15625000000000008 0.6296875 0.15625000000000008 0.8703125 0.2562500000000001 0.8703125
0 0.3703125000000001 0.6359375 0.2484375000000001 0.6359375 0.2484375000000001 0.8703125 0.3703125000000001 0.8703125
0 0.4312500000000001 0.625 0.33281250000000007 0.625 0.33281250000000007 0.8171875 0.4312500000000002 0.8171875
0 0.49687500000000007 0.7078125 0.409375 0.7078125 0.4093750000000001 0.875 0.4968750000000002 0.875
0 0.5921875000000001 0.646875 0.484375 0.646875 0.4843750000000001 0.834375 0.5921875000000002 0.834375
0 0.4890625 0.59375 0.3890625000000001 0.59375 0.3890625000000001 0.71875 0.4890625 0.71875
0 0.4046875 0.12500000000000006 0.228125 0.12500000000000006 0.22812500000000005 0.5046875 0.4046875 0.5046875
0 0.4578125 0.18750000000000006 0.328125 0.18750000000000006 0.328125 0.34843750000000007 0.4578125 0.34843750000000007
0 0.584375 0.11562500000000006 0.45 0.11562500000000005 0.45 0.2718750000000001 0.584375 0.2718750000000001
0 0.290625 0.3234375 0.209375 0.3234375 0.20937500000000003 0.3703125 0.2906250000000001 0.3703125
0 0.275 0.34375 0.15625000000000006 0.34375 0.15625000000000006 0.4109375 0.2750000000000001 0.4109375
0 0.2453125000000001 0.390625 0.07343750000000004 0.390625 0.07343750000000004 0.4375 0.2453125000000001 0.4375
0 0.2296875000000001 0.44375 0.16406250000000006 0.44375 0.16406250000000006 0.490625 0.2296875000000001 0.490625
0 0.3734375000000001 0.4734375 0.2218750000000001 0.4734375 0.2218750000000001 0.6359375 0.3734375000000001 0.6359375
0 0.4765625 0.36406250000000007 0.3937500000000001 0.36406250000000007 0.3937500000000001 0.4953125 0.4765625 0.4953125
0 0.603125 0.3593750000000001 0.38125 0.3593750000000001 0.38125000000000003 0.5984375 0.603125 0.5984375