0 0.9203125 0.875 0.8328125 0.875 0.8328125 0.9953125 0.9203125 0.9953125
0 0.996875 0.7921875000000002 0.8328125 0.7921875000000002 0.8328125 0.9234375 0.996875 0.9234375
0 0.98125 0.5687500000000002 0.84375 0.5687500000000002 0.84375 0.8421875 0.98125 0.8421875
0 0.996875 0.6890625000000001 0.975 0.6890625000000001 0.975 0.8421875 0.996875 0.8421875
0 0.8515625 0.5953125000000001 0.75 0.5953125000000001 0.7500000000000001 0.7437500000000001 0.8515625 0.7437500000000001
0 0.9015625 0.5359375000000002 0.846875 0.5359375000000002 0.846875 0.6500000000000001 0.9015625 0.6500000000000001
0 0.975 0.3828125000000001 0.8546875 0.3828125000000001 0.8546875 0.5687500000000002 0.975 0.5687500000000002
0 0.996875 0.30156250000000007 0.934375 0.30156250000000007 0.934375 0.4546875000000002 0.996875 0.4546875000000002
0 0.996875 0.45312500000000017 0.9671875 0.45312500000000017 0.9671875 0.6281250000000002 0.996875 0.6281250000000002
0 0.996875 0.2015625000000001 0.9703125 0.2015625000000001 0.9703125 0.2843750000000001 0.996875 0.2843750000000001
0 0.996875 0.021875000000000117 0.9234375 0.02187500000000011 0.9234375 0.19062500000000013 0.996875 0.19062500000000013
0 0.9671875 0.1578125000000001 0.8515625 0.15781250000000008 0.8515625 0.37187500000000007 0.9671875 0.37187500000000007
0 0.8734375 0.2562500000000001 0.7640625 0.2562500000000001 0.7640625 0.44843750000000016 0.8734375 0.44843750000000016
0 0.8328125 0.12656250000000008 0.7265625 0.12656250000000008 0.7265625 0.2796875000000001 0.8328125 0.2796875000000001
0 0.9265625 0.010937500000000103 0.778125 0.010937500000000095 0.778125 0.1750000000000001 0.9265625 0.17500000000000013
0 0.9734375 1.0897443001787776e-16 0.80625 9.873714818125535e-17 0.80625 0.03750000000000011 0.9734375 0.037500000000000124
0 0.775 8.802148868871601e-17 0.6625 8.113285044351215e-17 0.6625 0.16406250000000008 0.775 0.16406250000000008
0 0.6953125 0.10937500000000008 0.5671875 0.10937500000000008 0.5671875 0.2671875000000001 0.6953125 0.2671875000000001
0 0.7609375 0.2296875000000001 0.640625 0.2296875000000001 0.640625 0.4375000000000001 0.7609375 0.43750000000000017
0 0.8734375 0.4093750000000001 0.6515625 0.409375 0.6515625 0.6234375000000001 0.8734375 0.6234375000000002
0 0.703125 0.4375 0.59375 0.4375 0.59375 0.546875 0.703125 0.546875
0 0.6875 0.525 0.559375 0.525 0.559375 0.7 0.6875 0.7
0 0.6687500000000001 0.69375 0.5859375 0.69375 0.5859375000000001 0.9234375 0.6687500000000002 0.9234375
0 0.7671875000000001 0.8203125 0.6515625000000002 0.8203125 0.6515625000000002 0.9953125 0.7671875000000001 0.9953125
0 0.825 0.6890625000000001 0.6765625 0.6890625 0.6765625000000001 0.8859375 0.825 0.8859375
0 0.8515625 0.846875 0.7750000000000001 0.846875 0.7750000000000001 0.95625 0.8515625 0.95625
0 0.6687500000000002 0.9015625 0.6078125000000002 0.9015625 0.6078125000000002 0.9953125 0.6687500000000002 0.9953125
0 0.6078125000000002 0.8359375 0.4734375000000002 0.8359375 0.4734375000000002 0.9953125 0.6078125000000002 0.9953125
0 0.6109375000000001 0.6453125 0.49375 0.6453125 0.4937500000000001 0.853125 0.6109375000000001 0.853125
0 0.5859375 0.415625 0.4578125 0.415625 0.4578125 0.6171875 0.5859375 0.6171875
0 0.6484375 0.2671875000000001 0.5390625 0.2671875000000001 0.5390625 0.4375 0.6484375 0.4375
0 0.5703125 0.17968750000000006 0.4875 0.17968750000000006 0.4875 0.2953125000000001 0.5703125 0.2953125000000001
0 0.5671875 0.010937500000000062 0.4515625 0.010937500000000055 0.4515625 0.17968750000000006 0.5671875 0.17968750000000008
0 0.6625 7.462691432304184e-17 0.55625 6.812097820257152e-17 0.55625 0.09843750000000008 0.6625 0.0984375000000001
0 0.4734375 0.10937500000000004 0.3609375 0.10937500000000004 0.3609375 0.27812500000000007 0.4734375 0.27812500000000007
0 0.46875 4.7646414529326714e-17 0.309375 3.788751034862124e-17 0.309375 0.13125000000000003 0.46875 0.13125000000000003
0 0.38906250000000003 0.20156250000000003 0.2734375 0.2015625 0.27343750000000006 0.37187500000000007 0.3890625000000001 0.37187500000000007
0 0.44375 0.33437500000000003 0.334375 0.334375 0.33437500000000003 0.5203125 0.44375 0.5203125
0 0.4765625 0.459375 0.421875 0.459375 0.421875 0.628125 0.4765625 0.628125
0 0.4375 0.51875 0.3609375000000001 0.51875 0.3609375000000001 0.6125 0.4375 0.6125
0 0.5203125000000001 0.6125 0.425 0.6125 0.4250000000000001 0.7546875 0.5203125000000002 0.7546875
0 0.5046875000000001 0.721875 0.2765625000000001 0.721875 0.2765625000000001 0.940625 0.5046875000000002 0.940625
0 0.48437500000000017 0.890625 0.3968750000000001 0.890625 0.3968750000000001 0.9953125 0.48437500000000017 0.9953125
0 0.4000000000000002 0.86875 0.26250000000000007 0.86875 0.26250000000000007 0.9953125 0.4000000000000002 0.9953125
0 0.2765625000000001 0.8859375 0.18906250000000008 0.8859375 0.1890625000000001 0.9953125 0.2765625000000001 0.9953125
0 0.2734375000000001 0.765625 0.2078125000000001 0.765625 0.2078125000000001 0.9125 0.2734375000000001 0.9125
0 0.2765625000000001 0.6828125 0.2218750000000001 0.6828125 0.2218750000000001 0.7921875 0.2765625000000001 0.7921875
0 0.4328125000000001 0.5796875 0.2468750000000001 0.5796875 0.2468750000000001 0.78125 0.43281250000000016 0.78125
0 0.36406250000000007 0.4265625 0.2468750000000001 0.4265625 0.2468750000000001 0.584375 0.36406250000000007 0.584375
0 0.2765625000000001 0.5359375 0.17500000000000004 0.5359375 0.17500000000000007 0.6890625 0.2765625000000001 0.6890625
0 0.2515625000000001 0.409375 0.11718750000000004 0.409375 0.11718750000000007 0.5796875 0.2515625000000001 0.5796875
0 0.17812500000000006 0.5359375 0.06562500000000007 0.5359375 0.06562500000000007 0.759375 0.1781250000000001 0.759375
0 0.24375000000000008 0.7375 0.12656250000000008 0.7375 0.12656250000000008 0.8578125 0.24375000000000008 0.8578125
0 0.12343750000000009 0.6890625 0.010937500000000083 0.6890625 0.010937500000000096 0.875 0.12343750000000009 0.875
0 0.1890625000000001 0.8421875 0.06562500000000011 0.8421875 0.06562500000000011 0.9953125 0.18906250000000013 0.9953125
0 0.06875000000000012 0.8359375 1.0237281836622405e-16 0.8359375 1.1213172254692953e-16 0.9953125 0.06875000000000012 0.9953125
0 0.15937500000000007 0.38125 4.6689659217492845e-17 0.38125 6.879070692085523e-17 0.7421875 0.1593750000000001 0.7421875
0 0.06562500000000006 0.4046875 4.955992515299445e-17 0.4046875 5.520478149281428e-17 0.496875 0.06562500000000007 0.496875
0 0.021875000000000068 0.496875 6.084963783263412e-17 0.496875 6.725989842192105e-17 0.6015625 0.02187500000000007 0.6015625
0 0.12343750000000005 0.284375 3.482589335075286e-17 0.284375 4.1810207127140106e-17 0.3984375 0.12343750000000005 0.3984375
0 0.21093750000000006 0.2734375 0.025000000000000033 0.2734375 0.02500000000000004 0.3765625 0.21093750000000008 0.3765625
0 0.2796875 0.15937500000000002 0.1671875 0.159375 0.16718750000000002 0.334375 0.2796875 0.334375
0 0.353125 0.010937500000000034 0.1921875 0.010937500000000022 0.1921875 0.2015625 0.353125 0.2015625
0 0.3234375 2.4971313638864e-17 0.084375 1.0332957367805793e-17 0.084375 0.05468750000000002 0.3234375 0.05468750000000004
0 0.2140625 0.04375000000000002 0.0875 0.04375000000000001 0.08750000000000001 0.15781250000000002 0.2140625 0.15781250000000005
0 0.09843750000000001 0.06093750000000001 0.025000000000000012 0.0609375 0.025000000000000015 0.1375 0.09843750000000002 0.1375
0 0.07968750000000001 4.879452090352736e-18 0 0 7.367015901120796e-18 0.1203125 0.07968750000000002 0.1203125
0 0.05156250000000003 0.1203125 1.4734031802241592e-17 0.1203125 2.4779962576497225e-17 0.284375 0.051562500000000046 0.284375