0 0.9125 0.2968750000000001 0.5640625 0.2968750000000001 0.5640625000000001 0.7859375000000001 0.9125 0.7859375000000002
0 0.6265625 0.4125 0.4421875 0.4125 0.4421875 0.646875 0.6265625 0.646875
0 0.7984375000000001 0.6250000000000001 0.2671875000000001 0.625 0.2671875000000001 0.9015625 0.7984375000000001 0.9015625
0 0.996875 0.6406250000000002 0.8203125 0.6406250000000002 0.8203125 0.8703125 0.996875 0.8703125
0 0.996875 0.40625000000000017 0.8859375 0.40625000000000017 0.8859375 0.6562500000000002 0.996875 0.6562500000000002
0 0.996875 0.1359375000000001 0.840625 0.1359375000000001 0.840625 0.42187500000000017 0.996875 0.42187500000000017
0 0.546875 0.08437500000000006 0.2984375 0.08437500000000005 0.2984375 0.33437500000000003 0.546875 0.3343750000000001
0 0.5765625 0.2656250000000001 0.48125 0.2656250000000001 0.48125 0.3390625000000001 0.5765625 0.3390625000000001
0 0.671875 0.3078125000000001 0.5296875 0.3078125000000001 0.5296875 0.4265625 0.671875 0.4265625
0 0.546875 0.30156250000000007 0.30625 0.3015625 0.30625 0.484375 0.546875 0.484375
0 0.48125000000000007 0.4125 0.11875000000000005 0.4125 0.11875000000000006 0.88125 0.4812500000000002 0.88125
0 0.31718750000000007 0.209375 0.16718750000000004 0.209375 0.16718750000000004 0.459375 0.31718750000000007 0.459375
0 0.17187500000000006 0.4171875 5.109073365192864e-17 0.4171875 7.11825952004399e-17 0.7453125 0.17187500000000008 0.7453125