0 0.9640625 0.76875 0.5562500000000001 0.76875 0.5562500000000001 0.996875 0.9640625 0.996875
0 0.9953125 0.6984375000000002 0.8296875 0.6984375000000002 0.8296875 0.965625 0.9953125 0.965625
0 0.6296875000000001 0.721875 0.3296875000000001 0.721875 0.3296875000000001 0.9734375 0.6296875000000002 0.9734375
0 0.8765625 0.5875000000000001 0.55625 0.5875 0.5562500000000001 0.7921875 0.8765625 0.7921875000000002
0 0.959375 0.4828125000000002 0.7265625 0.4828125000000002 0.7265625 0.6828125000000002 0.959375 0.6828125000000002
0 0.9953125 0.4281250000000002 0.9125 0.4281250000000002 0.9125 0.6062500000000002 0.9953125 0.6062500000000002
0 0.721875 0.425 0.459375 0.425 0.459375 0.621875 0.721875 0.621875
0 0.5359375000000001 0.553125 0.26250000000000007 0.553125 0.26250000000000007 0.7578125 0.5359375000000002 0.7578125
0 0.5 0.39375000000000004 0.2890625000000001 0.39375 0.2890625000000001 0.5640625 0.5 0.5640625
0 0.61875 0.2593750000000001 0.4125 0.2593750000000001 0.4125 0.428125 0.61875 0.428125
0 0.7171875 0.28593750000000007 0.6140625 0.28593750000000007 0.6140625 0.3890625000000001 0.7171875 0.3890625000000001
0 0.778125 0.3859375000000001 0.603125 0.3859375000000001 0.603125 0.4906250000000001 0.778125 0.4906250000000002
0 0.896875 0.31718750000000007 0.6859375 0.31718750000000007 0.6859375 0.4671875000000001 0.896875 0.4671875000000002
0 0.9953125 0.3359375000000001 0.8765625 0.3359375000000001 0.8765625 0.4984375000000002 0.9953125 0.4984375000000002
0 0.9953125 0.2468750000000001 0.8296875 0.2468750000000001 0.8296875 0.3750000000000001 0.9953125 0.3750000000000001
0 0.840625 0.2000000000000001 0.634375 0.2000000000000001 0.634375 0.3359375000000001 0.840625 0.3359375000000001
0 0.8921875 0.20468750000000008 0.8203125 0.20468750000000008 0.8203125 0.27812500000000007 0.8921875 0.27812500000000007
0 0.9171875 0.0781250000000001 0.7625 0.07812500000000008 0.7625 0.2015625000000001 0.9171875 0.2015625000000001
0 0.825 0.12656250000000008 0.6640625 0.12656250000000008 0.6640625 0.22031250000000008 0.825 0.22031250000000008
0 0.7734375 0.03906250000000009 0.634375 0.039062500000000076 0.634375 0.1312500000000001 0.7734375 0.1312500000000001
0 0.8046875 0.06250000000000008 0.7421875 0.06250000000000008 0.7421875 0.09375000000000008 0.8046875 0.09375000000000008
0 0.7015625 0.07812500000000008 0.515625 0.07812500000000007 0.515625 0.2171875000000001 0.7015625 0.2171875000000001
0 0.546875 0.16250000000000006 0.4078125 0.16250000000000003 0.4078125 0.2078125000000001 0.546875 0.2078125000000001
0 0.5671875 0.2015625000000001 0.396875 0.2015625000000001 0.396875 0.3125000000000001 0.5671875 0.3125000000000001
0 0.659375 0.2312500000000001 0.5625 0.2312500000000001 0.5625 0.29375000000000007 0.659375 0.29375000000000007
0 0.4078125 0.2515625 0.26875 0.2515625 0.26875000000000004 0.37031250000000004 0.4078125 0.3703125000000001
0 0.4125 0.3140625 0.29375 0.3140625 0.29375000000000007 0.4140625 0.4125 0.4140625
0 0.28906250000000006 0.325 0.2265625 0.325 0.22656250000000006 0.3984375 0.2890625000000001 0.3984375
0 0.278125 0.2046875 0.12343750000000005 0.2046875 0.12343750000000005 0.33125 0.278125 0.33125
0 0.403125 0.11562500000000005 0.2125 0.11562500000000005 0.2125 0.26250000000000007 0.403125 0.26250000000000007
0 0.5203125 0.05000000000000006 0.3609375 0.050000000000000044 0.3609375 0.16250000000000003 0.5203125 0.16250000000000003
0 0.2890625 0.015625000000000024 0.134375 0.015625000000000017 0.134375 0.06562500000000003 0.2890625 0.06562500000000004
0 0.08281250000000001 0.03906250000000001 4.783776559169349e-18 0.0390625 1.2533494585023693e-17 0.165625 0.08281250000000002 0.165625
0 0.165625 0.03593750000000002 0.071875 0.03593750000000001 0.071875 0.08593750000000001 0.165625 0.08593750000000003
0 0.17031250000000003 0.07343750000000002 0.0671875 0.0734375 0.06718750000000001 0.1859375 0.17031250000000003 0.1859375
0 0.06718750000000002 0.165625 0.004687500000000021 0.165625 0.004687500000000025 0.2390625 0.06718750000000002 0.2390625
0 0.2640625 0.06562500000000002 0.18125 0.06562500000000002 0.18125 0.14687500000000003 0.2640625 0.14687500000000003
0 0.371875 0.03437500000000004 0.2890625 0.03437500000000003 0.2890625 0.11562500000000005 0.371875 0.11562500000000005
0 0.659375 0.007812500000000068 0.459375 0.007812500000000056 0.459375 0.09218750000000007 0.659375 0.09218750000000009
0 0.9953125 0.015625000000000118 0.9375 0.015625000000000118 0.9375 0.11562500000000013 0.9953125 0.11562500000000013