1 0.4843750000000001 0.59375 0.2500000000000001 0.59375 0.2500000000000001 0.8828125 0.48437500000000017 0.8828125
1 0.47656250000000017 0.734375 0.3125000000000001 0.734375 0.3125000000000001 0.890625 0.47656250000000017 0.890625
1 0.6328125000000001 0.46875 0.16406250000000006 0.46875 0.16406250000000006 0.890625 0.6328125000000002 0.890625
1 0.2578125000000001 0.609375 0.11718750000000008 0.609375 0.11718750000000008 0.8828125 0.2578125000000001 0.8828125
1 0.17187500000000006 0.296875 3.6356701849687046e-17 0.296875 7.223502604345716e-17 0.8828125 0.17187500000000008 0.8828125
1 0.9921875 0.35937500000000006 0.3125 0.359375 0.31250000000000006 0.890625 0.9921875 0.890625
1 0.9921875 0.3437500000000001 0.4140625 0.3437500000000001 0.4140625 0.6015625000000001 0.9921875 0.6015625000000002
1 0.9921875 0.3046875000000001 0.4765625 0.3046875000000001 0.4765625 0.4921875000000001 0.9921875 0.49218750000000017
1 0.9921875 0.2734375000000001 0.59375 0.2734375000000001 0.59375 0.4375000000000001 0.9921875 0.43750000000000017
1 0.984375 0.22656250000000008 0.7109375 0.22656250000000008 0.7109375 0.3437500000000001 0.984375 0.3437500000000001
1 0.9921875 0.1328125000000001 0.765625 0.13281250000000008 0.765625 0.2656250000000001 0.9921875 0.2656250000000001
1 0.31250000000000006 0.17187500000000003 2.1048616860345134e-17 0.171875 4.1618856064773335e-17 0.5078125 0.3125000000000001 0.5078125
1 0.35937500000000006 0.3515625 0.17187500000000006 0.3515625 0.17187500000000006 0.5078125 0.3593750000000001 0.5078125
1 0.4765625 0.28906250000000006 0.265625 0.2890625 0.26562500000000006 0.4296875 0.4765625 0.4296875
1 0.4609375 0.13281250000000003 1.6264840301175783e-17 0.1328125 2.918103701093303e-17 0.34375000000000006 0.4609375 0.3437500000000001
1 0.1953125 1.1959441397923371e-17 0 0 2.87026593550161e-18 0.046875000000000014 0.1953125 0.04687500000000002
1 0.296875 0.01562500000000002 1.9135106236677394e-18 0.015625 1.1002686086089503e-17 0.16406250000000003 0.296875 0.16406250000000006
1 0.7421875 0.03125000000000006 0.25 0.031250000000000035 0.25 0.30468750000000006 0.7421875 0.3046875000000001
1 0.9921875 9.280526524788537e-17 0.5234375 6.410260589286927e-17 0.5234375 0.21093750000000008 0.9921875 0.21093750000000008
1 0.484375 4.25756113766072e-17 0.2109375 2.583239341951448e-17 0.2109375 0.04687500000000004 0.484375 0.046875000000000056
1 0.9921875 6.075396230145073e-17 0 0 5.405667511861364e-17 0.8828125 0.9921875 0.8828125