1 0.8515625 0.08593750000000008 0.3984375 0.08593750000000004 0.39843750000000006 0.5625000000000001 0.8515625 0.5625000000000002
1 0.4609375000000001 0.5390625 0.10937500000000004 0.5390625 0.10937500000000007 0.90625 0.46093750000000017 0.90625
1 0.5781250000000001 0.484375 0.2968750000000001 0.484375 0.2968750000000001 0.8671875 0.5781250000000002 0.8671875
1 0.640625 0.37500000000000006 0.3515625000000001 0.375 0.3515625000000001 0.6875 0.640625 0.6875
1 0.6640625 0.2656250000000001 0.453125 0.2656250000000001 0.453125 0.453125 0.6640625 0.453125
4 0.8828125 0.7031250000000001 0.6796875 0.703125 0.6796875000000001 0.90625 0.8828125 0.90625
4 0.7031250000000001 0.6953125 0.5078125 0.6953125 0.5078125000000001 0.8828125 0.7031250000000002 0.8828125
4 0.7187500000000002 0.765625 0.5937500000000002 0.765625 0.5937500000000002 0.921875 0.7187500000000002 0.921875
4 0.875 0.4609375000000001 0.59375 0.4609375 0.5937500000000001 0.7343750000000001 0.875 0.7343750000000002
4 0.8359375 0.20312500000000008 0.5625 0.20312500000000008 0.5625 0.5234375000000001 0.8359375 0.5234375000000002
4 0.828125 0.45312500000000017 0.765625 0.45312500000000017 0.765625 0.5390625000000002 0.828125 0.5390625000000002