1 0.8046875 0.20312500000000008 0.6484375 0.20312500000000008 0.6484375 0.3203125000000001 0.8046875 0.3203125000000001
1 0.9296875 0.22656250000000008 0.8046875 0.22656250000000008 0.8046875 0.3437500000000001 0.9296875 0.3437500000000001
1 0.9921875 0.3437500000000001 0.9140625 0.3437500000000001 0.9140625 0.47656250000000017 0.9921875 0.47656250000000017
1 0.9921875 0.46875000000000017 0.90625 0.46875000000000017 0.90625 0.5703125000000002 0.9921875 0.5703125000000002
1 0.9921875 0.5781250000000002 0.90625 0.5781250000000002 0.90625 0.6875000000000002 0.9921875 0.6875000000000002
1 0.9140625 0.3437500000000001 0.8046875 0.3437500000000001 0.8046875 0.46093750000000017 0.9140625 0.46093750000000017
1 0.8984375 0.46875000000000017 0.796875 0.46875000000000017 0.796875 0.5703125000000002 0.8984375 0.5703125000000002
1 0.90625 0.5703125000000002 0.7890625 0.5703125000000002 0.7890625 0.6875000000000002 0.90625 0.6875000000000002
1 0.7890625 0.5859375000000001 0.6328125 0.5859375 0.6328125 0.7109375000000001 0.7890625 0.7109375000000002
1 0.7890625 0.4453125000000001 0.640625 0.4453125 0.640625 0.5859375000000001 0.7890625 0.5859375000000002
1 0.796875 0.3281250000000001 0.6484375 0.3281250000000001 0.6484375 0.4531250000000001 0.796875 0.45312500000000017
1 0.6484375 0.20312500000000008 0.4921875 0.20312500000000008 0.4921875 0.3281250000000001 0.6484375 0.3281250000000001
1 0.640625 0.3281250000000001 0.4921875 0.3281250000000001 0.4921875 0.453125 0.640625 0.453125
1 0.6328125 0.4609375 0.5 0.4609375 0.5 0.5859375 0.6328125 0.5859375
1 0.6328125 0.578125 0.4921875 0.578125 0.4921875 0.703125 0.6328125 0.703125
1 0.4921875 0.19531250000000006 0.34375 0.19531250000000006 0.34375 0.32031250000000006 0.4921875 0.3203125000000001
1 0.484375 0.32031250000000006 0.34375 0.3203125 0.34375000000000006 0.453125 0.484375 0.453125
1 0.4921875 0.453125 0.3359375000000001 0.453125 0.3359375000000001 0.578125 0.4921875 0.578125
1 0.4921875 0.578125 0.3281250000000001 0.578125 0.3281250000000001 0.703125 0.4921875 0.703125
1 0.34375 0.19531250000000006 0.203125 0.19531250000000006 0.203125 0.3203125 0.34375 0.3203125
1 0.34375000000000006 0.328125 0.17968750000000006 0.328125 0.17968750000000006 0.4453125 0.3437500000000001 0.4453125
1 0.3359375000000001 0.4453125 0.17968750000000006 0.4453125 0.17968750000000006 0.5703125 0.3359375000000001 0.5703125
1 0.3359375000000001 0.5703125 0.17968750000000008 0.5703125 0.17968750000000008 0.703125 0.3359375000000001 0.703125
1 0.203125 0.19531250000000003 0.05468750000000002 0.1953125 0.054687500000000035 0.3359375 0.203125 0.3359375
1 0.18750000000000006 0.3359375 0.04687500000000004 0.3359375 0.04687500000000005 0.453125 0.18750000000000006 0.453125
1 0.17968750000000006 0.4609375 0.039062500000000056 0.4609375 0.03906250000000006 0.5703125 0.17968750000000008 0.5703125
1 0.17968750000000008 0.5703125 0.04687500000000007 0.5703125 0.046875000000000076 0.6953125 0.17968750000000008 0.6953125