1 0.953125 0.35156250000000006 0.11718750000000004 0.3515625 0.11718750000000007 0.8828125 0.953125 0.8828125
1 0.9296875 0.2734375000000001 0.625 0.2734375000000001 0.625 0.5546875000000001 0.9296875 0.5546875000000002
1 0.828125 0.2968750000000001 0.4765625 0.2968750000000001 0.4765625 0.6015625000000001 0.828125 0.6015625000000002
1 0.796875 0.21875000000000006 0.328125 0.21875 0.32812500000000006 0.6406250000000001 0.796875 0.6406250000000002
1 0.6875 0.16406250000000006 0.390625 0.16406250000000006 0.39062500000000006 0.5234375 0.6875 0.5234375
1 0.578125 0.16406250000000006 0.25 0.16406250000000006 0.25000000000000006 0.53125 0.578125 0.53125
1 0.3671875000000001 0.5 0.22656250000000008 0.5 0.22656250000000008 0.5859375 0.3671875000000001 0.5859375
1 0.33593750000000006 0.2734375 0.16406250000000006 0.2734375 0.16406250000000006 0.5078125 0.3359375000000001 0.5078125
1 0.19531250000000003 0.08593750000000001 1.0524308430172567e-17 0.0859375 3.300805825826851e-17 0.453125 0.19531250000000006 0.453125
1 0.421875 0.07031250000000003 0.0703125 0.0703125 0.07031250000000003 0.38281250000000006 0.421875 0.3828125000000001
1 0.609375 0.04687500000000006 0.3984375 0.04687500000000004 0.3984375 0.17187500000000006 0.609375 0.17187500000000008
1 0.39843750000000006 0.04687500000000003 0.0546875 0.046875000000000014 0.05468750000000002 0.4296875 0.3984375000000001 0.4296875