1 0.984375 0.47656250000000017 0.75625 0.47656250000000017 0.7562500000000001 0.9515625 0.984375 0.9515625
1 0.7359375000000001 0.6546875000000001 0.5109375 0.6546875 0.5109375 0.95 0.7359375000000001 0.95
1 0.8109375 0.1859375000000001 0.68125 0.1859375000000001 0.68125 0.4140625000000001 0.8109375 0.41406250000000017
1 0.98125 0.22812500000000008 0.8875 0.22812500000000008 0.8875 0.43281250000000016 0.98125 0.43281250000000016
1 0.890625 0.012500000000000103 0.765625 0.012500000000000094 0.765625 0.1906250000000001 0.890625 0.1906250000000001
1 0.8875 0.14843750000000008 0.76875 0.14843750000000008 0.76875 0.2968750000000001 0.8875 0.2968750000000001
1 0.8875 0.2718750000000001 0.784375 0.2718750000000001 0.784375 0.40156250000000016 0.8875 0.40156250000000016
1 0.646875 0.012500000000000061 0.34375 0.012500000000000044 0.34375000000000006 0.4375 0.646875 0.4375
1 0.30312500000000003 0.006250000000000019 0.0171875 0.006250000000000003 0.01718750000000003 0.4375 0.3031250000000001 0.4375
1 0.48906250000000007 0.5 0.25468750000000007 0.5 0.25468750000000007 0.784375 0.4890625000000002 0.784375
1 0.48906250000000007 0.6984375 0.25468750000000007 0.6984375 0.25468750000000007 0.9515625 0.4890625000000002 0.9515625
1 0.22812500000000008 0.49375 0.006250000000000061 0.49375 0.006250000000000086 0.9078125 0.22812500000000008 0.9078125
1 0.23437500000000008 0.6296875 0.039062500000000076 0.6296875 0.0390625000000001 0.9375 0.23437500000000008 0.9375