1 0.703125 0.3203125000000001 0.40625 0.3203125000000001 0.40625 0.546875 0.703125 0.546875
1 0.8984375 0.5390625000000001 0.5 0.5390625 0.5000000000000001 0.7343750000000001 0.8984375 0.7343750000000002
1 0.890625 0.2500000000000001 0.6796875 0.2500000000000001 0.6796875 0.5781250000000001 0.890625 0.5781250000000002
1 0.25000000000000006 1.5308084989341918e-17 0 0 2.4397260451763677e-17 0.3984375 0.2500000000000001 0.3984375
1 0.17187500000000006 0.3984375 4.8794520903527353e-17 0.3984375 6.218909526920153e-17 0.6171875 0.17187500000000008 0.6171875
1 0.3750000000000001 0.6015625 0.05468750000000007 0.6015625 0.05468750000000009 0.9296875 0.3750000000000001 0.9296875
1 0.5312500000000002 0.84375 0.18750000000000008 0.84375 0.1875000000000001 0.9921875 0.5312500000000002 0.9921875
1 0.9921875 0.8046875 0.6171875000000002 0.8046875 0.6171875000000002 0.9921875 0.9921875 0.9921875
1 0.875 0.7421875000000001 0.5625000000000002 0.7421875 0.5625000000000002 0.96875 0.875 0.96875
1 0.5859375000000001 0.6875 0.4140625 0.6875 0.4140625000000001 0.890625 0.5859375000000002 0.890625
1 0.9453125 0.3593750000000001 0.8671875 0.3593750000000001 0.8671875 0.5781250000000002 0.9453125 0.5781250000000002
1 0.9921875 0.7187500000000002 0.78125 0.7187500000000002 0.7812500000000001 0.9921875 0.9921875 0.9921875
1 0.4453125 0.02343750000000004 0.234375 0.023437500000000028 0.234375 0.21093750000000006 0.4453125 0.21093750000000008
1 0.71875 7.701880260262651e-17 0.5390625 6.6016116516537e-17 0.5390625 0.12500000000000006 0.71875 0.12500000000000008
1 0.9921875 1.0954848320497809e-16 0.796875 9.758904180705471e-17 0.796875 0.0703125000000001 0.9921875 0.07031250000000011
1 0.9921875 0.07031250000000011 0.8515625 0.07031250000000011 0.8515625 0.23437500000000008 0.9921875 0.23437500000000008
1 0.9921875 0.0078125000000001 0.6640625 0.00781250000000008 0.6640625 0.2656250000000001 0.9921875 0.2656250000000001
1 0.65625 0.04687500000000007 0.4296875 0.046875000000000056 0.4296875 0.3203125000000001 0.65625 0.3203125000000001
1 0.53125 0.21093750000000006 0.25 0.2109375 0.25000000000000006 0.39062500000000006 0.53125 0.3906250000000001
1 0.4296875000000001 0.34375000000000006 0.15625000000000006 0.34375 0.15625000000000006 0.75 0.42968750000000017 0.75
1 0.21093750000000008 0.3984375 4.8794520903527353e-17 0.3984375 6.075396230145071e-17 0.59375 0.21093750000000008 0.59375
1 0.1796875000000001 0.6953125 8.51512227532144e-17 0.6953125 1.0332957367805794e-16 0.9921875 0.17968750000000014 0.9921875
1 0.546875 5.692694105411524e-17 0.3828125 4.6881010279859617e-17 0.3828125 0.06250000000000006 0.546875 0.06250000000000007