1 0.9453125 0.23437500000000008 0.6171875 0.23437500000000008 0.6171875000000001 0.984375 0.9453125 0.984375
1 0.9921875 0.5625000000000002 0.8046875 0.5625000000000002 0.8046875 0.9921875 0.9921875 0.9921875
1 0.6875000000000001 0.5703125 0.4765625 0.5703125 0.4765625000000001 0.984375 0.6875000000000002 0.984375
1 0.9921875 1.0954848320497809e-16 0.796875 9.758904180705471e-17 0.796875 0.5156250000000002 0.9921875 0.5156250000000002
1 0.5625 5.262154215086284e-17 0.296875 3.6356701849687046e-17 0.29687500000000006 0.6015625 0.5625 0.6015625
1 0.7734375 8.419446744138054e-17 0.6015625 7.367015901120797e-17 0.6015625 0.22656250000000008 0.7734375 0.22656250000000008
1 0.6015625 6.792962714020475e-17 0.5078125 6.218909526920153e-17 0.5078125 0.20312500000000008 0.6015625 0.20312500000000008
1 0.78125 0.14843750000000008 0.5703125 0.14843750000000008 0.5703125 0.4921875000000001 0.78125 0.49218750000000017
1 0.25781250000000006 1.5786462645258852e-17 0 0 3.1094547634600764e-17 0.5078125 0.2578125000000001 0.5078125
1 0.07812500000000004 0.25 3.061616997868383e-17 0.25 4.975127621536122e-17 0.5625 0.07812500000000007 0.5625
1 0.3750000000000001 0.6796875 8.323771212954667e-17 0.6796875 1.0237281836622407e-16 0.9921875 0.3750000000000001 0.9921875
1 0.4843750000000001 0.37500000000000006 0.24218750000000008 0.375 0.24218750000000008 0.9921875 0.48437500000000017 0.9921875
1 0.21093750000000008 0.546875 6.697287182837088e-17 0.546875 7.94106908822112e-17 0.75 0.21093750000000008 0.75
1 0.9921875 6.075396230145073e-17 0 0 6.075396230145073e-17 0.9921875 0.9921875 0.9921875