1 0.6015625000000001 3.683507950560399e-17 0 0 5.070803152719509e-17 0.828125 0.6015625000000002 0.828125
1 0.9921875 9.089175462421763e-17 0.4921875 6.027558464553379e-17 0.4921875 0.4531250000000001 0.9921875 0.45312500000000017
1 0.625 0.21093750000000006 0.28125 0.2109375 0.28125000000000006 0.5 0.625 0.5
1 0.7578125 0.31250000000000006 0.13281250000000006 0.3125 0.13281250000000006 0.6718750000000001 0.7578125 0.6718750000000002
1 0.8125 0.36718750000000006 0.14843750000000006 0.3671875 0.14843750000000006 0.8125 0.8125 0.8125
1 0.8125 0.38281250000000006 0.07812500000000004 0.3828125 0.07812500000000008 0.8828125 0.8125 0.8828125
1 0.8984375 0.4140625000000001 0.3359375000000001 0.4140625 0.3359375000000001 0.859375 0.8984375 0.859375
1 0.3437500000000001 0.765625 9.376202055971923e-17 0.765625 1.0763497258131035e-16 0.9921875 0.3437500000000001 0.9921875
1 0.9140625 0.7968750000000001 0.15625000000000008 0.796875 0.1562500000000001 0.9921875 0.9140625 0.9921875
1 0.9609375 0.6250000000000002 0.765625 0.6250000000000002 0.7656250000000001 0.859375 0.9609375 0.859375
1 0.9921875 0.42187500000000017 0.890625 0.42187500000000017 0.890625 0.7265625000000002 0.9921875 0.7265625000000002