1 0.875 0.4156250000000001 0.646875 0.415625 0.6468750000000001 0.8609375 0.875 0.8609375
1 0.853125 0.0718750000000001 0.7328125 0.07187500000000009 0.7328125 0.4281250000000002 0.853125 0.4281250000000002
1 0.7359375 0.06718750000000008 0.5671875 0.06718750000000007 0.5671875 0.4781250000000001 0.7359375 0.4781250000000002
1 0.36562500000000003 0.02187500000000003 0.1296875 0.021875000000000016 0.12968750000000004 0.78125 0.3656250000000001 0.78125
1 0.5578125 0.053125000000000054 0.3625 0.05312500000000005 0.36250000000000004 0.4109375 0.5578125 0.4109375
1 0.5671875 0.28593750000000007 0.4375 0.28593750000000007 0.4375 0.3921875000000001 0.5671875 0.3921875000000001
1 0.64375 0.3890625000000001 0.3937500000000001 0.3890625000000001 0.3937500000000001 0.53125 0.64375 0.53125
1 0.6562500000000001 0.5171875 0.4375 0.5171875 0.4375000000000001 0.7859375 0.6562500000000002 0.7859375
1 0.7140625000000002 0.75 0.5140625000000002 0.75 0.5140625000000002 0.915625 0.7140625000000002 0.915625
1 0.51875 0.70625 0.2453125000000001 0.70625 0.2453125000000001 0.9828125 0.5187500000000002 0.9828125
1 0.4281250000000001 0.39687500000000003 0.22812500000000008 0.396875 0.22812500000000008 0.8390625 0.4281250000000002 0.8390625