1 0.22656250000000008 0.5546875 6.792962714020475e-17 0.5546875 8.419446744138054e-17 0.8203125 0.22656250000000008 0.8203125
1 0.4609375000000001 0.6328125 7.749718025854345e-17 0.6328125 9.711066415113777e-17 0.953125 0.46093750000000017 0.953125
1 0.6015625000000001 0.703125 0.14843750000000008 0.703125 0.1484375000000001 0.953125 0.6015625000000002 0.953125
1 0.7578125000000002 0.7421875000000001 0.42187500000000017 0.7421875 0.42187500000000017 0.9453125 0.7578125000000002 0.9453125
1 0.9921875 0.7890625000000001 0.5781250000000002 0.7890625 0.5781250000000002 0.953125 0.9921875 0.953125
1 0.9921875 0.5234375000000001 0.6171875 0.5234375 0.6171875000000001 0.8984375 0.9921875 0.8984375
1 0.9921875 0.4375000000000001 0.515625 0.4375 0.5156250000000001 0.7343750000000001 0.9921875 0.7343750000000002
1 0.9921875 0.2968750000000001 0.9296875 0.2968750000000001 0.9296875 0.44531250000000017 0.9921875 0.44531250000000017
1 0.9375 0.41406250000000017 0.765625 0.41406250000000017 0.765625 0.5078125000000002 0.9375 0.5078125000000002
1 0.9296875 0.3437500000000001 0.8359375 0.3437500000000001 0.8359375 0.40625000000000017 0.9296875 0.40625000000000017
1 0.78125 0.4296875000000001 0.6953125 0.4296875 0.6953125 0.5859375000000001 0.78125 0.5859375000000002
1 0.6796875 0.4296875 0.4140625 0.4296875 0.4140625 0.5546875 0.6796875 0.5546875
1 0.703125 0.484375 0.4453125 0.484375 0.4453125 0.6328125 0.703125 0.6328125
1 0.9140625 0.24218750000000008 0.578125 0.24218750000000008 0.578125 0.4843750000000001 0.9140625 0.48437500000000017
1 0.875 0.19531250000000006 0.234375 0.19531250000000006 0.23437500000000006 0.5156250000000001 0.875 0.5156250000000002
1 0.5703125 0.28906250000000006 0.265625 0.2890625 0.26562500000000006 0.5546875 0.5703125 0.5546875
1 0.18750000000000006 0.4375 5.357829746269671e-17 0.4375 6.553773886062008e-17 0.6328125 0.18750000000000008 0.6328125
1 0.2890625000000001 0.3984375 0.17187500000000006 0.3984375 0.17187500000000006 0.5625 0.2890625000000001 0.5625
1 0.14062500000000003 0.06250000000000001 7.654042494670958e-18 0.0625 2.1048616860345134e-17 0.28125 0.14062500000000006 0.28125
1 0.38281250000000006 0.14062500000000003 1.7221595613009655e-17 0.140625 3.539994653785318e-17 0.4375 0.3828125000000001 0.4375
1 0.765625 0.12500000000000006 0.375 0.12500000000000006 0.375 0.19531250000000006 0.765625 0.19531250000000008
1 0.7421875 0.14062500000000006 0.390625 0.14062500000000006 0.390625 0.3281250000000001 0.7421875 0.3281250000000001
1 0.5546875 0.33593750000000006 0.2734375 0.3359375 0.27343750000000006 0.515625 0.5546875 0.515625