1 0.9921875 0.47656250000000017 0.8125 0.47656250000000017 0.8125 0.9921875 0.9921875 0.9921875
1 0.8203125 0.4843750000000001 0.65625 0.484375 0.6562500000000001 0.9921875 0.8203125 0.9921875
1 0.6562500000000001 0.53125 0.5078125 0.53125 0.5078125000000001 0.9921875 0.6562500000000002 0.9921875
1 0.5078125000000001 0.4921875 0.24218750000000008 0.4921875 0.24218750000000008 0.9921875 0.5078125000000002 0.9921875
1 0.2734375000000001 0.5390625 0.007812500000000066 0.5390625 0.007812500000000094 0.9921875 0.2734375000000001 0.9921875
1 0.19531250000000003 1.1959441397923371e-17 0 0 3.30080582582685e-17 0.5390625 0.19531250000000006 0.5390625
1 0.34375000000000006 3.252968060235157e-17 0.1875 2.2962127484012874e-17 0.18750000000000003 0.484375 0.3437500000000001 0.484375
1 0.4921875 5.166478683902897e-17 0.3515625 4.305398903252414e-17 0.35156250000000006 0.484375 0.4921875 0.484375
1 0.71875 7.367015901120796e-17 0.484375 5.931882933369991e-17 0.484375 0.4921875 0.71875 0.4921875
1 0.9921875 1.0332957367805794e-16 0.6953125 8.51512227532144e-17 0.6953125 0.4921875000000001 0.9921875 0.49218750000000017
1 0.9921875 6.075396230145073e-17 0 0 6.075396230145073e-17 0.9921875 0.9921875 0.9921875