1 0.9921875 0.6718750000000002 0.9296875 0.6718750000000002 0.9296875 0.7656250000000002 0.9921875 0.7656250000000002
1 0.96875 0.5703125000000002 0.796875 0.5703125000000002 0.796875 0.7109375000000002 0.96875 0.7109375000000002
1 0.9609375 0.5078125000000002 0.765625 0.5078125000000002 0.765625 0.6093750000000002 0.9609375 0.6093750000000002
1 0.953125 0.43750000000000017 0.78125 0.43750000000000017 0.78125 0.5546875000000002 0.953125 0.5546875000000002
1 0.8046875 0.3515625000000001 0.6875 0.3515625000000001 0.6875 0.4765625000000001 0.8046875 0.47656250000000017
1 0.7421875 0.4062500000000001 0.6328125 0.40625 0.6328125 0.4687500000000001 0.7421875 0.46875000000000017
1 0.6328125 0.3984375000000001 0.40625 0.3984375000000001 0.40625 0.4453125 0.6328125 0.4453125
1 0.6640625 0.453125 0.4765625 0.453125 0.4765625 0.4765625 0.6640625 0.4765625
1 0.7265625 0.4687500000000001 0.5546875 0.46875 0.5546875 0.5703125000000001 0.7265625 0.5703125000000002
1 0.7578125 0.4921875000000001 0.625 0.4921875 0.625 0.5781250000000001 0.7578125 0.5781250000000002
1 0.78125 0.5703125000000001 0.6640625 0.5703125 0.6640625 0.6562500000000001 0.78125 0.6562500000000002
1 0.7421875 0.5859375000000001 0.4921875 0.5859375 0.4921875 0.7031250000000001 0.7421875 0.7031250000000002
1 0.578125 0.5078125 0.4296875 0.5078125 0.4296875 0.6171875 0.578125 0.6171875
1 0.4609375 0.5390625 0.3203125000000001 0.5390625 0.3203125000000001 0.6015625 0.4609375 0.6015625
1 0.4921875 0.4375 0.3359375000000001 0.4375 0.3359375000000001 0.5 0.4921875 0.5
1 0.2890625000000001 0.4765625 0.07812500000000007 0.4765625 0.07812500000000007 0.5859375 0.2890625000000001 0.5859375
1 0.3281250000000001 0.3984375 0.21093750000000008 0.3984375 0.21093750000000008 0.5078125 0.3281250000000001 0.5078125
1 0.22656250000000006 0.359375 0.07031250000000004 0.359375 0.07031250000000006 0.4765625 0.22656250000000008 0.4765625
1 0.35156250000000006 0.3515625 0.2265625 0.3515625 0.22656250000000006 0.4140625 0.3515625000000001 0.4140625
1 0.4140625 0.33593750000000006 0.3515625 0.3359375 0.35156250000000006 0.4375 0.4140625 0.4375