1 0.8625 0.15781250000000008 0.5890625 0.15781250000000008 0.5890625 0.3265625000000001 0.8625 0.3265625000000001
1 0.8296875 0.3046875000000001 0.6 0.3046875000000001 0.6 0.5546875000000001 0.8296875 0.5546875000000002
1 0.81875 0.5437500000000001 0.665625 0.54375 0.6656250000000001 0.8859375 0.81875 0.8859375
1 0.7312500000000001 0.6093750000000001 0.4734375 0.609375 0.47343750000000007 0.83125 0.7312500000000002 0.83125
1 0.7890625000000002 0.7609375 0.5234375000000002 0.7609375 0.5234375000000002 0.9671875 0.7890625000000002 0.9671875
1 0.646875 0.14687500000000006 0.484375 0.14687500000000003 0.484375 0.3750000000000001 0.646875 0.3750000000000001
1 0.734375 0.36406250000000007 0.5015625 0.36406250000000007 0.5015625 0.6468750000000001 0.734375 0.6468750000000002
1 0.4828125 0.07656250000000006 0.309375 0.07656250000000005 0.30937500000000007 0.4078125 0.4828125 0.4078125
1 0.4984375 0.3812500000000001 0.41875 0.3812500000000001 0.41875 0.55 0.4984375 0.55
1 0.5828125 0.5109375 0.4484375 0.5109375 0.4484375 0.6296875 0.5828125 0.6296875
1 0.421875 0.37968750000000007 0.15937500000000004 0.3796875 0.15937500000000007 0.6578125 0.421875 0.6578125
1 0.46562500000000007 0.609375 0.18125000000000008 0.609375 0.18125000000000008 0.8375 0.4656250000000002 0.8375
1 0.5203125000000002 0.7609375 0.2468750000000001 0.7609375 0.2468750000000001 0.9734375 0.5203125000000002 0.9734375
1 0.26562500000000006 0.2125 0.07656250000000002 0.2125 0.07656250000000005 0.58125 0.2656250000000001 0.58125
1 0.2328125000000001 0.5609375 0.057812500000000065 0.5609375 0.057812500000000086 0.9359375 0.2328125000000001 0.9359375