1 0.7734375000000001 0.26562500000000006 0.2890625 0.265625 0.28906250000000006 0.8828125 0.7734375000000002 0.8828125
1 0.7421875 0.4062500000000001 0.5234375 0.40625 0.5234375 0.5859375000000001 0.7421875 0.5859375000000002
1 0.734375 0.18750000000000006 0.515625 0.18750000000000006 0.515625 0.4687500000000001 0.734375 0.46875000000000017
1 0.515625 0.06250000000000006 0.3671875 0.06250000000000004 0.3671875 0.3125000000000001 0.515625 0.3125000000000001
1 0.6015625 0.10937500000000007 0.5 0.10937500000000004 0.5 0.2812500000000001 0.6015625 0.2812500000000001
1 0.4375 0.23437500000000006 0.3046875 0.234375 0.30468750000000006 0.40625 0.4375 0.40625
1 0.515625 0.31250000000000006 0.359375 0.3125 0.35937500000000006 0.484375 0.515625 0.484375
1 0.5234375 0.3906250000000001 0.4375 0.3906250000000001 0.4375 0.578125 0.5234375 0.578125
1 0.4375 0.46875 0.3281250000000001 0.46875 0.3281250000000001 0.6015625 0.4375 0.6015625
1 0.3593750000000001 0.4609375 0.3046875000000001 0.4609375 0.3046875000000001 0.578125 0.3593750000000001 0.578125
1 0.390625 0.18750000000000006 0.3046875 0.18750000000000006 0.3046875 0.28906250000000006 0.390625 0.2890625000000001