1 0.846875 0.23437500000000008 0.7625 0.23437500000000008 0.7625000000000001 0.7828125000000001 0.846875 0.7828125000000001
1 0.7671875000000001 0.24375000000000008 0.7 0.24375000000000008 0.7000000000000001 0.81875 0.7671875000000001 0.81875
1 0.7484375 0.004687500000000082 0.5921875 0.004687500000000072 0.5921875 0.4296875000000001 0.7484375 0.42968750000000017
1 0.7000000000000001 0.425 0.6328125 0.425 0.6328125000000001 0.8359375 0.7000000000000002 0.8359375
1 0.6328125000000001 0.2390625000000001 0.565625 0.2390625000000001 0.565625 0.809375 0.6328125000000002 0.809375
1 0.5828125 0.018750000000000062 0.4171875 0.01875000000000005 0.4171875 0.4609375 0.5828125 0.4609375
1 0.6000000000000001 0.30156250000000007 0.4890625 0.30156250000000007 0.48906250000000007 0.8671875 0.6000000000000002 0.8671875
1 0.5015625000000001 0.446875 0.421875 0.446875 0.4218750000000001 0.8765625 0.5015625000000001 0.8765625
1 0.42656250000000007 0.05781250000000003 0.2515625 0.057812500000000024 0.2515625 0.8671875 0.4265625000000002 0.8671875
1 0.40312500000000007 0.5046875 0.30937500000000007 0.5046875 0.30937500000000007 0.9421875 0.4031250000000002 0.9421875
1 0.31875000000000003 0.35 0.2203125 0.35 0.22031250000000005 0.946875 0.3187500000000001 0.946875
1 0.24218750000000008 0.3671875 0.16093750000000004 0.3671875 0.1609375000000001 0.978125 0.24218750000000008 0.978125