1 0.9921875 0.21875000000000008 0.4609375 0.21875000000000008 0.4609375000000001 0.9453125 0.9921875 0.9453125
1 0.2656250000000001 0.3671875 0.06250000000000004 0.3671875 0.06250000000000008 0.8984375 0.2656250000000001 0.8984375
1 0.5546875000000001 0.4296875 0.19531250000000006 0.4296875 0.19531250000000008 0.953125 0.5546875000000002 0.953125
1 0.08593750000000008 0.3203125 3.922696778518866e-17 0.3203125 7.223502604345717e-17 0.859375 0.08593750000000011 0.859375
1 0.5390625 0.19531250000000003 0.17187500000000006 0.1953125 0.17187500000000006 0.28125000000000006 0.5390625 0.2812500000000001
1 0.9921875 0.04687500000000011 0.7734375 0.0468750000000001 0.7734375 0.21093750000000008 0.9921875 0.21093750000000008
1 0.40625 0.10937500000000004 0.2421875 0.10937500000000004 0.2421875 0.16406250000000006 0.40625 0.16406250000000006
1 0.20312500000000006 0.13281250000000003 1.6264840301175783e-17 0.1328125 6.027558464553378e-17 0.8515625 0.20312500000000008 0.8515625
1 0.4765625000000001 0.15625000000000003 0.1484375 0.15625 0.14843750000000006 0.8984375 0.47656250000000017 0.8984375
1 0.9921875 0.18750000000000008 0.265625 0.18750000000000006 0.26562500000000006 0.9453125 0.9921875 0.9453125
1 0.125 7.654042494670958e-18 0 0 8.610797806504827e-18 0.140625 0.125 0.140625
1 0.2109375 0.031250000000000014 0.0859375 0.031250000000000014 0.08593750000000001 0.13281250000000003 0.2109375 0.13281250000000006
1 0.375 0.039062500000000035 0.2109375 0.03906250000000002 0.2109375 0.15625000000000006 0.375 0.15625000000000006
1 0.75 0.09375000000000008 0.5859375 0.09375000000000007 0.5859375 0.17968750000000008 0.75 0.17968750000000008
1 0.765625 0.06250000000000007 0.40625 0.06250000000000004 0.40625 0.17968750000000006 0.765625 0.17968750000000008