1 0.4078125 0.16875000000000004 0.2109375 0.16875000000000004 0.2109375 0.29531250000000003 0.4078125 0.2953125000000001
1 0.58125 0.13593750000000007 0.3890625 0.13593750000000004 0.3890625 0.2515625000000001 0.58125 0.2515625000000001
1 0.640625 0.2140625000000001 0.4109375 0.2140625000000001 0.4109375 0.3234375000000001 0.640625 0.3234375000000001
1 0.4375 0.22968750000000004 0.215625 0.2296875 0.215625 0.3609375 0.4375 0.3609375000000001
1 0.7015625 0.2843750000000001 0.44375 0.2843750000000001 0.44375 0.43125 0.7015625 0.43125
1 0.796875 0.4093750000000001 0.4875 0.409375 0.4875 0.6125 0.796875 0.6125000000000002
1 0.9390625 0.5359375000000001 0.5453125 0.5359375 0.5453125000000001 0.9953125 0.9390625 0.9953125
1 0.6265625000000001 0.6015625 0.2375000000000001 0.6015625 0.2375000000000001 0.9953125 0.6265625000000001 0.9953125
1 0.5265625 0.4375 0.2328125000000001 0.4375 0.2328125000000001 0.6828125 0.5265625 0.6828125
1 0.4734375 0.32812500000000006 0.221875 0.328125 0.22187500000000004 0.496875 0.4734375 0.496875
1 0.9015625 0.08750000000000009 0.625 0.08750000000000006 0.625 0.2843750000000001 0.9015625 0.2843750000000001
1 0.890625 0.09375000000000008 0.6328125 0.09375000000000007 0.6328125 0.18125000000000008 0.890625 0.18125000000000008