1 0.7968750000000001 0.25000000000000006 0.296875 0.25 0.29687500000000006 0.9375 0.7968750000000002 0.9375
1 0.9921875 0.2578125000000001 0.703125 0.2578125000000001 0.703125 0.6171875000000001 0.9921875 0.6171875000000002
1 0.9921875 0.4531250000000001 0.6328125 0.453125 0.6328125000000001 0.8203125 0.9921875 0.8203125
1 0.9921875 0.7109375000000002 0.7421875 0.7109375000000002 0.7421875000000001 0.9375 0.9921875 0.9375
1 0.5859375000000001 0.38281250000000006 0.05468750000000004 0.3828125 0.054687500000000076 0.9375 0.5859375000000002 0.9375
1 0.4296875000000001 0.5078125 6.218909526920153e-17 0.5078125 8.849986634463295e-17 0.9375 0.42968750000000017 0.9375
1 0.28125000000000006 1.7221595613009658e-17 0 0 3.587832419377011e-17 0.5859375 0.2812500000000001 0.5859375
1 0.9921875 0.0546875000000001 0.6640625 0.05468750000000009 0.6640625 0.2890625000000001 0.9921875 0.2890625000000001
1 0.9921875 9.18485099360515e-17 0.5078125 6.218909526920153e-17 0.5078125 0.14843750000000008 0.9921875 0.14843750000000014
1 0.7734375 0.10156250000000008 0.5625 0.10156250000000008 0.5625 0.4765625000000001 0.7734375 0.47656250000000017
1 0.46875 4.4967499656191874e-17 0.265625 3.2529680602351567e-17 0.265625 0.35156250000000006 0.46875 0.3515625000000001
1 0.578125 0.007812500000000066 0.46875 0.007812500000000059 0.46875 0.3203125000000001 0.578125 0.3203125000000001
1 0.9921875 6.075396230145073e-17 0 0 5.788369636594911e-17 0.9453125 0.9921875 0.9453125