1 0.996875 0.7171875000000002 0.746875 0.7171875000000002 0.7468750000000001 0.903125 0.996875 0.903125
1 0.996875 0.42187500000000017 0.9265625 0.42187500000000017 0.9265625 0.7734375000000002 0.996875 0.7734375000000002
1 0.996875 1.0773064811249373e-16 0.7625 9.337931843498569e-17 0.7625 0.5156250000000002 0.996875 0.5156250000000002
1 0.9953125 1.1270577573402985e-16 0.8453125 1.0352092474042469e-16 0.8453125 0.2312500000000001 0.9953125 0.2312500000000001
1 0.996875 1.1691549910609887e-16 0.9125 1.1174902042219599e-16 0.9125 0.13437500000000013 0.996875 0.13437500000000013
1 0.996875 1.190203607921334e-16 0.946875 1.15958743794265e-16 0.946875 0.0718750000000001 0.996875 0.0718750000000001
1 0.934375 8.505554722203101e-17 0.4546875 5.568315914873122e-17 0.4546875000000001 0.8046875 0.934375 0.8046875
1 0.8890625 0.3765625000000001 0.8125 0.3765625000000001 0.8125 0.834375 0.8890625 0.834375
1 0.865625 7.86452866327441e-17 0.41875 5.128208471429541e-17 0.41875000000000007 0.8609375 0.865625 0.8609375
1 0.8078125 7.108691966925652e-17 0.353125 4.324534009489091e-17 0.353125 0.8765625 0.8078125 0.8765625
1 0.7765625 6.687719629718749e-17 0.315625 3.865291459808834e-17 0.31562500000000004 0.8921875 0.7765625000000002 0.8921875
1 0.7468750000000001 6.084963783263412e-17 0.246875 3.023346785395028e-17 0.24687500000000004 0.896875 0.7468750000000002 0.896875
1 0.7046875000000001 0.428125 0.546875 0.428125 0.5468750000000001 0.896875 0.7046875000000001 0.896875
1 0.6546875000000001 5.357829746269671e-17 0.2203125 2.6980499793715128e-17 0.22031250000000005 0.896875 0.6546875000000002 0.896875
1 0.5703125000000001 4.582857943684236e-17 0.178125 2.181402110981223e-17 0.17812500000000003 0.896875 0.5703125000000002 0.896875
1 0.4843750000000001 3.626102631850367e-17 0.1078125 1.3203223303307403e-17 0.10781250000000005 0.896875 0.48437500000000017 0.896875
1 0.5390625000000001 3.683507950560399e-17 0.0625 7.654042494670958e-18 0.06250000000000006 0.896875 0.5390625000000002 0.896875
1 0.36250000000000004 0.03125000000000002 0.0359375 0.03125 0.03593750000000005 0.896875 0.3625000000000001 0.896875
1 0.31875000000000003 0.035937500000000025 4.401074434435801e-18 0.0359375 5.740531871003217e-17 0.9015625 0.3187500000000001 0.9015625
1 0.20468750000000008 0.5109375 0.034375000000000065 0.5109375 0.034375000000000086 0.896875 0.20468750000000008 0.896875