1 0.578125 0.05312500000000005 0.1828125 0.05312500000000002 0.18281250000000002 0.37812500000000004 0.578125 0.3781250000000001
1 0.75625 0.2578125000000001 0.3640625 0.2578125000000001 0.36406250000000007 0.6171875000000001 0.75625 0.6171875000000002
1 0.821875 0.4046875000000001 0.671875 0.4046875 0.671875 0.5687500000000001 0.821875 0.5687500000000002
1 0.9203125 0.4796875000000001 0.640625 0.4796875 0.6406250000000001 0.7734375000000001 0.9203125 0.7734375000000002
1 0.36875 0.35625000000000007 0.18750000000000006 0.35625 0.18750000000000006 0.503125 0.3687500000000001 0.503125
1 0.3687500000000001 0.4046875 0.026562500000000044 0.4046875 0.026562500000000062 0.675 0.3687500000000001 0.675
1 0.2750000000000001 0.609375 0.11562500000000009 0.609375 0.11562500000000009 0.7953125 0.2750000000000001 0.7953125
1 0.4406250000000001 0.653125 0.3203125000000001 0.653125 0.3203125000000001 0.7734375 0.44062500000000016 0.7734375
1 0.4625000000000001 0.703125 0.2000000000000001 0.703125 0.2000000000000001 0.9390625 0.4625000000000002 0.9390625
1 0.7781250000000001 0.6843750000000001 0.4578125 0.684375 0.45781250000000007 0.9203125 0.7781250000000002 0.9203125
1 0.96875 0.675 0.5953125 0.675 0.5953125000000001 0.8890625 0.96875 0.8890625
1 0.63125 0.39531250000000007 0.421875 0.39531250000000007 0.421875 0.703125 0.63125 0.703125