1 0.890625 0.7109375000000001 0.5078125 0.7109375 0.5078125000000001 0.9140625 0.890625 0.9140625
1 0.8828125 0.6640625000000001 0.53125 0.6640625 0.5312500000000001 0.7656250000000001 0.8828125 0.7656250000000002
1 0.890625 0.5234375000000001 0.4765625 0.5234375 0.4765625 0.6796875000000001 0.890625 0.6796875000000002
1 0.8984375 0.4062500000000001 0.453125 0.40625 0.453125 0.5312500000000001 0.8984375 0.5312500000000002
1 0.890625 0.3359375000000001 0.71875 0.3359375000000001 0.71875 0.4062500000000001 0.890625 0.40625000000000017
1 0.8984375 0.2656250000000001 0.7265625 0.2656250000000001 0.7265625 0.3437500000000001 0.8984375 0.3437500000000001
1 0.8984375 0.17968750000000008 0.71875 0.17968750000000008 0.71875 0.2734375000000001 0.8984375 0.2734375000000001
1 0.7265625 0.09375000000000007 0.4375 0.09375000000000004 0.4375 0.2578125000000001 0.7265625 0.2578125000000001
1 0.7265625 0.20312500000000008 0.4453125 0.20312500000000008 0.4453125 0.3984375000000001 0.7265625 0.3984375000000001
1 0.4296875 0.07031250000000003 8.610797806504827e-18 0.0703125 1.9135106236677398e-17 0.24218750000000006 0.4296875 0.24218750000000008
1 0.4453125 0.12500000000000003 0.023437500000000017 0.125 0.023437500000000035 0.39843750000000006 0.4453125 0.3984375000000001
1 0.40625 0.32812500000000006 0.10156250000000004 0.328125 0.10156250000000004 0.515625 0.40625 0.515625
1 0.4609375 0.3906250000000001 0.3984375000000001 0.3906250000000001 0.3984375000000001 0.5078125 0.4609375 0.5078125
1 0.34375000000000006 0.359375 0.03125000000000004 0.359375 0.031250000000000056 0.53125 0.3437500000000001 0.53125
1 0.5546875000000001 0.5078125 0.05468750000000007 0.5078125 0.05468750000000009 0.90625 0.5546875000000002 0.90625