1 0.7890625 8.036744619404506e-17 0.5234375 6.410260589286927e-17 0.5234375 0.17187500000000006 0.7890625 0.17187500000000008
1 0.7890625 0.17968750000000006 0.5234375 0.17968750000000006 0.5234375 0.3671875000000001 0.7890625 0.3671875000000001
1 0.8046875 0.3671875000000001 0.53125 0.3671875000000001 0.53125 0.5625000000000001 0.8046875 0.5625000000000002
1 0.8203125 0.5625000000000001 0.53125 0.5625 0.5312500000000001 0.7734375000000001 0.8203125 0.7734375000000002
1 0.7968750000000002 0.7734375000000001 0.5390625000000002 0.7734375 0.5390625000000002 0.9921875 0.7968750000000002 0.9921875
1 0.5234375 4.975127621536122e-17 0.2890625 3.539994653785318e-17 0.2890625 0.17968750000000006 0.5234375 0.17968750000000006
1 0.515625 0.17968750000000006 0.2890625 0.17968750000000006 0.28906250000000006 0.37500000000000006 0.515625 0.3750000000000001
1 0.5234375 0.38281250000000006 0.2968750000000001 0.3828125 0.2968750000000001 0.5703125 0.5234375 0.5703125
1 0.5312500000000001 0.578125 0.3046875000000001 0.578125 0.3046875000000001 0.7578125 0.5312500000000002 0.7578125
1 0.5156250000000002 0.765625 0.2968750000000001 0.765625 0.2968750000000001 0.96875 0.5156250000000002 0.96875
1 0.2890625 0.01562500000000002 0.0625 0.015625000000000007 0.06250000000000001 0.203125 0.2890625 0.203125
1 0.28906250000000006 0.203125 0.06250000000000003 0.203125 0.06250000000000003 0.3828125 0.2890625000000001 0.3828125
1 0.2968750000000001 0.375 0.05468750000000004 0.375 0.054687500000000056 0.5703125 0.2968750000000001 0.5703125
1 0.2890625000000001 0.578125 0.05468750000000007 0.578125 0.054687500000000076 0.765625 0.2890625000000001 0.765625
1 0.2812500000000001 0.7578125 0.05468750000000009 0.7578125 0.0546875000000001 0.953125 0.2812500000000001 0.953125
1 0.07031250000000003 0.1171875 1.4351329677508044e-17 0.1171875 2.3440505139929805e-17 0.265625 0.07031250000000003 0.265625
1 0.06250000000000004 0.2734375 3.348643591418544e-17 0.2734375 4.0662100752939466e-17 0.390625 0.06250000000000004 0.390625
1 0.054687500000000056 0.3984375 4.8794520903527353e-17 0.3984375 5.931882933369991e-17 0.5703125 0.05468750000000007 0.5703125
1 0.054687500000000076 0.5703125 6.984313776387249e-17 0.5703125 8.180257916179587e-17 0.765625 0.05468750000000009 0.765625
1 0.04687500000000011 0.7734375 9.47187758715531e-17 0.7734375 1.0619983961355955e-16 0.9609375 0.046875000000000125 0.9609375
1 0.9921875 0.7968750000000002 0.8203125 0.7968750000000002 0.8203125 0.9921875 0.9921875 0.9921875
1 0.9609375 0.5781250000000002 0.8125 0.5781250000000002 0.8125 0.8125 0.9609375 0.8125
1 0.9921875 0.6328125000000002 0.953125 0.6328125000000002 0.953125 0.8359375 0.9921875 0.8359375
1 0.9921875 0.41406250000000017 0.9375 0.41406250000000017 0.9375 0.6406250000000002 0.9921875 0.6406250000000002
1 0.9921875 0.10156250000000014 0.9140625 0.10156250000000014 0.9140625 0.40625000000000017 0.9921875 0.40625000000000017
1 0.9921875 1.152890150759813e-16 0.890625 1.0907010554906115e-16 0.890625 0.1406250000000001 0.9921875 0.14062500000000014
1 0.921875 0.0546875000000001 0.7890625 0.05468750000000009 0.7890625 0.3515625000000001 0.921875 0.3515625000000001
1 0.9375 0.3125000000000001 0.8046875 0.3125000000000001 0.8046875 0.5859375000000002 0.9375 0.5859375000000002
1 0.8828125 1.0237281836622407e-16 0.7890625 9.663228649522084e-17 0.7890625 0.046875000000000104 0.8828125 0.04687500000000011