1 0.9828125 0.2875000000000001 0.7234375 0.2875000000000001 0.7234375000000001 0.7734375000000001 0.9828125 0.7734375000000002
1 0.996875 0.17656250000000012 0.8234375 0.1765625000000001 0.8234375 0.2875000000000001 0.996875 0.2875000000000001
1 0.96875 0.010937500000000103 0.70625 0.010937500000000086 0.70625 0.2812500000000001 0.96875 0.2812500000000001
1 0.8171875 0.24375000000000008 0.709375 0.24375000000000008 0.709375 0.3265625000000001 0.8171875 0.3265625000000001
1 0.9140625 0.3812500000000001 0.4171875 0.3812500000000001 0.4171875000000001 0.85625 0.9140625 0.85625
1 0.8921875 0.7796875000000001 0.5968750000000002 0.7796875 0.5968750000000002 0.9125 0.8921875 0.9125
1 0.8171875 0.4859375000000001 0.4640625 0.4859375 0.4640625000000001 0.7906250000000001 0.8171875 0.7906250000000001
1 0.7625 0.04375000000000008 0.5796875 0.04375000000000007 0.5796875 0.3812500000000001 0.7625 0.3812500000000001
1 0.6984375 0.07187500000000008 0.55 0.07187500000000006 0.55 0.3859375000000001 0.6984375 0.3859375000000001
1 0.6046875 0.07656250000000006 0.571875 0.07656250000000006 0.571875 0.1218750000000001 0.6046875 0.1218750000000001
1 0.5640625 0.06718750000000005 0.403125 0.06718750000000004 0.403125 0.38750000000000007 0.5640625 0.38750000000000007
1 0.4421875 0.03437500000000003 0.1078125 0.03437500000000001 0.10781250000000002 0.29375000000000007 0.4421875 0.29375000000000007
1 0.18750000000000003 0.06093750000000001 0.039062500000000014 0.0609375 0.03906250000000002 0.2921875 0.18750000000000006 0.2921875
1 0.4921875 0.25468750000000007 0.07187500000000002 0.2546875 0.07187500000000005 0.4921875 0.4921875 0.4921875
1 0.4890625 0.19375000000000003 0.025000000000000022 0.19375 0.02500000000000004 0.4140625 0.4890625 0.4140625
1 0.17968750000000006 0.496875 0.09062500000000007 0.496875 0.09062500000000008 0.7078125 0.17968750000000008 0.7078125
1 0.4203125000000001 0.3921875 0.15156250000000004 0.3921875 0.1515625000000001 0.9953125 0.4203125000000002 0.9953125
1 0.4781250000000001 0.4421875 0.3421875000000001 0.4421875 0.3421875000000001 0.95625 0.4781250000000002 0.95625
1 0.5984375000000002 0.75625 0.4578125000000002 0.75625 0.4578125000000002 0.978125 0.5984375000000002 0.978125
1 0.2156250000000001 0.7015625 0.007812500000000087 0.7015625 0.007812500000000102 0.971875 0.2156250000000001 0.971875
1 0.734375 0.38750000000000007 0.3812500000000001 0.38750000000000007 0.3812500000000001 0.5093750000000001 0.734375 0.5093750000000001