1 0.4531250000000001 0.625 0.17187500000000008 0.625 0.17187500000000008 0.7734375 0.45312500000000017 0.7734375
1 0.5859375000000001 0.625 0.11718750000000008 0.625 0.11718750000000008 0.90625 0.5859375000000002 0.90625
4 0.8359375 0.7578125000000001 0.42187500000000017 0.7578125 0.42187500000000017 0.890625 0.8359375 0.890625
4 0.5937500000000001 0.671875 0.4140625 0.671875 0.4140625000000001 0.796875 0.5937500000000002 0.796875
4 0.8515625 0.6640625000000001 0.453125 0.6640625 0.4531250000000001 0.8125 0.8515625 0.8125
4 0.8515625 0.5312500000000001 0.4296875 0.53125 0.4296875 0.6640625000000001 0.8515625 0.6640625000000002
4 0.859375 0.6093750000000001 0.453125 0.609375 0.4531250000000001 0.7421875000000001 0.859375 0.7421875000000002
4 0.828125 0.4843750000000001 0.484375 0.484375 0.484375 0.5703125000000001 0.828125 0.5703125000000002
4 0.8203125 0.3906250000000001 0.4609375 0.3906250000000001 0.4609375 0.5156250000000001 0.8203125 0.5156250000000002
4 0.8359375 0.3125000000000001 0.46875 0.3125000000000001 0.46875 0.3984375000000001 0.8359375 0.3984375000000001
4 0.8203125 0.17187500000000006 0.46875 0.17187500000000006 0.46875 0.3046875000000001 0.8203125 0.3046875000000001
4 0.546875 0.19531250000000006 0.17187500000000006 0.1953125 0.17187500000000006 0.28906250000000006 0.546875 0.2890625000000001
4 0.5546875 0.15625000000000006 0.1796875 0.15625 0.17968750000000003 0.21093750000000006 0.5546875 0.21093750000000008
4 0.4609375 0.24218750000000006 0.17968750000000006 0.2421875 0.17968750000000006 0.35156250000000006 0.4609375 0.3515625000000001
4 0.4765625 0.26562500000000006 0.14843750000000006 0.265625 0.14843750000000006 0.36718750000000006 0.4765625 0.3671875000000001
4 0.4609375 0.32812500000000006 0.12500000000000006 0.328125 0.12500000000000006 0.4453125 0.4609375 0.4453125
4 0.46875 0.36718750000000006 0.13281250000000006 0.3671875 0.13281250000000006 0.5234375 0.46875 0.5234375
4 0.4921875 0.453125 0.16406250000000006 0.453125 0.16406250000000006 0.5390625 0.4921875 0.5390625
4 0.4765625 0.5 0.14843750000000006 0.5 0.14843750000000006 0.609375 0.4765625 0.609375
4 0.46875 0.546875 0.15625000000000008 0.546875 0.15625000000000008 0.6953125 0.46875 0.6953125