1 0.915625 0.35625000000000007 0.76875 0.35625000000000007 0.76875 0.5203125000000002 0.915625 0.5203125000000002
1 0.7734375 0.3609375000000001 0.64375 0.3609375000000001 0.64375 0.5078125000000001 0.7734375 0.5078125000000002
1 0.9203125 0.5031250000000002 0.778125 0.5031250000000002 0.778125 0.6531250000000002 0.9203125 0.6531250000000002
1 0.871875 0.5953125000000001 0.6796875 0.5953125 0.6796875 0.6531250000000001 0.871875 0.6531250000000002
1 0.85 0.6265625000000001 0.6765625 0.6265625 0.6765625 0.675 0.85 0.6750000000000002
1 0.9640625 0.6312500000000001 0.6671875 0.63125 0.6671875 0.6937500000000001 0.9640625 0.6937500000000002
1 0.7734375 0.5015625000000001 0.6484375 0.5015625 0.6484375 0.6265625000000001 0.7734375 0.6265625000000001
1 0.6484375 0.3687500000000001 0.5109375 0.3687500000000001 0.5109375 0.5109375 0.6484375 0.5109375
1 0.65 0.49375 0.503125 0.49375 0.503125 0.6359375 0.65 0.6359375
1 0.5109375 0.3781250000000001 0.3828125000000001 0.3781250000000001 0.3828125000000001 0.50625 0.5109375 0.50625
1 0.4984375 0.5015625 0.3781250000000001 0.5015625 0.3781250000000001 0.6359375 0.4984375 0.6359375
1 0.6671875 0.621875 0.3734375000000001 0.621875 0.3734375000000001 0.69375 0.6671875 0.69375
1 0.3828125000000001 0.409375 0.2750000000000001 0.409375 0.2750000000000001 0.5953125 0.3828125000000001 0.5953125
1 0.3734375000000001 0.56875 0.21250000000000008 0.56875 0.21250000000000008 0.6625 0.3734375000000001 0.6625
1 0.30156250000000007 0.640625 0.2093750000000001 0.640625 0.2093750000000001 0.671875 0.30156250000000007 0.671875
1 0.31562500000000004 0.29375 0.12500000000000006 0.29375 0.12500000000000006 0.578125 0.3156250000000001 0.578125
1 0.2171875000000001 0.475 0.026562500000000055 0.475 0.026562500000000072 0.684375 0.2171875000000001 0.684375