1 0.7671875 0.09843750000000008 0.6109375 0.09843750000000007 0.6109375 0.2734375000000001 0.7671875 0.2734375000000001
1 0.8546875 0.2515625000000001 0.625 0.2515625000000001 0.625 0.4750000000000001 0.8546875 0.4750000000000002
1 0.9390625 0.4156250000000001 0.6046875 0.415625 0.6046875 0.6343750000000001 0.9390625 0.6343750000000001
1 0.86875 0.4703125000000001 0.553125 0.4703125 0.553125 0.6890625000000001 0.86875 0.6890625000000001
1 0.8765625 0.6343750000000001 0.58125 0.634375 0.58125 0.91875 0.8765625 0.91875
1 0.9046875 0.6125 0.6109375 0.6125 0.6109375000000001 0.8203125 0.9046875 0.8203125
1 0.528125 0.28437500000000004 0.3609375 0.284375 0.3609375 0.38281250000000006 0.528125 0.3828125000000001
1 0.5890625 0.35000000000000003 0.30625 0.35 0.30625 0.503125 0.5890625 0.503125
1 0.59375 0.37187500000000007 0.3937500000000001 0.37187500000000007 0.3937500000000001 0.6015625 0.59375 0.6015625
1 0.55625 0.459375 0.31718750000000007 0.459375 0.31718750000000007 0.5515625 0.55625 0.5515625
1 0.6000000000000001 0.5578125 0.30156250000000007 0.5578125 0.30156250000000007 0.7484375 0.6000000000000002 0.7484375
1 0.5593750000000001 0.6671875 0.25468750000000007 0.6671875 0.25468750000000007 0.8359375 0.5593750000000002 0.8359375
1 0.5859375000000002 0.7703125 0.2296875000000001 0.7703125 0.2296875000000001 0.9296875 0.5859375000000002 0.9296875
1 0.3125000000000001 0.3765625 0.07968750000000005 0.3765625 0.07968750000000005 0.6015625 0.3125000000000001 0.6015625
1 0.3062500000000001 0.475 0.057812500000000065 0.475 0.057812500000000086 0.8359375 0.3062500000000001 0.8359375
1 0.12656250000000008 0.584375 0.07656250000000006 0.584375 0.07656250000000007 0.7765625 0.12656250000000008 0.7765625