1 0.978125 0.1421875000000001 0.675 0.14218750000000008 0.675 0.33281250000000007 0.978125 0.33281250000000007
1 0.965625 0.3062500000000001 0.65 0.3062500000000001 0.65 0.5203125000000001 0.965625 0.5203125000000002
1 0.81875 0.3859375000000001 0.48125 0.3859375000000001 0.48125 0.7156250000000001 0.81875 0.7156250000000002
1 0.946875 0.5421875 0.725 0.5421875 0.7250000000000001 0.7953125000000001 0.946875 0.7953125000000002
1 0.7296875 0.5593750000000001 0.484375 0.559375 0.4843750000000001 0.8578125 0.7296875000000002 0.8578125
1 0.49375 0.3921875 0.2093750000000001 0.3921875 0.2093750000000001 0.65 0.49375 0.65
1 0.4843750000000001 0.6171875 0.2406250000000001 0.6171875 0.2406250000000001 0.8 0.48437500000000017 0.8
1 0.22656250000000008 0.3828125 0.13281250000000006 0.3828125 0.13281250000000006 0.7734375 0.22656250000000008 0.7734375
1 0.14218750000000008 0.4265625 0.02187500000000005 0.4265625 0.02187500000000007 0.7640625 0.14218750000000008 0.7640625
1 0.209375 0.2 0.05312500000000002 0.2 0.05312500000000002 0.2578125 0.209375 0.2578125
1 0.24062500000000003 0.2453125 0.05312500000000002 0.2453125 0.05312500000000003 0.3828125 0.2406250000000001 0.3828125
1 0.35625000000000007 0.30625 0.2359375 0.30625 0.23593750000000005 0.409375 0.35625000000000007 0.409375