1 0.90625 0.2312500000000001 0.640625 0.2312500000000001 0.640625 0.4046875000000001 0.90625 0.4046875000000002
1 0.9203125 0.38750000000000007 0.6796875 0.38750000000000007 0.6796875 0.5687500000000001 0.9203125 0.5687500000000002
1 0.9421875 0.5375000000000001 0.64375 0.5375 0.64375 0.89375 0.9421875 0.89375
1 0.7015625 0.14687500000000006 0.5203125 0.14687500000000003 0.5203125 0.2843750000000001 0.7015625 0.2843750000000001
1 0.3421875 0.14218750000000002 0.07968750000000002 0.1421875 0.07968750000000004 0.3109375 0.3421875 0.3109375
1 0.4625 0.23593750000000005 0.2796875 0.2359375 0.27968750000000003 0.36406250000000007 0.4625 0.36406250000000007
1 0.28437500000000004 0.29375 0.06718750000000004 0.29375 0.06718750000000005 0.475 0.2843750000000001 0.475
1 0.19218750000000007 0.440625 0.050000000000000044 0.440625 0.050000000000000065 0.8046875 0.1921875000000001 0.8046875
1 0.3375000000000001 0.6171875 0.1781250000000001 0.6171875 0.1781250000000001 0.8625 0.3375000000000001 0.8625
1 0.6484375000000001 0.6671875 0.2578125000000001 0.6671875 0.2578125000000001 0.9203125 0.6484375000000002 0.9203125
1 0.590625 0.5109375 0.3375000000000001 0.5109375 0.3375000000000001 0.69375 0.590625 0.69375
1 0.609375 0.3734375000000001 0.3781250000000001 0.3734375000000001 0.3781250000000001 0.5203125 0.609375 0.5203125
1 0.4796875 0.36406250000000007 0.18750000000000006 0.3640625 0.18750000000000006 0.6265625 0.4796875 0.6265625
1 0.6046875 0.2843750000000001 0.4671875 0.2843750000000001 0.4671875 0.3734375000000001 0.6046875 0.3734375000000001
1 0.6484375 0.421875 0.5953125 0.421875 0.5953125 0.6046875 0.6484375 0.6046875
1 0.6796875 0.2890625000000001 0.609375 0.2890625000000001 0.609375 0.5515625 0.6796875 0.5515625