1 0.6390625000000001 0.7234375 0.0984375000000001 0.7234375 0.0984375000000001 0.996875 0.6390625000000002 0.996875
1 0.90625 0.6656250000000001 0.26250000000000007 0.665625 0.26250000000000007 0.996875 0.90625 0.996875
1 0.99375 0.6875000000000001 0.4921875 0.6875 0.4921875000000001 0.996875 0.99375 0.996875
1 0.9953125 0.6875000000000001 0.7 0.6875 0.7000000000000001 0.7968750000000001 0.9953125 0.7968750000000002
1 0.9953125 0.7531250000000002 0.9296875 0.7531250000000002 0.9296875 0.8078125 0.9953125 0.8078125
1 0.9953125 0.4593750000000001 0.540625 0.459375 0.540625 0.6156250000000001 0.9953125 0.6156250000000002
1 0.9953125 0.2875000000000001 0.6609375 0.2875000000000001 0.6609375 0.5093750000000001 0.9953125 0.5093750000000001
1 0.9953125 0.1421875000000001 0.83125 0.14218750000000008 0.83125 0.36406250000000007 0.9953125 0.36406250000000007
1 0.9953125 0.0375000000000001 0.6453125 0.037500000000000075 0.6453125 0.3062500000000001 0.9953125 0.3062500000000001
1 0.7046875 0.018750000000000072 0.4375 0.018750000000000055 0.4375 0.2984375000000001 0.7046875 0.2984375000000001
1 0.6125 0.17031250000000006 0.25625 0.17031250000000003 0.25625 0.353125 0.6125 0.3531250000000001
1 0.78125 0.30937500000000007 0.4046875 0.30937500000000007 0.4046875 0.534375 0.78125 0.5343750000000002
1 0.4046875 0.23281250000000003 2.8511308292649316e-17 0.2328125 4.7837765591693485e-17 0.5484375 0.4046875 0.5484375
1 0.415625 0.31718750000000007 0.08125000000000004 0.3171875 0.08125000000000006 0.55 0.415625 0.55
1 0.11406250000000004 0.3265625 3.999237203465575e-17 0.3265625 5.271721768204621e-17 0.534375 0.11406250000000004 0.534375
1 0.13593750000000004 0.246875 3.023346785395028e-17 0.246875 3.3773462507735604e-17 0.3046875 0.13593750000000004 0.3046875
1 0.24062500000000003 0.2765625 0.004687500000000034 0.2765625 0.004687500000000039 0.3671875 0.2406250000000001 0.3671875
1 0.3828125 0.23281250000000003 0.09218750000000002 0.2328125 0.09218750000000003 0.34843750000000007 0.3828125 0.34843750000000007
1 0.5140625 0.17812500000000003 0.2671875 0.17812500000000003 0.2671875 0.28437500000000004 0.5140625 0.2843750000000001
1 0.6078125 0.17500000000000007 0.35625 0.17500000000000004 0.35625 0.26562500000000006 0.6078125 0.2656250000000001
1 0.6015625 0.25468750000000007 0.415625 0.25468750000000007 0.415625 0.3531250000000001 0.6015625 0.3531250000000001
1 0.2953125000000001 0.3921875 4.802911665406026e-17 0.3921875 6.544206332943669e-17 0.6765625 0.2953125000000001 0.6765625
1 0.5421875 0.4765625 0.2906250000000001 0.4765625 0.2906250000000001 0.690625 0.5421875 0.690625
1 0.5421875 0.5640625 0.09375000000000007 0.5640625 0.09375000000000008 0.90625 0.5421875000000002 0.90625
1 0.10312500000000009 0.5734375 7.022583988860603e-17 0.5734375 8.983932378120038e-17 0.89375 0.10312500000000009 0.89375
1 0.2734375 1.674321795709272e-17 0 0 1.578646264525885e-17 0.2578125 0.2734375 0.2578125
1 0.4 3.4921568881936244e-17 0.1703125 2.085726579797836e-17 0.1703125 0.13125000000000003 0.4 0.13125000000000003
1 0.9890625 0.0328125000000001 0.65 0.03281250000000008 0.65 0.0718750000000001 0.9890625 0.0718750000000001