1 0.5390625 0.2687500000000001 0.3765625 0.2687500000000001 0.3765625 0.634375 0.5390625 0.634375
1 0.875 0.6078125000000001 0.615625 0.6078125 0.6156250000000001 0.865625 0.875 0.865625
1 0.996875 0.8015625 0.8453125 0.8015625 0.8453125 0.9953125 0.996875 0.9953125
1 0.8484375 0.8609375 0.6859375000000002 0.8609375 0.6859375000000002 0.9953125 0.8484375 0.9953125
1 0.6859375000000002 0.790625 0.5312500000000002 0.790625 0.5312500000000002 0.9953125 0.6859375000000002 0.9953125
1 0.6312500000000001 0.596875 0.3765625000000001 0.596875 0.3765625000000001 0.8546875 0.6312500000000002 0.8546875
1 0.40625 0.12812500000000004 0.225 0.12812500000000004 0.22500000000000003 0.5109375 0.40625 0.5109375
1 0.3984375 3.8174536942171404e-17 0.225 2.7554552980815448e-17 0.225 0.14531250000000004 0.3984375 0.14531250000000004
1 0.3843750000000001 0.4953125 0.2218750000000001 0.4953125 0.2218750000000001 0.871875 0.3843750000000001 0.871875
1 0.3843750000000001 0.85 0.2218750000000001 0.85 0.2218750000000001 0.9953125 0.3843750000000001 0.9953125
1 0.2218750000000001 0.4890625 0.06718750000000007 0.4890625 0.0671875000000001 0.8609375 0.2218750000000001 0.8609375
1 0.22187500000000004 0.13437500000000002 0.07343750000000002 0.134375 0.07343750000000004 0.4953125 0.2218750000000001 0.4953125
1 0.0671875000000001 0.484375 5.931882933369991e-17 0.484375 8.199393022416263e-17 0.8546875 0.06718750000000011 0.8546875
1 0.07031250000000011 0.84375 1.0332957367805792e-16 0.84375 1.1261010020284646e-16 0.9953125 0.07031250000000011 0.9953125
1 0.2218750000000001 0.8546875 0.06250000000000011 0.8546875 0.06250000000000011 0.9953125 0.2218750000000001 0.9953125