1 0.9921875 0.7500000000000001 0.7031250000000002 0.75 0.7031250000000002 0.90625 0.9921875 0.90625
1 0.9921875 0.5859375000000001 0.3593750000000001 0.5859375 0.3593750000000001 0.859375 0.9921875 0.859375
1 0.7265625000000002 0.7812500000000001 0.2656250000000001 0.78125 0.2656250000000001 0.90625 0.7265625000000002 0.90625
1 0.2656250000000001 0.7109375 8.706473337688214e-17 0.7109375 9.902417477480551e-17 0.90625 0.2656250000000001 0.90625
1 0.4218750000000001 0.6484375 0.11718750000000008 0.6484375 0.11718750000000008 0.84375 0.42187500000000017 0.84375
1 0.3906250000000001 0.59375 0.11718750000000008 0.59375 0.11718750000000008 0.7734375 0.3906250000000001 0.7734375
1 0.734375 0.29687500000000006 3.6356701849687046e-17 0.296875 6.218909526920154e-17 0.7187500000000001 0.734375 0.7187500000000002
1 0.9921875 0.5312500000000001 0.4609375 0.53125 0.4609375 0.6875000000000001 0.9921875 0.6875000000000002
1 0.9921875 0.4062500000000001 0.6796875 0.40625 0.6796875 0.5781250000000001 0.9921875 0.5781250000000002
1 0.75 0.4296875000000001 0.6328125 0.4296875 0.6328125 0.5234375000000001 0.75 0.5234375000000002
1 0.9921875 0.10156250000000011 0.5546875 0.10156250000000008 0.5546875 0.5000000000000001 0.9921875 0.5000000000000002
1 0.9921875 9.663228649522084e-17 0.5859375 7.175664838754022e-17 0.5859375 0.1796875000000001 0.9921875 0.17968750000000014
1 0.4921875 0.25000000000000006 0.265625 0.25 0.26562500000000006 0.4765625 0.4921875 0.4765625
1 0.26562500000000006 0.3046875 3.731345716152092e-17 0.3046875 5.3099919806779773e-17 0.5625 0.2656250000000001 0.5625
1 0.6875 0.24218750000000006 0.17187500000000006 0.2421875 0.17187500000000006 0.5234375 0.6875 0.5234375
1 0.546875 0.11718750000000004 0.046875000000000014 0.1171875 0.04687500000000003 0.35156250000000006 0.546875 0.3515625000000001
1 0.054687500000000035 0.265625 3.2529680602351567e-17 0.265625 3.874859012927172e-17 0.3671875 0.05468750000000004 0.3671875
1 0.3125 1.9135106236677395e-17 0 0 1.6264840301175783e-17 0.265625 0.3125 0.265625
1 0.5859375 5.501343043044751e-17 0.3125 3.827021247335479e-17 0.3125 0.11718750000000007 0.5859375 0.11718750000000008
1 0.578125 3.970534544110559e-17 0.0703125 8.610797806504827e-18 0.07031250000000003 0.28125000000000006 0.578125 0.2812500000000001
1 0.9921875 6.075396230145073e-17 0 0 5.5491808086364444e-17 0.90625 0.9921875 0.90625