1 0.9921875 0.828125 0.6328125000000002 0.828125 0.6328125000000002 0.9921875 0.9921875 0.9921875
1 0.953125 0.5468750000000001 0.640625 0.546875 0.6406250000000001 0.8203125 0.953125 0.8203125
1 0.9921875 0.5390625000000002 0.9453125 0.5390625000000002 0.9453125 0.8125 0.9921875 0.8125
1 0.9921875 0.2500000000000001 0.921875 0.2500000000000001 0.921875 0.5390625000000002 0.9921875 0.5390625000000002
1 0.9921875 1.1337550445231357e-16 0.859375 1.0524308430172568e-16 0.859375 0.2500000000000001 0.9921875 0.2500000000000001
1 0.6562500000000002 0.8203125 0.2890625000000001 0.8203125 0.2890625000000001 0.9921875 0.6562500000000002 0.9921875
1 0.03906250000000011 0.84375 1.0332957367805792e-16 0.84375 1.1241874914047968e-16 0.9921875 0.039062500000000125 0.9921875
1 0.2968750000000001 0.8359375 0.0312500000000001 0.8359375 0.03125000000000011 0.9921875 0.2968750000000001 0.9921875
1 0.6562500000000001 0.546875 0.2968750000000001 0.546875 0.2968750000000001 0.84375 0.6562500000000002 0.84375
1 0.2890625000000001 0.5546875 6.792962714020475e-17 0.5546875 8.467284509729747e-17 0.828125 0.2890625000000001 0.828125
1 0.6171875 0.23437500000000006 0.2578125 0.234375 0.25781250000000006 0.5390625 0.6171875 0.5390625
1 0.921875 0.24218750000000008 0.59375 0.24218750000000008 0.59375 0.5390625000000001 0.921875 0.5390625000000002
1 0.859375 8.706473337688214e-17 0.5625 6.888638245203862e-17 0.5625 0.2734375000000001 0.859375 0.2734375000000001
1 0.5703125 4.8794520903527353e-17 0.2265625 2.7745904043182222e-17 0.2265625 0.24218750000000006 0.5703125 0.24218750000000008
1 0.25781250000000006 0.2421875 2.9659414666849956e-17 0.2421875 4.927289855944429e-17 0.5625 0.2578125000000001 0.5625
1 0.2265625 1.3872952021591111e-17 0 0 1.4829707333424978e-17 0.2421875 0.2265625 0.2421875
1 0.9921875 6.075396230145073e-17 0 0 6.075396230145073e-17 0.9921875 0.9921875 0.9921875