1 0.17187500000000006 0.375 0.007812500000000047 0.375 0.007812500000000066 0.671875 0.17187500000000008 0.671875
1 0.3750000000000001 0.640625 0.17187500000000008 0.640625 0.17187500000000008 0.78125 0.3750000000000001 0.78125
1 0.42968750000000017 0.7421875 0.2500000000000001 0.7421875 0.2500000000000001 0.9921875 0.42968750000000017 0.9921875
1 0.7656250000000002 0.7734375000000001 0.3906250000000001 0.7734375 0.3906250000000001 0.9921875 0.7656250000000002 0.9921875
1 0.5781250000000001 0.6484375 0.4140625 0.6484375 0.4140625000000001 0.8125 0.5781250000000002 0.8125
1 0.2734375000000001 0.7734375 0.0312500000000001 0.7734375 0.03125000000000011 0.9921875 0.2734375000000001 0.9921875
1 0.10156250000000011 0.7578125 9.280526524788537e-17 0.7578125 1.0715659492539341e-16 0.9921875 0.10156250000000014 0.9921875
1 0.2500000000000001 0.65625 8.036744619404505e-17 0.65625 8.706473337688214e-17 0.765625 0.2500000000000001 0.765625
1 0.4453125 0.14062500000000003 0.15625 0.140625 0.15625000000000006 0.640625 0.4453125 0.640625
1 0.28125000000000006 0.359375 0.17187500000000006 0.359375 0.17187500000000006 0.6328125 0.2812500000000001 0.6328125
1 0.09375000000000008 0.53125 6.505936120470313e-17 0.53125 7.367015901120796e-17 0.671875 0.09375000000000008 0.671875
1 0.16406250000000003 1.0045930774255633e-17 0 0 2.7267526387265288e-17 0.4453125 0.16406250000000006 0.4453125
1 0.7734375 0.08593750000000007 0.4453125 0.08593750000000004 0.4453125 0.4687500000000001 0.7734375 0.46875000000000017
1 0.7578125 0.4609375000000001 0.4453125 0.4609375 0.4453125 0.6718750000000001 0.7578125 0.6718750000000002
1 0.7656250000000001 0.6015625000000001 0.5625 0.6015625 0.5625000000000001 0.7812500000000001 0.7656250000000002 0.7812500000000002