1 0.9640625 0.18281250000000007 0.021875000000000023 0.1828125 0.021875000000000068 0.925 0.9640625 0.925
1 0.609375 0.27187500000000003 0.240625 0.271875 0.24062500000000003 0.6796875 0.609375 0.6796875
1 0.6703125 0.24062500000000003 0.315625 0.240625 0.31562500000000004 0.49375 0.6703125 0.49375
1 0.7953125 0.20468750000000008 0.3734375 0.20468750000000008 0.37343750000000003 0.4484375000000001 0.7953125 0.44843750000000016
1 0.8359375 0.17812500000000006 0.4359375 0.17812500000000003 0.4359375 0.39531250000000007 0.8359375 0.39531250000000007
1 0.88125 0.16875000000000007 0.503125 0.16875000000000004 0.503125 0.3468750000000001 0.88125 0.3468750000000001
1 0.9546875 0.1640625000000001 0.546875 0.16406250000000008 0.546875 0.3156250000000001 0.9546875 0.3156250000000001
1 0.959375 0.2671875000000001 0.4 0.2671875000000001 0.4000000000000001 0.925 0.959375 0.925
1 0.4093750000000001 0.5109375 0.03125000000000007 0.5109375 0.03125000000000009 0.9203125 0.40937500000000016 0.9203125
1 0.4453125000000001 0.5640625 0.19531250000000008 0.5640625 0.19531250000000008 0.746875 0.44531250000000017 0.746875
1 0.27656250000000004 0.2890625 0.040625000000000036 0.2890625 0.04062500000000006 0.6125 0.2765625000000001 0.6125