1 0.859375 0.14062500000000006 0.484375 0.14062500000000006 0.484375 0.3515625000000001 0.859375 0.3515625000000001
1 0.421875 0.30468750000000006 0.17187500000000006 0.3046875 0.17187500000000006 0.421875 0.421875 0.421875
1 0.921875 0.5546875000000001 0.6640625 0.5546875 0.6640625000000001 0.7734375000000001 0.921875 0.7734375000000002
1 0.7968750000000001 0.6406250000000001 0.46875 0.640625 0.4687500000000001 0.90625 0.7968750000000002 0.90625
1 0.9296875 0.7578125000000002 0.7421875000000002 0.7578125000000002 0.7421875000000002 0.921875 0.9296875 0.921875
1 0.765625 0.4765625000000001 0.5234375 0.4765625 0.5234375 0.6953125000000001 0.765625 0.6953125000000002
1 0.96875 0.5156250000000002 0.7734375 0.5156250000000002 0.7734375 0.7031250000000002 0.96875 0.7031250000000002
1 0.5625000000000001 0.37500000000000006 0.13281250000000006 0.375 0.13281250000000006 0.734375 0.5625000000000002 0.734375
1 0.2500000000000001 0.5703125 6.984313776387249e-17 0.5703125 8.323771212954667e-17 0.7890625 0.2500000000000001 0.7890625
1 0.14843750000000006 0.4921875 0.00781250000000006 0.4921875 0.007812500000000066 0.578125 0.14843750000000008 0.578125
1 0.40625 0.31250000000000006 0.05468750000000004 0.3125 0.054687500000000056 0.5 0.40625 0.5
1 0.734375 0.27343750000000006 0.05468750000000004 0.2734375 0.054687500000000056 0.5781250000000001 0.734375 0.5781250000000002