1 0.840625 0.1750000000000001 0.759375 0.1750000000000001 0.759375 0.5265625000000002 0.840625 0.5265625000000002
1 0.8203125 0.5375000000000002 0.765625 0.5375000000000002 0.7656250000000001 0.81875 0.8203125 0.81875
1 0.7984375000000001 0.3578125000000001 0.690625 0.3578125000000001 0.690625 0.7437500000000001 0.7984375000000001 0.7437500000000001
1 0.7 0.1531250000000001 0.6296875 0.1531250000000001 0.6296875 0.4046875 0.7 0.4046875
1 0.646875 0.2750000000000001 0.565625 0.2750000000000001 0.565625 0.6015625 0.646875 0.6015625
1 0.6875000000000001 0.6015625 0.61875 0.6015625 0.6187500000000001 0.8890625 0.6875000000000002 0.8890625
1 0.6187500000000001 0.6015625 0.5546875 0.6015625 0.5546875000000001 0.8890625 0.6187500000000001 0.8890625
1 0.5578125 0.6078125 0.4828125 0.6078125 0.4828125000000001 0.8890625 0.5578125000000002 0.8890625
1 0.5921875 0.14062500000000006 0.5 0.14062500000000006 0.5 0.6140625 0.5921875 0.6140625
1 0.46875 0.23437500000000008 0.384375 0.23437500000000008 0.384375 0.7015625 0.46875 0.7015625
1 0.47343750000000007 0.509375 0.4078125 0.509375 0.4078125000000001 0.81875 0.4734375000000002 0.81875
1 0.4015625 0.09375000000000004 0.3203125 0.09375000000000004 0.3203125 0.36250000000000004 0.4015625 0.3625000000000001
1 0.35781250000000003 0.328125 0.2515625 0.328125 0.2515625 0.6546875 0.3578125000000001 0.6546875
1 0.38750000000000007 0.6078125 0.3000000000000001 0.6078125 0.3000000000000001 0.871875 0.38750000000000007 0.871875
1 0.18125000000000008 0.55625 0.10000000000000009 0.55625 0.10000000000000009 0.8125 0.18125000000000008 0.8125
1 0.23750000000000004 0.28125 0.12968750000000004 0.28125 0.12968750000000007 0.7015625 0.2375000000000001 0.7015625
1 0.2796875000000001 0.6953125 0.1984375000000001 0.6953125 0.1984375000000001 0.8890625 0.2796875000000001 0.8890625
1 0.27187500000000003 0.16406250000000003 0.1765625 0.1640625 0.1765625 0.4859375 0.2718750000000001 0.4859375
5 0.7890625 0.3156250000000001 0.7546875 0.3156250000000001 0.7546875 0.3453125000000001 0.7890625 0.3453125000000001
5 0.809375 0.5093750000000001 0.7796875 0.5093750000000001 0.7796875 0.5500000000000002 0.809375 0.5500000000000002
5 0.8125 0.1515625000000001 0.7828125 0.1515625000000001 0.7828125 0.18125000000000008 0.8125 0.18125000000000008
5 0.684375 0.13437500000000008 0.65625 0.13437500000000008 0.65625 0.15781250000000008 0.684375 0.15781250000000008
5 0.56875 0.11093750000000006 0.540625 0.11093750000000005 0.540625 0.14062500000000006 0.56875 0.14062500000000008
5 0.4390625 0.19375000000000003 0.4015625 0.19375000000000003 0.4015625 0.2406250000000001 0.4390625 0.2406250000000001
5 0.3984375 0.08281250000000004 0.3703125 0.08281250000000004 0.3703125 0.11093750000000005 0.3984375 0.11093750000000005
5 0.45625 0.4796875 0.41875 0.4796875 0.41875 0.509375 0.45625 0.509375
5 0.19375000000000003 0.2875 0.15937500000000004 0.2875 0.15937500000000004 0.3109375 0.19375000000000003 0.3109375
5 0.25625 0.14062500000000006 0.21875 0.14062500000000006 0.21875 0.17500000000000004 0.25625 0.17500000000000004