1 0.9265625 0.2578125000000001 0.6203125 0.2578125000000001 0.6203125 0.7656250000000001 0.9265625 0.7656250000000002
1 0.934375 0.0234375000000001 0.6859375 0.023437500000000083 0.6859375 0.30937500000000007 0.934375 0.30937500000000007
1 0.6515625 0.12500000000000006 0.453125 0.12500000000000006 0.453125 0.571875 0.6515625 0.571875
1 0.6937500000000001 0.5484375 0.54375 0.5484375 0.5437500000000001 0.73125 0.6937500000000002 0.73125
1 0.675 0.6859375 0.54375 0.6859375 0.5437500000000001 0.834375 0.6750000000000002 0.834375
1 0.5437500000000001 0.5890625 0.3593750000000001 0.5890625 0.3593750000000001 0.771875 0.5437500000000002 0.771875
1 0.5578125000000002 0.7375 0.34843750000000007 0.7375 0.34843750000000007 0.903125 0.5578125000000002 0.903125
1 0.51875 0.275 0.240625 0.275 0.24062500000000003 0.6625 0.51875 0.6625
1 0.24375000000000005 0.3140625 0.09375000000000004 0.3140625 0.09375000000000007 0.6625 0.24375000000000008 0.6625
1 0.2234375000000001 0.640625 0.031250000000000076 0.640625 0.0312500000000001 0.875 0.2234375000000001 0.875
1 0.3281250000000001 0.66875 0.1359375000000001 0.66875 0.1359375000000001 0.965625 0.3281250000000001 0.965625
1 0.3453125000000001 0.5953125 0.21875000000000008 0.5953125 0.21875000000000008 0.846875 0.3453125000000001 0.846875