1 0.6015625000000001 0.5390625 0.04687500000000007 0.5390625 0.0468750000000001 0.9921875 0.6015625000000002 0.9921875
1 0.8125 0.4765625000000001 0.5390625 0.4765625 0.5390625000000001 0.8125 0.8125 0.8125
1 0.9296875 0.44531250000000017 0.7578125 0.44531250000000017 0.7578125 0.6562500000000002 0.9296875 0.6562500000000002
1 0.9921875 0.43750000000000017 0.9140625 0.43750000000000017 0.9140625 0.7578125000000002 0.9921875 0.7578125000000002
1 0.9921875 0.21875000000000008 0.9140625 0.21875000000000008 0.9140625 0.44531250000000017 0.9921875 0.44531250000000017
1 0.9921875 1.152890150759813e-16 0.890625 1.0907010554906115e-16 0.890625 0.21093750000000008 0.9921875 0.21093750000000008
1 0.7890625 8.132420150587893e-17 0.5390625 6.6016116516537e-17 0.5390625 0.17968750000000006 0.7890625 0.17968750000000008
1 0.8984375 1.0332957367805794e-16 0.7890625 9.663228649522084e-17 0.7890625 0.18750000000000008 0.8984375 0.18750000000000008
1 0.953125 0.20312500000000008 0.78125 0.20312500000000008 0.78125 0.43750000000000017 0.953125 0.43750000000000017
1 0.78125 0.18750000000000008 0.5859375 0.18750000000000008 0.5859375 0.4687500000000001 0.78125 0.46875000000000017
1 0.5859375 0.19531250000000006 0.421875 0.19531250000000006 0.421875 0.5234375 0.5859375 0.5234375
1 0.421875 0.17968750000000003 0.03906250000000002 0.1796875 0.03906250000000005 0.6015625 0.421875 0.6015625
1 0.08593750000000004 0.203125 2.487563810768061e-17 0.203125 4.7837765591693485e-17 0.578125 0.08593750000000007 0.578125
1 0.06250000000000008 0.546875 6.697287182837088e-17 0.546875 7.94106908822112e-17 0.75 0.06250000000000008 0.75
1 0.5390625 3.30080582582685e-17 0 0 9.089175462421763e-18 0.14843750000000003 0.5390625 0.14843750000000006