1 0.4921875000000001 0.6171875 0.2578125000000001 0.6171875 0.2578125000000001 0.9375 0.49218750000000017 0.9375
1 0.47656250000000017 0.78125 0.3203125000000001 0.78125 0.3203125000000001 0.9375 0.47656250000000017 0.9375
1 0.6406250000000001 0.5625 0.46875 0.5625 0.4687500000000001 0.9375 0.6406250000000002 0.9375
1 0.4843750000000001 0.5078125 0.11718750000000004 0.5078125 0.11718750000000008 0.9453125 0.48437500000000017 0.9453125
1 0.18750000000000008 0.34375 4.209723372069027e-17 0.34375 7.845393557037732e-17 0.9375 0.18750000000000014 0.9375
1 0.9921875 0.3125000000000001 0.3671875 0.3125000000000001 0.36718750000000006 0.9453125 0.9921875 0.9453125
1 0.9921875 0.11718750000000011 0.734375 0.11718750000000008 0.734375 0.42187500000000017 0.9921875 0.42187500000000017
1 0.9921875 1.0907010554906115e-16 0.7890625 9.663228649522084e-17 0.7890625 0.1562500000000001 0.9921875 0.15625000000000014
1 0.734375 0.03906250000000006 0.265625 0.039062500000000035 0.265625 0.31250000000000006 0.734375 0.3125000000000001
1 0.796875 7.749718025854345e-17 0.46875 5.740531871003217e-17 0.46875 0.20312500000000008 0.796875 0.20312500000000008
1 0.46875 4.4967499656191874e-17 0.265625 3.2529680602351567e-17 0.265625 0.04687500000000004 0.46875 0.046875000000000056
1 0.4765625 0.13281250000000003 0.031250000000000014 0.1328125 0.03125000000000003 0.34375000000000006 0.4765625 0.3437500000000001
1 0.453125 0.22656250000000006 0.15625000000000006 0.2265625 0.15625000000000006 0.546875 0.453125 0.546875
1 0.15625000000000003 0.171875 2.1048616860345134e-17 0.171875 3.539994653785318e-17 0.40625 0.15625000000000006 0.40625
1 0.2578125 0.07812500000000001 9.567553118338697e-18 0.078125 1.5786462645258852e-17 0.17968750000000003 0.2578125 0.17968750000000006
1 0.296875 1.8178350924843523e-17 0 0 5.262154215086284e-18 0.08593750000000003 0.296875 0.08593750000000004
1 0.9921875 0.5390625000000002 0.75 0.5390625000000002 0.7500000000000001 0.9296875 0.9921875 0.9296875
1 0.9921875 6.075396230145073e-17 0 0 5.740531871003217e-17 0.9375 0.9921875 0.9375