1 0.9234375 0.6140625000000002 0.80625 0.6140625000000002 0.80625 0.99375 0.9234375 0.99375
1 0.8609375 0.7312500000000001 0.6968750000000001 0.73125 0.6968750000000001 0.99375 0.8609375 0.99375
1 0.9609375 0.7187500000000002 0.7296875 0.7187500000000002 0.7296875 0.99375 0.9609375 0.99375
1 0.9734375 0.6406250000000002 0.925 0.6406250000000002 0.925 0.7906250000000001 0.9734375 0.7906250000000001
1 0.9421875 0.43750000000000017 0.7765625 0.43750000000000017 0.7765625 0.7781250000000002 0.9421875 0.7781250000000002
1 0.825 0.3265625000000001 0.5375 0.3265625000000001 0.5375000000000001 0.99375 0.825 0.99375
1 0.6328125 0.3078125000000001 0.5453125 0.3078125000000001 0.5453125 0.634375 0.6328125 0.634375
1 0.728125 8.323771212954667e-17 0.63125 7.730582919617668e-17 0.63125 0.5234375000000001 0.728125 0.5234375000000002
1 0.7546875 0.09843750000000008 0.603125 0.09843750000000007 0.603125 0.33281250000000007 0.7546875 0.33281250000000007
1 0.7734375 0.20312500000000008 0.71875 0.20312500000000008 0.71875 0.3984375000000001 0.7734375 0.3984375000000001
1 0.7578125000000001 0.3000000000000001 0.4390625 0.3000000000000001 0.4390625000000001 0.85625 0.7578125000000002 0.85625
1 0.5484375000000001 0.634375 0.2218750000000001 0.634375 0.2218750000000001 0.9546875 0.5484375000000001 0.9546875
1 0.3937500000000001 0.515625 0.03906250000000007 0.515625 0.0390625000000001 0.99375 0.3937500000000001 0.99375
1 0.5578125 0.6140625 0.02656250000000008 0.6140625 0.0265625000000001 0.99375 0.5578125000000002 0.99375
1 0.22812500000000008 0.803125 0.07656250000000009 0.803125 0.0765625000000001 0.99375 0.22812500000000008 0.99375
1 0.575 5.998855805198363e-17 0.4046875 4.955992515299445e-17 0.4046875 0.5875 0.575 0.5875
1 0.5546875 0.2093750000000001 0.5 0.2093750000000001 0.5 0.6078125 0.5546875 0.6078125
1 0.5 5.2908568744412996e-17 0.3640625 4.4584797531458325e-17 0.36406250000000007 0.5296875 0.5 0.5296875
1 0.36718750000000006 0.17656250000000004 0.2765625 0.17656250000000004 0.27656250000000004 0.38593750000000004 0.3671875000000001 0.3859375000000001
1 0.3640625 4.142750500240656e-17 0.3125 3.827021247335479e-17 0.3125 0.18281250000000004 0.3640625 0.18281250000000004
1 0.34843750000000007 0.09843750000000004 0.215625 0.09843750000000002 0.21562500000000004 0.490625 0.34843750000000007 0.490625
1 0.33281250000000007 0.4640625 5.683126552293186e-17 0.4640625 8.926527059410005e-17 0.99375 0.33281250000000007 0.99375
1 0.19687500000000008 0.28125 3.444319122601931e-17 0.28125 6.161504208210122e-17 0.725 0.19687500000000008 0.725
1 0.26093750000000004 0.2546875 0.18125000000000005 0.2546875 0.18125000000000005 0.4640625 0.2609375000000001 0.4640625
1 0.19687500000000002 1.2055116929106758e-17 0 0 1.798699986247675e-17 0.29375 0.19687500000000005 0.29375
1 0.2125 0.08437500000000002 0.1390625 0.08437500000000002 0.13906250000000003 0.2875 0.2125 0.2875
1 0.2390625 2.688482426253174e-17 0.2 2.4492935982947065e-17 0.2 0.09218750000000002 0.2390625 0.09218750000000002
1 0.2734375 0.18281250000000004 0.18593750000000003 0.18281250000000004 0.18593750000000003 0.29375 0.2734375 0.29375