1 0.884375 0.4640625000000001 0.6875 0.4640625 0.6875 0.628125 0.884375 0.6281250000000002
1 0.7265625 0.4640625000000001 0.5671875 0.4640625 0.5671875 0.64375 0.7265625 0.6437500000000002
1 0.8296875 0.38750000000000007 0.621875 0.38750000000000007 0.621875 0.4906250000000001 0.8296875 0.4906250000000002
1 0.8875 0.6296875000000001 0.6796875 0.6296875 0.6796875000000001 0.7781250000000001 0.8875 0.7781250000000002
1 0.6953125000000001 0.634375 0.5796875 0.634375 0.5796875000000001 0.778125 0.6953125000000002 0.778125
1 0.9 0.7734375000000001 0.6984375000000002 0.7734375 0.6984375000000002 0.94375 0.9 0.94375
1 0.7109375000000002 0.7734375 0.5828125000000002 0.7734375 0.5828125000000002 0.9328125 0.7109375000000002 0.9328125
1 0.6140625 0.08750000000000005 0.34375 0.08750000000000005 0.34375 0.34062500000000007 0.6140625 0.34062500000000007
1 0.621875 0.28437500000000004 0.34375 0.284375 0.34375000000000006 0.50625 0.621875 0.50625
1 0.575 0.4890625 0.3437500000000001 0.4890625 0.3437500000000001 0.70625 0.575 0.70625
1 0.5140625000000001 0.696875 0.2015625000000001 0.696875 0.2015625000000001 0.9390625 0.5140625000000002 0.9390625
1 0.5828125000000001 0.7109375 0.5140625 0.7109375 0.5140625000000001 0.928125 0.5828125000000002 0.928125
1 0.3515625000000001 0.4234375 0.2578125000000001 0.4234375 0.2578125000000001 0.5359375 0.3515625000000001 0.5359375
1 0.3437500000000001 0.53125 0.18593750000000003 0.53125 0.18593750000000006 0.659375 0.3437500000000001 0.659375
1 0.3515625000000001 0.665625 0.18125000000000008 0.665625 0.1812500000000001 0.9234375 0.3515625000000001 0.9234375
1 0.18125000000000008 0.675 0.06250000000000008 0.675 0.06250000000000008 0.79375 0.18125000000000008 0.79375
1 0.1812500000000001 0.7890625 0.057812500000000086 0.7890625 0.0578125000000001 0.9125 0.18125000000000013 0.9125