1 0.421875 0.40625 0.2890625000000001 0.40625 0.2890625000000001 0.703125 0.421875 0.703125
1 0.4765625000000001 2.918103701093303e-17 0 0 6.075396230145073e-17 0.9921875 0.47656250000000017 0.9921875
1 0.5937500000000001 6.553773886062008e-17 0.4765625 5.836207402186604e-17 0.4765625000000001 0.9921875 0.5937500000000002 0.9921875
1 0.7109375000000001 7.94106908822112e-17 0.5859375 7.175664838754022e-17 0.5859375000000001 0.9921875 0.7109375000000002 0.9921875
1 0.9453125 0.1250000000000001 0.703125 0.12500000000000008 0.7031250000000001 0.9921875 0.9453125 0.9921875
1 0.9921875 0.3984375000000001 0.90625 0.3984375000000001 0.90625 0.8046875 0.9921875 0.8046875
1 0.9921875 0.8125 0.90625 0.8125 0.90625 0.9921875 0.9921875 0.9921875
1 0.9921875 0.1562500000000001 0.8984375 0.15625000000000008 0.8984375 0.3984375000000001 0.9921875 0.3984375000000001
1 0.9921875 1.1576739273189822e-16 0.8984375 1.1002686086089502e-16 0.8984375 0.1796875000000001 0.9921875 0.17968750000000014
1 0.8984375 9.424039821563617e-17 0.640625 7.845393557037732e-17 0.640625 0.3359375000000001 0.8984375 0.3359375000000001
1 0.38281250000000006 2.3440505139929808e-17 0 0 2.4397260451763683e-17 0.39843750000000006 0.3828125000000001 0.3984375000000001
1 0.2656250000000001 0.6640625 8.132420150587893e-17 0.6640625 1.014160630543902e-16 0.9921875 0.2656250000000001 0.9921875
1 0.9921875 0.35156250000000006 0.05468750000000004 0.3515625 0.054687500000000076 0.9921875 0.9921875 0.9921875
1 0.5468750000000001 0.71875 0.2734375000000001 0.71875 0.2734375000000001 0.9921875 0.5468750000000002 0.9921875
1 0.9921875 6.075396230145073e-17 0 0 6.075396230145073e-17 0.9921875 0.9921875 0.9921875