1 0.78125 0.21093750000000008 0.46875 0.21093750000000008 0.46875 0.4843750000000001 0.78125 0.48437500000000017
1 0.78125 0.17968750000000006 0.34375 0.17968750000000006 0.34375000000000006 0.4843750000000001 0.78125 0.48437500000000017
1 0.90625 0.3906250000000001 0.7734375 0.3906250000000001 0.7734375 0.6406250000000002 0.90625 0.6406250000000002
1 0.9921875 0.3984375000000001 0.890625 0.3984375000000001 0.890625 0.6406250000000002 0.9921875 0.6406250000000002
1 0.8203125 0.4687500000000001 0.7109375 0.46875 0.7109375 0.7031250000000001 0.8203125 0.7031250000000002
1 0.7968750000000001 0.4375000000000001 0.3203125000000001 0.4375 0.3203125000000001 0.8046875 0.7968750000000002 0.8046875
1 0.5078125000000001 0.453125 0.10937500000000004 0.453125 0.10937500000000008 0.921875 0.5078125000000002 0.921875
1 0.3984375000000001 0.5703125 0.2578125000000001 0.5703125 0.2578125000000001 0.796875 0.3984375000000001 0.796875
1 0.19531250000000006 0.390625 0.08593750000000004 0.390625 0.08593750000000006 0.515625 0.19531250000000006 0.515625
1 0.2968750000000001 0.40625 0.20312500000000008 0.40625 0.20312500000000008 0.5 0.2968750000000001 0.5
1 0.37500000000000006 0.35937500000000006 0.2734375 0.359375 0.27343750000000006 0.4609375 0.3750000000000001 0.4609375
5 0.9921875 0.1953125000000001 0.78125 0.19531250000000008 0.78125 0.3828125000000001 0.9921875 0.3828125000000001
5 0.9921875 0.04687500000000011 0.7734375 0.0468750000000001 0.7734375 0.23437500000000008 0.9921875 0.23437500000000008
5 0.75 0.09375000000000008 0.546875 0.09375000000000007 0.546875 0.21093750000000008 0.75 0.21093750000000008
5 0.14062500000000006 0.4921875 0.00781250000000006 0.4921875 0.007812500000000078 0.765625 0.14062500000000008 0.765625