1 0.69375 0.08437500000000006 0.4046875 0.08437500000000005 0.4046875 0.30156250000000007 0.69375 0.30156250000000007
1 0.7421875 0.2843750000000001 0.559375 0.2843750000000001 0.559375 0.4671875000000001 0.7421875 0.4671875000000002
1 0.55625 0.26250000000000007 0.253125 0.2625 0.25312500000000004 0.4671875 0.55625 0.4671875
1 0.5953125 0.4703125 0.2671875000000001 0.4703125 0.2671875000000001 0.6890625 0.5953125 0.6890625
1 0.7609375 0.4671875000000001 0.5921875 0.4671875 0.5921875 0.6671875 0.7609375 0.6671875000000002
1 0.884375 0.47187500000000016 0.75625 0.47187500000000016 0.75625 0.6406250000000002 0.884375 0.6406250000000002
1 0.2718750000000001 0.4671875 0.15625000000000006 0.4671875 0.15625000000000006 0.6625 0.2718750000000001 0.6625
1 0.2453125000000001 0.64375 0.009375000000000078 0.64375 0.009375000000000093 0.8890625 0.2453125000000001 0.8890625
1 0.5828125000000001 0.6671875 0.2453125000000001 0.6671875 0.2453125000000001 0.925 0.5828125000000002 0.925
1 0.7921875 0.6500000000000001 0.5875 0.65 0.5875000000000001 0.8765625 0.7921875000000002 0.8765625
1 0.925 0.6406250000000002 0.7640625 0.6406250000000002 0.7640625000000001 0.821875 0.925 0.821875
1 0.978125 0.6046875000000002 0.875 0.6046875000000002 0.875 0.7734375000000002 0.978125 0.7734375000000002