1 0.6015625 6.218909526920153e-17 0.4140625 5.070803152719509e-17 0.4140625 0.2734375000000001 0.6015625 0.2734375000000001
1 0.4296875 0.17187500000000006 0.2890625 0.17187500000000006 0.28906250000000006 0.4453125 0.4296875 0.4453125
1 0.75 0.2812500000000001 0.53125 0.2812500000000001 0.53125 0.5234375000000001 0.75 0.5234375000000002
1 0.78125 0.4687500000000001 0.5390625 0.46875 0.5390625 0.7187500000000001 0.78125 0.7187500000000002
1 0.8515625 0.7343750000000002 0.7500000000000002 0.7343750000000002 0.7500000000000002 0.9140625 0.8515625 0.9140625
1 0.7578125000000001 0.6875000000000001 0.59375 0.6875 0.5937500000000001 0.9453125 0.7578125000000002 0.9453125
1 0.6015625000000001 0.671875 0.421875 0.671875 0.4218750000000001 0.9765625 0.6015625000000002 0.9765625
1 0.45312500000000017 0.7265625 0.2656250000000001 0.7265625 0.2656250000000001 0.984375 0.45312500000000017 0.984375
1 0.2890625000000001 0.4609375 0.14843750000000006 0.4609375 0.14843750000000006 0.7421875 0.2890625000000001 0.7421875
1 0.2890625000000001 0.7265625 0.16406250000000008 0.7265625 0.1640625000000001 0.953125 0.2890625000000001 0.953125
1 0.4375000000000001 0.4375 0.2734375000000001 0.4375 0.2734375000000001 0.7265625 0.43750000000000017 0.7265625
1 0.578125 0.5 0.4140625 0.5 0.4140625 0.703125 0.578125 0.703125
1 0.609375 0.2734375000000001 0.3828125 0.2734375000000001 0.38281250000000006 0.515625 0.609375 0.515625