1 0.9140625 0.6718750000000001 0.640625 0.671875 0.6406250000000001 0.8984375 0.9140625 0.8984375
1 0.9921875 0.6640625000000001 0.6171875 0.6640625 0.6171875000000001 0.8984375 0.9921875 0.8984375
1 0.796875 0.5703125000000001 0.671875 0.5703125 0.671875 0.6796875000000001 0.796875 0.6796875000000002
1 0.9921875 0.3593750000000001 0.796875 0.3593750000000001 0.796875 0.7109375000000002 0.9921875 0.7109375000000002
1 0.8046875 0.43750000000000017 0.7578125 0.43750000000000017 0.7578125 0.5781250000000002 0.8046875 0.5781250000000002
1 0.9921875 0.1640625000000001 0.7578125 0.16406250000000008 0.7578125 0.44531250000000017 0.9921875 0.44531250000000017
1 0.9921875 1.1385388210823048e-16 0.8671875 1.0619983961355955e-16 0.8671875 0.23437500000000008 0.9921875 0.23437500000000008
1 0.890625 1.0428632898989181e-16 0.8125 9.950255243072244e-17 0.8125 0.13281250000000008 0.890625 0.13281250000000008
1 0.796875 7.893231322629426e-17 0.4921875 6.027558464553379e-17 0.4921875 0.23437500000000008 0.796875 0.23437500000000008
1 0.6875 0.03125000000000006 0.3125 0.031250000000000035 0.3125 0.32031250000000006 0.6875 0.3203125000000001
1 0.765625 0.21875000000000006 0.3203125 0.21875 0.32031250000000006 0.5781250000000001 0.765625 0.5781250000000002
1 0.6406250000000001 0.578125 0.3828125000000001 0.578125 0.3828125000000001 0.8828125 0.6406250000000002 0.8828125
1 0.6328125000000002 0.8359375 0.40625000000000017 0.8359375 0.40625000000000017 0.8984375 0.6328125000000002 0.8984375
1 0.2890625000000001 0.6796875 8.323771212954667e-17 0.6796875 9.089175462421762e-17 0.8046875 0.2890625000000001 0.8046875
1 0.3984375000000001 0.78125 9.567553118338697e-17 0.78125 1.0285119602214098e-16 0.8984375 0.3984375000000001 0.8984375
1 0.3750000000000001 0.6953125 0.2968750000000001 0.6953125 0.2968750000000001 0.7890625 0.3750000000000001 0.7890625
1 0.23437500000000008 0.640625 0.039062500000000076 0.640625 0.03906250000000008 0.6875 0.23437500000000008 0.6875
1 0.3828125000000001 0.5859375 0.015625000000000073 0.5859375 0.01562500000000008 0.703125 0.3828125000000001 0.703125
1 0.3593750000000001 0.5703125 6.984313776387249e-17 0.5703125 7.797555791446038e-17 0.703125 0.3593750000000001 0.703125
1 0.3281250000000001 0.390625 4.7837765591693485e-17 0.390625 5.979720698961685e-17 0.5859375 0.3281250000000001 0.5859375
1 0.32031250000000006 0.11718750000000003 1.4351329677508044e-17 0.1171875 3.15729252905177e-17 0.3984375 0.3203125000000001 0.3984375
1 0.3828125 2.3440505139929808e-17 0 0 7.654042494670959e-18 0.12500000000000003 0.3828125 0.12500000000000006
1 0.9921875 6.075396230145073e-17 0 0 5.4535052774530576e-17 0.890625 0.9921875 0.890625