1 0.9921875 0.7890625000000002 0.875 0.7890625000000002 0.875 0.9453125 0.9921875 0.9453125
1 0.9921875 0.46093750000000017 0.875 0.46093750000000017 0.875 0.7968750000000002 0.9921875 0.7968750000000002
1 0.9921875 0.3750000000000001 0.953125 0.3750000000000001 0.953125 0.46093750000000017 0.9921875 0.46093750000000017
1 0.9921875 0.2578125000000001 0.9609375 0.2578125000000001 0.9609375 0.3828125000000001 0.9921875 0.3828125000000001
1 0.9921875 0.04687500000000012 0.8984375 0.04687500000000011 0.8984375 0.24218750000000008 0.9921875 0.24218750000000008
1 0.9609375 0.2500000000000001 0.8515625 0.2500000000000001 0.8515625 0.46875000000000017 0.9609375 0.46875000000000017
1 0.9453125 0.48437500000000017 0.796875 0.48437500000000017 0.7968750000000001 0.7968750000000002 0.9453125 0.7968750000000002
1 0.875 0.7343750000000002 0.8125 0.7343750000000002 0.8125 0.859375 0.875 0.859375
1 0.875 0.7343750000000001 0.5781250000000002 0.734375 0.5781250000000002 0.9453125 0.875 0.9453125
1 0.6875000000000002 0.8515625 0.5390625000000002 0.8515625 0.5390625000000002 0.9453125 0.6875000000000002 0.9453125
1 0.6484375000000002 0.734375 0.48437500000000017 0.734375 0.48437500000000017 0.9453125 0.6484375000000002 0.9453125
1 0.8125 0.6484375000000001 0.5859375 0.6484375 0.5859375000000001 0.8359375 0.8125 0.8359375
1 0.7890625 0.3359375000000001 0.6171875 0.3359375000000001 0.6171875 0.6484375000000001 0.7890625 0.6484375000000002
1 0.8984375 0.3125000000000001 0.75 0.3125000000000001 0.75 0.6328125000000002 0.8984375 0.6328125000000002
1 0.9375 0.0781250000000001 0.796875 0.07812500000000008 0.796875 0.3203125000000001 0.9375 0.3203125000000001
1 0.9921875 1.1481063742006435e-16 0.8828125 1.0811335023722728e-16 0.8828125 0.07812500000000011 0.9921875 0.07812500000000011
1 0.890625 1.0189444071030711e-16 0.7734375 9.47187758715531e-17 0.7734375 0.0781250000000001 0.890625 0.07812500000000011
1 0.140625 8.610797806504827e-18 0 0 1.0045930774255631e-17 0.1640625 0.140625 0.1640625
1 0.1875 1.6264840301175787e-17 0.078125 9.567553118338697e-18 0.078125 0.054687500000000014 0.1875 0.05468750000000002
1 0.2734375 2.8224281699099153e-17 0.1875 2.2962127484012874e-17 0.1875 0.04687500000000003 0.2734375 0.046875000000000035
1 0.27343750000000006 0.015625000000000024 0.1484375 0.015625000000000017 0.14843750000000003 0.40625 0.2734375000000001 0.40625
1 0.39843750000000006 4.11404784088564e-17 0.2734375 3.348643591418544e-17 0.27343750000000006 0.36718750000000006 0.3984375000000001 0.3671875000000001
1 0.5078125 0.08593750000000006 0.390625 0.08593750000000004 0.390625 0.24218750000000008 0.5078125 0.24218750000000008
1 0.484375 5.214316449494589e-17 0.3671875 4.4967499656191874e-17 0.3671875 0.11718750000000004 0.484375 0.11718750000000004
1 0.5078125 5.740531871003217e-17 0.4296875 5.262154215086284e-17 0.4296875 0.03906250000000006 0.5078125 0.03906250000000007
1 0.5078125000000002 0.78125 0.42187500000000017 0.78125 0.42187500000000017 0.9375 0.5078125000000002 0.9375
1 0.5078125000000002 0.734375 0.41406250000000017 0.734375 0.41406250000000017 0.8046875 0.5078125000000002 0.8046875
1 0.4843750000000001 0.5234375 0.40625 0.5234375 0.4062500000000001 0.734375 0.48437500000000017 0.734375
1 0.5703125000000001 0.59375 0.484375 0.59375 0.4843750000000001 0.734375 0.5703125000000002 0.734375
1 0.578125 0.671875 0.5234375 0.671875 0.5234375 0.71875 0.578125 0.71875
1 0.625 0.5078125 0.5234375 0.5078125 0.5234375 0.6640625 0.625 0.6640625
1 0.6171875 0.2500000000000001 0.3984375 0.2500000000000001 0.39843750000000006 0.5703125 0.6171875 0.5703125
1 0.4453125 0.24218750000000006 0.3203125 0.2421875 0.32031250000000006 0.5234375 0.4453125 0.5234375
1 0.8046875 0.14062500000000008 0.5703125 0.14062500000000008 0.5703125 0.3125000000000001 0.8046875 0.3125000000000001
1 0.796875 0.24218750000000008 0.703125 0.24218750000000008 0.703125 0.3437500000000001 0.796875 0.3437500000000001
1 0.6796875 0.2656250000000001 0.6015625 0.2656250000000001 0.6015625 0.3437500000000001 0.6796875 0.3437500000000001
1 0.78125 7.893231322629426e-17 0.5078125 6.218909526920153e-17 0.5078125 0.14843750000000006 0.78125 0.14843750000000008
1 0.5625 0.14062500000000006 0.5078125 0.14062500000000006 0.5078125 0.2500000000000001 0.5625 0.2500000000000001
1 0.42187500000000017 0.734375 0.2656250000000001 0.734375 0.2656250000000001 0.9375 0.42187500000000017 0.9375
1 0.2656250000000001 0.875 0.09375000000000011 0.875 0.09375000000000011 0.9375 0.2656250000000001 0.9375
1 0.4218750000000001 0.6484375 0.3046875000000001 0.6484375 0.3046875000000001 0.8359375 0.42187500000000017 0.8359375
1 0.3593750000000001 0.46875 0.07031250000000007 0.46875 0.07031250000000008 0.9375 0.3593750000000001 0.9375
1 0.3984375000000001 0.40625 0.14843750000000006 0.40625 0.14843750000000006 0.6328125 0.3984375000000001 0.6328125
1 0.05468750000000004 0.1796875 2.2005372172179003e-17 0.1796875 4.353236668844107e-17 0.53125 0.05468750000000007 0.53125
1 0.21093750000000006 0.11718750000000003 0.015625000000000017 0.1171875 0.015625000000000052 0.7109375 0.21093750000000008 0.7109375
1 0.10937500000000007 0.5234375 6.410260589286927e-17 0.5234375 7.94106908822112e-17 0.7734375 0.10937500000000008 0.7734375
1 0.21875000000000008 0.6328125 7.749718025854345e-17 0.6328125 9.61539088393039e-17 0.9375 0.21875000000000008 0.9375
1 0.9921875 6.075396230145073e-17 0 0 5.788369636594911e-17 0.9453125 0.9921875 0.9453125