1 0.95625 0.5218750000000002 0.8296875 0.5218750000000002 0.8296875 0.8234375 0.95625 0.8234375
1 0.7359375000000001 0.55 0.61875 0.55 0.6187500000000001 0.840625 0.7359375000000001 0.840625
1 0.534375 0.56875 0.4015625 0.56875 0.4015625000000001 0.853125 0.5343750000000002 0.853125
1 0.32500000000000007 0.5859375 0.18750000000000008 0.5859375 0.18750000000000008 0.8875 0.32500000000000007 0.8875
1 0.1140625000000001 0.609375 7.462691432304184e-17 0.609375 9.242256312315182e-17 0.9 0.1140625000000001 0.9
1 0.9125 0.1890625000000001 0.7890625 0.18906250000000008 0.7890625 0.4203125000000002 0.9125 0.4203125000000002
1 0.996875 0.2015625000000001 0.9796875 0.2015625000000001 0.9796875 0.4203125000000002 0.996875 0.4203125000000002
1 0.7734375 0.16562500000000008 0.6265625 0.16562500000000008 0.6265625 0.3968750000000001 0.7734375 0.3968750000000001
1 0.6296875 0.14218750000000008 0.4859375 0.14218750000000005 0.4859375 0.3781250000000001 0.6296875 0.3781250000000001
1 0.48125 0.11875000000000005 0.33125 0.11875000000000005 0.33125 0.34843750000000007 0.48125 0.34843750000000007
1 0.3546875 0.08906250000000003 0.196875 0.08906250000000002 0.19687500000000002 0.31875 0.3546875 0.31875
1 0.2046875 0.05937500000000001 0.046875000000000014 0.059375 0.04687500000000002 0.284375 0.2046875 0.284375
1 0.07343750000000002 0.04687500000000001 5.7405318710032185e-18 0.046875 1.8848079643127235e-17 0.2609375 0.07343750000000002 0.2609375