1 0.9921875 0.3046875000000001 0.65625 0.3046875000000001 0.6562500000000001 0.9921875 0.9921875 0.9921875
1 0.9921875 0.2656250000000001 0.921875 0.2656250000000001 0.921875 0.42968750000000017 0.9921875 0.42968750000000017
1 0.875 0.21093750000000008 0.7890625 0.21093750000000008 0.7890625 0.3203125000000001 0.875 0.3203125000000001
1 0.9921875 0.20312500000000008 0.84375 0.20312500000000008 0.84375 0.3437500000000001 0.9921875 0.3437500000000001
1 0.9921875 0.06250000000000011 0.859375 0.06250000000000011 0.859375 0.21875000000000008 0.9921875 0.21875000000000008
1 0.6875 0.3828125000000001 0.5703125 0.3828125000000001 0.5703125 0.5859375 0.6875 0.5859375
1 0.7031250000000001 0.59375 0.609375 0.59375 0.6093750000000001 0.7265625 0.7031250000000002 0.7265625
1 0.7343750000000002 0.7343750000000001 0.6406250000000002 0.734375 0.6406250000000002 0.921875 0.7343750000000002 0.921875
1 0.7421875000000002 0.90625 0.6640625000000002 0.90625 0.6640625000000002 0.9921875 0.7421875000000002 0.9921875
1 0.6640625000000002 0.78125 0.42968750000000017 0.78125 0.42968750000000017 0.9921875 0.6640625000000002 0.9921875
1 0.6640625000000001 0.5703125 0.4609375 0.5703125 0.4609375000000001 0.859375 0.6640625000000002 0.859375
1 0.5703125000000002 0.890625 0.3593750000000001 0.890625 0.3593750000000001 0.9921875 0.5703125000000002 0.9921875
1 0.3750000000000001 0.9296875 0.21093750000000008 0.9296875 0.21093750000000008 0.9921875 0.3750000000000001 0.9921875
1 0.3828125000000001 0.84375 0.21093750000000008 0.84375 0.21093750000000008 0.9453125 0.3828125000000001 0.9453125
1 0.42187500000000017 0.734375 0.21875000000000008 0.734375 0.21875000000000008 0.9140625 0.42187500000000017 0.9140625
1 0.4218750000000001 0.6796875 0.3125000000000001 0.6796875 0.3125000000000001 0.7890625 0.42187500000000017 0.7890625
1 0.5625 0.46875 0.3828125000000001 0.46875 0.3828125000000001 0.59375 0.5625 0.59375
1 0.5859375 0.4296875 0.53125 0.4296875 0.53125 0.5078125 0.5859375 0.5078125
1 0.625 0.3515625000000001 0.5078125 0.3515625000000001 0.5078125 0.46875 0.625 0.46875
1 0.5390625 0.3125000000000001 0.484375 0.3125000000000001 0.484375 0.3750000000000001 0.5390625 0.3750000000000001
1 0.6015625 0.3046875000000001 0.53125 0.3046875000000001 0.53125 0.3750000000000001 0.6015625 0.3750000000000001
1 0.6953125 0.24218750000000008 0.5703125 0.24218750000000008 0.5703125 0.3671875000000001 0.6953125 0.3671875000000001
1 0.5 0.12500000000000006 0.2421875 0.12500000000000006 0.24218750000000006 0.4453125 0.5 0.4453125
1 0.5546875 0.25781250000000006 0.359375 0.2578125 0.35937500000000006 0.484375 0.5546875 0.484375
1 0.8203125 0.10937500000000008 0.6875 0.10937500000000008 0.6875 0.18750000000000008 0.8203125 0.18750000000000008
1 0.75 0.20312500000000008 0.6796875 0.20312500000000008 0.6796875 0.24218750000000008 0.75 0.24218750000000008
1 0.515625 0.07031250000000006 0.4140625 0.07031250000000004 0.4140625 0.11718750000000004 0.515625 0.11718750000000004
1 0.2734375 0.15625000000000003 0.140625 0.15625 0.14062500000000003 0.2578125 0.2734375 0.2578125
1 0.12500000000000006 0.2734375 0.007812500000000033 0.2734375 0.00781250000000004 0.390625 0.12500000000000006 0.390625
1 0.26562500000000006 0.3046875 0.06250000000000004 0.3046875 0.06250000000000006 0.515625 0.2656250000000001 0.515625
1 0.2734375 0.21875 0.17968750000000006 0.21875 0.17968750000000006 0.3125 0.2734375 0.3125
1 0.4765625000000001 0.40625 0.22656250000000008 0.40625 0.22656250000000008 0.8984375 0.47656250000000017 0.8984375
1 0.21093750000000008 0.640625 7.845393557037732e-17 0.640625 9.663228649522084e-17 0.9375 0.21093750000000008 0.9375
1 0.21093750000000008 0.4765625 0.09375000000000007 0.4765625 0.09375000000000008 0.6953125 0.21093750000000008 0.6953125
1 0.24218750000000008 0.8671875 1.0619983961355955e-16 0.8671875 1.1385388210823048e-16 0.9921875 0.24218750000000008 0.9921875
1 0.10156250000000007 0.5078125 6.218909526920153e-17 0.5078125 7.127827073162329e-17 0.65625 0.10156250000000008 0.65625