1 0.9921875 0.8671875 0.3828125000000001 0.8671875 0.3828125000000001 0.9921875 0.9921875 0.9921875
1 0.6328125000000001 0.546875 0.3046875000000001 0.546875 0.3046875000000001 0.9921875 0.6328125000000002 0.9921875
1 0.9921875 0.3437500000000001 0.4609375 0.3437500000000001 0.4609375000000001 0.90625 0.9921875 0.90625
1 0.3515625000000001 0.421875 5.166478683902896e-17 0.421875 8.658635572096521e-17 0.9921875 0.3515625000000001 0.9921875
1 0.9921875 0.2812500000000001 0.40625 0.2812500000000001 0.40625 0.6171875000000001 0.9921875 0.6171875000000002
1 0.9921875 0.1953125000000001 0.6640625 0.19531250000000008 0.6640625 0.4921875000000001 0.9921875 0.49218750000000017
1 0.9765625 0.0625000000000001 0.703125 0.06250000000000008 0.703125 0.2734375000000001 0.9765625 0.2734375000000001
1 0.9140625 9.61539088393039e-17 0.65625 8.036744619404505e-17 0.65625 0.0859375000000001 0.9140625 0.08593750000000011
1 0.953125 0.03906250000000012 0.8671875 0.03906250000000011 0.8671875 0.10937500000000011 0.953125 0.10937500000000014
1 0.5625 0.03125000000000006 0.4453125 0.031250000000000056 0.4453125 0.17187500000000006 0.5625 0.17187500000000008
1 0.7109375 0.03906250000000007 0.3984375 0.03906250000000004 0.3984375 0.3593750000000001 0.7109375 0.3593750000000001
1 0.4609375 0.16406250000000006 0.2734375 0.16406250000000006 0.27343750000000006 0.515625 0.4609375 0.515625
1 0.453125 4.640263262394268e-17 0.3046875 3.731345716152092e-17 0.3046875 0.14843750000000006 0.453125 0.14843750000000006
1 0.6640625 6.505936120470315e-17 0.3984375 4.8794520903527353e-17 0.3984375 0.12500000000000006 0.6640625 0.12500000000000008
1 0.4609375 2.8224281699099153e-17 0 0 2.7267526387265288e-17 0.4453125 0.4609375 0.4453125
1 0.421875 0.015625000000000024 1.9135106236677394e-18 0.015625 3.922696778518866e-17 0.625 0.421875 0.625
1 0.9921875 6.075396230145073e-17 0 0 6.075396230145073e-17 0.9921875 0.9921875 0.9921875