1 0.9609375 0.10156250000000011 0.78125 0.10156250000000008 0.78125 0.1718750000000001 0.9609375 0.17187500000000014
1 0.953125 0.1718750000000001 0.7734375 0.17187500000000008 0.7734375 0.21875000000000008 0.953125 0.21875000000000008
1 0.953125 0.21875000000000008 0.78125 0.21875000000000008 0.78125 0.2890625000000001 0.953125 0.2890625000000001
1 0.765625 0.14062500000000008 0.640625 0.14062500000000008 0.640625 0.19531250000000008 0.765625 0.19531250000000008
1 0.78125 0.18750000000000008 0.640625 0.18750000000000008 0.640625 0.24218750000000008 0.78125 0.24218750000000008
1 0.78125 0.24218750000000008 0.6484375 0.24218750000000008 0.6484375 0.3203125000000001 0.78125 0.3203125000000001
1 0.6328125 0.16406250000000006 0.5078125 0.16406250000000006 0.5078125 0.21875000000000008 0.6328125 0.21875000000000008
1 0.640625 0.22656250000000008 0.515625 0.22656250000000008 0.515625 0.2890625000000001 0.640625 0.2890625000000001
1 0.6484375 0.2890625000000001 0.5234375 0.2890625000000001 0.5234375 0.3359375000000001 0.6484375 0.3359375000000001
1 0.515625 0.18750000000000006 0.390625 0.18750000000000006 0.390625 0.3437500000000001 0.515625 0.3437500000000001
1 0.9921875 0.2734375000000001 0.8515625 0.2734375000000001 0.8515625 0.3593750000000001 0.9921875 0.3593750000000001
1 0.9921875 0.3437500000000001 0.84375 0.3437500000000001 0.84375 0.40625000000000017 0.9921875 0.40625000000000017
1 0.9921875 0.3984375000000001 0.8515625 0.3984375000000001 0.8515625 0.44531250000000017 0.9921875 0.44531250000000017
1 0.9921875 0.44531250000000017 0.8515625 0.44531250000000017 0.8515625 0.47656250000000017 0.9921875 0.47656250000000017
1 0.9921875 0.47656250000000017 0.859375 0.47656250000000017 0.859375 0.5312500000000002 0.9921875 0.5312500000000002
1 0.9921875 0.5390625000000002 0.8515625 0.5390625000000002 0.8515625 0.6015625000000002 0.9921875 0.6015625000000002
1 0.9921875 0.5937500000000002 0.859375 0.5937500000000002 0.859375 0.6796875000000002 0.9921875 0.6796875000000002
1 0.9921875 0.6718750000000002 0.8046875 0.6718750000000002 0.8046875 0.7265625000000002 0.9921875 0.7265625000000002
1 0.9921875 0.7343750000000002 0.8125 0.7343750000000002 0.8125 0.7890625000000002 0.9921875 0.7890625000000002
1 0.9921875 0.7890625000000002 0.7890625000000002 0.7890625000000002 0.7890625000000002 0.84375 0.9921875 0.84375
1 0.9921875 0.84375 0.7968750000000002 0.84375 0.7968750000000002 0.90625 0.9921875 0.90625
1 0.9921875 0.921875 0.7968750000000002 0.921875 0.7968750000000002 0.9453125 0.9921875 0.9453125
1 0.7968750000000001 0.6640625000000001 0.6328125 0.6640625 0.6328125000000001 0.7343750000000001 0.7968750000000002 0.7343750000000002
1 0.8046875 0.7265625000000001 0.6250000000000002 0.7265625 0.6250000000000002 0.8359375 0.8046875 0.8359375
1 0.7890625000000002 0.8359375 0.6406250000000002 0.8359375 0.6406250000000002 0.9375 0.7890625000000002 0.9375
1 0.859375 0.5937500000000001 0.7109375 0.59375 0.7109375 0.6718750000000001 0.859375 0.6718750000000002
1 0.859375 0.5390625000000001 0.7109375 0.5390625 0.7109375 0.6093750000000001 0.859375 0.6093750000000002
1 0.859375 0.5000000000000001 0.71875 0.5 0.71875 0.5390625000000001 0.859375 0.5390625000000002
1 0.859375 0.4687500000000001 0.703125 0.46875 0.703125 0.5000000000000001 0.859375 0.5000000000000002
1 0.8515625 0.4453125000000001 0.703125 0.4453125 0.703125 0.4843750000000001 0.8515625 0.48437500000000017
1 0.84375 0.4140625000000001 0.71875 0.4140625 0.71875 0.4609375000000001 0.84375 0.46093750000000017
1 0.8515625 0.3515625000000001 0.7109375 0.3515625000000001 0.7109375 0.4218750000000001 0.8515625 0.42187500000000017
1 0.859375 0.2968750000000001 0.71875 0.2968750000000001 0.71875 0.3671875000000001 0.859375 0.3671875000000001
1 0.6406250000000001 0.671875 0.4921875 0.671875 0.4921875000000001 0.7265625 0.6406250000000002 0.7265625
1 0.6328125000000001 0.71875 0.484375 0.71875 0.4843750000000001 0.78125 0.6328125000000002 0.78125
1 0.6250000000000002 0.765625 0.47656250000000017 0.765625 0.47656250000000017 0.8125 0.6250000000000002 0.8125
1 0.6171875000000002 0.8046875 0.46875000000000017 0.8046875 0.46875000000000017 0.8828125 0.6171875000000002 0.8828125
1 0.6328125000000002 0.859375 0.46093750000000017 0.859375 0.46093750000000017 0.921875 0.6328125000000002 0.921875
1 0.703125 0.484375 0.5625 0.484375 0.5625 0.6484375 0.703125 0.6484375
1 0.6953125 0.4375 0.578125 0.4375 0.578125 0.5 0.6953125 0.5
1 0.7109375 0.3828125000000001 0.5859375 0.3828125000000001 0.5859375 0.4296875 0.7109375 0.4296875
1 0.7109375 0.3281250000000001 0.578125 0.3281250000000001 0.578125 0.3906250000000001 0.7109375 0.3906250000000001
1 0.5859375 0.3359375000000001 0.4609375 0.3359375000000001 0.4609375 0.3906250000000001 0.5859375 0.3906250000000001
1 0.5859375 0.3906250000000001 0.4609375 0.3906250000000001 0.4609375 0.4375 0.5859375 0.4375
1 0.578125 0.4453125 0.4609375 0.4453125 0.4609375 0.5 0.578125 0.5
1 0.5625 0.484375 0.3515625000000001 0.484375 0.3515625000000001 0.5703125 0.5625 0.5703125
1 0.5859375 0.5625 0.3515625000000001 0.5625 0.3515625000000001 0.609375 0.5859375 0.609375
1 0.5703125 0.6171875 0.3515625000000001 0.6171875 0.3515625000000001 0.6953125 0.5703125 0.6953125
1 0.4843750000000001 0.6796875 0.3593750000000001 0.6796875 0.3593750000000001 0.7578125 0.48437500000000017 0.7578125
1 0.5078125000000002 0.765625 0.3515625000000001 0.765625 0.3515625000000001 0.8046875 0.5078125000000002 0.8046875
1 0.47656250000000017 0.8046875 0.3437500000000001 0.8046875 0.3437500000000001 0.890625 0.47656250000000017 0.890625
1 0.4296875 0.15625000000000003 0.023437500000000017 0.15625 0.02343750000000003 0.35937500000000006 0.4296875 0.3593750000000001
1 0.453125 0.32812500000000006 0.06250000000000004 0.328125 0.06250000000000006 0.484375 0.453125 0.484375
1 0.3515625000000001 0.5 0.06250000000000007 0.5 0.06250000000000008 0.6875 0.3515625000000001 0.6875
1 0.3437500000000001 0.6875 0.05468750000000009 0.6875 0.0546875000000001 0.875 0.3437500000000001 0.875
1 0.07031250000000006 0.3515625 4.305398903252414e-17 0.3515625 5.405667511861364e-17 0.53125 0.07031250000000007 0.53125
1 0.054687500000000076 0.53125 6.505936120470313e-17 0.53125 7.510529197895876e-17 0.6953125 0.05468750000000009 0.6953125
1 0.0546875000000001 0.6796875 8.323771212954667e-17 0.6796875 9.424039821563617e-17 0.859375 0.05468750000000011 0.859375