1 0.9921875 0.3984375000000001 0.7265625 0.3984375000000001 0.7265625000000001 0.9921875 0.9921875 0.9921875
1 0.7187500000000001 0.71875 0.4609375 0.71875 0.4609375000000001 0.9921875 0.7187500000000002 0.9921875
1 0.7265625 0.4062500000000001 0.5390625 0.40625 0.5390625 0.7187500000000001 0.7265625 0.7187500000000002
1 0.4921875000000001 0.6015625 0.10937500000000008 0.6015625 0.10937500000000011 0.9921875 0.49218750000000017 0.9921875
1 0.2656250000000001 0.515625 6.31458505810354e-17 0.515625 9.232688759196843e-17 0.9921875 0.2656250000000001 0.9921875
1 0.640625 0.28125000000000006 0.203125 0.28125 0.20312500000000006 0.6328125 0.640625 0.6328125
1 0.7421875 0.3437500000000001 0.484375 0.3437500000000001 0.484375 0.7031250000000001 0.7421875 0.7031250000000002
1 0.9921875 0.2812500000000001 0.78125 0.2812500000000001 0.78125 0.3906250000000001 0.9921875 0.3906250000000001
1 0.78125 0.14843750000000006 0.5 0.14843750000000006 0.5 0.3359375000000001 0.78125 0.3359375000000001
1 0.9921875 0.1875000000000001 0.671875 0.18750000000000008 0.671875 0.4375000000000001 0.9921875 0.43750000000000017
1 0.9921875 0.0859375000000001 0.6875 0.08593750000000008 0.6875 0.24218750000000008 0.9921875 0.24218750000000008
1 0.9921875 0.023437500000000108 0.7578125 0.023437500000000094 0.7578125 0.1328125000000001 0.9921875 0.13281250000000014
1 0.7578125 8.0845823849962e-17 0.5625 6.888638245203862e-17 0.5625 0.16406250000000008 0.7578125 0.16406250000000008
1 0.5546875 3.3964813570102376e-17 0 0 3.827021247335481e-18 0.06250000000000003 0.5546875 0.06250000000000007
1 0.140625 0.06250000000000001 7.654042494670958e-18 0.0625 1.4351329677508044e-17 0.171875 0.140625 0.171875
1 0.2734375 0.04687500000000003 0.140625 0.04687500000000002 0.140625 0.11718750000000003 0.2734375 0.11718750000000004
1 0.6171875 0.054687500000000056 0.28125 0.05468750000000004 0.28125 0.25781250000000006 0.6171875 0.2578125000000001
1 0.5234375 0.08593750000000003 0.078125 0.0859375 0.07812500000000003 0.35156250000000006 0.5234375 0.3515625000000001
1 0.32031250000000006 0.17968750000000003 2.2005372172179003e-17 0.1796875 4.6881010279859617e-17 0.5859375 0.3203125000000001 0.5859375
1 0.9921875 6.075396230145073e-17 0 0 6.075396230145073e-17 0.9921875 0.9921875 0.9921875