1 0.9921875 7.606204729079264e-17 0.25 3.061616997868383e-17 0.25000000000000006 0.9921875 0.9921875 0.9921875
1 0.9921875 0.8515625 0.2578125000000001 0.8515625 0.2578125000000001 0.9921875 0.9921875 0.9921875
1 0.9921875 0.6562500000000001 0.2734375000000001 0.65625 0.2734375000000001 0.9375 0.9921875 0.9375
1 0.9921875 0.5625000000000001 0.3984375000000001 0.5625 0.3984375000000001 0.7421875000000001 0.9921875 0.7421875000000002
1 0.9921875 0.5234375000000001 0.4921875 0.5234375 0.4921875 0.6562500000000001 0.9921875 0.6562500000000002
1 0.9921875 0.4296875000000001 0.59375 0.4296875 0.59375 0.5312500000000001 0.9921875 0.5312500000000002
1 0.59375 0.35156250000000006 0.2734375 0.3515625 0.27343750000000006 0.5078125 0.59375 0.5078125
1 0.9921875 0.2656250000000001 0.4375 0.2656250000000001 0.4375 0.3671875000000001 0.9921875 0.3671875000000001
1 0.9921875 7.845393557037733e-17 0.2890625 3.539994653785318e-17 0.2890625 0.21093750000000006 0.9921875 0.21093750000000008
1 0.9921875 0.046875000000000076 0.2578125 0.046875000000000035 0.2578125 0.35156250000000006 0.9921875 0.3515625000000001
1 0.28125000000000006 0.2734375 0.08593750000000004 0.2734375 0.08593750000000008 0.8515625 0.2812500000000001 0.8515625
1 0.2812500000000001 0.5234375 0.09375000000000007 0.5234375 0.09375000000000008 0.6796875 0.2812500000000001 0.6796875
1 0.2812500000000001 0.6875 0.10156250000000008 0.6875 0.10156250000000008 0.8515625 0.2812500000000001 0.8515625
1 0.27343750000000006 0.28125 0.10156250000000004 0.28125 0.10156250000000004 0.375 0.2734375000000001 0.375
1 0.11718750000000007 0.3984375 0.05468750000000004 0.3984375 0.054687500000000056 0.5546875 0.11718750000000008 0.5546875