1 0.9921875 0.8828125 0.5156250000000002 0.8828125 0.5156250000000002 0.9921875 0.9921875 0.9921875
1 0.9921875 0.7343750000000002 0.7343750000000002 0.7343750000000002 0.7343750000000002 0.9140625 0.9921875 0.9140625
1 0.5000000000000002 0.921875 1.1289712679639661e-16 0.921875 1.1720252569964904e-16 0.9921875 0.5000000000000002 0.9921875
1 0.6015625000000001 0.640625 7.845393557037732e-17 0.640625 9.998093008663938e-17 0.9921875 0.6015625000000002 0.9921875
1 0.7109375000000001 0.6640625 0.40625 0.6640625 0.4062500000000001 0.7890625 0.7109375000000002 0.7890625
1 0.9921875 0.7109375000000001 0.625 0.7109375 0.6250000000000001 0.8515625 0.9921875 0.8515625
1 0.9921875 0.5625000000000001 0.4765625 0.5625 0.4765625000000001 0.7578125000000001 0.9921875 0.7578125000000002
1 0.9921875 0.4296875000000001 0.6015625 0.4296875 0.6015625 0.5625000000000001 0.9921875 0.5625000000000002
1 0.21875000000000008 0.375 4.592425496802575e-17 0.375 6.553773886062008e-17 0.6953125 0.21875000000000008 0.6953125
1 0.4609375 0.5 0.21875000000000008 0.5 0.21875000000000008 0.6953125 0.4609375 0.6953125
1 0.6015625 0.32031250000000006 0.17187500000000006 0.3203125 0.17187500000000006 0.5390625 0.6015625 0.5390625
1 0.7421875 0.21875000000000008 0.4453125 0.21875000000000008 0.4453125 0.4531250000000001 0.7421875 0.45312500000000017
1 0.9921875 0.1875000000000001 0.71875 0.18750000000000008 0.71875 0.4375000000000001 0.9921875 0.43750000000000017
1 0.9921875 0.3125000000000001 0.8671875 0.3125000000000001 0.8671875 0.5156250000000002 0.9921875 0.5156250000000002
1 0.9921875 0.09375000000000011 0.875 0.09375000000000011 0.875 0.1875000000000001 0.9921875 0.18750000000000014
1 0.9921875 1.1050523851681195e-16 0.8125 9.950255243072244e-17 0.8125 0.11718750000000011 0.9921875 0.11718750000000014
1 0.8828125 9.376202055971923e-17 0.6484375 7.941069088221118e-17 0.6484375 0.19531250000000008 0.8828125 0.19531250000000008
1 0.71875 6.649449417245395e-17 0.3671875 4.4967499656191874e-17 0.3671875 0.2656250000000001 0.71875 0.2656250000000001
1 0.4453125 0.22656250000000006 0.2109375 0.2265625 0.21093750000000006 0.37500000000000006 0.4453125 0.3750000000000001
1 0.21875000000000006 0.234375 2.870265935501609e-17 0.234375 3.683507950560398e-17 0.3671875 0.21875000000000008 0.3671875
1 0.15625000000000003 0.140625 1.7221595613009655e-17 0.140625 2.487563810768061e-17 0.265625 0.15625000000000006 0.265625
1 0.484375 2.9659414666849956e-17 0 0 1.3872952021591113e-17 0.22656250000000006 0.484375 0.22656250000000008
1 0.9921875 6.075396230145073e-17 0 0 6.075396230145073e-17 0.9921875 0.9921875 0.9921875