1 0.9921875 9.18485099360515e-17 0.5078125 6.218909526920153e-17 0.5078125 0.3046875000000001 0.9921875 0.3046875000000001
1 0.9921875 0.3593750000000001 0.5625 0.3593750000000001 0.5625000000000001 0.9921875 0.9921875 0.9921875
1 0.5625000000000001 0.421875 0.3046875000000001 0.421875 0.3046875000000001 0.9921875 0.5625000000000002 0.9921875
1 0.3359375000000001 0.4375 0.14062500000000006 0.4375 0.14062500000000008 0.953125 0.3359375000000001 0.953125
1 0.515625 5.1186409183112024e-17 0.3203125 3.922696778518866e-17 0.3203125 0.35156250000000006 0.515625 0.3515625000000001
1 0.34375000000000006 3.1572925290517705e-17 0.171875 2.1048616860345134e-17 0.17187500000000003 0.375 0.3437500000000001 0.375
1 0.19531250000000003 0.06250000000000003 0.09375 0.06250000000000003 0.09375000000000003 0.421875 0.19531250000000006 0.421875
1 0.10937500000000004 0.2421875 0.023437500000000028 0.2421875 0.02343750000000004 0.453125 0.10937500000000004 0.453125
1 0.031250000000000056 0.375 4.592425496802575e-17 0.375 5.4535052774530576e-17 0.515625 0.03125000000000007 0.515625
1 0.15625000000000006 0.46875 0.046875000000000056 0.46875 0.046875000000000076 0.8359375 0.15625000000000008 0.8359375
1 0.054687500000000076 0.53125 6.505936120470313e-17 0.53125 7.94106908822112e-17 0.765625 0.05468750000000009 0.765625