1 0.7500000000000001 0.5546875000000001 0.515625 0.5546875 0.5156250000000001 0.8671875 0.7500000000000002 0.8671875
1 0.859375 0.4609375000000001 0.546875 0.4609375 0.546875 0.7109375000000001 0.859375 0.7109375000000002
1 0.7890625000000002 0.8359375 0.5468750000000002 0.8359375 0.5468750000000002 0.9765625 0.7890625000000002 0.9765625
1 0.90625 0.6406250000000002 0.75 0.6406250000000002 0.7500000000000001 0.953125 0.90625 0.953125
1 0.9453125 0.42187500000000017 0.8515625 0.42187500000000017 0.8515625 0.875 0.9453125 0.875
1 0.3046875000000001 0.4296875 0.20312500000000008 0.4296875 0.20312500000000008 0.921875 0.3046875000000001 0.921875
1 0.3828125000000001 0.46875 0.2812500000000001 0.46875 0.2812500000000001 0.9765625 0.3828125000000001 0.9765625
1 0.4921875000000001 0.71875 0.3437500000000001 0.71875 0.3437500000000001 0.9921875 0.49218750000000017 0.9921875
1 0.4687500000000001 0.5078125 0.3828125000000001 0.5078125 0.3828125000000001 0.7265625 0.46875000000000017 0.7265625
1 0.5546875 0.4453125 0.3984375000000001 0.4453125 0.3984375000000001 0.7109375 0.5546875 0.7109375
1 0.2812500000000001 0.4296875 0.10937500000000004 0.4296875 0.10937500000000007 0.71875 0.2812500000000001 0.71875
1 0.3203125000000001 0.7265625 0.14843750000000008 0.7265625 0.1484375000000001 0.9296875 0.3203125000000001 0.9296875
1 0.1562500000000001 0.8359375 0.08593750000000011 0.8359375 0.08593750000000011 0.9921875 0.15625000000000014 0.9921875
1 0.11718750000000011 0.7109375 8.706473337688214e-17 0.7109375 1.0428632898989181e-16 0.9921875 0.11718750000000014 0.9921875
1 0.10937500000000008 0.640625 0.007812500000000078 0.640625 0.007812500000000087 0.7890625 0.10937500000000008 0.7890625
1 0.08593750000000007 0.4296875 5.262154215086284e-17 0.4296875 7.27134036993741e-17 0.7578125 0.08593750000000008 0.7578125
1 0.07031250000000003 0.1875 2.2962127484012874e-17 0.1875 3.779183481743786e-17 0.4296875 0.07031250000000004 0.4296875
1 0.16406250000000006 0.2734375 0.023437500000000035 0.2734375 0.02343750000000004 0.4296875 0.16406250000000006 0.4296875
1 0.84375 0.21875000000000006 0.15625000000000006 0.21875 0.15625000000000006 0.4687500000000001 0.84375 0.46875000000000017
1 0.9921875 0.1250000000000001 0.796875 0.12500000000000008 0.796875 0.5312500000000002 0.9921875 0.5312500000000002
1 0.3984375 4.1618856064773335e-17 0.28125 3.444319122601931e-17 0.28125 0.22656250000000006 0.3984375 0.22656250000000008
1 0.53125 5.644856339819831e-17 0.390625 4.7837765591693485e-17 0.390625 0.21093750000000008 0.53125 0.21093750000000008
1 0.6328125 6.984313776387249e-17 0.5078125 6.218909526920153e-17 0.5078125 0.21093750000000008 0.6328125 0.21093750000000008
1 0.7265625 8.275933447362974e-17 0.625 7.654042494670958e-17 0.625 0.21875000000000008 0.7265625 0.21875000000000008
1 0.84375 9.567553118338697e-17 0.71875 8.802148868871601e-17 0.71875 0.21875000000000008 0.84375 0.21875000000000008
1 0.9921875 1.1194037148456274e-16 0.8359375 1.0237281836622405e-16 0.8359375 0.1875000000000001 0.9921875 0.18750000000000014
1 0.2890625 2.7745904043182222e-17 0.1640625 2.0091861548511263e-17 0.16406250000000003 0.265625 0.2890625 0.265625
1 0.234375 1.961348389259433e-17 0.0859375 1.0524308430172567e-17 0.08593750000000003 0.28125 0.234375 0.28125
1 0.12500000000000003 7.654042494670959e-18 0 0 1.6264840301175783e-17 0.265625 0.12500000000000006 0.265625
1 0.9921875 6.075396230145073e-17 0 0 6.075396230145073e-17 0.9921875 0.9921875 0.9921875