1 0.9296875 9.04133769683007e-17 0.546875 6.697287182837088e-17 0.546875 0.5312500000000001 0.9296875 0.5312500000000002
1 0.640625 3.922696778518866e-17 0 0 3.970534544110559e-17 0.6484375 0.640625 0.6484375
1 0.35937500000000006 0.3359375 4.11404784088564e-17 0.3359375 7.367015901120797e-17 0.8671875 0.3593750000000001 0.8671875
1 0.3671875000000001 0.7421875 0.05468750000000009 0.7421875 0.0546875000000001 0.9921875 0.3671875000000001 0.9921875
1 0.5781250000000001 0.625 0.3359375000000001 0.625 0.3359375000000001 0.9140625 0.5781250000000002 0.9140625
1 0.5625000000000002 0.859375 0.3671875000000001 0.859375 0.3671875000000001 0.9921875 0.5625000000000002 0.9921875
1 0.8515625 0.6406250000000001 0.578125 0.640625 0.5781250000000001 0.90625 0.8515625 0.90625
1 0.828125 0.7890625000000001 0.6093750000000002 0.7890625 0.6093750000000002 0.96875 0.828125 0.96875
1 0.9609375 0.6718750000000002 0.78125 0.6718750000000002 0.7812500000000001 0.9140625 0.9609375 0.9140625
1 0.9921875 0.48437500000000017 0.8125 0.48437500000000017 0.8125 0.7265625000000002 0.9921875 0.7265625000000002
1 0.9921875 0.3203125000000001 0.875 0.3203125000000001 0.875 0.5156250000000002 0.9921875 0.5156250000000002
1 0.6484375 0.00781250000000004 9.567553118338697e-19 0.0078125 4.0183723097022526e-17 0.6484375 0.6484375 0.6484375