1 0.8203125 0.3593750000000001 0.6015625 0.3593750000000001 0.6015625000000001 0.7421875000000001 0.8203125 0.7421875000000002
1 0.828125 0.3203125000000001 0.7578125 0.3203125000000001 0.7578125 0.5937500000000002 0.828125 0.5937500000000002
1 0.890625 0.23437500000000008 0.8203125 0.23437500000000008 0.8203125 0.5390625000000002 0.890625 0.5390625000000002
1 0.9140625 0.3593750000000001 0.8828125 0.3593750000000001 0.8828125 0.6406250000000002 0.9140625 0.6406250000000002
1 0.8828125 0.5390625000000002 0.8125 0.5390625000000002 0.8125 0.7109375000000002 0.8828125 0.7109375000000002
1 0.7968750000000002 0.7421875000000001 0.6562500000000002 0.7421875 0.6562500000000002 0.859375 0.7968750000000002 0.859375
1 0.6875000000000002 0.7421875 0.5703125000000002 0.7421875 0.5703125000000002 0.890625 0.6875000000000002 0.890625
1 0.6093750000000001 0.054687500000000056 0.4453125 0.05468750000000004 0.4453125000000001 0.90625 0.6093750000000002 0.90625
1 0.671875 0.07031250000000008 0.5859375 0.07031250000000007 0.5859375 0.3515625000000001 0.671875 0.3515625000000001
1 0.7578125 0.09375000000000008 0.671875 0.09375000000000008 0.671875 0.3437500000000001 0.7578125 0.3437500000000001
1 0.828125 0.15625000000000008 0.7421875 0.15625000000000008 0.7421875 0.3359375000000001 0.828125 0.3359375000000001
1 0.4453125 0.04687500000000004 0.3046875 0.046875000000000035 0.30468750000000006 0.71875 0.4453125 0.71875
1 0.4375000000000001 0.703125 0.3046875000000001 0.703125 0.3046875000000001 0.8828125 0.43750000000000017 0.8828125
1 0.46875000000000017 0.8046875 0.3593750000000001 0.8046875 0.3593750000000001 0.90625 0.46875000000000017 0.90625
1 0.32812500000000006 0.07812500000000003 0.171875 0.07812500000000003 0.17187500000000006 0.625 0.3281250000000001 0.625
1 0.3046875000000001 0.6015625 0.21093750000000008 0.6015625 0.21093750000000008 0.8515625 0.3046875000000001 0.8515625
1 0.17968750000000006 0.171875 0.09375000000000003 0.171875 0.09375000000000004 0.546875 0.17968750000000008 0.546875
1 0.15625000000000006 0.5234375 0.08593750000000007 0.5234375 0.08593750000000007 0.625 0.15625000000000008 0.625
1 0.21875000000000008 0.5859375 0.10937500000000008 0.5859375 0.10937500000000008 0.7734375 0.21875000000000008 0.7734375
1 0.11718750000000007 0.328125 0.06250000000000004 0.328125 0.06250000000000006 0.5625 0.11718750000000008 0.5625