1 0.9953125 0.4328125000000001 5.300424427559639e-17 0.4328125 8.74474355016157e-17 0.9953125 0.9953125 0.9953125
1 0.859375 0.06562500000000009 0.58125 0.06562500000000007 0.58125 0.5843750000000001 0.859375 0.5843750000000002
1 0.7140625 7.185232391872362e-17 0.459375 5.625721233583154e-17 0.459375 0.59375 0.7140625 0.59375
1 0.5359375 0.16250000000000003 0.45 0.16250000000000003 0.45 0.625 0.5359375 0.625
1 0.5046875 0.08750000000000005 0.371875 0.08750000000000005 0.37187500000000007 0.615625 0.5046875 0.615625
1 0.4734375 0.19687500000000005 0.35 0.19687500000000005 0.35000000000000003 0.5984375 0.4734375 0.5984375
1 0.43125 0.11406250000000004 0.259375 0.11406250000000004 0.259375 0.59375 0.43125 0.59375
1 0.440625 3.865291459808834e-17 0.190625 2.3344829608746423e-17 0.19062500000000004 0.603125 0.440625 0.603125
1 0.35937500000000006 0.09218750000000003 0.15 0.09218750000000002 0.15000000000000005 0.59375 0.3593750000000001 0.59375
1 0.30937500000000007 0.11406250000000002 0.05468750000000002 0.1140625 0.05468750000000004 0.603125 0.30937500000000007 0.603125
1 0.21406250000000004 0.017187500000000015 2.1048616860345133e-18 0.0171875 3.827021247335479e-17 0.6078125 0.2140625000000001 0.6078125
1 0.14531250000000007 0.2140625 2.6215095544248028e-17 0.2140625 4.91772230282609e-17 0.5890625 0.1453125000000001 0.5890625