1 0.890625 0.015625000000000076 0.3359375 0.015625000000000038 0.33593750000000006 0.6093750000000001 0.890625 0.6093750000000002
1 0.9921875 0.11718750000000011 0.890625 0.11718750000000008 0.890625 0.5859375000000002 0.9921875 0.5859375000000002
1 0.9921875 0.6562500000000002 0.8203125 0.6562500000000002 0.8203125 0.9921875 0.9921875 0.9921875
1 0.84375 0.6093750000000001 0.4296875 0.609375 0.4296875000000001 0.9921875 0.84375 0.9921875
1 0.4218750000000001 0.6171875 0.16406250000000008 0.6171875 0.1640625000000001 0.9921875 0.42187500000000017 0.9921875
1 0.1640625000000001 0.65625 0.09375000000000008 0.65625 0.0937500000000001 0.9921875 0.16406250000000014 0.9921875
1 0.1484375000000001 0.6171875 0.039062500000000076 0.6171875 0.0390625000000001 0.9921875 0.14843750000000014 0.9921875
1 0.18750000000000008 0.5390625 6.6016116516537e-17 0.5390625 9.376202055971923e-17 0.9921875 0.18750000000000014 0.9921875
1 0.33593750000000006 2.05702392044282e-17 0 0 3.7791834817437855e-17 0.6171875 0.3359375000000001 0.6171875
1 0.28906250000000006 0.11718750000000003 0.046875000000000014 0.1171875 0.04687500000000004 0.5546875 0.2890625000000001 0.5546875
1 0.9921875 6.075396230145073e-17 0 0 6.075396230145073e-17 0.9921875 0.9921875 0.9921875