1 0.996875 0.1468750000000001 0.1828125 0.14687500000000003 0.18281250000000002 0.4078125000000001 0.996875 0.4078125000000002
1 0.759375 0.27187500000000003 0.08281250000000002 0.271875 0.08281250000000004 0.5375000000000001 0.759375 0.5375000000000002
1 0.953125 0.4015625000000001 0.18593750000000003 0.4015625 0.18593750000000006 0.875 0.953125 0.875
1 0.996875 0.15625000000000008 0.190625 0.15625000000000006 0.19062500000000002 0.31718750000000007 0.996875 0.31718750000000007
1 0.996875 0.19531250000000008 0.19062500000000004 0.19531250000000006 0.19062500000000004 0.34218750000000003 0.996875 0.3421875000000001
1 0.996875 0.22187500000000004 0.19843750000000004 0.221875 0.19843750000000004 0.35156250000000006 0.996875 0.3515625000000001
1 0.9921875 0.24687500000000004 0.2015625 0.246875 0.20156250000000003 0.36718750000000006 0.9921875 0.3671875000000001
1 0.909375 0.27187500000000003 0.209375 0.271875 0.20937500000000003 0.3921875 0.909375 0.3921875000000001
1 0.7546875 0.28125000000000006 0.08750000000000005 0.28125 0.08750000000000005 0.4328125000000001 0.7546875 0.43281250000000016
1 0.7546875 0.4218750000000001 0.09062500000000004 0.421875 0.09062500000000004 0.4468750000000001 0.7546875 0.4468750000000002
1 0.7546875 0.4468750000000001 0.09062500000000004 0.446875 0.09062500000000005 0.4781250000000001 0.7546875 0.4781250000000002
1 0.7515625 0.47343750000000007 0.08750000000000006 0.4734375 0.08750000000000006 0.4984375000000001 0.7515625 0.4984375000000002
1 0.7515625 0.503125 0.09531250000000006 0.503125 0.09531250000000006 0.5328125000000001 0.7515625 0.5328125000000001
1 0.8734375 0.4171875000000001 0.2375000000000001 0.4171875 0.2375000000000001 0.5281250000000001 0.8734375 0.5281250000000002
1 0.86875 0.5375000000000001 0.2375000000000001 0.5375 0.2375000000000001 0.5625000000000001 0.86875 0.5625000000000002
1 0.8703125 0.5484375000000001 0.24218750000000008 0.5484375 0.24218750000000008 0.5734375 0.8703125 0.5734375000000002
1 0.9125 0.5328125000000001 0.19375000000000003 0.5328125 0.19375000000000006 0.5921875000000001 0.9125 0.5921875000000002
1 0.940625 0.5984375000000001 0.1937500000000001 0.5984375 0.1937500000000001 0.86875 0.940625 0.86875
1 0.9453125 0.6031250000000001 0.2171875000000001 0.603125 0.2171875000000001 0.7437500000000001 0.9453125 0.7437500000000001
1 0.9375 0.5984375000000001 0.2015625000000001 0.5984375 0.2015625000000001 0.753125 0.9375 0.7531250000000002