1 0.9921875 0.6093750000000002 0.8046875 0.6093750000000002 0.8046875 0.9921875 0.9921875 0.9921875
1 0.953125 0.5234375000000002 0.828125 0.5234375000000002 0.828125 0.7421875000000002 0.953125 0.7421875000000002
1 0.9921875 0.45312500000000017 0.84375 0.45312500000000017 0.84375 0.6093750000000002 0.9921875 0.6093750000000002
1 0.953125 0.3359375000000001 0.8359375 0.3359375000000001 0.8359375 0.42968750000000017 0.953125 0.42968750000000017
1 0.9921875 0.19531250000000014 0.9453125 0.19531250000000014 0.9453125 0.3437500000000001 0.9921875 0.3437500000000001
1 0.9921875 0.3515625000000001 0.9453125 0.3515625000000001 0.9453125 0.45312500000000017 0.9921875 0.45312500000000017
1 0.875 0.3593750000000001 0.78125 0.3593750000000001 0.78125 0.48437500000000017 0.875 0.48437500000000017
1 0.11718750000000003 0.07031250000000001 8.610797806504827e-18 0.0703125 2.583239341951448e-17 0.3515625 0.11718750000000004 0.3515625
1 0.2109375 0.14062500000000003 0.1015625 0.140625 0.10156250000000003 0.3515625 0.2109375 0.3515625
1 0.28125 0.17968750000000006 0.203125 0.17968750000000006 0.203125 0.359375 0.28125 0.359375
1 0.35156250000000006 0.203125 0.28125 0.203125 0.28125000000000006 0.390625 0.3515625000000001 0.390625
1 0.421875 0.24218750000000006 0.3515625 0.2421875 0.35156250000000006 0.38281250000000006 0.421875 0.3828125000000001
1 0.46875 0.2578125000000001 0.40625 0.2578125000000001 0.40625 0.3906250000000001 0.46875 0.3906250000000001
1 0.515625 0.2890625000000001 0.46875 0.2890625000000001 0.46875 0.3906250000000001 0.515625 0.3906250000000001
1 0.546875 0.3046875000000001 0.515625 0.3046875000000001 0.515625 0.40625 0.546875 0.40625
1 0.578125 0.3046875000000001 0.546875 0.3046875000000001 0.546875 0.40625 0.578125 0.40625
1 0.609375 0.3437500000000001 0.578125 0.3437500000000001 0.578125 0.4140625 0.609375 0.4140625
1 0.640625 0.3593750000000001 0.6171875 0.3593750000000001 0.6171875 0.4296875 0.640625 0.4296875
1 0.7109375 0.421875 0.6328125 0.421875 0.6328125 0.546875 0.7109375 0.546875
1 0.7578125 0.4218750000000001 0.703125 0.421875 0.703125 0.5234375000000001 0.7578125 0.5234375000000002
1 0.16406250000000006 0.3515625 4.305398903252414e-17 0.3515625 5.788369636594911e-17 0.59375 0.16406250000000008 0.59375
1 0.25781250000000006 0.359375 0.16406250000000006 0.359375 0.16406250000000006 0.4765625 0.2578125000000001 0.4765625
1 0.3281250000000001 0.3671875 0.2500000000000001 0.3671875 0.2500000000000001 0.4765625 0.3281250000000001 0.4765625
1 0.40625 0.38281250000000006 0.3125000000000001 0.3828125 0.3125000000000001 0.46875 0.40625 0.46875
1 0.484375 0.3906250000000001 0.3984375000000001 0.3906250000000001 0.3984375000000001 0.4609375 0.484375 0.4609375
1 0.53125 0.3984375000000001 0.484375 0.3984375000000001 0.484375 0.453125 0.53125 0.453125
1 0.5625 0.40625 0.53125 0.40625 0.53125 0.453125 0.5625 0.453125
1 0.6015625 0.4140625 0.5546875 0.4140625 0.5546875 0.453125 0.6015625 0.453125
1 0.6171875 0.4296875 0.59375 0.4296875 0.59375 0.4453125 0.6171875 0.4453125
1 0.2500000000000001 0.4765625 0.015625000000000062 0.4765625 0.015625000000000073 0.6640625 0.2500000000000001 0.6640625
1 0.3281250000000001 0.4765625 0.2500000000000001 0.4765625 0.2500000000000001 0.6171875 0.3281250000000001 0.6171875
1 0.3984375000000001 0.46875 0.3359375000000001 0.46875 0.3359375000000001 0.59375 0.3984375000000001 0.59375
1 0.5 0.4609375 0.40625 0.4609375 0.40625 0.5625 0.5 0.5625
1 0.5859375 0.4609375 0.5 0.4609375 0.5 0.546875 0.5859375 0.546875
1 0.6328125 0.4609375 0.578125 0.4609375 0.578125 0.546875 0.6328125 0.546875
1 0.2656250000000001 0.640625 7.845393557037732e-17 0.640625 9.089175462421762e-17 0.84375 0.2656250000000001 0.84375
1 0.3515625000000001 0.609375 0.2578125000000001 0.609375 0.2578125000000001 0.75 0.3515625000000001 0.75
1 0.4140625 0.5859375 0.3437500000000001 0.5859375 0.3437500000000001 0.7109375 0.4140625 0.7109375
1 0.5078125 0.5625 0.421875 0.5625 0.421875 0.6640625 0.5078125 0.6640625
1 0.5859375 0.546875 0.5078125 0.546875 0.5078125 0.625 0.5859375 0.625
1 0.625 0.5390625 0.5859375 0.5390625 0.5859375 0.578125 0.625 0.578125