1 0.9140625 0.7500000000000001 0.5546875000000002 0.75 0.5546875000000002 0.9921875 0.9140625 0.9921875
1 0.9921875 0.8203125 0.8125 0.8203125 0.8125 0.9921875 0.9921875 0.9921875
1 0.9921875 0.6171875000000001 0.6484375 0.6171875 0.6484375000000001 0.7500000000000001 0.9921875 0.7500000000000002
1 0.7109375 0.5 0.5859375 0.5 0.5859375 0.671875 0.7109375 0.671875
1 0.78125 0.4531250000000001 0.609375 0.453125 0.609375 0.5937500000000001 0.78125 0.5937500000000002
1 0.8828125 0.45312500000000017 0.734375 0.45312500000000017 0.734375 0.5078125000000002 0.8828125 0.5078125000000002
1 0.3906250000000001 0.796875 0.05468750000000009 0.796875 0.0546875000000001 0.96875 0.3906250000000001 0.96875
1 0.1953125000000001 0.8671875 1.0619983961355955e-16 0.8671875 1.1385388210823048e-16 0.9921875 0.19531250000000014 0.9921875
1 0.48437500000000017 0.8828125 0.23437500000000008 0.8828125 0.23437500000000008 0.9921875 0.48437500000000017 0.9921875
1 0.5468750000000002 0.90625 0.41406250000000017 0.90625 0.41406250000000017 0.9921875 0.5468750000000002 0.9921875
1 0.6875000000000002 0.765625 0.5000000000000002 0.765625 0.5000000000000002 0.921875 0.6875000000000002 0.921875
1 0.6015625000000001 0.703125 0.3359375000000001 0.703125 0.3359375000000001 0.859375 0.6015625000000002 0.859375
1 0.2734375000000001 0.734375 0.03125000000000009 0.734375 0.0312500000000001 0.8359375 0.2734375000000001 0.8359375
1 0.0468750000000001 0.7109375 8.706473337688214e-17 0.7109375 9.567553118338696e-17 0.8515625 0.0468750000000001 0.8515625
1 0.19531250000000008 0.6171875 0.031250000000000076 0.6171875 0.03125000000000009 0.7734375 0.19531250000000008 0.7734375
1 0.3984375000000001 0.5078125 0.17187500000000006 0.5078125 0.17187500000000006 0.71875 0.3984375000000001 0.71875
1 0.5781250000000001 0.609375 0.3046875000000001 0.609375 0.3046875000000001 0.7265625 0.5781250000000002 0.7265625
1 0.5859375 0.4609375 0.3828125000000001 0.4609375 0.3828125000000001 0.640625 0.5859375 0.640625
1 0.9921875 0.43750000000000017 0.765625 0.43750000000000017 0.765625 0.6093750000000002 0.9921875 0.6093750000000002
1 0.9921875 0.2734375000000001 0.625 0.2734375000000001 0.625 0.4609375000000001 0.9921875 0.46093750000000017
1 0.9921875 0.2734375000000001 0.6953125 0.2734375000000001 0.6953125 0.3593750000000001 0.9921875 0.3593750000000001
1 0.9296875 0.1718750000000001 0.6484375 0.17187500000000008 0.6484375 0.3125000000000001 0.9296875 0.3125000000000001
1 0.6953125 0.10156250000000007 0.40625 0.10156250000000004 0.40625 0.21093750000000008 0.6953125 0.21093750000000008
1 0.296875 0.07812500000000003 0.1171875 0.07812500000000003 0.1171875 0.15625000000000003 0.296875 0.15625000000000006
1 0.484375 0.08593750000000003 1.0524308430172567e-17 0.0859375 1.9613483892594332e-17 0.23437500000000006 0.484375 0.23437500000000008
1 0.35937500000000006 0.2265625 2.7745904043182222e-17 0.2265625 4.4010744344358005e-17 0.4921875 0.3593750000000001 0.4921875
1 0.4765625 0.27343750000000006 0.2109375 0.2734375 0.21093750000000006 0.4609375 0.4765625 0.4609375
1 0.6640625 0.19531250000000006 0.3515625 0.19531250000000006 0.35156250000000006 0.4296875 0.6640625 0.4296875
1 0.3593750000000001 0.484375 5.931882933369991e-17 0.484375 7.127827073162329e-17 0.6796875 0.3593750000000001 0.6796875
1 0.9921875 0.06250000000000006 7.654042494670958e-18 0.0625 6.458098354878621e-17 0.9921875 0.9921875 0.9921875