1 0.12968750000000007 0.25 3.061616997868383e-17 0.25 5.807504742831589e-17 0.6984375 0.1296875000000001 0.6984375
1 0.446875 0.12500000000000003 0.010937500000000017 0.125 0.010937500000000027 0.32812500000000006 0.446875 0.3281250000000001
1 0.4546875 0.12031250000000002 0.015625000000000017 0.1203125 0.01562500000000005 0.6875 0.4546875 0.6875
1 0.2671875 0.06875 8.419446744138053e-18 0.06875 1.798699986247675e-17 0.225 0.2671875 0.225
1 0.4578125 0.026562500000000044 0.2484375 0.026562500000000034 0.2484375 0.17187500000000006 0.4578125 0.17187500000000006
1 0.4546875 4.25756113766072e-17 0.240625 2.9468063604483184e-17 0.240625 0.07812500000000004 0.4546875 0.07812500000000007
1 0.5375 6.075396230145071e-17 0.4546875 5.568315914873122e-17 0.4546875 0.07812500000000007 0.5375 0.07812500000000007
1 0.5421875 0.06718750000000005 0.45 0.06718750000000004 0.45 0.14062500000000006 0.5421875 0.14062500000000006
1 0.5421875 0.12968750000000004 0.4546875 0.12968750000000004 0.4546875 0.4171875 0.5421875 0.4171875
1 0.24375 1.492538286460837e-17 0 0 6.027558464553379e-18 0.09843750000000001 0.24375 0.09843750000000002
1 0.996875 0.4328125000000001 0.5265625 0.4328125 0.5265625 0.7546875000000001 0.996875 0.7546875000000002
1 0.996875 0.3750000000000001 0.534375 0.3750000000000001 0.534375 0.6718750000000001 0.996875 0.6718750000000002
1 0.996875 0.28593750000000007 0.534375 0.28593750000000007 0.534375 0.6093750000000001 0.996875 0.6093750000000002
1 0.996875 0.1984375000000001 0.534375 0.19843750000000004 0.534375 0.5156250000000001 0.996875 0.5156250000000002
1 0.996875 0.1765625000000001 0.5390625 0.17656250000000004 0.5390625 0.4375000000000001 0.996875 0.43750000000000017
1 0.996875 0.020312500000000094 0.5390625 0.020312500000000067 0.5390625 0.2921875000000001 0.996875 0.2921875000000001
1 0.996875 9.40490471532694e-17 0.5390625 6.6016116516537e-17 0.5390625 0.15625000000000008 0.996875 0.15625000000000014