1 0.925 0.37343750000000003 4.573290390565898e-17 0.3734375 7.56793451660591e-17 0.8625 0.925 0.8625
1 0.9859375 0.12812500000000007 0.146875 0.128125 0.14687500000000003 0.5203125000000001 0.9859375 0.5203125000000002
0 0.90625 0.5078125000000002 0.75625 0.5078125000000002 0.75625 0.6500000000000001 0.90625 0.6500000000000001
0 0.8796875 0.6359375 0.7109375 0.6359375 0.7109375000000001 0.7906250000000001 0.8796875 0.7906250000000001
0 0.7156250000000001 0.6 0.55625 0.6 0.5562500000000001 0.7515625 0.7156250000000002 0.7515625
0 0.7546875 0.4750000000000001 0.6046875 0.475 0.6046875 0.6093750000000001 0.7546875 0.6093750000000002
0 0.621875 0.4578125 0.471875 0.4578125 0.471875 0.5828125 0.621875 0.5828125
0 0.5609375 0.565625 0.4140625 0.565625 0.4140625 0.7078125 0.5609375 0.7078125
0 0.421875 0.534375 0.2796875000000001 0.534375 0.2796875000000001 0.671875 0.421875 0.671875
0 0.48125 0.4265625 0.3343750000000001 0.4265625 0.3343750000000001 0.55625 0.48125 0.55625
0 0.3421875000000001 0.4046875 0.2093750000000001 0.4046875 0.2093750000000001 0.5109375 0.3421875000000001 0.5109375
0 0.2843750000000001 0.50625 0.15625000000000006 0.50625 0.15625000000000006 0.6359375 0.2843750000000001 0.6359375
0 0.22656250000000008 0.378125 0.09375000000000004 0.378125 0.09375000000000006 0.5015625 0.22656250000000008 0.5015625
0 0.16093750000000007 0.4765625 0.023437500000000062 0.4765625 0.023437500000000066 0.5921875 0.1609375000000001 0.5921875