1 0.9921875 0.7343750000000001 8.993499931238375e-17 0.734375 1.0572146195764259e-16 0.9921875 0.9921875 0.9921875
1 0.4453125000000001 0.640625 7.845393557037732e-17 0.640625 8.51512227532144e-17 0.75 0.44531250000000017 0.75
1 0.9921875 0.6484375000000001 0.453125 0.6484375 0.453125 0.7109375000000001 0.9921875 0.7109375000000002
1 0.9921875 0.7187500000000001 0.6328125 0.71875 0.6328125000000001 0.9140625 0.9921875 0.9140625
1 0.25000000000000006 0.3203125 3.922696778518866e-17 0.3203125 5.836207402186604e-17 0.6328125 0.2500000000000001 0.6328125
1 0.8515625 0.3281250000000001 0.4296875 0.3281250000000001 0.4296875 0.4453125000000001 0.8515625 0.44531250000000017
1 0.9921875 0.3125000000000001 0.8125 0.3125000000000001 0.8125 0.48437500000000017 0.9921875 0.48437500000000017
1 0.9921875 0.47656250000000017 0.8125 0.47656250000000017 0.8125 0.6718750000000002 0.9921875 0.6718750000000002
1 0.8046875 0.4765625000000001 0.6328125 0.4765625 0.6328125 0.5859375000000001 0.8046875 0.5859375000000002
1 0.859375 0.5703125000000001 0.640625 0.5703125 0.640625 0.6484375000000001 0.859375 0.6484375000000002
1 0.640625 0.4609375 0.22656250000000008 0.4609375 0.22656250000000008 0.6484375 0.640625 0.6484375
1 0.59375 0.35937500000000006 0.2421875 0.359375 0.24218750000000006 0.4453125 0.59375 0.4453125
1 0.296875 0.21875 2.6789148731348354e-17 0.21875 3.3964813570102376e-17 0.3359375 0.296875 0.3359375
1 0.40625 0.28906250000000006 0.234375 0.2890625 0.23437500000000006 0.40625 0.40625 0.40625
1 0.8125 0.23437500000000006 0.3046875 0.234375 0.3046875 0.32031250000000006 0.8125 0.3203125000000001
1 0.921875 0.2812500000000001 0.796875 0.2812500000000001 0.796875 0.3125000000000001 0.921875 0.3125000000000001
1 0.9921875 0.2656250000000001 0.921875 0.2656250000000001 0.921875 0.3281250000000001 0.9921875 0.3281250000000001
1 0.9921875 0.21093750000000006 0.265625 0.2109375 0.265625 0.27343750000000006 0.9921875 0.2734375000000001
1 0.2578125 0.15625000000000003 0.03125000000000002 0.15625 0.03125000000000002 0.2265625 0.2578125 0.2265625
1 0.9921875 0.14843750000000008 0.1953125 0.14843750000000006 0.19531250000000003 0.23437500000000006 0.9921875 0.23437500000000008
1 0.9921875 0.023437500000000062 2.8702659355016093e-18 0.0234375 1.0045930774255636e-17 0.14062500000000006 0.9921875 0.14062500000000014
1 0.9921875 6.362422823695233e-17 0.046875 5.7405318710032185e-18 0.04687500000000001 0.06250000000000006 0.9921875 0.06250000000000011
1 0.9921875 0.84375 1.0332957367805792e-16 0.84375 1.1241874914047968e-16 0.9921875 0.9921875 0.9921875
1 0.9921875 6.075396230145073e-17 0 0 6.075396230145073e-17 0.9921875 0.9921875 0.9921875