1 0.996875 0.7625000000000001 0.5187500000000002 0.7625 0.5187500000000002 0.9953125 0.996875 0.9953125
1 0.9765625 0.8546875 0.815625 0.8546875 0.815625 0.99375 0.9765625 0.99375
1 0.6453125000000002 0.796875 0.5390625000000002 0.796875 0.5390625000000002 0.99375 0.6453125000000002 0.99375
1 0.8359375 0.8953125 0.5671875000000002 0.8953125 0.5671875000000002 0.99375 0.8359375 0.99375
1 0.42656250000000007 0.6984375 0.11562500000000009 0.6984375 0.11562500000000012 0.9953125 0.4265625000000002 0.9953125
1 0.1984375000000001 0.6984375 8.553392487794795e-17 0.6984375 1.0371227580279148e-16 0.9953125 0.19843750000000013 0.9953125
1 0.18750000000000008 0.5640625 6.907773351440539e-17 0.5640625 8.0845823849962e-17 0.75625 0.18750000000000008 0.75625
1 0.15000000000000008 0.471875 5.778802083476573e-17 0.471875 6.917340904558878e-17 0.6578125 0.15000000000000008 0.6578125
1 0.12656250000000008 0.2734375 3.348643591418544e-17 0.2734375 5.0516680464828325e-17 0.5515625 0.12656250000000008 0.5515625
1 0.6375000000000001 0.4125 0.478125 0.4125 0.4781250000000001 0.925 0.6375000000000002 0.925
1 0.996875 0.1750000000000001 0.896875 0.1750000000000001 0.896875 0.6921875000000002 0.996875 0.6921875000000002
1 0.8015625 0.6046875 0.70625 0.6046875 0.70625 0.7437500000000001 0.8015625 0.7437500000000001
1 0.996875 0.02343750000000011 0.821875 0.0234375000000001 0.821875 0.6156250000000002 0.996875 0.6156250000000002
1 0.8390625 0.0921875000000001 0.734375 0.09218750000000009 0.734375 0.5875000000000001 0.8390625 0.5875000000000001
1 0.84375 0.22656250000000008 0.765625 0.22656250000000008 0.765625 0.5875000000000001 0.84375 0.5875000000000001
1 0.85 0.3437500000000001 0.7921875 0.3437500000000001 0.7921875 0.5937500000000002 0.85 0.5937500000000002
1 0.91875 1.0639119067592632e-16 0.81875 1.0026795668018954e-16 0.81875 0.16875000000000012 0.91875 0.16875000000000012
1 0.509375 0.16250000000000003 0.02031250000000002 0.1625 0.020312500000000032 0.37812500000000004 0.509375 0.3781250000000001
1 0.484375 0.33125000000000004 0.12031250000000004 0.33125 0.12031250000000004 0.540625 0.484375 0.540625
1 0.48125 0.4703125 0.14687500000000003 0.4703125 0.14687500000000006 0.6515625 0.48125 0.6515625
1 0.48125000000000007 0.615625 0.18750000000000008 0.615625 0.1875000000000001 0.91875 0.4812500000000002 0.91875
1 0.590625 6.228477080038491e-17 0.4265625 5.223884002612928e-17 0.4265625 0.07500000000000005 0.590625 0.07500000000000007
1 0.590625 0.05781250000000006 0.4328125 0.057812500000000044 0.4328125 0.16250000000000006 0.590625 0.1625000000000001
1 0.6984375 7.864528663274409e-17 0.5859375 7.175664838754022e-17 0.5859375 0.15625000000000008 0.6984375 0.15625000000000008
1 0.6796875 0.1687500000000001 0.5703125 0.1687500000000001 0.5703125 0.2843750000000001 0.6796875 0.2843750000000001
1 0.65625 0.2906250000000001 0.5671875 0.2906250000000001 0.5671875 0.4359375 0.65625 0.4359375
1 0.5703125 0.15156250000000007 0.484375 0.15156250000000004 0.484375 0.5 0.5703125 0.5
1 0.7953125 8.821283975108278e-17 0.6453125 7.902798875747763e-17 0.6453125 0.628125 0.7953125 0.6281250000000002
1 0.2796875 1.7795648800109975e-17 0.0109375 1.3394574365674175e-18 0.010937500000000013 0.19843750000000002 0.2796875 0.19843750000000004
1 0.4296875 0.12187500000000004 0.290625 0.12187500000000004 0.290625 0.21562500000000004 0.4296875 0.2156250000000001
1 0.4609375 4.5158850718558645e-17 0.2765625 3.386913803891899e-17 0.2765625 0.13437500000000005 0.4609375 0.13437500000000005