1 0.746875 0.17812500000000003 0.03906250000000002 0.178125 0.03906250000000005 0.6218750000000001 0.746875 0.6218750000000002
1 0.8984375 0.28437500000000004 0.11093750000000005 0.284375 0.11093750000000006 0.884375 0.8984375 0.884375
1 0.7734375 0.2890625000000001 0.6 0.2890625000000001 0.6 0.4125000000000001 0.7734375 0.4125000000000002
1 0.7734375 0.2843750000000001 0.7109375 0.2843750000000001 0.7109375 0.33281250000000007 0.7734375 0.33281250000000007
1 0.4796875 0.3609375 0.2984375 0.3609375 0.2984375 0.48125 0.4796875 0.48125
1 0.3656250000000001 0.38750000000000007 0.18750000000000006 0.3875 0.18750000000000006 0.5921875 0.3656250000000001 0.5921875
5 0.4796875 0.3203125000000001 0.4046875 0.3203125000000001 0.4046875 0.3734375000000001 0.4796875 0.3734375000000001
5 0.5375 0.3781250000000001 0.4484375 0.3781250000000001 0.4484375 0.43125 0.5375 0.43125
5 0.5203125 0.3281250000000001 0.4625 0.3281250000000001 0.4625 0.4 0.5203125 0.4
5 0.5640625 0.32500000000000007 0.5109375 0.32500000000000007 0.5109375 0.3906250000000001 0.5640625 0.3906250000000001
5 0.640625 0.3296875000000001 0.5421875 0.3296875000000001 0.5421875 0.41875 0.640625 0.41875
5 0.946875 0.2093750000000001 0.778125 0.2093750000000001 0.778125 0.38750000000000007 0.946875 0.38750000000000007