1 0.9640625 0.5625000000000001 0.6296875 0.5625 0.6296875000000001 0.9234375 0.9640625 0.9234375
1 0.6734375000000001 0.5796875 0.3125000000000001 0.5796875 0.3125000000000001 0.978125 0.6734375000000001 0.978125
1 0.884375 0.4859375000000001 0.571875 0.4859375 0.571875 0.6390625000000001 0.884375 0.6390625000000002
1 0.6875 0.4421875 0.4390625 0.4421875 0.4390625 0.584375 0.6875 0.584375
1 0.5281250000000001 0.5078125 0.2296875000000001 0.5078125 0.2296875000000001 0.8421875 0.5281250000000002 0.8421875
1 0.25 0.06093750000000001 0.065625 0.0609375 0.06562500000000002 0.2359375 0.25 0.2359375
1 0.5640625 0.32812500000000006 0.2796875 0.328125 0.27968750000000003 0.4640625 0.5640625 0.4640625
1 0.4359375 0.459375 0.19687500000000005 0.459375 0.19687500000000008 0.7109375 0.4359375 0.7109375
1 0.3234375000000001 0.415625 0.10937500000000004 0.415625 0.10937500000000007 0.634375 0.3234375000000001 0.634375
1 0.18593750000000006 0.4703125 5.759666977239896e-17 0.4703125 7.730582919617668e-17 0.7921875 0.1859375000000001 0.7921875
1 0.15625000000000006 0.234375 2.870265935501609e-17 0.234375 5.922315380251653e-17 0.7328125 0.15625000000000008 0.7328125
1 0.24843750000000003 0.234375 0.12812500000000004 0.234375 0.12812500000000004 0.4265625 0.2484375000000001 0.4265625