1 0.921875 0.14843750000000008 0.453125 0.14843750000000006 0.453125 0.5703125000000001 0.921875 0.5703125000000002
1 0.9921875 0.07031250000000011 0.84375 0.07031250000000011 0.84375 0.3750000000000001 0.9921875 0.3750000000000001
1 0.8046875 0.07812500000000006 0.21875 0.07812500000000003 0.21875 0.23437500000000006 0.8046875 0.23437500000000008
1 0.9921875 9.32836429038023e-17 0.53125 6.505936120470313e-17 0.53125 0.14843750000000008 0.9921875 0.14843750000000014
1 0.3671875 3.157292529051769e-17 0.1484375 1.8178350924843523e-17 0.1484375 0.17187500000000003 0.3671875 0.17187500000000006
1 0.5234375 5.357829746269671e-17 0.3515625 4.305398903252414e-17 0.3515625 0.09375000000000006 0.5234375 0.09375000000000007
1 0.14843750000000003 9.089175462421763e-18 0 0 2.0091861548511263e-17 0.328125 0.14843750000000006 0.328125
1 0.2109375 0.14843750000000003 0.1484375 0.1484375 0.14843750000000003 0.296875 0.2109375 0.296875
1 0.32031250000000006 0.2578125 0.14843750000000006 0.2578125 0.14843750000000006 0.390625 0.3203125000000001 0.390625
1 0.453125 0.24218750000000006 0.17187500000000006 0.2421875 0.17187500000000006 0.5390625 0.453125 0.5390625
1 0.6640625 0.5 0.17187500000000006 0.5 0.17187500000000006 0.7109375 0.6640625 0.7109375
1 0.9921875 0.3671875000000001 0.765625 0.3671875000000001 0.7656250000000001 0.9375 0.9921875 0.9375
1 0.8515625 0.5625000000000001 0.640625 0.5625 0.640625 0.7031250000000001 0.8515625 0.7031250000000002
1 0.7968750000000001 0.6328125000000001 0.515625 0.6328125 0.5156250000000001 0.8984375 0.7968750000000002 0.8984375
1 0.9140625 0.8984375 0.7578125000000002 0.8984375 0.7578125000000002 0.9921875 0.9140625 0.9921875
1 0.9921875 0.9296875 0.9140625 0.9296875 0.9140625 0.9921875 0.9921875 0.9921875
1 0.7109375000000001 0.71875 0.2968750000000001 0.71875 0.2968750000000001 0.9921875 0.7109375000000002 0.9921875
1 0.3750000000000001 0.5546875 0.15625000000000008 0.5546875 0.15625000000000008 0.84375 0.3750000000000001 0.84375
1 0.2656250000000001 0.484375 0.015625000000000062 0.484375 0.015625000000000076 0.7890625 0.2656250000000001 0.7890625
1 0.21093750000000006 0.3515625 0.007812500000000045 0.3515625 0.007812500000000059 0.59375 0.21093750000000008 0.59375
1 0.16406250000000006 0.2890625 3.539994653785318e-17 0.2890625 4.7837765591693485e-17 0.4921875 0.16406250000000006 0.4921875
1 0.21093750000000008 0.4765625 5.836207402186604e-17 0.4765625 7.701880260262651e-17 0.78125 0.21093750000000008 0.78125
1 0.2500000000000001 0.7734375 9.47187758715531e-17 0.7734375 1.0811335023722728e-16 0.9921875 0.2500000000000001 0.9921875
1 0.2968750000000001 0.8359375 0.05468750000000011 0.8359375 0.05468750000000011 0.9921875 0.2968750000000001 0.9921875
1 0.3515625000000001 0.9140625 0.20312500000000008 0.9140625 0.20312500000000008 0.9921875 0.3515625000000001 0.9921875
1 0.9921875 6.075396230145073e-17 0 0 6.075396230145073e-17 0.9921875 0.9921875 0.9921875