1 0.4375000000000001 0.5390625 6.6016116516537e-17 0.5390625 9.376202055971923e-17 0.9921875 0.43750000000000017 0.9921875
1 0.5312500000000001 0.5625 0.08593750000000007 0.5625 0.08593750000000008 0.9921875 0.5312500000000002 0.9921875
1 0.5859375000000001 0.5 0.04687500000000007 0.5 0.0468750000000001 0.9921875 0.5859375000000002 0.9921875
1 0.859375 0.4140625000000001 5.070803152719509e-17 0.4140625 8.610797806504827e-17 0.9921875 0.859375 0.9921875
1 0.96875 0.08593750000000006 1.0524308430172567e-17 0.0859375 6.601611651653701e-17 0.9921875 0.96875 0.9921875
1 0.29687500000000006 1.8178350924843526e-17 0 0 2.5354015763597545e-17 0.4140625 0.2968750000000001 0.4140625
1 0.4296875 3.3964813570102376e-17 0.125 1.5308084989341915e-17 0.125 0.16406250000000003 0.4296875 0.16406250000000006
1 0.9921875 0.11718750000000008 0.328125 0.11718750000000004 0.32812500000000006 0.9921875 0.9921875 0.9921875
1 0.9921875 9.47187758715531e-17 0.5546875 6.792962714020475e-17 0.5546875 0.20312500000000008 0.9921875 0.20312500000000008
1 0.9921875 0.1484375000000001 0.8515625 0.14843750000000008 0.8515625 0.49218750000000017 0.9921875 0.49218750000000017
1 0.9921875 6.075396230145073e-17 0 0 6.075396230145073e-17 0.9921875 0.9921875 0.9921875