1 0.89375 0.035937500000000094 0.64375 0.03593750000000008 0.64375 0.3187500000000001 0.89375 0.3187500000000001
1 0.925 0.36406250000000007 0.7453125 0.36406250000000007 0.7453125 0.5500000000000002 0.925 0.5500000000000002
1 0.8859375 0.6718750000000001 0.6984375 0.671875 0.6984375 0.9546875 0.8859375 0.9546875
1 0.5640625 0.13750000000000007 0.4 0.13750000000000004 0.4 0.37968750000000007 0.5640625 0.37968750000000007
1 0.646875 0.19687500000000008 0.4859375 0.19687500000000005 0.4859375 0.425 0.646875 0.425
1 0.646875 0.3687500000000001 0.5609375 0.3687500000000001 0.5609375 0.540625 0.646875 0.540625
1 0.56875 0.37968750000000007 0.4 0.37968750000000007 0.4 0.6109375 0.56875 0.6109375
1 0.478125 0.32343750000000004 0.3171875 0.3234375 0.31718750000000007 0.540625 0.478125 0.540625
1 0.2468750000000001 0.6515625 0.03593750000000008 0.6515625 0.035937500000000094 0.9234375 0.2468750000000001 0.9234375
1 0.20781250000000004 0.3328125 0.04687500000000004 0.3328125 0.046875000000000056 0.5609375 0.2078125000000001 0.5609375
1 0.3765625 0.03125000000000002 0.03125 0.03125 0.031250000000000014 0.30937500000000007 0.3765625 0.30937500000000007