2 0.984375 0.5843750000000002 0.8328125 0.5843750000000002 0.8328125 0.98125 0.984375 0.98125
2 0.9875 0.09375000000000011 0.8359375 0.09375000000000011 0.8359375 0.4906250000000002 0.9875 0.4906250000000002
2 0.8203125 0.0937500000000001 0.66875 0.09375000000000008 0.66875 0.4906250000000001 0.8203125 0.4906250000000002
2 0.65 0.09375000000000008 0.4984375 0.09375000000000007 0.4984375 0.484375 0.65 0.484375
2 0.4859375 0.09375000000000006 0.328125 0.09375000000000004 0.32812500000000006 0.478125 0.4859375 0.478125
2 0.31875000000000003 0.08125000000000003 0.1640625 0.08125000000000002 0.16406250000000003 0.484375 0.3187500000000001 0.484375
2 0.15468750000000003 0.08125000000000002 0.006250000000000011 0.08125 0.006250000000000035 0.484375 0.15468750000000003 0.484375
2 0.3156250000000001 0.578125 0.1703125000000001 0.578125 0.17031250000000012 0.98125 0.3156250000000001 0.98125
2 0.4828125000000001 0.590625 0.3343750000000001 0.590625 0.3343750000000001 0.9875 0.4828125000000002 0.9875
2 0.6500000000000001 0.578125 0.4984375 0.578125 0.4984375000000001 0.98125 0.6500000000000001 0.98125
2 0.8203125 0.5906250000000001 0.66875 0.590625 0.6687500000000001 0.98125 0.8203125 0.98125
2 0.15468750000000012 0.584375 0.006250000000000072 0.584375 0.006250000000000096 0.975 0.15468750000000014 0.975
3 0.978125 0.5156250000000002 0.8421875 0.5156250000000002 0.8421875 0.5906250000000002 0.978125 0.5906250000000002
3 0.98125 0.025000000000000112 0.8453125 0.0250000000000001 0.8453125 0.10156250000000011 0.98125 0.10156250000000014
3 0.8109375 0.5093750000000001 0.675 0.509375 0.675 0.5843750000000001 0.8109375 0.5843750000000002
3 0.8109375 0.025000000000000088 0.678125 0.025000000000000078 0.678125 0.09375000000000008 0.8109375 0.09375000000000008
3 0.640625 0.01250000000000007 0.5078125 0.012500000000000061 0.5078125 0.08750000000000008 0.640625 0.08750000000000009
3 0.6375 0.509375 0.5078125 0.509375 0.5078125 0.584375 0.6375 0.584375
3 0.4734375 0.509375 0.3375000000000001 0.509375 0.3375000000000001 0.578125 0.4734375 0.578125
3 0.4703125 0.01250000000000005 0.340625 0.012500000000000044 0.340625 0.08750000000000005 0.4703125 0.08750000000000006
3 0.309375 0.01875000000000003 0.1734375 0.018750000000000024 0.1734375 0.08125000000000003 0.309375 0.08125000000000004
3 0.30937500000000007 0.509375 0.17656250000000004 0.509375 0.17656250000000007 0.578125 0.30937500000000007 0.578125
3 0.1453125 0.006250000000000008 0.009375 0.00625 0.009375000000000005 0.08125000000000002 0.1453125 0.08125000000000002
3 0.14531250000000007 0.509375 0.012500000000000061 0.509375 0.012500000000000067 0.584375 0.1453125000000001 0.584375