2 0.9328125 0.5906250000000001 0.6578125 0.590625 0.6578125000000001 0.840625 0.9328125 0.840625
2 0.6453125000000001 0.5828125 0.3656250000000001 0.5828125 0.3656250000000001 0.840625 0.6453125000000002 0.840625
2 0.9375 0.16093750000000012 0.6625 0.1609375000000001 0.6625 0.41875000000000007 0.9375 0.4187500000000002
2 0.6359375 0.16093750000000007 0.3515625 0.16093750000000004 0.35156250000000006 0.41875 0.6359375 0.41875
2 0.32500000000000007 0.16406250000000003 0.04843750000000002 0.1640625 0.048437500000000036 0.421875 0.32500000000000007 0.421875
2 0.33281250000000007 0.578125 0.05312500000000007 0.578125 0.05312500000000009 0.840625 0.33281250000000007 0.840625
3 0.925 0.4984375000000001 0.671875 0.4984375 0.671875 0.5906250000000001 0.925 0.5906250000000002
3 0.621875 0.49375 0.3781250000000001 0.49375 0.3781250000000001 0.5953125 0.621875 0.5953125
3 0.3156250000000001 0.50625 0.07031250000000007 0.50625 0.07031250000000007 0.5953125 0.3156250000000001 0.5953125
3 0.30625 0.07968750000000002 0.0625 0.0796875 0.06250000000000001 0.17343750000000002 0.30625 0.17343750000000005
3 0.6171875 0.07187500000000005 0.3734375 0.07187500000000005 0.3734375 0.16875000000000007 0.6171875 0.1687500000000001
3 0.915625 0.0750000000000001 0.6703125 0.0750000000000001 0.6703125 0.1734375000000001 0.915625 0.17343750000000013