2 0.9953125 0.12031250000000011 0.69375 0.12031250000000009 0.6937500000000001 0.83125 0.9953125 0.83125
2 0.76875 0.5281250000000001 0.56875 0.528125 0.5687500000000001 0.83125 0.7687500000000002 0.83125
2 0.64375 0.29375000000000007 0.346875 0.29375 0.34687500000000004 0.83125 0.6437500000000002 0.83125
2 0.4625000000000001 0.671875 0.2890625000000001 0.671875 0.2890625000000001 0.8359375 0.4625000000000002 0.8359375
2 0.3109375000000001 0.4265625 0.06718750000000004 0.4265625 0.06718750000000008 0.8359375 0.3109375000000001 0.8359375
2 0.18750000000000008 0.7421875 0.05312500000000009 0.7421875 0.0531250000000001 0.8359375 0.18750000000000008 0.8359375
5 0.4359375 0.5828125 0.3109375000000001 0.5828125 0.3109375000000001 0.675 0.4359375 0.675
5 0.56875 0.21250000000000008 0.4171875 0.21250000000000008 0.4171875 0.2890625000000001 0.56875 0.2890625000000001
5 0.959375 0.04062500000000011 0.8046875 0.0406250000000001 0.8046875 0.1250000000000001 0.959375 0.12500000000000014
5 0.24375000000000005 0.3515625 0.12031250000000004 0.3515625 0.12031250000000004 0.43125 0.24375000000000008 0.43125
5 0.17343750000000008 0.6578125 0.0671875000000001 0.6578125 0.0671875000000001 0.7375 0.17343750000000008 0.7375