2 0.7109375000000001 0.5609375 0.35625000000000007 0.5609375 0.35625000000000007 0.934375 0.7109375000000002 0.934375
2 0.9328125 0.3156250000000001 0.515625 0.3156250000000001 0.5156250000000001 0.7859375000000001 0.9328125 0.7859375000000002
2 0.5156250000000001 0.23125000000000004 0.057812500000000024 0.23125 0.05781250000000006 0.7328125 0.5156250000000002 0.7328125
3 0.6984375 0.4453125 0.35625000000000007 0.4453125 0.35625000000000007 0.609375 0.6984375 0.609375
3 0.925 0.20468750000000008 0.515625 0.20468750000000008 0.515625 0.3546875000000001 0.925 0.3546875000000001
3 0.5640625 0.09843750000000004 0.06718750000000002 0.0984375 0.06718750000000004 0.28437500000000004 0.5640625 0.2843750000000001
0 0.25000000000000006 0.3375 0.12968750000000004 0.3375 0.12968750000000004 0.4359375 0.2500000000000001 0.4359375
0 0.39531250000000007 0.37812500000000004 0.23593750000000008 0.378125 0.23593750000000008 0.4703125 0.39531250000000007 0.4703125
0 0.5328125 0.3515625000000001 0.3828125 0.3515625000000001 0.38281250000000006 0.4265625 0.5328125 0.4265625
0 0.4453125 0.31562500000000004 0.325 0.315625 0.32500000000000007 0.38281250000000006 0.4453125 0.3828125000000001
0 0.5015625 0.3109375000000001 0.4265625 0.3109375000000001 0.4265625 0.3515625000000001 0.5015625 0.3515625000000001
0 0.32812500000000006 0.325 0.23125 0.325 0.23125000000000004 0.3828125 0.3281250000000001 0.3828125
0 0.20000000000000004 0.30625 0.09843750000000004 0.30625 0.09843750000000004 0.3828125 0.2000000000000001 0.3828125
0 0.14687500000000003 0.4046875 0.09375000000000004 0.4046875 0.09375000000000006 0.5015625 0.14687500000000003 0.5015625
0 0.2796875000000001 0.4359375 0.13750000000000004 0.4359375 0.13750000000000004 0.525 0.2796875000000001 0.525
0 0.3734375000000001 0.4453125 0.2890625000000001 0.4453125 0.2890625000000001 0.5109375 0.3734375000000001 0.5109375
0 0.3296875000000001 0.5078125 0.19218750000000004 0.5078125 0.19218750000000007 0.5875 0.3296875000000001 0.5875
0 0.2453125000000001 0.5421875 0.15625000000000006 0.5421875 0.15625000000000006 0.6171875 0.2453125000000001 0.6171875
0 0.35625000000000007 0.56875 0.23593750000000008 0.56875 0.23593750000000008 0.653125 0.35625000000000007 0.653125
0 0.3609375000000001 0.515625 0.3343750000000001 0.515625 0.3343750000000001 0.5734375 0.3609375000000001 0.5734375
0 0.35625000000000007 0.6359375 0.2796875000000001 0.6359375 0.2796875000000001 0.70625 0.35625000000000007 0.70625
0 0.2796875000000001 0.6234375 0.2000000000000001 0.6234375 0.2000000000000001 0.703125 0.2796875000000001 0.703125
0 0.1906250000000001 0.56875 0.08906250000000007 0.56875 0.08906250000000007 0.6890625 0.1906250000000001 0.6890625
0 0.18750000000000006 0.4890625 0.09843750000000007 0.4890625 0.09843750000000007 0.5640625 0.18750000000000008 0.5640625
0 0.6937500000000001 0.621875 0.3687500000000001 0.621875 0.3687500000000001 0.90625 0.6937500000000002 0.90625