2 0.9046875 0.3859375000000001 0.728125 0.3859375000000001 0.728125 0.6343750000000001 0.9046875 0.6343750000000001
2 0.7125 0.34843750000000007 0.575 0.34843750000000007 0.575 0.646875 0.7125 0.646875
2 0.565625 0.2671875000000001 0.453125 0.2671875000000001 0.453125 0.6265625 0.565625 0.6265625
2 0.4375 0.3921875 0.3234375000000001 0.3921875 0.3234375000000001 0.634375 0.4375 0.634375
2 0.31718750000000007 0.428125 0.22031250000000008 0.428125 0.22031250000000008 0.609375 0.31718750000000007 0.609375
2 0.2140625000000001 0.478125 0.08593750000000007 0.478125 0.08593750000000007 0.628125 0.2140625000000001 0.628125
3 0.9015625 0.3359375000000001 0.73125 0.3359375000000001 0.73125 0.4031250000000002 0.9015625 0.4031250000000002
3 0.7125 0.2921875000000001 0.575 0.2921875000000001 0.575 0.3421875000000001 0.7125 0.3421875000000001
3 0.565625 0.2296875000000001 0.45625 0.2296875000000001 0.45625 0.2796875000000001 0.565625 0.2796875000000001
3 0.43125 0.34218750000000003 0.3296875 0.3421875 0.3296875 0.37968750000000007 0.43125 0.37968750000000007
3 0.3125000000000001 0.3921875 0.2171875000000001 0.3921875 0.2171875000000001 0.4296875 0.3125000000000001 0.4296875
3 0.21093750000000008 0.428125 0.08906250000000004 0.428125 0.08906250000000006 0.484375 0.21093750000000008 0.484375