2 0.85 0.2968750000000001 0.703125 0.2968750000000001 0.7031250000000001 0.7656250000000001 0.85 0.7656250000000002
2 0.690625 0.3437500000000001 0.55625 0.3437500000000001 0.5562500000000001 0.75 0.6906250000000002 0.75
2 0.5453125000000001 0.4296875 0.434375 0.4296875 0.43437500000000007 0.75 0.5453125000000002 0.75
2 0.4281250000000001 0.4296875 0.32500000000000007 0.4296875 0.32500000000000007 0.7421875 0.4281250000000002 0.7421875
2 0.3203125000000001 0.4609375 0.21875000000000008 0.4609375 0.21875000000000008 0.75 0.3203125000000001 0.75
2 0.2156250000000001 0.5078125 0.12656250000000005 0.5078125 0.12656250000000008 0.7421875 0.2156250000000001 0.7421875
3 0.8375 0.24218750000000008 0.715625 0.24218750000000008 0.715625 0.2968750000000001 0.8375 0.2968750000000001
3 0.68125 0.2890625000000001 0.5671875 0.2890625000000001 0.5671875 0.3593750000000001 0.68125 0.3593750000000001
3 0.5359375 0.3671875000000001 0.446875 0.3671875000000001 0.446875 0.421875 0.5359375 0.421875
3 0.4140625 0.38281250000000006 0.34062500000000007 0.3828125 0.34062500000000007 0.4375 0.4140625 0.4375
3 0.30937500000000007 0.40625 0.23437500000000008 0.40625 0.23437500000000008 0.453125 0.30937500000000007 0.453125
3 0.2078125000000001 0.453125 0.13437500000000005 0.453125 0.13437500000000005 0.5078125 0.2078125000000001 0.5078125