2 0.6796875000000001 0.4140625 0.35625000000000007 0.4140625 0.35625000000000007 0.925 0.6796875000000002 0.925
2 0.9953125 0.1250000000000001 0.6453125 0.12500000000000008 0.6453125000000001 0.8265625 0.9953125 0.8265625
2 0.6625 0.2484375000000001 0.5953125 0.2484375000000001 0.5953125 0.4359375 0.6625 0.4359375
2 0.4796875 0.22656250000000006 0.2265625 0.2265625 0.22656250000000006 0.5296875 0.4796875 0.5296875
2 0.25781250000000006 0.16875 0.09843750000000002 0.16875 0.09843750000000004 0.4578125 0.2578125000000001 0.4578125
2 0.11093750000000002 0.1328125 1.6264840301175783e-17 0.1328125 3.2338329539984796e-17 0.3953125 0.11093750000000005 0.3953125
3 0.9953125 0.004687500000000104 0.6984375 0.004687500000000086 0.6984375 0.1250000000000001 0.9953125 0.12500000000000014
3 0.38750000000000007 0.546875 0.15625000000000008 0.546875 0.15625000000000008 0.84375 0.38750000000000007 0.84375
3 0.6625 0.2000000000000001 0.578125 0.2000000000000001 0.578125 0.2531250000000001 0.6625 0.2531250000000001
3 0.4796875 0.12031250000000004 0.221875 0.12031250000000004 0.221875 0.24843750000000003 0.4796875 0.2484375000000001
3 0.6625 0.07656250000000006 0.4265625 0.07656250000000005 0.4265625 0.18750000000000006 0.6625 0.18750000000000008
3 0.7328125 0.004687500000000076 0.5109375 0.004687500000000062 0.5109375 0.09375000000000008 0.7328125 0.09375000000000008
3 0.6 6.065828677026733e-17 0.390625 4.7837765591693485e-17 0.390625 0.03593750000000006 0.6 0.03593750000000008
3 0.5375 0.03125000000000005 0.284375 0.031250000000000035 0.284375 0.12500000000000006 0.5375 0.12500000000000006
3 0.3421875 0.06718750000000004 0.09375 0.06718750000000002 0.09375000000000001 0.19062500000000002 0.3421875 0.19062500000000004
3 0.4 3.482589335075286e-17 0.16875 2.0665914735611586e-17 0.16875 0.07500000000000004 0.4 0.07500000000000004
3 0.2 0.021875000000000012 2.678914873134835e-18 0.021875 1.0045930774255633e-17 0.14218750000000002 0.2 0.14218750000000005