2 0.9625 0.0750000000000001 0.7890625 0.0750000000000001 0.7890625000000001 0.7531250000000002 0.9625 0.7531250000000002
2 0.7515625000000001 0.06406250000000008 0.5453125 0.06406250000000006 0.5453125000000001 0.871875 0.7515625000000001 0.871875
2 0.940625 0.5078125000000002 0.7859375 0.5078125000000002 0.7859375 0.6734375000000001 0.940625 0.6734375000000001
2 0.7937500000000001 0.07031250000000008 0.615625 0.07031250000000007 0.6156250000000001 0.7437500000000001 0.7937500000000002 0.7437500000000001
2 0.78125 0.5234375000000001 0.7078125 0.5234375 0.7078125 0.6796875000000001 0.78125 0.6796875000000002
2 0.5921875000000001 0.07500000000000005 0.4265625 0.07500000000000004 0.42656250000000007 0.7640625 0.5921875000000002 0.7640625
2 0.5921875 0.5125 0.4484375 0.5125 0.4484375 0.66875 0.5921875 0.66875
2 0.4453125000000001 0.05937500000000003 0.240625 0.059375000000000025 0.24062500000000003 0.8828125 0.44531250000000017 0.8828125
2 0.4218750000000001 0.59375 0.2375000000000001 0.59375 0.2375000000000001 0.7640625 0.42187500000000017 0.7640625
2 0.421875 0.59375 0.28593750000000007 0.59375 0.28593750000000007 0.66875 0.421875 0.66875
2 0.24062500000000003 0.08593750000000001 0.04062500000000001 0.0859375 0.04062500000000006 0.78125 0.2406250000000001 0.78125
2 0.28437500000000004 0.09062500000000004 0.159375 0.09062500000000002 0.15937500000000004 0.690625 0.2843750000000001 0.690625