2 0.8375 0.5578125 0.6484375 0.5578125 0.6484375000000001 0.9953125 0.8375 0.9953125
2 0.996875 0.3890625000000001 0.840625 0.3890625000000001 0.840625 0.9953125 0.996875 0.9953125
2 0.596875 0.56875 0.3921875000000001 0.56875 0.3921875000000001 0.9953125 0.5968750000000002 0.9953125
2 0.2796875000000001 0.51875 0.06250000000000007 0.51875 0.06250000000000008 0.9953125 0.2796875000000001 0.9953125
2 0.4078125000000001 0.35625000000000007 0.2546875 0.35625 0.25468750000000007 0.9953125 0.4078125000000002 0.9953125
2 0.12343750000000006 0.09843750000000001 1.2055116929106758e-17 0.0984375 6.687719629718749e-17 0.99375 0.12343750000000013 0.99375
2 0.27656250000000004 0.30625 0.12031250000000004 0.30625 0.12031250000000004 0.525 0.2765625000000001 0.525
2 0.35625000000000007 0.10937500000000004 0.2546875 0.10937500000000004 0.25468750000000007 0.365625 0.35625000000000007 0.365625
2 0.4953125 0.09843750000000005 0.4 0.09843750000000004 0.4 0.4046875 0.4953125 0.4046875
2 0.5828125 0.26250000000000007 0.4265625 0.26250000000000007 0.4265625 0.584375 0.5828125 0.584375
2 0.6843750000000001 0.2406250000000001 0.5890625 0.2406250000000001 0.5890625 0.99375 0.6843750000000002 0.99375
2 0.865625 0.2250000000000001 0.7203125 0.2250000000000001 0.7203125 0.4875000000000001 0.865625 0.48750000000000016
2 0.9859375 0.1250000000000001 0.8578125 0.12500000000000008 0.8578125 0.4156250000000002 0.9859375 0.4156250000000002
3 0.81875 0.4640625000000001 0.6625 0.4640625 0.6625 0.5734375 0.81875 0.5734375000000002
3 0.84375 0.21875000000000008 0.7203125 0.21875000000000008 0.7203125 0.3000000000000001 0.84375 0.3000000000000001