2 0.875 0.58125 0.5734375 0.58125 0.5734375 0.7343750000000001 0.875 0.7343750000000002
2 0.95625 0.3812500000000001 0.765625 0.3812500000000001 0.765625 0.47656250000000017 0.95625 0.47656250000000017
2 0.8140625 0.2843750000000001 0.6171875 0.2843750000000001 0.6171875 0.3421875000000001 0.8140625 0.3421875000000001
2 0.4703125000000001 0.509375 0.026562500000000065 0.509375 0.026562500000000083 0.8546875 0.4703125000000002 0.8546875
2 0.5359375 0.4578125 0.2453125000000001 0.4578125 0.2453125000000001 0.6 0.5359375 0.6
2 0.6828125 0.4359375 0.5515625 0.4359375 0.5515625 0.5421875 0.6828125 0.5421875
2 0.8140625 0.4515625000000001 0.671875 0.4515625 0.671875 0.55 0.8140625 0.5500000000000002
2 0.628125 0.3968750000000001 0.503125 0.3968750000000001 0.503125 0.4546875 0.628125 0.4546875
2 0.60625 0.3281250000000001 0.540625 0.3281250000000001 0.540625 0.3609375000000001 0.60625 0.3609375000000001
2 0.4421875 0.24375000000000005 0.3390625 0.24375 0.3390625 0.34218750000000003 0.4421875 0.3421875000000001
2 0.35 0.2953125 0.2234375 0.2953125 0.2234375 0.334375 0.35 0.334375
2 0.25625000000000003 0.315625 0.13125000000000003 0.315625 0.13125000000000003 0.4 0.2562500000000001 0.4
2 0.2234375000000001 0.41875 0.08750000000000005 0.41875 0.08750000000000005 0.4578125 0.2234375000000001 0.4578125
2 0.4703125 0.38125000000000003 0.3062500000000001 0.38125 0.3062500000000001 0.44375 0.4703125 0.44375