2 0.7734375000000001 0.21093750000000006 0.20625 0.2109375 0.20625000000000004 0.8421875 0.7734375000000002 0.8421875
2 0.9953125 0.20468750000000008 0.8765625 0.20468750000000008 0.8765625 0.4125000000000002 0.9953125 0.4125000000000002
2 0.8875 0.18906250000000008 0.815625 0.18906250000000008 0.815625 0.4078125000000002 0.8875 0.4078125000000002
2 0.8296875 0.2078125000000001 0.753125 0.2078125000000001 0.753125 0.39531250000000007 0.8296875 0.39531250000000007
2 0.55625 0.012500000000000063 0.4796875 0.012500000000000061 0.4796875 0.08906250000000007 0.55625 0.08906250000000007
2 0.6328125 7.156529732517345e-17 0.5359375 6.563341439180346e-17 0.5359375 0.06875000000000006 0.6328125 0.06875000000000006
2 0.70625 8.208960575534602e-17 0.634375 7.768853132091022e-17 0.634375 0.05000000000000008 0.70625 0.050000000000000086
2 0.7734375 9.031770143711729e-17 0.7015625 8.591662700268149e-17 0.7015625 0.0390625000000001 0.7734375 0.0390625000000001
2 0.99375 8.792581315753263e-17 0.4421875 5.415235064979703e-17 0.4421875 0.1609375000000001 0.99375 0.16093750000000012
2 0.9953125 0.48125000000000007 5.893612720896637e-17 0.48125 9.050905249948406e-17 0.996875 0.9953125 0.996875
3 0.70625 0.15468750000000006 0.2890625 0.15468750000000003 0.2890625 0.23437500000000006 0.70625 0.23437500000000008