2 0.9015625 0.6140625000000002 0.7734375 0.6140625000000002 0.7734375000000001 0.8578125 0.9015625 0.8578125
2 0.7562500000000001 0.6531250000000001 0.640625 0.653125 0.6406250000000001 0.884375 0.7562500000000002 0.884375
2 0.6843750000000001 0.475 0.5828125 0.475 0.5828125000000001 0.8578125 0.6843750000000002 0.8578125
2 0.6171875000000001 0.5421875 0.4578125 0.5421875 0.45781250000000007 0.884375 0.6171875000000002 0.884375
2 0.5203125000000001 0.38281250000000006 0.3421875000000001 0.3828125 0.3421875000000001 0.8625 0.5203125000000002 0.8625
2 0.4312500000000001 0.578125 0.29375000000000007 0.578125 0.29375000000000007 0.884375 0.4312500000000002 0.884375
2 0.2484375000000001 0.609375 0.11093750000000009 0.609375 0.11093750000000009 0.8796875 0.2484375000000001 0.8796875
2 0.3203125000000001 0.559375 0.22656250000000008 0.559375 0.22656250000000008 0.8578125 0.3203125000000001 0.8578125
5 0.8890625 0.38750000000000007 0.778125 0.38750000000000007 0.778125 0.6265625000000001 0.8890625 0.6265625000000001
5 0.75625 0.4843750000000001 0.6578125 0.484375 0.6578125 0.6578125000000001 0.75625 0.6578125000000001
5 0.696875 0.2984375000000001 0.6046875 0.2984375000000001 0.6046875 0.4796875 0.696875 0.4796875
5 0.590625 0.3687500000000001 0.4890625 0.3687500000000001 0.4890625 0.546875 0.590625 0.546875
5 0.475 0.20468750000000008 0.3828125 0.20468750000000008 0.38281250000000006 0.3859375000000001 0.475 0.3859375000000001
5 0.4125 0.4046875 0.3156250000000001 0.4046875 0.3156250000000001 0.5859375 0.4125 0.5859375
5 0.31093750000000003 0.325 0.2 0.325 0.20000000000000004 0.5640625 0.3109375000000001 0.5640625
5 0.2406250000000001 0.43125 0.13281250000000006 0.43125 0.13281250000000006 0.6125 0.2406250000000001 0.6125