2 0.9640625 0.7109375000000002 0.746875 0.7109375000000002 0.7468750000000001 0.8578125 0.9640625 0.8578125
2 0.959375 0.4359375000000002 0.7421875 0.4359375000000002 0.7421875 0.6171875000000002 0.959375 0.6171875000000002
2 0.725 0.4359375 0.50625 0.4359375 0.50625 0.621875 0.725 0.621875
2 0.7296875 0.7109375000000001 0.5078125 0.7109375 0.5078125000000001 0.8984375 0.7296875000000002 0.8984375
2 0.4796875000000001 0.70625 0.2718750000000001 0.70625 0.2718750000000001 0.89375 0.47968750000000016 0.89375
2 0.24375000000000008 0.715625 0.03125000000000009 0.715625 0.0312500000000001 0.8984375 0.24375000000000008 0.8984375
2 0.4796875 0.440625 0.26250000000000007 0.440625 0.26250000000000007 0.621875 0.4796875 0.621875
2 0.2406250000000001 0.440625 0.031250000000000056 0.440625 0.03125000000000007 0.621875 0.2406250000000001 0.621875
2 0.24375 0.16406250000000003 0.03125000000000002 0.1640625 0.031250000000000035 0.3421875 0.24375 0.3421875
2 0.4796875 0.16406250000000006 0.271875 0.16406250000000006 0.271875 0.34687500000000004 0.4796875 0.3468750000000001
2 0.7296875 0.16406250000000006 0.5078125 0.16406250000000006 0.5078125 0.3468750000000001 0.7296875 0.3468750000000001
2 0.959375 0.1593750000000001 0.7421875 0.1593750000000001 0.7421875 0.3515625000000001 0.959375 0.3515625000000001
3 0.9421875 0.3734375000000001 0.75625 0.3734375000000001 0.75625 0.44843750000000016 0.9421875 0.44843750000000016
3 0.9375 0.6437500000000002 0.75625 0.6437500000000002 0.75625 0.7156250000000002 0.9375 0.7156250000000002
3 0.9421875 0.0984375000000001 0.75625 0.0984375000000001 0.75625 0.1734375000000001 0.9421875 0.17343750000000013
3 0.70625 0.09843750000000008 0.515625 0.09843750000000007 0.515625 0.17343750000000008 0.70625 0.17343750000000008
3 0.7015625 0.3734375000000001 0.5203125 0.3734375000000001 0.5203125 0.44375 0.7015625 0.44375
3 0.6984375 0.6484375 0.5109375 0.6484375 0.5109375 0.7203125 0.6984375 0.7203125
3 0.4625 0.6484375 0.2750000000000001 0.6484375 0.2750000000000001 0.725 0.4625 0.725
3 0.4671875 0.37812500000000004 0.2750000000000001 0.378125 0.2750000000000001 0.44375 0.4671875 0.44375
3 0.4671875 0.10156250000000004 0.284375 0.10156250000000004 0.284375 0.17812500000000003 0.4671875 0.17812500000000003
3 0.2265625 0.10156250000000003 0.04531250000000001 0.1015625 0.04531250000000002 0.17812500000000003 0.2265625 0.17812500000000003
3 0.2312500000000001 0.378125 0.04062500000000004 0.378125 0.04062500000000005 0.4484375 0.2312500000000001 0.4484375
3 0.22656250000000008 0.6484375 0.04062500000000008 0.6484375 0.040625000000000085 0.715625 0.22656250000000008 0.715625