2 0.9 0.4078125000000002 0.7765625 0.4078125000000002 0.7765625 0.85 0.9 0.85
2 0.753125 0.6812500000000001 0.6140625 0.68125 0.6140625000000001 0.94375 0.7531250000000002 0.94375
2 0.7796875000000001 0.5109375 0.6484375 0.5109375 0.6484375000000001 0.9015625 0.7796875000000002 0.9015625
2 0.71875 0.17031250000000006 0.525 0.17031250000000003 0.525 0.5671875 0.71875 0.5671875
2 0.6406250000000001 0.4640625 0.475 0.4640625 0.4750000000000001 0.9125 0.6406250000000002 0.9125
2 0.4828125000000001 0.5671875 0.3625000000000001 0.5671875 0.3625000000000001 0.953125 0.4828125000000002 0.953125
2 0.4062500000000001 0.4078125 0.2593750000000001 0.4078125 0.2593750000000001 0.9171875 0.40625000000000017 0.9171875
2 0.5171875 0.34062500000000007 0.3859375 0.34062500000000007 0.38593750000000004 0.5625 0.5171875 0.5625
2 0.409375 0.10312500000000005 0.228125 0.10312500000000005 0.22812500000000005 0.4890625 0.409375 0.4890625
2 0.2671875 0.2734375 0.09375000000000004 0.2734375 0.09375000000000007 0.7984375 0.2671875000000001 0.7984375
2 0.2156250000000001 0.7671875 9.3953371622086e-17 0.7671875 1.0505173323935891e-16 0.9484375 0.2156250000000001 0.9484375
3 0.8875 0.3046875000000001 0.7796875 0.3046875000000001 0.7796875 0.4078125000000002 0.8875 0.4078125000000002
3 0.76875 0.3921875000000001 0.6609375 0.3921875000000001 0.6609375 0.5000000000000001 0.76875 0.5000000000000002
3 0.7328125 0.5609375000000001 0.621875 0.5609375 0.621875 0.6703125000000001 0.7328125 0.6703125000000002
3 0.6109375 0.35625000000000007 0.503125 0.35625000000000007 0.503125 0.4640625 0.6109375 0.4640625
3 0.671875 0.06718750000000008 0.571875 0.06718750000000007 0.571875 0.1703125000000001 0.671875 0.1703125000000001
3 0.5171875 0.2375000000000001 0.409375 0.2375000000000001 0.409375 0.34062500000000007 0.5171875 0.34062500000000007
3 0.39843750000000006 0.28906250000000006 0.2828125 0.2890625 0.2828125 0.39687500000000003 0.3984375000000001 0.3968750000000001
3 0.3390625 3.5208595475486407e-17 0.2359375 2.8894010417382865e-17 0.2359375 0.09843750000000004 0.3390625 0.09843750000000004
3 0.228125 0.16562500000000002 0.115625 0.165625 0.11562500000000002 0.2625 0.228125 0.2625
3 0.2984375000000001 0.8046875 0.2093750000000001 0.8046875 0.2093750000000001 0.9390625 0.2984375000000001 0.9390625