2 0.984375 0.6625000000000002 0.8453125 0.6625000000000002 0.8453125 0.990625 0.984375 0.990625
2 0.7796875000000001 0.6671875 0.640625 0.6671875 0.6406250000000001 0.9859375 0.7796875000000002 0.9859375
2 0.5703125000000001 0.671875 0.4265625 0.671875 0.42656250000000007 0.9859375 0.5703125000000002 0.9859375
2 0.3609375000000001 0.6625 0.2171875000000001 0.6625 0.2171875000000001 0.9859375 0.3609375000000001 0.9859375
2 0.1515625000000001 0.6671875 0.00781250000000008 0.6671875 0.0078125000000001 0.990625 0.15156250000000013 0.990625
2 0.9875 0.1109375000000001 0.8484375 0.11093750000000009 0.8484375 0.42500000000000016 0.9875 0.42500000000000016
2 0.7796875 0.1062500000000001 0.640625 0.1062500000000001 0.640625 0.43437500000000007 0.7796875 0.4343750000000002
2 0.5703125 0.11093750000000006 0.4265625 0.11093750000000005 0.4265625 0.425 0.5703125 0.425
2 0.35781250000000003 0.11093750000000005 0.2140625 0.11093750000000005 0.21406250000000004 0.4296875 0.3578125000000001 0.4296875
2 0.14687500000000003 0.1109375 0.012500000000000011 0.1109375 0.01250000000000003 0.4203125 0.14687500000000003 0.4203125
3 0.9828125 0.5609375000000002 0.8484375 0.5609375000000002 0.8484375 0.6625000000000002 0.9828125 0.6625000000000002
3 0.7828125 0.5750000000000001 0.6390625 0.575 0.6390625 0.6671875 0.7828125 0.6671875000000002
3 0.565625 0.575 0.421875 0.575 0.421875 0.6671875 0.565625 0.6671875
3 0.3609375000000001 0.5703125 0.2218750000000001 0.5703125 0.2218750000000001 0.6609375 0.3609375000000001 0.6609375
3 0.15625000000000008 0.5703125 0.01718750000000007 0.5703125 0.017187500000000078 0.6671875 0.15625000000000008 0.6671875
3 0.146875 0.00937500000000001 0.0125 0.009375000000000003 0.012500000000000006 0.10625 0.146875 0.10625
3 0.353125 0.009375000000000036 0.2171875 0.009375000000000027 0.2171875 0.10625000000000004 0.353125 0.10625000000000004
3 0.565625 0.00937500000000006 0.4265625 0.009375000000000053 0.4265625 0.09687500000000006 0.565625 0.09687500000000007
3 0.7796875 0.009375000000000086 0.6359375 0.009375000000000078 0.6359375 0.1062500000000001 0.7796875 0.1062500000000001
3 0.9875 0.018750000000000114 0.84375 0.018750000000000107 0.84375 0.1109375000000001 0.9875 0.11093750000000013