2 0.95625 0.5250000000000001 0.70625 0.525 0.70625 0.76875 0.95625 0.7687500000000002
2 0.8171875 0.3656250000000001 0.56875 0.3656250000000001 0.56875 0.6500000000000001 0.8171875 0.6500000000000001
2 0.6140625000000001 0.5921875 0.39531250000000007 0.5921875 0.39531250000000007 0.765625 0.6140625000000002 0.765625
2 0.3156250000000001 0.609375 0.08906250000000007 0.609375 0.08906250000000007 0.75625 0.3156250000000001 0.75625
2 0.2531250000000001 0.4625 0.04843750000000006 0.4625 0.048437500000000064 0.64375 0.2531250000000001 0.64375
2 0.5203125 0.3296875 0.3109375 0.3296875 0.31093750000000003 0.6453125 0.5203125 0.6453125
3 0.959375 0.4359375000000001 0.715625 0.4359375 0.715625 0.5421875 0.959375 0.5421875000000002
3 0.821875 0.3062500000000001 0.578125 0.3062500000000001 0.578125 0.3781250000000001 0.821875 0.3781250000000001
3 0.515625 0.25312500000000004 0.3109375 0.253125 0.3109375 0.3375 0.515625 0.3375000000000001
3 0.6140625 0.4984375 0.39531250000000007 0.4984375 0.39531250000000007 0.609375 0.6140625 0.609375
3 0.3062500000000001 0.525 0.08437500000000006 0.525 0.08437500000000007 0.6359375 0.3062500000000001 0.6359375
3 0.2500000000000001 0.378125 0.04531250000000005 0.378125 0.04531250000000005 0.4671875 0.2500000000000001 0.4671875