2 0.8640625 0.88125 0.6875000000000002 0.88125 0.6875000000000002 0.9953125 0.8640625 0.9953125
2 0.9953125 0.9125 0.8765625 0.9125 0.8765625 0.9953125 0.9953125 0.9953125
2 0.996875 0.7781250000000002 0.88125 0.7781250000000002 0.88125 0.959375 0.996875 0.959375
2 0.9078125 0.753125 0.6531250000000002 0.753125 0.6531250000000002 0.928125 0.9078125 0.928125
2 0.996875 0.6750000000000002 0.853125 0.6750000000000002 0.853125 0.825 0.996875 0.825
2 0.9421875 0.6656250000000001 0.7296875 0.6656250000000001 0.7296875 0.8296875 0.9421875 0.8296875
2 0.6953125000000002 0.88125 0.5015625000000001 0.88125 0.5015625000000001 0.9953125 0.6953125000000002 0.9953125
2 0.5609375000000002 0.825 0.41406250000000017 0.825 0.41406250000000017 0.9953125 0.5609375000000002 0.9953125
2 0.6484375000000001 0.690625 0.40625 0.690625 0.4062500000000001 0.8921875 0.6484375000000002 0.8921875
2 0.7531250000000002 0.7781250000000001 0.6484375000000002 0.778125 0.6484375000000002 0.871875 0.7531250000000002 0.871875
2 0.70625 0.7125 0.60625 0.7125 0.6062500000000001 0.8 0.7062500000000002 0.8
2 0.7453125 0.6078125000000001 0.521875 0.6078125 0.5218750000000001 0.7578125000000001 0.7453125000000002 0.7578125000000002
2 0.81875 0.6343750000000001 0.690625 0.634375 0.690625 0.7312500000000001 0.81875 0.7312500000000002
2 0.784375 0.5421875 0.671875 0.5421875 0.671875 0.6250000000000001 0.784375 0.6250000000000002
2 0.9109375 0.5046875000000002 0.7765625 0.5046875000000002 0.7765625 0.6750000000000002 0.9109375 0.6750000000000002
2 0.996875 0.3968750000000001 0.7796875 0.3968750000000001 0.7796875 0.6187500000000001 0.996875 0.6187500000000001
2 0.996875 0.5671875000000002 0.896875 0.5671875000000002 0.896875 0.6859375000000002 0.996875 0.6859375000000002
2 0.8296875 0.4078125000000001 0.6296875 0.4078125 0.6296875 0.5718750000000001 0.8296875 0.5718750000000001
2 0.884375 0.2531250000000001 0.7796875 0.2531250000000001 0.7796875 0.3609375000000001 0.884375 0.3609375000000001
2 0.953125 0.29375000000000007 0.7953125 0.29375000000000007 0.7953125 0.4078125000000002 0.953125 0.4078125000000002
2 0.9953125 0.22656250000000008 0.8921875 0.22656250000000008 0.8921875 0.3453125000000001 0.9953125 0.3453125000000001
2 0.996875 0.32500000000000007 0.9265625 0.32500000000000007 0.9265625 0.3921875000000001 0.996875 0.3921875000000001
2 0.9890625 0.1656250000000001 0.8421875 0.16562500000000008 0.8421875 0.2890625000000001 0.9890625 0.2890625000000001
2 0.996875 0.06718750000000011 0.903125 0.06718750000000011 0.903125 0.1750000000000001 0.996875 0.17500000000000013
2 0.915625 0.0984375000000001 0.8 0.0984375000000001 0.8 0.1812500000000001 0.915625 0.18125000000000013
2 0.996875 1.1021821192326179e-16 0.803125 9.83544460565218e-17 0.803125 0.1187500000000001 0.996875 0.11875000000000013
2 0.13906250000000012 0.65 7.960204194457795e-17 0.65 9.634525990167068e-17 0.9234375 0.13906250000000014 0.9234375
2 0.2890625000000001 0.7109375 0.11562500000000009 0.7109375 0.11562500000000012 0.9953125 0.2890625000000001 0.9953125
2 0.3359375000000001 0.8859375 0.2078125000000001 0.8859375 0.2078125000000001 0.9953125 0.3359375000000001 0.9953125
2 0.4281250000000002 0.8453125 0.27812500000000007 0.8453125 0.27812500000000007 0.9953125 0.4281250000000002 0.9953125
2 0.3593750000000001 0.778125 0.2593750000000001 0.778125 0.2593750000000001 0.8765625 0.3593750000000001 0.8765625
2 0.47187500000000016 0.7328125 0.3125000000000001 0.7328125 0.3125000000000001 0.871875 0.47187500000000016 0.871875
2 0.1437500000000001 0.834375 0.004687500000000103 0.834375 0.004687500000000113 0.9953125 0.14375000000000013 0.9953125
2 0.0625000000000001 0.746875 9.146580781131795e-17 0.746875 1.0285119602214098e-16 0.9328125 0.06250000000000011 0.9328125
2 0.3750000000000001 0.5625 0.30156250000000007 0.5625 0.30156250000000007 0.7265625 0.3750000000000001 0.7265625
2 0.4171875 0.4953125 0.3390625000000001 0.4953125 0.3390625000000001 0.665625 0.4171875 0.665625
2 0.471875 0.5359375 0.3859375000000001 0.5359375 0.3859375000000001 0.7015625 0.471875 0.7015625
2 0.55625 0.484375 0.4328125 0.484375 0.4328125 0.61875 0.55625 0.61875
2 0.6671875 0.5 0.4828125 0.5 0.4828125 0.690625 0.6671875 0.690625
2 0.6140625 0.4125 0.540625 0.4125 0.540625 0.525 0.6140625 0.525
2 0.765625 0.3859375000000001 0.6265625 0.3859375000000001 0.6265625 0.5671875000000001 0.765625 0.5671875000000002
2 0.4328125 0.18593750000000003 0.2734375 0.18593750000000003 0.2734375 0.35000000000000003 0.4328125 0.3500000000000001
2 0.528125 0.18593750000000003 0.425 0.18593750000000003 0.425 0.4078125 0.528125 0.4078125
2 0.61875 0.2015625000000001 0.503125 0.2015625000000001 0.503125 0.3046875000000001 0.61875 0.3046875000000001
2 0.6765625 0.29375000000000007 0.5609375 0.29375000000000007 0.5609375 0.428125 0.6765625 0.428125
2 0.6953125 0.2218750000000001 0.625 0.2218750000000001 0.625 0.3656250000000001 0.6953125 0.3656250000000001
2 0.784375 0.19531250000000008 0.6984375 0.19531250000000008 0.6984375 0.3968750000000001 0.784375 0.3968750000000001
2 0.4015625 0.28906250000000006 0.2359375 0.2890625 0.23593750000000005 0.453125 0.4015625 0.453125
2 0.30937500000000007 0.334375 0.14218750000000005 0.334375 0.14218750000000005 0.515625 0.30937500000000007 0.515625
2 0.2015625000000001 0.515625 0.04687500000000007 0.515625 0.04687500000000007 0.659375 0.2015625000000001 0.659375
2 0.2984375000000001 0.5359375 0.15156250000000004 0.5359375 0.15156250000000007 0.7171875 0.2984375000000001 0.7171875
2 0.054687500000000076 0.5 6.123233995736766e-17 0.5 6.97474622326891e-17 0.6390625 0.05468750000000009 0.6390625
2 0.06250000000000006 0.3296875 4.0375074159389303e-17 0.3296875 5.463072830571396e-17 0.5625 0.06250000000000007 0.5625
2 0.14687500000000003 0.2890625 0.039062500000000035 0.2890625 0.03906250000000004 0.396875 0.14687500000000003 0.396875
2 0.996875 6.104098889500089e-17 0 0 6.09453133638175e-17 0.9953125 0.996875 0.9953125
2 0.2546875 0.221875 0.15000000000000005 0.221875 0.15000000000000005 0.340625 0.2546875 0.340625
2 0.2890625 0.12343750000000005 0.1890625 0.12343750000000005 0.18906250000000002 0.278125 0.2890625 0.278125
2 0.3859375 0.03593750000000004 0.2515625 0.03593750000000003 0.2515625 0.10781250000000005 0.3859375 0.10781250000000005
2 0.4140625 0.09843750000000004 0.275 0.09843750000000004 0.275 0.20156250000000003 0.4140625 0.2015625000000001
2 0.4828125 0.03593750000000005 0.3859375 0.035937500000000046 0.3859375 0.12343750000000005 0.4828125 0.12343750000000005
2 0.4984375 0.09218750000000006 0.3984375 0.09218750000000005 0.3984375 0.18593750000000003 0.4984375 0.18593750000000003
2 0.56875 0.040625000000000064 0.4796875 0.04062500000000006 0.4796875 0.15468750000000006 0.56875 0.1546875000000001
2 0.6875 0.04218750000000008 0.5671875 0.042187500000000065 0.5671875 0.2171875000000001 0.6875 0.2171875000000001
2 0.784375 0.02656250000000009 0.671875 0.02656250000000008 0.671875 0.21250000000000008 0.784375 0.21250000000000008
2 0.8453125 8.888256846936649e-17 0.60625 7.424421219830829e-17 0.60625 0.09218750000000009 0.8453125 0.09218750000000012
2 0.625 6.572908992298685e-17 0.4484375 5.4917754899264124e-17 0.4484375 0.08281250000000005 0.625 0.08281250000000007
2 0.4703125 4.343669115725768e-17 0.2390625 2.9276712542116413e-17 0.2390625 0.09218750000000005 0.4703125 0.09218750000000006
2 0.2390625 0.006250000000000022 0.1046875 0.006250000000000014 0.1046875 0.07812500000000003 0.2390625 0.07812500000000003
2 0.2125 0.06093750000000001 0.06875 0.0609375 0.06875 0.221875 0.2125 0.221875
2 0.16718750000000004 0.2015625 0.004687500000000025 0.2015625 0.00468750000000003 0.2890625 0.16718750000000004 0.2890625
2 0.07343750000000002 0.05625 6.888638245203862e-18 0.05625 1.607348923880901e-17 0.20625 0.07343750000000002 0.20625
2 0.115625 7.079989307570636e-18 0 0 3.4443191226019317e-18 0.05625000000000001 0.115625 0.05625000000000002