2 0.9640625 0.1593750000000001 0.6890625 0.1593750000000001 0.6890625 0.4843750000000001 0.9640625 0.48437500000000017
2 0.9734375 0.6500000000000001 0.6984375 0.65 0.6984375 0.9609375 0.9734375 0.9609375
2 0.6406250000000001 0.6359375 0.3609375000000001 0.6359375 0.3609375000000001 0.959375 0.6406250000000002 0.959375
2 0.63125 0.16562500000000008 0.3515625 0.16562500000000005 0.35156250000000006 0.4765625 0.63125 0.4765625
2 0.2984375 0.15937500000000002 0.026562500000000024 0.159375 0.026562500000000037 0.4671875 0.2984375000000001 0.4671875
2 0.30156250000000007 0.63125 0.02656250000000008 0.63125 0.0265625000000001 0.959375 0.30156250000000007 0.959375
3 0.978125 0.5296875000000001 0.6796875 0.5296875 0.6796875 0.6671875 0.978125 0.6671875000000002
3 0.96875 0.0437500000000001 0.6796875 0.04375000000000008 0.6796875 0.17812500000000012 0.96875 0.17812500000000014
3 0.6359375 0.04531250000000006 0.3375 0.04531250000000005 0.3375 0.18281250000000007 0.6359375 0.1828125000000001
3 0.30625 0.040625000000000015 0.004687500000000006 0.040625 0.004687500000000013 0.16875 0.30625 0.16875000000000004
3 0.3078125000000001 0.525 0.018750000000000065 0.525 0.018750000000000072 0.653125 0.3078125000000001 0.653125
3 0.6390625 0.525 0.3468750000000001 0.525 0.3468750000000001 0.6671875 0.6390625 0.6671875