2 0.978125 0.2578125000000001 0.7515625 0.2578125000000001 0.7515625000000001 0.7515625000000001 0.978125 0.7515625000000001
2 0.7078125 0.17812500000000006 0.3609375 0.17812500000000003 0.3609375 0.70625 0.7078125 0.70625
2 0.31562500000000004 0.23125 0.004687500000000028 0.23125 0.00468750000000006 0.7515625 0.3156250000000001 0.7515625
0 0.9734375 0.42187500000000017 0.7640625 0.42187500000000017 0.7640625 0.7250000000000002 0.9734375 0.7250000000000002
0 0.69375 0.3203125000000001 0.3734375 0.3203125000000001 0.37343750000000003 0.675 0.69375 0.675
0 0.13750000000000004 0.4625 0.031250000000000056 0.4625 0.03125000000000006 0.5375 0.13750000000000004 0.5375
0 0.2312500000000001 0.49375 0.12031250000000004 0.49375 0.12031250000000007 0.578125 0.2312500000000001 0.578125
0 0.2843750000000001 0.4625 0.18750000000000006 0.4625 0.18750000000000006 0.5328125 0.2843750000000001 0.5328125
0 0.2890625000000001 0.525 0.2312500000000001 0.525 0.2312500000000001 0.56875 0.2890625000000001 0.56875
0 0.3031250000000001 0.5640625 0.2500000000000001 0.5640625 0.2500000000000001 0.640625 0.3031250000000001 0.640625
0 0.3031250000000001 0.6578125 0.1828125000000001 0.6578125 0.1828125000000001 0.7015625 0.3031250000000001 0.7015625
0 0.2484375000000001 0.5828125 0.1515625000000001 0.5828125 0.1515625000000001 0.6625 0.2484375000000001 0.6625
0 0.1781250000000001 0.5875 0.057812500000000065 0.5875 0.05781250000000008 0.6671875 0.1781250000000001 0.6671875
0 0.1468750000000001 0.6625 0.04843750000000008 0.6625 0.048437500000000085 0.7109375 0.1468750000000001 0.7109375
0 0.08437500000000007 0.6 0.02187500000000007 0.6 0.02187500000000008 0.6796875 0.08437500000000009 0.6796875
0 0.12968750000000007 0.5328125 0.018750000000000065 0.5328125 0.01875000000000007 0.6046875 0.1296875000000001 0.6046875