2 0.9734375 0.3593750000000001 0.9078125 0.3593750000000001 0.9078125 0.8765625 0.9734375 0.8765625
2 0.9734375 0.04062500000000012 0.884375 0.04062500000000011 0.884375 0.2718750000000001 0.9734375 0.2718750000000001
2 0.86875 0.0406250000000001 0.759375 0.04062500000000009 0.759375 0.4515625000000002 0.86875 0.4515625000000002
2 0.8484375 0.49218750000000017 0.7640625 0.49218750000000017 0.7640625000000001 0.8765625 0.8484375 0.8765625
2 0.7046875000000001 0.48125 0.64375 0.48125 0.64375 0.871875 0.7046875000000001 0.871875
2 0.5890625 0.45625 0.5 0.45625 0.5000000000000001 0.8828125 0.5890625000000002 0.8828125
2 0.45000000000000007 0.45625 0.37968750000000007 0.45625 0.37968750000000007 0.8765625 0.4500000000000002 0.8765625
2 0.3531250000000001 0.4828125 0.19843750000000004 0.4828125 0.19843750000000007 0.8765625 0.3531250000000001 0.8765625
2 0.15937500000000007 0.503125 0.018750000000000062 0.503125 0.018750000000000083 0.8828125 0.1593750000000001 0.8828125
2 0.45 0.04062500000000004 0.2515625 0.040625000000000036 0.2515625 0.4359375 0.45 0.4359375
2 0.5421875 0.03125000000000006 0.46875 0.031250000000000056 0.46875 0.415625 0.5421875 0.415625
2 0.70625 0.03593750000000008 0.59375 0.03593750000000008 0.59375 0.4515625 0.70625 0.4515625
2 0.21718750000000003 0.040625000000000015 0.1359375 0.04062500000000001 0.13593750000000002 0.4 0.2171875000000001 0.4
2 0.09687500000000003 0.04062500000000001 0.03125 0.040625 0.03125000000000003 0.45625 0.09687500000000007 0.45625