2 0.840625 0.3296875000000001 0.609375 0.3296875000000001 0.6093750000000001 0.7828125000000001 0.840625 0.7828125000000001
2 0.8890625 0.2671875000000001 0.7015625 0.2671875000000001 0.7015625 0.6453125000000001 0.8890625 0.6453125000000002
2 0.9421875 0.2171875000000001 0.778125 0.2171875000000001 0.778125 0.5468750000000002 0.9421875 0.5468750000000002
2 0.5921875000000001 0.3296875 0.3609375 0.3296875 0.3609375 0.7828125 0.5921875000000002 0.7828125
2 0.35156250000000006 0.325 0.10625000000000004 0.325 0.10625000000000007 0.7640625 0.3515625000000001 0.7640625
2 0.7515625 0.2171875000000001 0.6 0.2171875000000001 0.6 0.5468750000000001 0.7515625 0.5468750000000002
2 0.6671875 0.2671875000000001 0.4984375 0.2671875000000001 0.4984375 0.63125 0.6671875 0.63125
2 0.4703125 0.26250000000000007 0.2890625 0.2625 0.28906250000000006 0.63125 0.4703125 0.63125
2 0.26250000000000007 0.2578125 0.07968750000000002 0.2578125 0.07968750000000005 0.6265625 0.26250000000000007 0.6265625
2 0.39062500000000006 0.21875000000000006 0.240625 0.21875 0.24062500000000003 0.5390625 0.3906250000000001 0.5390625
2 0.5734375 0.2171875000000001 0.4265625 0.2171875000000001 0.4265625 0.4046875 0.5734375 0.4046875
2 0.20468750000000005 0.21875 0.04843750000000002 0.21875 0.048437500000000036 0.4140625 0.20468750000000008 0.4140625