2 0.8453125 0.3812500000000001 0.53125 0.3812500000000001 0.53125 0.6312500000000001 0.8453125 0.6312500000000002
2 0.959375 0.6890625000000001 0.6390625 0.6890625 0.6390625000000001 0.93125 0.959375 0.93125
2 0.5203125 0.3765625 0.21093750000000008 0.3765625 0.21093750000000008 0.634375 0.5203125 0.634375
2 0.634375 0.08125000000000006 0.396875 0.08125000000000004 0.396875 0.3390625000000001 0.634375 0.3390625000000001
2 0.6390625000000001 0.6765625 0.4125 0.6765625 0.4125000000000001 0.93125 0.6390625000000002 0.93125
2 0.4078125000000001 0.6765625 0.10312500000000009 0.6765625 0.1031250000000001 0.934375 0.4078125000000002 0.934375
3 0.7484375 0.3390625000000001 0.5421875 0.3390625000000001 0.5421875 0.3890625000000001 0.7484375 0.3890625000000001
3 0.61875 0.03906250000000006 0.396875 0.03906250000000004 0.396875 0.08125000000000006 0.61875 0.08125000000000007
3 0.4953125 0.34218750000000003 0.2890625 0.3421875 0.28906250000000006 0.3765625 0.4953125 0.3765625000000001
3 0.61875 0.6234375 0.4171875 0.6234375 0.4171875 0.6734375 0.61875 0.6734375
3 0.8609375 0.6265625000000001 0.6546875 0.6265625 0.6546875 0.6765625000000001 0.8609375 0.6765625000000002
3 0.3859375000000001 0.634375 0.1859375000000001 0.634375 0.1859375000000001 0.68125 0.3859375000000001 0.68125