2 0.9546875 0.4953125000000001 0.5203125 0.4953125 0.5203125000000001 0.9703125 0.9546875 0.9703125
2 0.4453125000000001 0.28437500000000004 0.029687500000000033 0.284375 0.02968750000000008 0.975 0.44531250000000017 0.975
2 0.9953125 0.2296875000000001 0.909375 0.2296875000000001 0.909375 0.6000000000000002 0.9953125 0.6000000000000002
2 0.5703125 0.32500000000000007 0.515625 0.32500000000000007 0.515625 0.515625 0.5703125 0.515625
2 0.509375 0.3156250000000001 0.425 0.3156250000000001 0.425 0.5796875 0.509375 0.5796875
2 0.43125 0.32500000000000007 0.3359375 0.325 0.33593750000000006 0.5703125 0.43125 0.5703125
2 0.19062500000000007 0.325 0.07968750000000005 0.325 0.07968750000000005 0.5703125 0.1906250000000001 0.5703125
2 0.675 0.02968750000000007 0.584375 0.029687500000000068 0.584375 0.19531250000000008 0.675 0.19531250000000008
2 0.7453125 0.034375000000000086 0.6703125 0.03437500000000008 0.6703125 0.1750000000000001 0.7453125 0.1750000000000001
2 0.790625 0.08593750000000008 0.7296875 0.08593750000000008 0.7296875 0.1859375000000001 0.790625 0.1859375000000001
2 0.9953125 0.09062500000000011 0.915625 0.09062500000000011 0.915625 0.17031250000000014 0.9953125 0.17031250000000014
2 0.5609375 0.02031250000000006 0.4609375 0.020312500000000056 0.4609375 0.18437500000000007 0.5609375 0.1843750000000001
2 0.4453125 0.04062500000000005 0.375 0.04062500000000004 0.375 0.14531250000000004 0.4453125 0.14531250000000004
2 0.04531250000000002 0.109375 0.004687500000000014 0.109375 0.004687500000000021 0.225 0.04531250000000002 0.225
5 0.4359375 0.07968750000000002 0.0609375 0.0796875 0.06093750000000002 0.31562500000000004 0.4359375 0.3156250000000001
5 0.95 0.3156250000000001 0.565625 0.3156250000000001 0.565625 0.5703125000000001 0.95 0.5703125000000002