2 0.9296875 0.3375000000000001 0.85 0.3375000000000001 0.85 0.47968750000000016 0.9296875 0.47968750000000016
2 0.8390625 0.3109375000000001 0.746875 0.3109375000000001 0.746875 0.4750000000000002 0.8390625 0.4750000000000002
2 0.7421875 0.2890625000000001 0.640625 0.2890625000000001 0.640625 0.4750000000000001 0.7421875 0.4750000000000002
2 0.63125 0.26250000000000007 0.528125 0.26250000000000007 0.528125 0.4796875 0.63125 0.4796875
2 0.515625 0.2406250000000001 0.4 0.2406250000000001 0.4 0.4765625 0.515625 0.4765625
2 0.38750000000000007 0.18281250000000004 0.253125 0.18281250000000004 0.25312500000000004 0.4796875 0.38750000000000007 0.4796875
2 0.24531250000000004 0.09843750000000001 0.07187500000000002 0.0984375 0.07187500000000005 0.471875 0.2453125000000001 0.471875
2 0.925 0.83125 0.8484375 0.83125 0.8484375 0.9640625 0.925 0.9640625
2 0.8359375 0.8046875 0.7562500000000002 0.8046875 0.7562500000000002 0.9640625 0.8359375 0.9640625
2 0.7421875000000002 0.7781250000000001 0.6437500000000002 0.778125 0.6437500000000002 0.9640625 0.7421875000000002 0.9640625
2 0.6312500000000002 0.75625 0.5250000000000001 0.75625 0.5250000000000001 0.96875 0.6312500000000002 0.96875
2 0.5203125000000002 0.7328125 0.39531250000000007 0.7328125 0.39531250000000007 0.96875 0.5203125000000002 0.96875
2 0.3906250000000001 0.6796875 0.2531250000000001 0.6796875 0.2531250000000001 0.9640625 0.3906250000000001 0.9640625
2 0.2531250000000001 0.5921875 0.08906250000000007 0.5921875 0.08906250000000009 0.9609375 0.2531250000000001 0.9609375
3 0.2000000000000001 0.5203125 0.12812500000000004 0.5203125 0.12812500000000007 0.5859375 0.2000000000000001 0.5859375
3 0.3515625000000001 0.6046875 0.2796875000000001 0.6046875 0.2796875000000001 0.6671875 0.3515625000000001 0.6671875
3 0.4937500000000001 0.6578125 0.421875 0.6578125 0.4218750000000001 0.728125 0.4937500000000002 0.728125
3 0.6140625000000001 0.6796875 0.5375 0.6796875 0.5375000000000001 0.75625 0.6140625000000002 0.75625
3 0.7328125000000001 0.70625 0.6578125 0.70625 0.6578125000000001 0.7734375000000001 0.7328125000000002 0.7734375000000002
3 0.8265625 0.7421875000000002 0.7593750000000001 0.7421875000000002 0.7593750000000001 0.8046875 0.8265625 0.8046875
3 0.925 0.7593750000000001 0.8578125 0.7593750000000001 0.8578125 0.83125 0.925 0.83125
3 0.9296875 0.2718750000000001 0.853125 0.2718750000000001 0.853125 0.3375000000000001 0.9296875 0.3375000000000001
3 0.8359375 0.2453125000000001 0.759375 0.2453125000000001 0.759375 0.3078125000000001 0.8359375 0.3078125000000001
3 0.7328125 0.2171875000000001 0.6625 0.2171875000000001 0.6625 0.2890625000000001 0.7328125 0.2890625000000001
3 0.621875 0.1859375000000001 0.546875 0.1859375000000001 0.546875 0.2578125000000001 0.621875 0.2578125000000001
3 0.49375 0.15937500000000004 0.421875 0.15937500000000004 0.421875 0.23593750000000008 0.49375 0.23593750000000008
3 0.35625 0.11562500000000005 0.284375 0.11562500000000005 0.284375 0.17343750000000005 0.35625 0.17343750000000005
3 0.1859375 0.031250000000000014 0.115625 0.031250000000000014 0.115625 0.09687500000000002 0.1859375 0.09687500000000002