2 0.996875 0.8578125 0.953125 0.8578125 0.953125 0.9953125 0.996875 0.9953125
2 0.996875 0.7656250000000002 0.9203125 0.7656250000000002 0.9203125 0.9078125 0.996875 0.9078125
2 0.959375 0.934375 0.865625 0.934375 0.865625 0.9953125 0.959375 0.9953125
2 0.8796875 0.7156250000000002 0.75625 0.7156250000000002 0.7562500000000001 0.934375 0.8796875 0.934375
2 0.996875 0.7109375000000002 0.8765625 0.7109375000000002 0.8765625 0.86875 0.996875 0.86875
2 0.996875 0.6781250000000002 0.9125 0.6781250000000002 0.9125 0.7484375000000002 0.996875 0.7484375000000002
2 0.953125 0.9234375 0.8328125 0.9234375 0.8328125 0.9953125 0.953125 0.9953125
2 0.825 0.9234375 0.7093750000000002 0.9234375 0.7093750000000002 0.9953125 0.825 0.9953125
2 0.7500000000000002 0.875 0.5937500000000002 0.875 0.5937500000000002 0.9953125 0.7500000000000002 0.9953125
2 0.8046875 0.809375 0.6625000000000002 0.809375 0.6625000000000002 0.934375 0.8046875 0.934375
2 0.6078125000000002 0.8859375 0.5015625000000001 0.8859375 0.5015625000000001 0.9953125 0.6078125000000002 0.9953125
2 0.5671875000000002 0.8203125 0.4437500000000002 0.8203125 0.4437500000000002 0.984375 0.5671875000000002 0.984375
2 0.5125000000000002 0.9515625 0.42968750000000017 0.9515625 0.42968750000000017 0.9953125 0.5125000000000002 0.9953125
2 0.47968750000000016 0.8421875 0.3859375000000001 0.8421875 0.3859375000000001 0.95625 0.47968750000000016 0.95625
2 0.4187500000000002 0.8796875 0.2843750000000001 0.8796875 0.2843750000000001 0.9953125 0.4187500000000002 0.9953125
2 0.3062500000000001 0.8421875 0.1781250000000001 0.8421875 0.17812500000000012 0.9953125 0.3062500000000001 0.9953125
2 0.44062500000000016 0.7328125 0.2843750000000001 0.7328125 0.2843750000000001 0.9125 0.44062500000000016 0.9125
2 0.4953125000000001 0.6828125 0.35625000000000007 0.6828125 0.35625000000000007 0.803125 0.49531250000000016 0.803125
2 0.5343750000000002 0.7484375 0.4515625000000002 0.7484375 0.4515625000000002 0.8578125 0.5343750000000002 0.8578125
2 0.2906250000000001 0.7046875 0.1671875000000001 0.7046875 0.1671875000000001 0.8359375 0.2906250000000001 0.8359375
2 0.3531250000000001 0.6015625 0.19687500000000008 0.6015625 0.19687500000000008 0.765625 0.3531250000000001 0.765625
2 0.30156250000000007 0.540625 0.16718750000000004 0.540625 0.16718750000000007 0.6234375 0.30156250000000007 0.6234375
2 0.3500000000000001 0.5515625 0.2812500000000001 0.5515625 0.2812500000000001 0.634375 0.3500000000000001 0.634375
2 0.10937500000000008 0.6828125 8.362041425428021e-17 0.6828125 9.47187758715531e-17 0.8640625 0.10937500000000008 0.8640625
2 0.0765625000000001 0.7921875 9.701498861995439e-17 0.7921875 1.0878307895551099e-16 0.984375 0.07656250000000012 0.984375
2 0.1640625000000001 0.86875 0.025000000000000112 0.86875 0.025000000000000116 0.9953125 0.16406250000000014 0.9953125
2 0.2078125000000001 0.7875 0.09531250000000009 0.7875 0.0953125000000001 0.9296875 0.2078125000000001 0.9296875
2 0.21093750000000008 0.65 0.10937500000000008 0.65 0.10937500000000008 0.809375 0.21093750000000008 0.809375
2 0.19375000000000006 0.4484375 0.09218750000000005 0.4484375 0.09218750000000006 0.6890625 0.1937500000000001 0.6890625
2 0.12343750000000009 0.5515625 0.014062500000000066 0.5515625 0.014062500000000075 0.6890625 0.12343750000000009 0.6890625
2 0.08437500000000007 0.459375 5.625721233583154e-17 0.459375 6.993881329505588e-17 0.6828125 0.08437500000000009 0.6828125
2 0.6546875000000001 0.6890625 0.5203125 0.6890625 0.5203125000000001 0.875 0.6546875000000002 0.875
2 0.753125 0.6562500000000001 0.646875 0.65625 0.6468750000000001 0.803125 0.7531250000000002 0.803125
2 0.7750000000000001 0.6781250000000001 0.690625 0.678125 0.690625 0.8421875 0.7750000000000001 0.8421875
2 0.86875 0.5906250000000002 0.778125 0.5906250000000002 0.778125 0.7156250000000002 0.86875 0.7156250000000002
2 0.9703125 0.5515625000000002 0.8546875 0.5515625000000002 0.8546875 0.7328125000000002 0.9703125 0.7328125000000002
2 0.996875 0.4593750000000002 0.8984375 0.4593750000000002 0.8984375 0.6781250000000002 0.996875 0.6781250000000002
2 0.9640625 0.3546875000000001 0.81875 0.3546875000000001 0.81875 0.5578125000000002 0.9640625 0.5578125000000002
2 0.996875 0.1796875000000001 0.8734375 0.17968750000000008 0.8734375 0.3937500000000001 0.996875 0.3937500000000001
2 0.996875 0.12500000000000014 0.953125 0.12500000000000014 0.953125 0.2406250000000001 0.996875 0.2406250000000001
2 0.996875 0.3828125000000001 0.95625 0.3828125000000001 0.95625 0.5031250000000002 0.996875 0.5031250000000002
2 0.8484375 0.4750000000000002 0.7390625 0.4750000000000002 0.7390625 0.6171875000000002 0.8484375 0.6171875000000002
2 0.778125 0.5296875000000001 0.6984375 0.5296875 0.6984375 0.6671875 0.778125 0.6671875000000002
2 0.7203125 0.5140625 0.5859375 0.5140625 0.5859375 0.7046875 0.7203125 0.7046875
2 0.7015625 0.409375 0.5890625 0.409375 0.5890625 0.5359375 0.7015625 0.5359375
2 0.6875 0.30156250000000007 0.603125 0.30156250000000007 0.603125 0.4546875 0.6875 0.4546875
2 0.7859375 0.2890625000000001 0.6515625 0.2890625000000001 0.6515625 0.4484375000000001 0.7859375 0.44843750000000016
2 0.8 0.4312500000000001 0.7125 0.43125 0.7125 0.5796875000000001 0.8 0.5796875000000001
2 0.865625 0.2406250000000001 0.7203125 0.2406250000000001 0.7203125 0.4156250000000001 0.865625 0.4156250000000002
2 0.9203125 0.1796875000000001 0.796875 0.17968750000000008 0.796875 0.3937500000000001 0.9203125 0.3937500000000001
2 0.915625 0.0812500000000001 0.7890625 0.08125000000000009 0.7890625 0.21875000000000008 0.915625 0.21875000000000008
2 0.975 0.07031250000000011 0.8625 0.07031250000000011 0.8625 0.1750000000000001 0.975 0.17500000000000013
2 0.996875 9.596255777693713e-17 0.5703125 6.984313776387249e-17 0.5703125 0.4484375000000001 0.996875 0.44843750000000016
2 0.5171875 0.475 0.3968750000000001 0.475 0.3968750000000001 0.69375 0.5171875 0.69375
2 0.5890625 0.5140625 0.490625 0.5140625 0.4906250000000001 0.7484375 0.5890625000000002 0.7484375
2 0.490625 0.3500000000000001 0.4296875 0.3500000000000001 0.4296875 0.48125 0.490625 0.48125
2 0.571875 0.3671875000000001 0.4921875 0.3671875000000001 0.4921875 0.4765625 0.571875 0.4765625
2 0.4328125 0.43125 0.2515625000000001 0.43125 0.2515625000000001 0.7109375 0.4328125 0.7109375
2 0.26875000000000004 0.3328125 0.15625000000000006 0.3328125 0.15625000000000006 0.546875 0.2687500000000001 0.546875
2 0.603125 3.693075503678737e-17 0 0 4.209723372069027e-17 0.6875 0.603125 0.6875
2 0.996875 6.104098889500089e-17 0 0 6.09453133638175e-17 0.9953125 0.996875 0.9953125