2 0.9671875 0.64375 0.3281250000000001 0.64375 0.3281250000000001 0.98125 0.9671875 0.98125
2 0.4421875 0.07968750000000002 9.75890418070547e-18 0.0796875 2.1718345578628846e-17 0.275 0.4421875 0.2750000000000001
2 0.9953125 0.0437500000000001 0.6171875 0.04375000000000008 0.6171875 0.2250000000000001 0.9953125 0.2250000000000001
2 0.9015625 0.16406250000000006 0.43125 0.16406250000000006 0.43125 0.4328125000000001 0.9015625 0.43281250000000016
2 0.9953125 0.20312500000000008 0.584375 0.20312500000000008 0.584375 0.36406250000000007 0.9953125 0.36406250000000007
2 0.984375 0.3125000000000001 0.4765625 0.3125000000000001 0.4765625 0.5234375000000001 0.984375 0.5234375000000002
2 0.83125 0.36406250000000007 0.409375 0.36406250000000007 0.409375 0.6140625000000001 0.83125 0.6140625000000002
2 0.9078125 0.5062500000000001 0.4265625 0.50625 0.4265625 0.7015625000000001 0.9078125 0.7015625000000002
2 0.5359375000000001 0.55625 6.812097820257152e-17 0.55625 8.390744084783037e-17 0.8140625 0.5359375000000002 0.8140625
2 0.453125 0.43125 5.281289321322961e-17 0.43125 6.955611117032232e-17 0.7046875 0.453125 0.7046875
2 0.60625 0.35625000000000007 0.050000000000000044 0.35625 0.05000000000000006 0.621875 0.60625 0.621875
2 0.51875 0.26250000000000007 0.021875000000000033 0.2625 0.021875000000000047 0.4953125 0.51875 0.4953125
2 0.5578125 0.12343750000000005 0.09843750000000002 0.1234375 0.09843750000000004 0.3609375 0.5578125 0.3609375000000001