2 0.946875 0.20468750000000008 0.7953125 0.20468750000000008 0.7953125000000001 0.7953125000000002 0.946875 0.7953125000000002
2 0.8484375 0.2406250000000001 0.6796875 0.2406250000000001 0.6796875000000001 0.821875 0.8484375 0.821875
2 0.7250000000000001 0.2796875000000001 0.5515625 0.2796875000000001 0.5515625000000001 0.871875 0.7250000000000002 0.871875
2 0.5828125000000001 0.3203125000000001 0.3953125 0.3203125000000001 0.39531250000000007 0.90625 0.5828125000000002 0.90625
2 0.4171875000000001 0.28906250000000006 0.2265625 0.2890625 0.22656250000000006 0.875 0.41718750000000016 0.875
2 0.27656250000000004 0.24375 0.12968750000000004 0.24375 0.12968750000000007 0.83125 0.2765625000000001 0.83125
2 0.18750000000000006 0.209375 0.04531250000000002 0.209375 0.04531250000000006 0.8 0.18750000000000008 0.8
2 0.378125 0.20937500000000003 0.315625 0.209375 0.315625 0.28906250000000006 0.378125 0.2890625000000001
2 0.453125 0.2453125000000001 0.36875 0.2453125000000001 0.36875 0.5078125 0.453125 0.5078125
2 0.621875 0.2453125000000001 0.5375 0.2453125000000001 0.5375 0.48125 0.621875 0.48125
2 0.5640625 0.20468750000000008 0.49375 0.20468750000000008 0.49375 0.3281250000000001 0.5640625 0.3281250000000001
2 0.7375 0.2093750000000001 0.6625 0.2093750000000001 0.6625 0.4453125000000001 0.7375 0.44531250000000017