2 0.996875 0.5250000000000001 0.840625 0.5250000000000001 0.840625 0.846875 0.996875 0.846875
2 0.996875 0.6171875000000002 0.7484375 0.6171875000000002 0.7484375000000001 0.9671875 0.996875 0.9671875
2 0.58125 0.4921875 0.36406250000000007 0.4921875 0.36406250000000007 0.803125 0.5812500000000002 0.803125
2 0.6000000000000001 0.6125 0.3125000000000001 0.6125 0.3125000000000001 0.846875 0.6000000000000002 0.846875
2 0.996875 0.6390625000000002 0.7703125 0.6390625000000002 0.7703125000000001 0.890625 0.996875 0.890625
2 0.6656250000000001 0.6125 0.2578125000000001 0.6125 0.2578125000000001 0.9234375 0.6656250000000001 0.9234375
2 0.19218750000000007 0.4859375 5.95101803960667e-17 0.4859375 8.189825469297925e-17 0.8515625 0.1921875000000001 0.8515625
2 0.2468750000000001 0.5453125 6.678152076600411e-17 0.5453125 9.127445674895116e-17 0.9453125 0.2468750000000001 0.9453125
2 0.4296875 0.26250000000000007 0.2359375 0.2625 0.23593750000000005 0.5078125 0.4296875 0.5078125
2 0.621875 0.06562500000000007 0.4625 0.06562500000000007 0.4625 0.2890625000000001 0.621875 0.2890625000000001
2 0.996875 0.04375000000000011 0.7203125 0.04375000000000009 0.7203125 0.2890625000000001 0.996875 0.2890625000000001
2 0.996875 0.1484375000000001 0.6984375 0.14843750000000008 0.6984375 0.3453125000000001 0.996875 0.3453125000000001
2 0.9453125 0.2734375000000001 0.575 0.2734375000000001 0.575 0.5625000000000001 0.9453125 0.5625000000000002
2 0.9671875 0.3609375000000001 0.5125 0.3609375000000001 0.5125 0.6453125000000001 0.9671875 0.6453125000000002
2 0.446875 0.3609375 0.18906250000000005 0.3609375 0.18906250000000005 0.540625 0.446875 0.540625
2 0.5015625 0.33906250000000004 0.14531250000000004 0.3390625 0.14531250000000007 0.60625 0.5015625 0.60625
2 0.64375 0.17031250000000006 0.4140625 0.17031250000000003 0.4140625 0.3125000000000001 0.64375 0.3125000000000001
2 0.6953125 0.15937500000000007 0.375 0.15937500000000004 0.37500000000000006 0.3781250000000001 0.6953125 0.3781250000000001
2 0.2328125 0.06562500000000002 8.036744619404505e-18 0.065625 2.3440505139929808e-17 0.3171875 0.2328125 0.3171875
2 0.26562500000000006 0.16406250000000003 2.0091861548511263e-17 0.1640625 3.3773462507735604e-17 0.3875 0.2656250000000001 0.3875