2 0.996875 0.9484375 0.9265625 0.9484375 0.9265625 0.9953125 0.996875 0.9953125
2 0.996875 0.85625 0.965625 0.85625 0.965625 0.953125 0.996875 0.953125
2 0.9546875 0.8875 0.8890625 0.8875 0.8890625 0.959375 0.9546875 0.959375
2 0.965625 0.8046875 0.91875 0.8046875 0.91875 0.8609375 0.965625 0.8609375
2 0.9953125 0.7421875000000002 0.95 0.7421875000000002 0.95 0.865625 0.9953125 0.865625
2 0.93125 0.7265625000000002 0.853125 0.7265625000000002 0.853125 0.7890625000000002 0.93125 0.7890625000000002
2 0.9078125 0.809375 0.8421875 0.809375 0.8421875 0.896875 0.9078125 0.896875
2 0.85 0.7484375000000002 0.7953125000000002 0.7484375000000002 0.7953125000000002 0.8671875 0.85 0.8671875
2 0.834375 0.7062500000000002 0.80625 0.7062500000000002 0.80625 0.7625000000000002 0.834375 0.7625000000000002
2 0.871875 0.7109375000000002 0.834375 0.7109375000000002 0.834375 0.7375000000000002 0.871875 0.7375000000000002
2 0.86875 0.6343750000000001 0.8140625 0.6343750000000001 0.8140625 0.7015625000000002 0.86875 0.7015625000000002
2 0.953125 0.6593750000000002 0.884375 0.6593750000000002 0.884375 0.7375000000000002 0.953125 0.7375000000000002
2 0.996875 0.6437500000000002 0.93125 0.6437500000000002 0.93125 0.7062500000000002 0.996875 0.7062500000000002
2 0.9609375 0.5984375000000002 0.915625 0.5984375000000002 0.915625 0.6546875000000002 0.9609375 0.6546875000000002
2 0.91875 0.5781250000000002 0.8578125 0.5781250000000002 0.8578125 0.6500000000000001 0.91875 0.6500000000000001
2 0.9421875 0.5359375000000002 0.8953125 0.5359375000000002 0.8953125 0.5828125000000002 0.9421875 0.5828125000000002
2 0.9734375 0.5671875000000002 0.95 0.5671875000000002 0.95 0.6125000000000002 0.9734375 0.6125000000000002
2 0.9921875 0.5265625000000002 0.965625 0.5265625000000002 0.965625 0.5781250000000002 0.9921875 0.5781250000000002
2 0.996875 0.46406250000000016 0.9265625 0.46406250000000016 0.9265625 0.5312500000000002 0.996875 0.5312500000000002
2 0.996875 0.40156250000000016 0.9546875 0.40156250000000016 0.9546875 0.44843750000000016 0.996875 0.44843750000000016
2 0.8921875 0.4078125000000002 0.86875 0.4078125000000002 0.86875 0.4906250000000002 0.8921875 0.4906250000000002
2 0.884375 0.3812500000000001 0.7984375 0.3812500000000001 0.7984375 0.4437500000000002 0.884375 0.4437500000000002
2 0.834375 0.4281250000000002 0.8 0.4281250000000002 0.8 0.5000000000000002 0.834375 0.5000000000000002
2 0.8890625 0.43750000000000017 0.83125 0.43750000000000017 0.83125 0.5156250000000002 0.8890625 0.5156250000000002
2 0.86875 0.4890625000000002 0.8296875 0.4890625000000002 0.8296875 0.5312500000000002 0.86875 0.5312500000000002
2 0.953125 0.27812500000000007 0.8921875 0.27812500000000007 0.8921875 0.32500000000000007 0.953125 0.32500000000000007
2 0.9921875 0.2578125000000001 0.9421875 0.2578125000000001 0.9421875 0.29375000000000007 0.9921875 0.29375000000000007
2 0.98125 0.3000000000000001 0.9421875 0.3000000000000001 0.9421875 0.37187500000000007 0.98125 0.37187500000000007
2 0.9578125 0.3500000000000001 0.9109375 0.3500000000000001 0.9109375 0.4437500000000002 0.9578125 0.4437500000000002
2 0.93125 0.3671875000000001 0.9 0.3671875000000001 0.9 0.4906250000000002 0.93125 0.4906250000000002
2 0.8734375 0.29375000000000007 0.8234375 0.29375000000000007 0.8234375 0.34062500000000007 0.8734375 0.34062500000000007
2 0.8734375 0.2218750000000001 0.83125 0.2218750000000001 0.83125 0.2671875000000001 0.8734375 0.2671875000000001
2 0.8953125 0.2171875000000001 0.86875 0.2171875000000001 0.86875 0.24218750000000008 0.8953125 0.24218750000000008
2 0.9234375 0.16093750000000012 0.8578125 0.1609375000000001 0.8578125 0.21250000000000008 0.9234375 0.21250000000000008
2 0.946875 0.2156250000000001 0.896875 0.2156250000000001 0.896875 0.2734375000000001 0.946875 0.2734375000000001
2 0.9578125 0.15468750000000014 0.9234375 0.15468750000000014 0.9234375 0.21093750000000008 0.9578125 0.21093750000000008
2 0.996875 0.15468750000000014 0.9625 0.15468750000000014 0.9625 0.19531250000000014 0.996875 0.19531250000000014
2 0.9953125 0.09375000000000011 0.9421875 0.09375000000000011 0.9421875 0.14531250000000012 0.9953125 0.14531250000000012
2 0.8078125 0.9078125 0.7578125000000002 0.9078125 0.7578125000000002 0.953125 0.8078125 0.953125
2 0.8765625 0.8609375 0.7984375000000001 0.8609375 0.7984375000000001 0.94375 0.8765625 0.94375
2 0.9 0.9484375 0.8109375 0.9484375 0.8109375 0.9953125 0.9 0.9953125
2 0.8140625 0.9640625 0.6953125000000002 0.9640625 0.6953125000000002 0.9953125 0.8140625 0.9953125
2 0.6984375000000002 0.959375 0.6531250000000002 0.959375 0.6531250000000002 0.9953125 0.6984375000000002 0.9953125
2 0.7500000000000002 0.8875 0.7000000000000002 0.8875 0.7000000000000002 0.9390625 0.7500000000000002 0.9390625
2 0.7718750000000002 0.8453125 0.7296875000000002 0.8453125 0.7296875000000002 0.928125 0.7718750000000002 0.928125
2 0.7984375000000001 0.7781250000000002 0.7531250000000002 0.7781250000000002 0.7531250000000002 0.8609375 0.7984375000000001 0.8609375
2 0.7796875000000002 0.7328125000000002 0.7296875000000002 0.7328125000000002 0.7296875000000002 0.8046875 0.7796875000000002 0.8046875
2 0.8 0.6703125000000002 0.75 0.6703125000000002 0.75 0.7156250000000002 0.8 0.7156250000000002
2 0.790625 0.6078125000000002 0.753125 0.6078125000000002 0.753125 0.6750000000000002 0.790625 0.6750000000000002
2 0.8453125 0.5515625000000002 0.771875 0.5515625000000002 0.771875 0.6390625000000002 0.8453125 0.6390625000000002
2 0.8375 0.5000000000000002 0.7640625 0.5000000000000002 0.7640625 0.5875000000000001 0.8375 0.5875000000000001
2 0.7421875000000001 0.6812500000000001 0.6765625 0.68125 0.6765625000000001 0.76875 0.7421875000000002 0.7687500000000002
2 0.75 0.6031250000000001 0.715625 0.603125 0.715625 0.6796875000000001 0.75 0.6796875000000002
2 0.6750000000000002 0.928125 0.6375000000000002 0.928125 0.6375000000000002 0.9734375 0.6750000000000002 0.9734375
2 0.7218750000000002 0.8609375 0.6531250000000002 0.8609375 0.6531250000000002 0.9484375 0.7218750000000002 0.9484375
2 0.6765625000000002 0.7890625 0.6453125000000002 0.7890625 0.6453125000000002 0.840625 0.6765625000000002 0.840625
2 0.7328125000000002 0.7734375000000001 0.6796875000000002 0.7734375 0.6796875000000002 0.840625 0.7328125000000002 0.840625
2 0.6765625000000001 0.6546875 0.634375 0.6546875 0.6343750000000001 0.7265625 0.6765625000000002 0.7265625
2 0.71875 0.59375 0.66875 0.59375 0.66875 0.6609375 0.71875 0.6609375
2 0.6296875000000002 0.896875 0.5796875000000001 0.896875 0.5796875000000001 0.9484375 0.6296875000000002 0.9484375
2 0.6453125000000002 0.8359375 0.5796875000000001 0.8359375 0.5796875000000001 0.903125 0.6453125000000002 0.903125
2 0.6406250000000002 0.815625 0.6140625000000002 0.815625 0.6140625000000002 0.8359375 0.6406250000000002 0.8359375
2 0.6109375000000001 0.778125 0.5531250000000002 0.778125 0.5531250000000002 0.8359375 0.6109375000000001 0.8359375
2 0.6218750000000001 0.7171875 0.5796875 0.7171875 0.5796875000000001 0.79375 0.6218750000000002 0.79375
2 0.6609375000000001 0.65 0.5875 0.65 0.5875000000000001 0.753125 0.6609375000000002 0.753125
2 0.6953125 0.5671875 0.6328125 0.5671875 0.6328125 0.65 0.6953125 0.65
2 0.7265625 0.48906250000000007 0.6640625 0.4890625 0.6640625 0.5468750000000001 0.7265625 0.5468750000000002
2 0.7796875 0.4953125000000001 0.7109375 0.4953125 0.7109375 0.5828125000000001 0.7796875 0.5828125000000002
2 0.7265625 0.5468750000000001 0.6921875 0.546875 0.6921875 0.6031250000000001 0.7265625 0.6031250000000001
2 0.7796875 0.4328125000000001 0.721875 0.4328125 0.721875 0.5359375000000001 0.7796875 0.5359375000000002
2 0.803125 0.4437500000000002 0.7640625 0.4437500000000002 0.7640625 0.5156250000000002 0.803125 0.5156250000000002
2 0.7375 0.3921875000000001 0.7109375 0.3921875000000001 0.7109375 0.4796875000000001 0.7375 0.47968750000000016
2 0.7921875 0.38750000000000007 0.7421875 0.38750000000000007 0.7421875 0.4234375000000002 0.7921875 0.4234375000000002
2 0.834375 0.34062500000000007 0.771875 0.34062500000000007 0.771875 0.4125000000000002 0.834375 0.4125000000000002
2 0.7765625 0.3453125000000001 0.6875 0.3453125000000001 0.6875 0.4234375000000001 0.7765625 0.4234375000000002
2 0.8265625 0.2531250000000001 0.753125 0.2531250000000001 0.753125 0.34062500000000007 0.8265625 0.34062500000000007
2 0.753125 0.2890625000000001 0.6953125 0.2890625000000001 0.6953125 0.37187500000000007 0.753125 0.37187500000000007
2 0.7578125 0.2218750000000001 0.7 0.2218750000000001 0.7 0.3046875000000001 0.7578125 0.3046875000000001
2 0.8109375 0.22656250000000008 0.7453125 0.22656250000000008 0.7453125 0.2734375000000001 0.8109375 0.2734375000000001
2 0.8296875 0.17968750000000008 0.76875 0.17968750000000008 0.76875 0.2218750000000001 0.8296875 0.2218750000000001
2 0.8375 0.1390625000000001 0.771875 0.1390625000000001 0.771875 0.2015625000000001 0.8375 0.2015625000000001
2 0.86875 0.11875000000000009 0.8375 0.11875000000000009 0.8375 0.2312500000000001 0.86875 0.2312500000000001
2 0.91875 0.004687500000000108 0.8453125 0.004687500000000104 0.8453125 0.1031250000000001 0.91875 0.10312500000000013
2 0.96875 0.035937500000000115 0.86875 0.03593750000000011 0.86875 0.13906250000000012 0.96875 0.13906250000000014
2 0.853125 0.0562500000000001 0.76875 0.05625000000000009 0.76875 0.1546875000000001 0.853125 0.1546875000000001
2 0.771875 0.05625000000000009 0.734375 0.05625000000000009 0.734375 0.08750000000000009 0.771875 0.08750000000000009
2 0.8078125 9.586688224575374e-17 0.7578125 9.280526524788537e-17 0.7578125 0.0468750000000001 0.8078125 0.0468750000000001
2 0.740625 0.07187500000000009 0.6875 0.07187500000000009 0.6875 0.1593750000000001 0.740625 0.1593750000000001
2 0.7453125 8.582095147149811e-17 0.65625 8.036744619404505e-17 0.65625 0.0671875000000001 0.7453125 0.0671875000000001
2 0.7640625 0.1703125000000001 0.6953125 0.1703125000000001 0.6953125 0.2312500000000001 0.7640625 0.2312500000000001
2 0.5750000000000002 0.865625 0.4906250000000002 0.865625 0.4906250000000002 0.9640625 0.5750000000000002 0.9640625
2 0.5750000000000002 0.9328125 0.4906250000000002 0.9328125 0.4906250000000002 0.9953125 0.5750000000000002 0.9953125
2 0.5671875000000002 0.8296875 0.5062500000000002 0.8296875 0.5062500000000002 0.896875 0.5671875000000002 0.896875
2 0.5484375000000001 0.7890625 0.5140625000000002 0.7890625 0.5140625000000002 0.8453125 0.5484375000000001 0.8453125
2 0.5640625000000001 0.696875 0.509375 0.696875 0.5093750000000001 0.8 0.5640625000000001 0.8
2 0.5828125000000001 0.70625 0.540625 0.70625 0.5406250000000001 0.76875 0.5828125000000002 0.76875
2 0.5875 0.64375 0.5453125 0.64375 0.5453125 0.721875 0.5875 0.721875
2 0.60625 0.603125 0.55625 0.603125 0.55625 0.6390625 0.60625 0.6390625
2 0.5984375 0.540625 0.54375 0.540625 0.54375 0.603125 0.5984375 0.603125
2 0.6484375 0.484375 0.590625 0.484375 0.590625 0.546875 0.6484375 0.546875
2 0.6765625 0.5046875 0.6109375 0.5046875 0.6109375 0.5828125 0.6765625 0.5828125
2 0.66875 0.4328125 0.6265625 0.4328125 0.6265625 0.5109375 0.66875 0.5109375
2 0.7140625 0.3812500000000001 0.653125 0.3812500000000001 0.653125 0.4953125 0.7140625 0.4953125
2 0.6953125 0.3046875000000001 0.6328125 0.3046875000000001 0.6328125 0.4015625 0.6953125 0.4015625
2 0.65625 0.2734375000000001 0.5875 0.2734375000000001 0.5875 0.4125 0.65625 0.4125
2 0.60625 0.2578125000000001 0.5515625 0.2578125000000001 0.5515625 0.32500000000000007 0.60625 0.32500000000000007
2 0.640625 0.1906250000000001 0.5671875 0.1906250000000001 0.5671875 0.2687500000000001 0.640625 0.2687500000000001
2 0.5218750000000002 0.9171875 0.4281250000000002 0.9171875 0.4281250000000002 0.9953125 0.5218750000000002 0.9953125
2 0.48750000000000016 0.8453125 0.44531250000000017 0.8453125 0.44531250000000017 0.8921875 0.48750000000000016 0.8921875
2 0.5218750000000002 0.7625 0.4750000000000002 0.7625 0.4750000000000002 0.8203125 0.5218750000000002 0.8203125
2 0.5218750000000001 0.68125 0.4640625 0.68125 0.4640625000000001 0.753125 0.5218750000000002 0.753125
2 0.6015625 0.4125 0.5328125 0.4125 0.5328125 0.515625 0.6015625 0.515625
2 0.6109375 0.30937500000000007 0.521875 0.30937500000000007 0.521875 0.4171875 0.6109375 0.4171875
2 0.5296875 0.19531250000000006 0.459375 0.19531250000000006 0.459375 0.2218750000000001 0.5296875 0.2218750000000001
2 0.5453125 0.2218750000000001 0.4796875 0.2218750000000001 0.4796875 0.2890625000000001 0.5453125 0.2890625000000001
2 0.56875 0.11406250000000007 0.4875 0.11406250000000004 0.4875 0.2015625000000001 0.56875 0.2015625000000001
2 0.575 0.08750000000000006 0.525 0.08750000000000006 0.525 0.15468750000000006 0.575 0.1546875000000001
2 0.559375 0.06250000000000007 0.490625 0.06250000000000007 0.490625 0.13437500000000008 0.559375 0.13437500000000008
2 0.590625 0.026562500000000072 0.5375 0.026562500000000065 0.5375 0.12968750000000007 0.590625 0.1296875000000001
2 0.5515625 6.352855270576895e-17 0.4859375 5.95101803960667e-17 0.4859375 0.040625000000000064 0.5515625 0.040625000000000064
2 0.5015625 0.026562500000000062 0.4484375 0.026562500000000055 0.4484375 0.11406250000000004 0.5015625 0.11406250000000004
2 0.4640625 0.02500000000000005 0.40625 0.025000000000000043 0.40625 0.08281250000000005 0.4640625 0.08281250000000007
2 0.4703125 0.07187500000000005 0.4171875 0.07187500000000005 0.4171875 0.13437500000000005 0.4703125 0.13437500000000005
2 0.4484375 0.13906250000000003 0.4015625 0.13906250000000003 0.4015625 0.19531250000000006 0.4484375 0.19531250000000006
2 0.4671875 0.2218750000000001 0.4125 0.2218750000000001 0.4125 0.2890625000000001 0.4671875 0.2890625000000001
2 0.4828125 0.3046875000000001 0.4203125 0.3046875000000001 0.4203125 0.3500000000000001 0.4828125 0.3500000000000001
2 0.5140625 0.3609375000000001 0.4171875 0.3609375000000001 0.4171875 0.4078125 0.5140625 0.4078125
2 0.4828125 0.3812500000000001 0.3750000000000001 0.3812500000000001 0.3750000000000001 0.475 0.4828125 0.475
2 0.5015625 0.4375 0.440625 0.4375 0.440625 0.4953125 0.5015625 0.4953125
2 0.528125 0.475 0.475 0.475 0.475 0.5265625 0.528125 0.5265625
2 0.5015625 0.515625 0.4359375 0.515625 0.4359375 0.603125 0.5015625 0.603125
2 0.4640625 0.5515625 0.40625 0.5515625 0.40625 0.6546875 0.4640625 0.6546875
2 0.428125 0.5 0.3828125000000001 0.5 0.3828125000000001 0.55625 0.428125 0.55625
2 0.425 0.5578125 0.3906250000000001 0.5578125 0.3906250000000001 0.6453125 0.425 0.6453125
2 0.4484375000000001 0.6859375 0.3859375000000001 0.6859375 0.3859375000000001 0.7578125 0.44843750000000016 0.7578125
2 0.44843750000000016 0.7578125 0.41406250000000017 0.7578125 0.41406250000000017 0.8140625 0.44843750000000016 0.8140625
2 0.40937500000000016 0.7421875 0.3593750000000001 0.7421875 0.3593750000000001 0.7890625 0.40937500000000016 0.7890625
2 0.40937500000000016 0.784375 0.3625000000000001 0.784375 0.3625000000000001 0.815625 0.40937500000000016 0.815625
2 0.45625000000000016 0.825 0.3937500000000001 0.825 0.3937500000000001 0.865625 0.45625000000000016 0.865625
2 0.4671875000000002 0.88125 0.40156250000000016 0.88125 0.40156250000000016 0.9953125 0.4671875000000002 0.9953125
2 0.4046875000000002 0.8359375 0.3515625000000001 0.8359375 0.3515625000000001 0.9390625 0.4046875000000002 0.9390625
2 0.41406250000000017 0.9015625 0.3140625000000001 0.9015625 0.3140625000000001 0.9953125 0.41406250000000017 0.9953125
2 0.3437500000000001 0.896875 0.2468750000000001 0.896875 0.2468750000000001 0.9953125 0.3437500000000001 0.9953125
2 0.3671875000000001 0.8203125 0.29375000000000007 0.8203125 0.29375000000000007 0.8921875 0.3671875000000001 0.8921875
2 0.36406250000000007 0.721875 0.2828125000000001 0.721875 0.2828125000000001 0.8046875 0.36406250000000007 0.8046875
2 0.3437500000000001 0.5984375 0.2812500000000001 0.5984375 0.2812500000000001 0.753125 0.3437500000000001 0.753125
2 0.3703125000000001 0.546875 0.31718750000000007 0.546875 0.31718750000000007 0.6296875 0.3703125000000001 0.6296875
2 0.3859375000000001 0.603125 0.3359375000000001 0.603125 0.3359375000000001 0.665625 0.3859375000000001 0.665625
2 0.3390625000000001 0.53125 0.27812500000000007 0.53125 0.27812500000000007 0.6078125 0.3390625000000001 0.6078125
2 0.3750000000000001 0.475 0.3125000000000001 0.475 0.3125000000000001 0.546875 0.3750000000000001 0.546875
2 0.4296875 0.4953125 0.36406250000000007 0.4953125 0.36406250000000007 0.55625 0.4296875 0.55625
2 0.3671875000000001 0.4375 0.29375000000000007 0.4375 0.29375000000000007 0.5 0.3671875000000001 0.5
2 0.3781250000000001 0.3765625 0.34062500000000007 0.3765625 0.34062500000000007 0.4734375 0.3781250000000001 0.4734375
2 0.3437500000000001 0.38125 0.3046875000000001 0.38125 0.3046875000000001 0.453125 0.3437500000000001 0.453125
2 0.34687500000000004 0.3453125 0.278125 0.3453125 0.27812500000000007 0.4171875 0.3468750000000001 0.4171875
2 0.39843750000000006 0.32500000000000007 0.3484375 0.325 0.34843750000000007 0.3765625 0.3984375000000001 0.3765625000000001
2 0.4140625 0.23125000000000004 0.340625 0.23125 0.340625 0.32500000000000007 0.4140625 0.32500000000000007
2 0.359375 0.23125 0.2734375 0.23125 0.2734375 0.325 0.359375 0.325
2 0.378125 0.18125000000000005 0.296875 0.18125000000000005 0.296875 0.24843750000000003 0.378125 0.2484375000000001
2 0.39375 0.13437500000000005 0.328125 0.13437500000000005 0.328125 0.22656250000000006 0.39375 0.22656250000000008
2 0.3859375 0.057812500000000044 0.296875 0.057812500000000044 0.296875 0.14531250000000004 0.3859375 0.14531250000000004
2 0.3828125 0.00625000000000004 0.2828125 0.006250000000000033 0.2828125 0.057812500000000044 0.3828125 0.057812500000000044
2 0.2890625 0.021875000000000026 0.1859375 0.021875000000000023 0.1859375 0.14531250000000004 0.2890625 0.14531250000000004
2 0.3 3.15729252905177e-17 0.215625 2.6406446606614805e-17 0.215625 0.09218750000000003 0.3 0.09218750000000005
2 0.275 0.17031250000000003 0.18125 0.1703125 0.18125000000000002 0.278125 0.275 0.278125
2 0.2828125 0.2171875 0.2171875 0.2171875 0.2171875 0.284375 0.2828125 0.284375
2 0.296875 0.17031250000000003 0.2515625 0.17031250000000003 0.2515625 0.23125 0.296875 0.23125
2 0.2968750000000001 0.4953125 0.2468750000000001 0.4953125 0.2468750000000001 0.546875 0.2968750000000001 0.546875
2 0.29375000000000007 0.4015625 0.18906250000000005 0.4015625 0.18906250000000005 0.484375 0.29375000000000007 0.484375
2 0.26250000000000007 0.38125 0.2312500000000001 0.38125 0.2312500000000001 0.4125 0.26250000000000007 0.4125
2 0.26562500000000006 0.3453125 0.228125 0.3453125 0.22812500000000005 0.3921875 0.2656250000000001 0.3921875
2 0.23125000000000004 0.3453125 0.18593750000000003 0.3453125 0.18593750000000003 0.4015625 0.2312500000000001 0.4015625
2 0.2171875 0.2734375 0.15156250000000004 0.2734375 0.15156250000000004 0.340625 0.2171875 0.340625
2 0.19687500000000005 0.325 0.13906250000000003 0.325 0.13906250000000003 0.3921875 0.19687500000000005 0.3921875
2 0.15468750000000003 0.35625 0.10000000000000005 0.35625 0.10000000000000005 0.4234375 0.15468750000000003 0.4234375
2 0.14687500000000003 0.371875 0.07343750000000004 0.371875 0.07343750000000004 0.4484375 0.14687500000000003 0.4484375
2 0.12031250000000004 0.4078125 0.05468750000000004 0.4078125 0.054687500000000056 0.4640625 0.12031250000000004 0.4640625
2 0.18593750000000003 0.459375 0.12812500000000004 0.459375 0.12812500000000004 0.5203125 0.18593750000000003 0.5203125
2 0.2000000000000001 0.4234375 0.14687500000000003 0.4234375 0.14687500000000003 0.4953125 0.2000000000000001 0.4953125
2 0.14687500000000006 0.490625 0.08125000000000007 0.490625 0.08125000000000007 0.5625 0.1468750000000001 0.5625
2 0.18593750000000006 0.5359375 0.12343750000000005 0.5359375 0.12343750000000006 0.5984375 0.1859375000000001 0.5984375
2 0.2156250000000001 0.5359375 0.17812500000000003 0.5359375 0.17812500000000006 0.5671875 0.2156250000000001 0.5671875
2 0.21250000000000008 0.4953125 0.15468750000000003 0.4953125 0.15468750000000006 0.571875 0.21250000000000008 0.571875
2 0.2593750000000001 0.5109375 0.18906250000000005 0.5109375 0.18906250000000008 0.6140625 0.2593750000000001 0.6140625
2 0.20468750000000008 0.5625 0.1390625000000001 0.5625 0.1390625000000001 0.6234375 0.20468750000000008 0.6234375
2 0.25468750000000007 0.6140625 0.21250000000000008 0.6140625 0.21250000000000008 0.665625 0.25468750000000007 0.665625
2 0.27812500000000007 0.634375 0.2156250000000001 0.634375 0.2156250000000001 0.7109375 0.27812500000000007 0.7109375
2 0.2312500000000001 0.628125 0.18125000000000008 0.628125 0.18125000000000008 0.6859375 0.2312500000000001 0.6859375
2 0.2250000000000001 0.634375 0.1671875000000001 0.634375 0.1671875000000001 0.70625 0.2250000000000001 0.70625
2 0.2828125000000001 0.7125 0.2328125000000001 0.7125 0.2328125000000001 0.8 0.2828125000000001 0.8
2 0.24375000000000008 0.7015625 0.18125000000000008 0.7015625 0.18125000000000008 0.778125 0.24375000000000008 0.778125
2 0.2671875000000001 0.778125 0.2015625000000001 0.778125 0.2015625000000001 0.8609375 0.2671875000000001 0.8609375
2 0.30937500000000007 0.8140625 0.2390625000000001 0.8140625 0.2390625000000001 0.94375 0.30937500000000007 0.94375
2 0.25468750000000007 0.871875 0.19687500000000008 0.871875 0.1968750000000001 0.94375 0.25468750000000007 0.94375
2 0.3125000000000001 0.928125 0.22812500000000008 0.928125 0.22812500000000008 0.9953125 0.3125000000000001 0.9953125
2 0.23593750000000008 0.88125 0.1703125000000001 0.88125 0.17031250000000012 0.9953125 0.23593750000000008 0.9953125
2 0.21250000000000008 0.8140625 0.15781250000000008 0.8140625 0.1578125000000001 0.9078125 0.21250000000000008 0.9078125
2 0.20468750000000008 0.753125 0.12343750000000009 0.753125 0.12343750000000009 0.85625 0.20468750000000008 0.85625
2 0.2000000000000001 0.690625 0.1390625000000001 0.690625 0.1390625000000001 0.79375 0.2000000000000001 0.79375
2 0.1546875000000001 0.6953125 0.08437500000000009 0.6953125 0.08437500000000009 0.7890625 0.1546875000000001 0.7890625
2 0.1546875000000001 0.625 0.11250000000000009 0.625 0.11250000000000009 0.696875 0.1546875000000001 0.696875
2 0.14218750000000008 0.5625 0.09687500000000007 0.5625 0.09687500000000007 0.6390625 0.14218750000000008 0.6390625
2 0.10000000000000009 0.55625 0.04687500000000007 0.55625 0.04687500000000007 0.6234375 0.10000000000000009 0.6234375
2 0.10468750000000009 0.65 0.046875000000000076 0.65 0.04687500000000008 0.70625 0.10468750000000009 0.70625
2 0.06250000000000008 0.7171875 8.783013762634924e-17 0.7171875 9.376202055971923e-17 0.8140625 0.06250000000000008 0.8140625
2 0.04218750000000011 0.8140625 9.969390349308921e-17 0.8140625 1.0476470664580872e-16 0.896875 0.042187500000000114 0.896875
2 0.10000000000000009 0.8140625 0.0390625000000001 0.8140625 0.039062500000000104 0.8765625 0.10000000000000009 0.8765625
2 0.13906250000000012 0.8203125 0.08125000000000011 0.8203125 0.08125000000000011 0.9234375 0.13906250000000014 0.9234375
2 0.1968750000000001 0.896875 0.10468750000000009 0.896875 0.10468750000000011 0.9953125 0.19687500000000013 0.9953125
2 0.11562500000000012 0.8921875 0.034375000000000114 0.8921875 0.034375000000000114 0.984375 0.11562500000000013 0.984375
2 0.057812500000000114 0.9078125 1.1117496723509566e-16 0.9078125 1.1653279698136533e-16 0.9953125 0.057812500000000114 0.9953125
2 0.06250000000000008 0.5875 7.1947999449907e-17 0.5875 8.017609513167828e-17 0.721875 0.06250000000000008 0.721875
2 0.05468750000000007 0.5109375 6.257179739393508e-17 0.5109375 6.630314311008718e-17 0.571875 0.05468750000000007 0.571875
2 0.08125000000000007 0.4546875 0.03437500000000006 0.4546875 0.03437500000000006 0.5421875 0.08125000000000007 0.5421875
2 0.03125000000000006 0.4640625 5.683126552293186e-17 0.4640625 5.970153145843347e-17 0.5109375 0.03125000000000007 0.5109375
2 0.06562500000000004 0.3453125 4.228858478305704e-17 0.3453125 4.889019643471074e-17 0.453125 0.06562500000000004 0.453125
2 0.13593750000000004 0.1953125 0.050000000000000024 0.1953125 0.050000000000000024 0.2578125 0.13593750000000004 0.2578125
2 0.15468750000000003 0.23125 0.05468750000000002 0.23125 0.054687500000000035 0.3453125 0.15468750000000003 0.3453125
2 0.04218750000000003 0.175 2.143131898507868e-17 0.175 2.812860616791577e-17 0.284375 0.04218750000000003 0.284375
2 0.06875000000000003 0.271875 3.329508485181867e-17 0.271875 3.807886141098801e-17 0.35 0.06875000000000005 0.35
2 0.09218750000000002 0.1234375 0.04218750000000001 0.1234375 0.04218750000000002 0.1859375 0.09218750000000002 0.1859375
2 0.17031250000000003 0.1453125 0.1078125 0.1453125 0.10781250000000002 0.196875 0.17031250000000003 0.196875
2 0.1046875 0.04062500000000001 0.046875 0.04062500000000001 0.04687500000000001 0.11875 0.1046875 0.11875
2 0.2 1.8082675393660138e-17 0.0953125 1.1672414804373211e-17 0.0953125 0.07656250000000002 0.2 0.07656250000000002
2 0.2046875 0.07187500000000002 0.115625 0.07187500000000002 0.115625 0.15468750000000003 0.2046875 0.15468750000000003
2 0.1 6.792962714020475e-18 0.0109375 1.3394574365674175e-18 0.010937500000000003 0.04062500000000001 0.1 0.04062500000000001
2 0.05 3.2529680602351567e-18 0.003125 3.827021247335479e-19 0.0031250000000000036 0.05625 0.05 0.05625
2 0.026562500000000006 0.025 3.061616997868383e-18 0.025 6.888638245203862e-18 0.0875 0.02656250000000001 0.0875
2 0.996875 6.104098889500089e-17 0 0 6.09453133638175e-17 0.9953125 0.996875 0.9953125