2 0.996875 0.5359375000000002 0.75 0.5359375000000002 0.7500000000000001 0.7937500000000002 0.996875 0.7937500000000002
2 0.953125 0.1031250000000001 0.721875 0.10312500000000009 0.721875 0.3656250000000001 0.953125 0.3656250000000001
2 0.6187500000000001 0.5265625 0.37968750000000007 0.5265625 0.37968750000000007 0.778125 0.6187500000000001 0.778125
2 0.6140625 0.09843750000000005 0.396875 0.09843750000000004 0.396875 0.34062500000000007 0.6140625 0.34062500000000007
2 0.2828125 0.09843750000000002 0.05468750000000002 0.0984375 0.054687500000000035 0.35 0.2828125 0.35
2 0.2515625000000001 0.5203125 6.371990376813572e-17 0.5203125 7.921933981984441e-17 0.7734375 0.2515625000000001 0.7734375
2 0.9734375 0.4843750000000001 0.66875 0.484375 0.6687500000000001 0.8921875 0.9734375 0.8921875
2 0.93125 0.1187500000000001 0.6484375 0.11875000000000009 0.6484375 0.45781250000000007 0.93125 0.4578125000000002
2 0.621875 0.11875000000000006 0.3546875 0.11875000000000005 0.35468750000000004 0.4484375 0.621875 0.4484375
2 0.6296875000000001 0.4796875 0.3359375000000001 0.4796875 0.3359375000000001 0.8703125 0.6296875000000002 0.8703125
2 0.2984375000000001 0.4796875 0.012500000000000061 0.4796875 0.012500000000000084 0.8609375 0.2984375000000001 0.8609375
2 0.32031250000000006 0.12343750000000002 0.057812500000000024 0.1234375 0.05781250000000003 0.453125 0.3203125000000001 0.453125