2 0.975 0.2500000000000001 0.5953125 0.2500000000000001 0.5953125000000001 0.809375 0.975 0.809375
2 0.5203125000000001 0.24062500000000003 0.029687500000000033 0.240625 0.02968750000000007 0.8796875 0.5203125000000002 0.8796875
3 0.965625 0.1656250000000001 0.6046875 0.16562500000000008 0.6046875 0.2656250000000001 0.965625 0.2656250000000001
3 0.475 0.15000000000000002 0.06562500000000002 0.15 0.06562500000000002 0.27031250000000007 0.475 0.27031250000000007
0 0.26562500000000006 0.315625 0.07968750000000005 0.315625 0.07968750000000005 0.5296875 0.2656250000000001 0.5296875
0 0.5 0.31562500000000004 0.309375 0.315625 0.30937500000000007 0.4796875 0.5 0.4796875
0 0.440625 0.4703125 0.2406250000000001 0.4703125 0.2406250000000001 0.5546875 0.440625 0.5546875
0 0.490625 0.540625 0.3203125000000001 0.540625 0.3203125000000001 0.7 0.490625 0.7
0 0.5109375 0.615625 0.3859375000000001 0.615625 0.3859375000000001 0.7953125 0.5109375000000002 0.7953125
0 0.3906250000000001 0.6359375 0.1859375000000001 0.6359375 0.1859375000000001 0.840625 0.3906250000000001 0.840625
0 0.2156250000000001 0.6 0.05468750000000007 0.6 0.05468750000000009 0.825 0.2156250000000001 0.825
0 0.15468750000000006 0.4953125 0.050000000000000065 0.4953125 0.050000000000000065 0.6296875 0.1546875000000001 0.6296875
0 0.3156250000000001 0.5203125 0.15468750000000003 0.5203125 0.15468750000000006 0.615625 0.3156250000000001 0.615625
0 0.10937500000000004 0.3 0.04531250000000003 0.3 0.04531250000000005 0.475 0.10937500000000004 0.475