2 0.7765625 0.6343750000000001 0.6609375 0.634375 0.6609375000000001 0.9375 0.7765625000000002 0.9375
2 0.6484375000000001 0.6390625 0.5328125 0.6390625 0.5328125000000001 0.9328125 0.6484375000000002 0.9328125
2 0.5218750000000001 0.6390625 0.409375 0.6390625 0.4093750000000001 0.928125 0.5218750000000002 0.928125
2 0.3937500000000001 0.6390625 0.2734375000000001 0.6390625 0.2734375000000001 0.9328125 0.3937500000000001 0.9328125
2 0.4015625000000001 0.6296875 0.3703125000000001 0.6296875 0.3703125000000001 0.8921875 0.40156250000000016 0.8921875
2 0.2468750000000001 0.64375 0.1281250000000001 0.64375 0.1281250000000001 0.9328125 0.2468750000000001 0.9328125
2 0.2750000000000001 0.6390625 0.2328125000000001 0.6390625 0.2328125000000001 0.871875 0.2750000000000001 0.871875
2 0.8109375 0.3921875000000001 0.740625 0.3921875000000001 0.740625 0.5359375000000002 0.8109375 0.5359375000000002
2 0.7375 0.3812500000000001 0.6671875 0.3812500000000001 0.6671875 0.5421875 0.7375 0.5421875000000002
2 0.65625 0.37187500000000007 0.5796875 0.37187500000000007 0.5796875 0.5421875 0.65625 0.5421875
2 0.5828125 0.3656250000000001 0.49375 0.3656250000000001 0.49375 0.5359375 0.5828125 0.5359375
2 0.503125 0.3765625000000001 0.4875 0.3765625000000001 0.4875 0.525 0.503125 0.525
2 0.490625 0.3921875000000001 0.409375 0.3921875000000001 0.409375 0.53125 0.490625 0.53125
2 0.4046875 0.37187500000000007 0.3359375000000001 0.371875 0.3359375000000001 0.5265625 0.4046875 0.5265625
2 0.3281250000000001 0.3765625 0.2593750000000001 0.3765625 0.2593750000000001 0.525 0.3281250000000001 0.525
2 0.25468750000000007 0.371875 0.17031250000000003 0.371875 0.17031250000000003 0.5265625 0.25468750000000007 0.5265625
2 0.17031250000000003 0.3859375 0.08437500000000005 0.3859375 0.08437500000000006 0.53125 0.17031250000000003 0.53125
2 0.8078125 0.1546875000000001 0.7265625 0.1546875000000001 0.7265625 0.2734375000000001 0.8078125 0.2734375000000001
2 0.7265625 0.1593750000000001 0.671875 0.1593750000000001 0.671875 0.2734375000000001 0.7265625 0.2734375000000001
2 0.66875 0.11875000000000009 0.5875 0.11875000000000009 0.5875 0.2734375000000001 0.66875 0.2734375000000001
2 0.590625 0.07656250000000006 0.5015625 0.07656250000000006 0.5015625 0.2578125000000001 0.590625 0.2578125000000001
2 0.4953125 0.07187500000000005 0.40625 0.07187500000000005 0.40625 0.2531250000000001 0.4953125 0.2531250000000001
2 0.4015625 0.06718750000000004 0.309375 0.06718750000000004 0.309375 0.26250000000000007 0.4015625 0.26250000000000007
2 0.30625 0.056250000000000036 0.209375 0.05625000000000002 0.209375 0.2578125 0.30625 0.2578125
2 0.2125 0.040625000000000015 0.1046875 0.04062500000000001 0.10468750000000002 0.253125 0.2125 0.253125
3 0.6296875 0.5984375 0.5515625 0.5984375 0.5515625 0.64375 0.6296875 0.64375
3 0.76875 0.5921875000000001 0.675 0.5921875 0.675 0.6343750000000001 0.76875 0.6343750000000001
3 0.8109375 0.3500000000000001 0.7328125 0.3500000000000001 0.7328125 0.3921875000000001 0.8109375 0.3921875000000001
3 0.509375 0.5984375 0.425 0.5984375 0.425 0.634375 0.509375 0.634375
3 0.3671875000000001 0.6078125 0.2890625000000001 0.6078125 0.2890625000000001 0.6390625 0.3671875000000001 0.6390625
3 0.3859375000000001 0.5984375 0.3125000000000001 0.5984375 0.3125000000000001 0.6296875 0.3859375000000001 0.6296875
3 0.2671875000000001 0.59375 0.1937500000000001 0.59375 0.1937500000000001 0.6296875 0.2671875000000001 0.6296875
3 0.23593750000000008 0.6078125 0.15000000000000008 0.6078125 0.15000000000000008 0.634375 0.23593750000000008 0.634375
3 0.25468750000000007 0.3515625 0.17031250000000003 0.3515625 0.17031250000000003 0.3671875 0.25468750000000007 0.3671875
3 0.32500000000000007 0.35 0.259375 0.35 0.259375 0.38125 0.32500000000000007 0.38125
3 0.4015625 0.35156250000000006 0.3390625 0.3515625 0.33906250000000004 0.37187500000000007 0.4015625 0.37187500000000007
3 0.478125 0.3671875000000001 0.409375 0.3671875000000001 0.409375 0.38750000000000007 0.478125 0.38750000000000007
3 0.5671875 0.3515625000000001 0.5015625 0.3515625000000001 0.5015625 0.3671875000000001 0.5671875 0.3671875000000001
3 0.653125 0.3453125000000001 0.5796875 0.3453125000000001 0.5796875 0.3656250000000001 0.653125 0.3656250000000001
3 0.7296875 0.3500000000000001 0.6640625 0.3500000000000001 0.6640625 0.3765625000000001 0.7296875 0.3765625000000001
3 0.16562500000000005 0.3609375 0.08906250000000004 0.3609375 0.08906250000000004 0.3859375 0.16562500000000005 0.3859375
3 0.209375 0.01562500000000002 0.115625 0.015625000000000017 0.115625 0.046875000000000014 0.209375 0.04687500000000002
3 0.3046875 0.03125000000000003 0.2125 0.03125000000000002 0.2125 0.056250000000000036 0.3046875 0.05625000000000004
3 0.4015625 0.04218750000000004 0.3125 0.04218750000000003 0.3125 0.06250000000000004 0.4015625 0.06250000000000004
3 0.4875 0.046875000000000056 0.4140625 0.046875000000000056 0.4140625 0.07812500000000006 0.4875 0.07812500000000007
3 0.5875 0.03593750000000007 0.50625 0.03593750000000007 0.50625 0.07187500000000006 0.5875 0.07187500000000006
3 0.7296875 0.13437500000000008 0.66875 0.13437500000000008 0.66875 0.1546875000000001 0.7296875 0.1546875000000001
3 0.8 0.1296875000000001 0.7296875 0.1296875000000001 0.7296875 0.1453125000000001 0.8 0.1453125000000001
0 0.3828125000000001 0.825 0.27812500000000007 0.825 0.27812500000000007 0.928125 0.3828125000000001 0.928125
0 0.3750000000000001 0.675 0.30156250000000007 0.675 0.30156250000000007 0.825 0.3750000000000001 0.825
0 0.5140625000000001 0.6546875 0.425 0.6546875 0.4250000000000001 0.928125 0.5140625000000002 0.928125
0 0.7609375000000002 0.8046875 0.6718750000000002 0.8046875 0.6718750000000002 0.9125 0.7609375000000002 0.9125
0 0.2390625000000001 0.696875 0.12343750000000009 0.696875 0.12343750000000012 0.91875 0.2390625000000001 0.91875
0 0.27031250000000007 0.7828125 0.2468750000000001 0.7828125 0.2468750000000001 0.8609375 0.27031250000000007 0.8609375
0 0.16562500000000005 0.46875 0.08906250000000007 0.46875 0.08906250000000007 0.53125 0.16562500000000005 0.53125
0 0.2468750000000001 0.4640625 0.17812500000000003 0.4640625 0.17812500000000003 0.5203125 0.2468750000000001 0.5203125
0 0.3281250000000001 0.4125 0.2671875000000001 0.4125 0.2671875000000001 0.5203125 0.3281250000000001 0.5203125
0 0.4046875 0.403125 0.3437500000000001 0.403125 0.3437500000000001 0.521875 0.4046875 0.521875
0 0.4875 0.4171875 0.4140625 0.4171875 0.4140625 0.5265625 0.4875 0.5265625
0 0.571875 0.4171875 0.5015625 0.4171875 0.5015625 0.5265625 0.571875 0.5265625
0 0.6484375 0.4484375 0.5875 0.4484375 0.5875 0.53125 0.6484375 0.53125
0 0.7296875 0.4796875000000001 0.66875 0.4796875 0.66875 0.5359375000000001 0.7296875 0.5359375000000002
0 0.8078125 0.4234375000000002 0.7421875 0.4234375000000002 0.7421875 0.5359375000000002 0.8078125 0.5359375000000002
0 0.8078125 0.1906250000000001 0.734375 0.1906250000000001 0.734375 0.26250000000000007 0.8078125 0.26250000000000007
0 0.721875 0.2328125000000001 0.6765625 0.2328125000000001 0.6765625 0.2687500000000001 0.721875 0.2687500000000001
0 0.5828125 0.16562500000000008 0.509375 0.16562500000000005 0.509375 0.26250000000000007 0.5828125 0.26250000000000007
0 0.4984375 0.10312500000000005 0.409375 0.10312500000000005 0.409375 0.26250000000000007 0.4984375 0.26250000000000007
0 0.3984375 0.10937500000000004 0.3125 0.10937500000000004 0.3125 0.26406250000000003 0.3984375 0.2640625000000001
0 0.3015625 0.09218750000000003 0.215625 0.09218750000000002 0.215625 0.253125 0.3015625 0.253125
0 0.209375 0.046875000000000014 0.1125 0.046875000000000014 0.11250000000000002 0.246875 0.209375 0.246875