2 0.846875 0.43750000000000017 0.75625 0.43750000000000017 0.75625 0.6718750000000002 0.846875 0.6718750000000002
2 0.721875 0.4375 0.6296875 0.4375 0.6296875 0.6765625 0.721875 0.6765625
2 0.5953125 0.4375 0.5046875 0.4375 0.5046875 0.6765625 0.5953125 0.6765625
2 0.465625 0.4421875 0.3734375000000001 0.4421875 0.3734375000000001 0.671875 0.465625 0.671875
2 0.3390625000000001 0.4375 0.2484375000000001 0.4375 0.2484375000000001 0.671875 0.3390625000000001 0.671875
2 0.2093750000000001 0.44375 0.11875000000000005 0.44375 0.11875000000000006 0.678125 0.2093750000000001 0.678125
5 0.840625 0.2609375000000001 0.7640625 0.2609375000000001 0.7640625 0.43750000000000017 0.840625 0.43750000000000017
5 0.7140625 0.2656250000000001 0.640625 0.2656250000000001 0.640625 0.4328125 0.7140625 0.4328125
5 0.5890625 0.2656250000000001 0.5125 0.2656250000000001 0.5125 0.4328125 0.5890625 0.4328125
5 0.4578125 0.25468750000000007 0.38125 0.25468750000000007 0.38125000000000003 0.4375 0.4578125 0.4375
5 0.33281250000000007 0.265625 0.25625 0.265625 0.25625000000000003 0.4375 0.33281250000000007 0.4375
5 0.20312500000000006 0.265625 0.12968750000000004 0.265625 0.12968750000000004 0.4421875 0.20312500000000008 0.4421875