2 0.9015625 0.4093750000000001 0.4578125 0.409375 0.45781250000000007 0.946875 0.9015625 0.946875
2 0.8 0.040625000000000064 0.3109375 0.040625000000000036 0.31093750000000003 0.5515625000000001 0.8 0.5515625000000002
2 0.5156250000000001 0.2671875 0.10156250000000004 0.2671875 0.10156250000000007 0.8625 0.5156250000000002 0.8625
0 0.4625000000000001 0.5421875 0.2843750000000001 0.5421875 0.2843750000000001 0.7296875 0.4625000000000002 0.7296875
0 0.4625000000000001 0.70625 0.4171875 0.70625 0.4171875000000001 0.8359375 0.4625000000000002 0.8359375
0 0.4406250000000001 0.7203125 0.2796875000000001 0.7203125 0.2796875000000001 0.8265625 0.44062500000000016 0.8265625
0 0.4171875000000001 0.55625 0.2312500000000001 0.55625 0.2312500000000001 0.7515625 0.41718750000000016 0.7515625
0 0.471875 0.4984375 0.2843750000000001 0.4984375 0.2843750000000001 0.55625 0.471875 0.55625
0 0.43125 0.4796875 0.3109375000000001 0.4796875 0.3109375000000001 0.50625 0.43125 0.50625
0 0.3031250000000001 0.48125 0.12968750000000004 0.48125 0.12968750000000007 0.5609375 0.3031250000000001 0.5609375
0 0.2796875000000001 0.515625 0.11093750000000005 0.515625 0.11093750000000006 0.6484375 0.2796875000000001 0.6484375
0 0.2312500000000001 0.578125 0.11562500000000009 0.578125 0.11562500000000009 0.6796875 0.2312500000000001 0.6796875
0 0.21875000000000008 0.6625 0.10781250000000009 0.6625 0.10781250000000009 0.8265625 0.21875000000000008 0.8265625
0 0.2671875000000001 0.6671875 0.2093750000000001 0.6671875 0.2093750000000001 0.7640625 0.2671875000000001 0.7640625
0 0.2484375000000001 0.7515625 0.19531250000000008 0.7515625 0.19531250000000008 0.8265625 0.2484375000000001 0.8265625
0 0.3078125000000001 0.746875 0.1921875000000001 0.746875 0.1921875000000001 0.8359375 0.3078125000000001 0.8359375
0 0.44843750000000016 0.7375 0.2796875000000001 0.7375 0.2796875000000001 0.8359375 0.44843750000000016 0.8359375