2 0.8015625 0.2515625000000001 0.5921875 0.2515625000000001 0.5921875000000001 0.8203125 0.8015625 0.8203125
2 0.790625 0.21093750000000008 0.5921875 0.21093750000000008 0.5921875 0.4781250000000001 0.790625 0.4781250000000002
2 0.5828125000000001 0.25468750000000007 0.3890625 0.25468750000000007 0.38906250000000003 0.8171875 0.5828125000000002 0.8171875
2 0.38906250000000003 0.25468750000000007 0.17500000000000004 0.2546875 0.17500000000000007 0.8203125 0.3890625000000001 0.8203125
2 0.5921875 0.2156250000000001 0.3921875 0.2156250000000001 0.3921875 0.4296875 0.5921875 0.4296875
2 0.790625 0.22031250000000008 0.596875 0.22031250000000008 0.596875 0.4312500000000001 0.790625 0.4312500000000002
2 0.38750000000000007 0.21093750000000006 0.18906250000000005 0.2109375 0.18906250000000005 0.4390625 0.38750000000000007 0.4390625
3 0.7609375 0.21093750000000008 0.65625 0.21093750000000008 0.65625 0.2468750000000001 0.7609375 0.2468750000000001
3 0.746875 0.1750000000000001 0.6375 0.1750000000000001 0.6375 0.2234375000000001 0.746875 0.2234375000000001
3 0.546875 0.21093750000000008 0.4328125 0.21093750000000008 0.4328125 0.26250000000000007 0.546875 0.26250000000000007
3 0.5328125 0.17500000000000004 0.428125 0.17500000000000004 0.428125 0.2156250000000001 0.5328125 0.2156250000000001
3 0.3234375 0.2109375 0.209375 0.2109375 0.209375 0.2515625 0.3234375 0.2515625
3 0.328125 0.17500000000000004 0.2296875 0.17500000000000004 0.2296875 0.2109375 0.328125 0.2109375