2 0.9234375 0.5656250000000002 0.75625 0.5656250000000002 0.7562500000000001 0.8453125 0.9234375 0.8453125
2 0.8453125 0.10156250000000008 0.7046875 0.10156250000000008 0.7046875 0.31718750000000007 0.8453125 0.31718750000000007
2 0.653125 0.10781250000000006 0.5203125 0.10781250000000005 0.5203125 0.3125000000000001 0.653125 0.3125000000000001
2 0.4609375 0.18281250000000004 0.3328125 0.18281250000000004 0.3328125 0.31718750000000007 0.4609375 0.31718750000000007
2 0.2765625 0.17812500000000003 0.1484375 0.178125 0.14843750000000003 0.3171875 0.2765625 0.3171875
2 0.6937500000000001 0.565625 0.5234375 0.565625 0.5234375000000001 0.8453125 0.6937500000000002 0.8453125
2 0.4531250000000001 0.603125 0.3062500000000001 0.603125 0.3062500000000001 0.8453125 0.45312500000000017 0.8453125
2 0.2218750000000001 0.596875 0.07812500000000007 0.596875 0.07812500000000008 0.8390625 0.2218750000000001 0.8390625
3 0.690625 0.4953125 0.5171875 0.4953125 0.5171875 0.5640625 0.690625 0.5640625
3 0.915625 0.49531250000000016 0.753125 0.49531250000000016 0.753125 0.5812500000000002 0.915625 0.5812500000000002
3 0.8421875 0.043750000000000094 0.709375 0.04375000000000009 0.709375 0.1296875000000001 0.8421875 0.1296875000000001
3 0.653125 0.037500000000000075 0.5171875 0.03750000000000007 0.5171875 0.11250000000000007 0.653125 0.11250000000000009
3 0.465625 0.11250000000000004 0.3328125 0.11250000000000004 0.3328125 0.17812500000000003 0.465625 0.17812500000000003
3 0.45 0.5265625 0.3031250000000001 0.5265625 0.3031250000000001 0.61875 0.45 0.61875
3 0.2218750000000001 0.5375 0.07343750000000007 0.5375 0.07343750000000007 0.6078125 0.2218750000000001 0.6078125
3 0.2765625 0.11250000000000002 0.14375 0.1125 0.14375000000000002 0.18281250000000002 0.2765625 0.18281250000000004