2 0.89375 0.1843750000000001 0.8203125 0.1843750000000001 0.8203125 0.990625 0.89375 0.990625
2 0.8390625 0.4390625000000002 0.7484375 0.4390625000000002 0.7484375000000001 0.990625 0.8390625 0.990625
2 0.7406250000000001 0.07968750000000009 0.6484375 0.07968750000000009 0.6484375000000001 0.9921875 0.7406250000000002 0.9921875
2 0.6640625000000001 0.465625 0.5859375 0.465625 0.5859375000000001 0.9921875 0.6640625000000002 0.9921875
2 0.5406250000000001 0.60625 0.475 0.60625 0.4750000000000001 0.9921875 0.5406250000000001 0.9921875
2 0.6000000000000001 0.10625000000000007 0.4515625 0.10625000000000004 0.4515625000000001 0.9921875 0.6000000000000002 0.9921875
2 0.4640625000000001 0.4046875 0.3906250000000001 0.4046875 0.3906250000000001 0.9921875 0.46406250000000016 0.9921875
2 0.41093750000000007 0.018750000000000048 0.35 0.018750000000000044 0.35000000000000003 0.9921875 0.4109375000000002 0.9921875
2 0.3812500000000001 0.4046875 0.3000000000000001 0.4046875 0.3000000000000001 0.9921875 0.3812500000000001 0.9921875
2 0.3140625 0.08906250000000003 0.2265625 0.08906250000000002 0.22656250000000006 0.9921875 0.3140625000000001 0.9921875
2 0.2531250000000001 0.4484375 0.16875000000000004 0.4484375 0.1687500000000001 0.9921875 0.2531250000000001 0.9921875
2 0.1828125000000001 0.246875 0.10312500000000005 0.246875 0.10312500000000009 0.9921875 0.18281250000000013 0.9921875