2 0.9875 0.2171875000000001 0.840625 0.2171875000000001 0.840625 0.7421875000000002 0.9875 0.7421875000000002
2 0.821875 0.21875000000000008 0.671875 0.21875000000000008 0.6718750000000001 0.7390625000000001 0.821875 0.7390625000000002
2 0.6578125000000001 0.21875000000000008 0.50625 0.21875000000000008 0.5062500000000001 0.7390625 0.6578125000000001 0.7390625
2 0.48906250000000007 0.21406250000000004 0.3421875 0.2140625 0.34218750000000003 0.7375 0.4890625000000002 0.7375
2 0.32500000000000007 0.221875 0.17343750000000005 0.221875 0.17343750000000008 0.7421875 0.32500000000000007 0.7421875
2 0.15468750000000006 0.21875 0.004687500000000027 0.21875 0.004687500000000058 0.7390625 0.1546875000000001 0.7390625
3 0.9421875 0.19218750000000012 0.875 0.1921875000000001 0.875 0.21875000000000008 0.9421875 0.21875000000000008
3 0.778125 0.1921875000000001 0.715625 0.1921875000000001 0.715625 0.21875000000000008 0.778125 0.21875000000000008
3 0.6125 0.19687500000000008 0.546875 0.19687500000000008 0.546875 0.21875000000000008 0.6125 0.21875000000000008
3 0.440625 0.19218750000000004 0.3734375 0.19218750000000004 0.3734375 0.2140625000000001 0.440625 0.2140625000000001
3 0.2765625 0.19218750000000004 0.2140625 0.19218750000000004 0.2140625 0.21875 0.2765625 0.21875
3 0.11093750000000005 0.1921875 0.04531250000000002 0.1921875 0.04531250000000002 0.2140625 0.11093750000000005 0.2140625