2 0.978125 0.5953125000000001 0.6796875 0.5953125 0.6796875000000001 0.8984375 0.978125 0.8984375
2 0.978125 0.1640625000000001 0.6796875 0.16406250000000008 0.6796875 0.4625000000000001 0.978125 0.4625000000000002
2 0.653125 0.16875000000000007 0.35625 0.16875000000000004 0.35625000000000007 0.4625 0.653125 0.4625
2 0.32812500000000006 0.16406250000000003 0.03125000000000002 0.1640625 0.03125000000000004 0.4625 0.3281250000000001 0.4625
2 0.32500000000000007 0.5953125 0.031250000000000076 0.5953125 0.0312500000000001 0.8984375 0.32500000000000007 0.8984375
2 0.6578125000000001 0.5953125 0.35625000000000007 0.5953125 0.35625000000000007 0.903125 0.6578125000000001 0.903125
3 0.96875 0.4984375000000001 0.684375 0.4984375 0.684375 0.6093750000000001 0.96875 0.6093750000000002
3 0.640625 0.5015625 0.35625000000000007 0.5015625 0.35625000000000007 0.609375 0.640625 0.609375
3 0.9734375 0.0671875000000001 0.6796875 0.0671875000000001 0.6796875 0.16875000000000012 0.9734375 0.16875000000000012
3 0.6484375 0.06718750000000007 0.35625 0.06718750000000004 0.35625 0.16875000000000007 0.6484375 0.1687500000000001
3 0.3203125 0.06250000000000003 0.021875000000000006 0.0625 0.021875000000000012 0.16406250000000003 0.3203125 0.16406250000000006
3 0.3203125000000001 0.4984375 0.026562500000000055 0.4984375 0.026562500000000065 0.6 0.3203125000000001 0.6