2 0.596875 0.5890625 0.3343750000000001 0.5890625 0.3343750000000001 0.90625 0.5968750000000002 0.90625
2 0.16406250000000008 0.4546875 5.568315914873122e-17 0.4546875 8.37160897854636e-17 0.9125 0.16406250000000014 0.9125
2 0.3546875000000001 0.5671875 0.1531250000000001 0.5671875 0.1531250000000001 0.840625 0.3546875000000001 0.840625
2 0.4640625 0.4578125 0.17500000000000004 0.4578125 0.17500000000000007 0.55625 0.4640625 0.55625
2 0.8359375 0.3781250000000001 0.459375 0.3781250000000001 0.4593750000000001 0.7312500000000001 0.8359375 0.7312500000000002
2 0.721875 0.6 0.6015625 0.6 0.6015625000000001 0.81875 0.7218750000000002 0.81875
5 0.596875 0.5421875 0.35625000000000007 0.5421875 0.35625000000000007 0.596875 0.596875 0.596875
5 0.721875 0.534375 0.5140625 0.534375 0.5140625 0.5921875 0.721875 0.5921875
5 0.78125 0.3375000000000001 0.5078125 0.3375000000000001 0.5078125 0.3781250000000001 0.78125 0.3781250000000001
5 0.4546875 0.4109375 0.18125000000000005 0.4109375 0.18125000000000005 0.4515625 0.4546875 0.4515625
5 0.37187500000000007 0.4984375 0.16406250000000006 0.4984375 0.16406250000000006 0.559375 0.37187500000000007 0.559375
5 0.17968750000000006 0.378125 4.63069570927593e-17 0.378125 5.099505812074526e-17 0.4546875 0.17968750000000006 0.4546875