2 0.99375 6.084963783263412e-17 0 0 5.836207402186604e-17 0.953125 0.99375 0.953125
2 0.99375 0.3515625000000001 0.5703125 0.3515625000000001 0.5703125000000001 0.7453125 0.99375 0.7453125000000002
2 0.5921875000000001 0.6390625 0.1625000000000001 0.6390625 0.1625000000000001 0.8515625 0.5921875000000002 0.8515625
2 0.99375 0.8515625 0.5921875000000002 0.8515625 0.5921875000000002 0.946875 0.99375 0.946875
2 0.30781250000000004 0.16406250000000003 2.0091861548511263e-17 0.1640625 3.769615928625447e-17 0.4515625 0.3078125000000001 0.4515625
2 0.9171875 0.21562500000000004 0.325 0.215625 0.32500000000000007 0.4328125000000001 0.9171875 0.43281250000000016
2 0.9953125 0.09687500000000009 0.525 0.09687500000000007 0.525 0.3203125000000001 0.9953125 0.3203125000000001
2 0.37968750000000007 0.421875 0.07343750000000004 0.421875 0.07343750000000006 0.628125 0.37968750000000007 0.628125
2 0.5359375 0.02812500000000005 0.2734375 0.028125000000000032 0.2734375 0.22031250000000005 0.5359375 0.22031250000000008
2 0.9953125 0.0171875000000001 0.5984375 0.01718750000000007 0.5984375 0.13125000000000012 0.9953125 0.13125000000000014
2 0.2515625 1.5403760520525304e-17 0 0 9.758904180705472e-18 0.15937500000000002 0.2515625 0.15937500000000004
2 0.6703125 5.539613255518106e-17 0.234375 2.870265935501609e-17 0.234375 0.15625000000000006 0.6703125 0.15625000000000008
2 0.99375 0.23125000000000004 0.2015625 0.23125 0.20156250000000003 0.7375 0.99375 0.7375000000000002
2 0.9953125 0.7453125 0.6375000000000002 0.7453125 0.6375000000000002 0.94375 0.9953125 0.94375
2 0.3187500000000001 0.6140625 7.520096751014216e-17 0.6140625 9.519715352747004e-17 0.940625 0.3187500000000001 0.940625