2 0.8453125 0.4046875000000001 0.4140625 0.4046875 0.4140625000000001 0.9375 0.8453125 0.9375
2 0.934375 0.2171875000000001 0.565625 0.2171875000000001 0.565625 0.7250000000000001 0.934375 0.7250000000000002
2 0.5515625 0.04062500000000004 0.1421875 0.04062500000000002 0.14218750000000005 0.6671875 0.5515625 0.6671875
2 0.3609375 0.3328125 0.05312500000000005 0.3328125 0.05312500000000007 0.778125 0.3609375000000001 0.778125
0 0.27031250000000007 0.5875 0.17343750000000008 0.5875 0.17343750000000008 0.653125 0.27031250000000007 0.653125
0 0.3375000000000001 0.4890625 0.2531250000000001 0.4890625 0.2531250000000001 0.5515625 0.3375000000000001 0.5515625
0 0.3421875000000001 0.55625 0.2671875000000001 0.55625 0.2671875000000001 0.6140625 0.3421875000000001 0.6140625
0 0.2484375000000001 0.528125 0.18281250000000004 0.528125 0.18281250000000007 0.578125 0.2484375000000001 0.578125
0 0.3375000000000001 0.6265625 0.2718750000000001 0.6265625 0.2718750000000001 0.7203125 0.3375000000000001 0.7203125
0 0.3156250000000001 0.671875 0.24375000000000008 0.671875 0.24375000000000008 0.7375 0.3156250000000001 0.7375
0 0.2718750000000001 0.69375 0.16406250000000008 0.69375 0.16406250000000008 0.759375 0.2718750000000001 0.759375
0 0.23593750000000008 0.6234375 0.1375000000000001 0.6234375 0.1375000000000001 0.703125 0.23593750000000008 0.703125
0 0.20468750000000008 0.5375 0.12812500000000004 0.5375 0.12812500000000007 0.621875 0.20468750000000008 0.621875
0 0.14218750000000008 0.5375 0.06250000000000007 0.5375 0.06250000000000008 0.6578125 0.14218750000000008 0.6578125
0 0.12812500000000007 0.50625 0.06250000000000007 0.50625 0.06250000000000007 0.546875 0.1281250000000001 0.546875
0 0.1375000000000001 0.653125 0.07187500000000009 0.653125 0.07187500000000009 0.746875 0.1375000000000001 0.746875
0 0.19531250000000008 0.6625 0.11562500000000009 0.6625 0.11562500000000009 0.7515625 0.19531250000000008 0.7515625
0 0.9109375 0.4812500000000002 0.83125 0.4812500000000002 0.83125 0.5921875000000002 0.9109375 0.5921875000000002
0 0.8890625 0.5031250000000002 0.7734375 0.5031250000000002 0.7734375 0.6140625000000002 0.8890625 0.6140625000000002
0 0.915625 0.6187500000000001 0.853125 0.6187500000000001 0.853125 0.6718750000000002 0.915625 0.6718750000000002
0 0.884375 0.6406250000000002 0.821875 0.6406250000000002 0.821875 0.6937500000000002 0.884375 0.6937500000000002
0 0.8140625 0.6218750000000002 0.7296875 0.6218750000000002 0.7296875 0.6984375000000002 0.8140625 0.6984375000000002
0 0.715625 0.6265625 0.621875 0.6265625 0.621875 0.6890625 0.715625 0.6890625
0 0.83125 0.4453125000000001 0.725 0.4453125 0.725 0.4984375000000001 0.83125 0.4984375000000002
0 0.8 0.4218750000000001 0.69375 0.421875 0.69375 0.4796875000000001 0.8 0.47968750000000016