2 0.7328125 0.3781250000000001 0.5109375 0.3781250000000001 0.5109375 0.6218750000000001 0.7328125 0.6218750000000002
2 0.6140625 0.08906250000000006 0.3921875 0.08906250000000004 0.3921875 0.3468750000000001 0.6140625 0.3468750000000001
2 0.853125 0.6406250000000002 0.7296875 0.6406250000000002 0.7296875 0.8625 0.853125 0.8625
2 0.7250000000000001 0.7109375 0.50625 0.7109375 0.5062500000000001 0.95625 0.7250000000000002 0.95625
2 0.4984375000000002 0.728125 0.2765625000000001 0.728125 0.2765625000000001 0.9734375 0.4984375000000002 0.9734375
2 0.2796875000000001 0.6359375 0.1687500000000001 0.6359375 0.1687500000000001 0.871875 0.2796875000000001 0.871875
2 0.515625 0.4 0.2796875000000001 0.4 0.2796875000000001 0.6625 0.515625 0.6625
3 0.8625 0.5468750000000001 0.6796875 0.546875 0.6796875 0.6671875 0.8625 0.6671875000000002
3 0.7250000000000001 0.6140625 0.5109375 0.6140625 0.5109375 0.7296875 0.7250000000000002 0.7296875
3 0.7375 0.3062500000000001 0.5296875 0.3062500000000001 0.5296875 0.4046875000000001 0.7375 0.4046875000000002
3 0.6140625 0.03593750000000006 0.3875 0.035937500000000046 0.3875 0.10625000000000007 0.6140625 0.1062500000000001
3 0.5640625 0.2671875 0.35625 0.2671875 0.35625 0.33281250000000007 0.5640625 0.33281250000000007
3 0.5015625 0.3296875 0.284375 0.3296875 0.28437500000000004 0.41875 0.5015625 0.41875
3 0.3062500000000001 0.546875 0.1687500000000001 0.546875 0.1687500000000001 0.6671875 0.3062500000000001 0.6671875
3 0.503125 0.6484375 0.2765625000000001 0.6484375 0.2765625000000001 0.75625 0.5031250000000002 0.75625
3 0.2890625000000001 0.48125 0.23593750000000008 0.48125 0.23593750000000008 0.5609375 0.2890625000000001 0.5609375