2 0.7781250000000001 0.5937500000000001 0.6140625 0.59375 0.6140625000000001 0.940625 0.7781250000000002 0.940625
2 0.95625 0.0796875000000001 0.6375 0.07968750000000009 0.6375000000000001 0.81875 0.95625 0.81875
2 0.5734375 0.615625 0.4375 0.615625 0.4375000000000001 0.9359375 0.5734375000000002 0.9359375
2 0.6375000000000001 0.2140625000000001 0.3859375 0.2140625000000001 0.38593750000000004 0.8125 0.6375000000000002 0.8125
2 0.4000000000000001 0.7 0.28593750000000007 0.7 0.28593750000000007 0.9359375 0.4000000000000002 0.9359375
2 0.3921875 0.30468750000000006 0.19687500000000005 0.3046875 0.19687500000000008 0.8296875 0.3921875000000001 0.8296875
2 0.2484375000000001 0.7109375 0.1515625000000001 0.7109375 0.1515625000000001 0.9359375 0.2484375000000001 0.9359375
2 0.2000000000000001 0.45 0.037500000000000054 0.45 0.037500000000000075 0.803125 0.2000000000000001 0.803125
3 0.78125 0.5140625000000001 0.615625 0.5140625 0.615625 0.6156250000000001 0.78125 0.6156250000000002
3 0.89375 0.0156250000000001 0.7046875 0.01562500000000009 0.7046875 0.0906250000000001 0.89375 0.09062500000000011
3 0.596875 0.15000000000000008 0.421875 0.15000000000000005 0.421875 0.2140625000000001 0.596875 0.2140625000000001
3 0.5703125 0.5453125 0.4328125 0.5453125 0.4328125 0.6203125 0.5703125 0.6203125
3 0.3671875 0.24062500000000003 0.2109375 0.240625 0.2109375 0.31562500000000004 0.3671875 0.3156250000000001
3 0.3968750000000001 0.6265625 0.2812500000000001 0.6265625 0.2812500000000001 0.7015625 0.3968750000000001 0.7015625
3 0.24375000000000008 0.6359375 0.14843750000000008 0.6359375 0.14843750000000008 0.7109375 0.24375000000000008 0.7109375
3 0.18125000000000005 0.3796875 0.04843750000000004 0.3796875 0.04843750000000005 0.4484375 0.18125000000000005 0.4484375