2 0.928125 0.5406250000000001 0.815625 0.5406250000000001 0.815625 0.6281250000000002 0.928125 0.6281250000000002
2 0.996875 0.5734375000000002 0.9703125 0.5734375000000002 0.9703125 0.6015625000000002 0.996875 0.6015625000000002
2 0.9859375 0.6125000000000002 0.9640625 0.6125000000000002 0.9640625 0.6343750000000001 0.9859375 0.6343750000000001
2 0.93125 0.7546875000000002 0.9046875 0.7546875000000002 0.9046875 0.7921875000000002 0.93125 0.7921875000000002
2 0.996875 0.83125 0.9703125 0.83125 0.9703125 0.86875 0.996875 0.86875
2 0.8546875 0.7703125000000002 0.8140625 0.7703125000000002 0.8140625 0.8359375 0.8546875 0.8359375
2 0.7640625 0.5625000000000001 0.665625 0.5625 0.665625 0.6343750000000001 0.7640625 0.6343750000000001
2 0.55625 0.4421875 0.41875 0.4421875 0.41875 0.5359375 0.55625 0.5359375
2 0.5265625 0.5359375 0.509375 0.5359375 0.509375 0.5515625 0.5265625 0.5515625
2 0.2984375000000001 0.496875 0.19687500000000005 0.496875 0.19687500000000008 0.56875 0.2984375000000001 0.56875
2 0.3453125000000001 0.5078125 0.2906250000000001 0.5078125 0.2906250000000001 0.5515625 0.3453125000000001 0.5515625
2 0.2875000000000001 0.634375 0.2500000000000001 0.634375 0.2500000000000001 0.671875 0.2875000000000001 0.671875
2 0.3343750000000001 0.60625 0.2984375000000001 0.60625 0.2984375000000001 0.6453125 0.3343750000000001 0.6453125
2 0.1859375000000001 0.78125 0.14843750000000008 0.78125 0.14843750000000008 0.825 0.1859375000000001 0.825
2 0.1828125000000001 0.825 0.07031250000000011 0.825 0.07031250000000011 0.875 0.1828125000000001 0.875
2 0.18906250000000008 0.86875 0.1703125000000001 0.86875 0.1703125000000001 0.8859375 0.18906250000000008 0.8859375
2 0.2218750000000001 0.83125 0.19687500000000008 0.83125 0.19687500000000008 0.86875 0.2218750000000001 0.86875
2 0.2468750000000001 0.83125 0.2296875000000001 0.83125 0.2296875000000001 0.890625 0.2468750000000001 0.890625
2 0.3500000000000001 0.9515625 0.31718750000000007 0.9515625 0.31718750000000007 0.9953125 0.3500000000000001 0.9953125
2 0.10937500000000004 0.3875 0.01406250000000005 0.3875 0.014062500000000052 0.4703125 0.10937500000000004 0.4703125
2 0.04375000000000005 0.3671875 0.010937500000000044 0.3671875 0.010937500000000048 0.4109375 0.04375000000000005 0.4109375
2 0.353125 0.35 0.24375 0.35 0.24375000000000005 0.43125 0.3531250000000001 0.43125
2 0.2734375000000001 0.409375 0.2468750000000001 0.409375 0.2468750000000001 0.4484375 0.2734375000000001 0.4484375
2 0.3531250000000001 0.44375 0.30156250000000007 0.44375 0.30156250000000007 0.4875 0.3531250000000001 0.4875
2 0.734375 0.4484375000000001 0.7171875 0.4484375 0.7171875 0.4640625000000001 0.734375 0.46406250000000016
2 0.825 0.3500000000000001 0.7671875 0.3500000000000001 0.7671875 0.4203125000000002 0.825 0.4203125000000002
2 0.825 0.4421875000000002 0.8 0.4421875000000002 0.8 0.4812500000000002 0.825 0.4812500000000002
2 0.825 0.4859375000000002 0.8 0.4859375000000002 0.8 0.5140625000000002 0.825 0.5140625000000002
2 0.8578125 0.4859375000000002 0.8328125 0.4859375000000002 0.8328125 0.5250000000000001 0.8578125 0.5250000000000001
2 0.8796875 0.43750000000000017 0.865625 0.43750000000000017 0.865625 0.46406250000000016 0.8796875 0.46406250000000016
2 0.9390625 0.4156250000000002 0.884375 0.4156250000000002 0.884375 0.4859375000000002 0.9390625 0.4859375000000002
2 0.9421875 0.3500000000000001 0.8875 0.3500000000000001 0.8875 0.4046875000000002 0.9421875 0.4046875000000002
2 0.73125 0.38750000000000007 0.7015625 0.38750000000000007 0.7015625 0.4156250000000001 0.73125 0.4156250000000002
2 0.759375 0.3937500000000001 0.73125 0.3937500000000001 0.73125 0.4265625000000002 0.759375 0.4265625000000002
2 0.66875 0.3062500000000001 0.6328125 0.3062500000000001 0.6328125 0.3546875000000001 0.66875 0.3546875000000001
2 0.7390625 0.2296875000000001 0.7125 0.2296875000000001 0.7125 0.3062500000000001 0.7390625 0.3062500000000001
2 0.75625 0.2078125000000001 0.7390625 0.2078125000000001 0.7390625 0.23437500000000008 0.75625 0.23437500000000008
2 0.7859375 0.21875000000000008 0.7703125 0.21875000000000008 0.7703125 0.2515625000000001 0.7859375 0.2515625000000001
2 0.821875 0.2078125000000001 0.8109375 0.2078125000000001 0.8109375 0.2453125000000001 0.821875 0.2453125000000001
2 0.8546875 0.17968750000000008 0.81875 0.17968750000000008 0.81875 0.2078125000000001 0.8546875 0.2078125000000001
2 0.865625 0.23593750000000008 0.846875 0.23593750000000008 0.846875 0.2578125000000001 0.865625 0.2578125000000001
2 0.975 0.08125000000000011 0.9453125 0.08125000000000011 0.9453125 0.12031250000000013 0.975 0.12031250000000013
2 0.98125 0.16406250000000014 0.953125 0.16406250000000014 0.953125 0.19062500000000013 0.98125 0.19062500000000013
2 0.9703125 0.2078125000000001 0.93125 0.2078125000000001 0.93125 0.23437500000000008 0.9703125 0.23437500000000008
2 0.9234375 0.2140625000000001 0.909375 0.2140625000000001 0.909375 0.23593750000000008 0.9234375 0.23593750000000008
2 0.934375 0.1250000000000001 0.90625 0.12500000000000008 0.90625 0.1640625000000001 0.934375 0.16406250000000014
2 0.8953125 0.10312500000000009 0.884375 0.10312500000000009 0.884375 0.12031250000000009 0.8953125 0.12031250000000009
2 0.890625 0.06562500000000011 0.8625 0.06562500000000011 0.8625 0.09843750000000011 0.890625 0.09843750000000011
2 0.240625 0.12031250000000002 0.175 0.1203125 0.17500000000000002 0.2078125 0.240625 0.2078125
2 0.2625 0.17500000000000004 0.2359375 0.17500000000000004 0.2359375 0.19687500000000005 0.2625 0.19687500000000005
2 0.2296875 0.2140625 0.2078125 0.2140625 0.2078125 0.2359375 0.2296875 0.2359375
2 0.240625 0.246875 0.19687500000000005 0.246875 0.19687500000000005 0.290625 0.240625 0.290625
2 0.284375 0.234375 0.246875 0.234375 0.246875 0.2734375 0.284375 0.2734375
2 0.2953125 0.2515625 0.26875 0.2515625 0.26875 0.284375 0.2953125 0.284375
2 0.2734375 0.284375 0.221875 0.284375 0.221875 0.3171875 0.2734375 0.3171875
2 0.2546875 0.3171875 0.225 0.3171875 0.225 0.3390625 0.2546875 0.3390625
2 0.378125 0.27343750000000006 0.3125 0.2734375 0.3125 0.30625 0.378125 0.3062500000000001
2 0.440625 0.14843750000000006 0.403125 0.14843750000000006 0.403125 0.20312500000000008 0.440625 0.20312500000000008
2 0.5125 0.13125000000000003 0.465625 0.13125000000000003 0.465625 0.2078125000000001 0.5125 0.2078125000000001
2 0.440625 0.2078125000000001 0.41875 0.2078125000000001 0.41875 0.2406250000000001 0.440625 0.2406250000000001
2 0.054687500000000035 0.2625 3.214697847761802e-17 0.2625 3.645237738087043e-17 0.3328125 0.05468750000000004 0.3328125
2 0.06875000000000002 0.1375 1.6838893488276106e-17 0.1375 2.085726579797836e-17 0.203125 0.06875000000000002 0.203125
2 0.040625000000000015 0.065625 8.036744619404505e-18 0.065625 1.2724845647390467e-17 0.1421875 0.04062500000000002 0.1421875
2 0.07343750000000002 0.0765625 0.03593750000000001 0.0765625 0.03593750000000001 0.125 0.07343750000000002 0.125
2 0.13437500000000002 0.1640625 0.09843750000000002 0.1640625 0.09843750000000002 0.2078125 0.13437500000000005 0.2078125
2 0.1453125 0.109375 0.109375 0.109375 0.109375 0.153125 0.1453125 0.153125
2 0.1453125 0.050000000000000024 0.1125 0.050000000000000024 0.1125 0.09375000000000003 0.1453125 0.09375000000000003
2 0.1671875 0.1203125 0.1421875 0.1203125 0.1421875 0.175 0.1671875 0.175
2 0.309375 0.15781250000000005 0.2875 0.15781250000000005 0.2875 0.2078125 0.309375 0.2078125
2 0.309375 0.10468750000000004 0.2875 0.10468750000000004 0.2875 0.13750000000000004 0.309375 0.13750000000000004
2 0.375 0.06562500000000004 0.3171875 0.06562500000000004 0.3171875 0.10937500000000004 0.375 0.10937500000000004
2 0.41875 0.08750000000000005 0.396875 0.08750000000000005 0.396875 0.12031250000000004 0.41875 0.12031250000000004
2 0.3890625 0.14218750000000005 0.3703125 0.14218750000000005 0.3703125 0.15781250000000005 0.3890625 0.15781250000000005
2 0.4546875 0.07031250000000006 0.440625 0.07031250000000004 0.440625 0.12031250000000004 0.4546875 0.12031250000000004
2 0.4828125 0.05468750000000007 0.465625 0.05468750000000007 0.465625 0.08125000000000007 0.4828125 0.08125000000000007
2 0.5234375 0.09218750000000006 0.4953125 0.09218750000000006 0.4953125 0.13125000000000003 0.5234375 0.13125000000000003
2 0.5609375 0.04375000000000007 0.5171875 0.04375000000000007 0.5171875 0.10312500000000006 0.5609375 0.10312500000000009
2 0.578125 0.09375000000000007 0.5640625 0.09375000000000007 0.5640625 0.11562500000000009 0.578125 0.11562500000000009
2 0.5890625 0.12031250000000009 0.559375 0.12031250000000009 0.559375 0.1531250000000001 0.5890625 0.1531250000000001
2 0.6078125 0.08281250000000007 0.5890625 0.08281250000000007 0.5890625 0.12656250000000008 0.6078125 0.12656250000000008
2 0.61875 0.15781250000000008 0.5890625 0.15781250000000008 0.5890625 0.2078125000000001 0.61875 0.2078125000000001
2 0.646875 0.1531250000000001 0.621875 0.1531250000000001 0.621875 0.19687500000000008 0.646875 0.19687500000000008
2 0.665625 0.1859375000000001 0.646875 0.1859375000000001 0.646875 0.21875000000000008 0.665625 0.21875000000000008
2 0.7828125 0.14218750000000008 0.703125 0.14218750000000008 0.703125 0.2015625000000001 0.7828125 0.2015625000000001
2 0.815625 0.11562500000000009 0.7828125 0.11562500000000009 0.7828125 0.1703125000000001 0.815625 0.1703125000000001
2 0.753125 0.07656250000000009 0.6796875 0.07656250000000009 0.6796875 0.1531250000000001 0.753125 0.1531250000000001
2 0.7640625 0.01093750000000009 0.6984375 0.010937500000000086 0.6984375 0.06562500000000009 0.7640625 0.06562500000000009
2 0.621875 0.006250000000000073 0.5859375 0.006250000000000072 0.5859375 0.050000000000000065 0.621875 0.050000000000000065
2 0.396875 0.3500000000000001 0.375 0.3500000000000001 0.375 0.3609375000000001 0.396875 0.3609375000000001
2 0.5046875 0.4109375 0.4875 0.4109375 0.4875 0.4328125 0.5046875 0.4328125
2 0.5171875 0.3609375000000001 0.4953125 0.3609375000000001 0.4953125 0.3765625000000001 0.5171875 0.3765625000000001
2 0.5421875 0.3500000000000001 0.5234375 0.3500000000000001 0.5234375 0.37187500000000007 0.5421875 0.37187500000000007
2 0.1609375000000001 0.546875 0.1281250000000001 0.546875 0.1281250000000001 0.5953125 0.1609375000000001 0.5953125