2 0.996875 0.37187500000000007 0.8359375 0.37187500000000007 0.8359375 0.6406250000000002 0.996875 0.6406250000000002
2 0.996875 0.30156250000000007 0.978125 0.30156250000000007 0.978125 0.3453125000000001 0.996875 0.3453125000000001
2 0.909375 0.7046875000000001 0.7859375 0.7046875000000001 0.7859375000000001 0.99375 0.909375 0.99375
2 0.6000000000000002 0.75 0.4750000000000002 0.75 0.4750000000000002 0.903125 0.6000000000000002 0.903125
2 0.8171875 0.4109375000000002 0.7390625 0.4109375000000002 0.7390625 0.5265625000000002 0.8171875 0.5265625000000002
2 0.8203125 0.24375000000000008 0.7703125 0.24375000000000008 0.7703125 0.3593750000000001 0.8203125 0.3593750000000001
2 0.7640625 0.13437500000000008 0.7109375 0.13437500000000008 0.7109375 0.2953125000000001 0.7640625 0.2953125000000001
2 0.7546875 0.006250000000000087 0.6890625 0.006250000000000084 0.6890625 0.10312500000000009 0.7546875 0.10312500000000009
2 0.8359375 1.0122471199202341e-16 0.8171875 1.0007660561782277e-16 0.8171875 0.0125000000000001 0.8359375 0.0125000000000001
2 0.559375 6.39112548305025e-17 0.484375 5.931882933369991e-17 0.484375 0.06406250000000006 0.559375 0.06406250000000006
2 0.6125 7.367015901120796e-17 0.590625 7.233070157464055e-17 0.590625 0.057812500000000065 0.6125 0.057812500000000065
2 0.634375 0.045312500000000075 0.609375 0.045312500000000075 0.609375 0.07031250000000007 0.634375 0.07031250000000007
2 0.528125 0.12187500000000004 0.4875 0.12187500000000004 0.4875 0.16718750000000004 0.528125 0.16718750000000004
2 0.578125 0.10312500000000006 0.540625 0.10312500000000005 0.540625 0.16718750000000007 0.578125 0.1671875000000001
2 0.6296875 0.13437500000000008 0.55625 0.13437500000000008 0.55625 0.2312500000000001 0.6296875 0.2312500000000001
2 0.6125 0.2828125000000001 0.5625 0.2828125000000001 0.5625 0.4109375 0.6125 0.4109375
2 0.534375 0.18593750000000003 0.440625 0.18593750000000003 0.440625 0.33281250000000007 0.534375 0.33281250000000007
2 0.540625 0.3140625000000001 0.475 0.3140625000000001 0.475 0.3781250000000001 0.540625 0.3781250000000001
2 0.509375 0.4296875 0.425 0.4296875 0.425 0.5765625 0.509375 0.5765625
2 0.596875 0.4625 0.521875 0.4625 0.521875 0.590625 0.596875 0.590625
2 0.621875 0.5640625 0.5 0.5640625 0.5 0.6984375 0.621875 0.6984375
2 0.640625 0.578125 0.603125 0.578125 0.603125 0.6546875 0.640625 0.6546875
2 0.48125000000000007 0.5828125 0.3937500000000001 0.5828125 0.3937500000000001 0.9234375 0.4812500000000002 0.9234375
2 0.4500000000000002 0.8078125 0.2734375000000001 0.8078125 0.2734375000000001 0.99375 0.4500000000000002 0.99375
2 0.27031250000000007 0.609375 0.12656250000000008 0.609375 0.12656250000000008 0.7828125 0.27031250000000007 0.7828125
2 0.2484375000000001 0.884375 0.13281250000000008 0.884375 0.1328125000000001 0.9359375 0.2484375000000001 0.9359375
2 0.2093750000000001 0.8015625 0.1531250000000001 0.8015625 0.1531250000000001 0.896875 0.2093750000000001 0.896875
2 0.23593750000000008 0.7765625 0.19531250000000008 0.7765625 0.19531250000000008 0.8203125 0.23593750000000008 0.8203125
2 0.2765625000000001 0.8140625 0.24218750000000008 0.8140625 0.24218750000000008 0.859375 0.2765625000000001 0.859375
2 0.3593750000000001 0.5578125 0.2828125000000001 0.5578125 0.2828125000000001 0.6796875 0.3593750000000001 0.6796875
2 0.3265625000000001 0.6546875 0.2953125000000001 0.6546875 0.2953125000000001 0.73125 0.3265625000000001 0.73125
2 0.3390625000000001 0.7171875 0.2921875000000001 0.7171875 0.2921875000000001 0.8078125 0.3390625000000001 0.8078125
2 0.3515625000000001 0.8015625 0.3296875000000001 0.8015625 0.3296875000000001 0.8265625 0.3515625000000001 0.8265625
2 0.38750000000000007 0.4046875 0.3234375000000001 0.4046875 0.3234375000000001 0.5203125 0.38750000000000007 0.5203125
2 0.30156250000000007 0.340625 0.2078125 0.340625 0.20781250000000004 0.475 0.30156250000000007 0.475
2 0.3359375000000001 0.4546875 0.24218750000000008 0.4546875 0.24218750000000008 0.5703125 0.3359375000000001 0.5703125
2 0.440625 0.08281250000000004 0.2859375 0.08281250000000004 0.2859375 0.25000000000000006 0.440625 0.2500000000000001
2 0.3578125 0.2171875 0.2359375 0.2171875 0.2359375 0.3078125 0.3578125 0.3078125
2 0.2640625 0.006250000000000029 0.2046875 0.006250000000000025 0.2046875 0.12187500000000004 0.2640625 0.12187500000000004
2 0.2234375 0.11562500000000005 0.1953125 0.11562500000000005 0.1953125 0.17343750000000005 0.2234375 0.17343750000000005
2 0.2453125 0.18593750000000003 0.18906250000000005 0.18593750000000003 0.18906250000000005 0.2625 0.2453125 0.2625
2 0.184375 0.13437500000000002 0.13125 0.134375 0.13125000000000003 0.2046875 0.18437500000000004 0.2046875
2 0.1453125 0.121875 0.059375000000000025 0.121875 0.05937500000000003 0.28125 0.14531250000000004 0.28125
2 0.07500000000000004 0.1984375 0.003125000000000025 0.1984375 0.0031250000000000353 0.378125 0.07500000000000004 0.378125
2 0.046875000000000014 0.03906250000000001 4.783776559169349e-18 0.0390625 1.8848079643127232e-17 0.26875 0.046875000000000035 0.26875
2 0.16093750000000004 0.2890625 0.06562500000000004 0.2890625 0.06562500000000006 0.5265625 0.16093750000000004 0.5265625
2 0.06875000000000005 0.3203125 0.04062500000000004 0.3203125 0.04062500000000004 0.390625 0.06875000000000005 0.390625
2 0.08125000000000006 0.4109375 5.032532940246154e-17 0.4109375 6.247612186275169e-17 0.609375 0.08125000000000007 0.609375