2 0.9109375 0.3781250000000001 0.7640625 0.3781250000000001 0.7640625 0.6218750000000002 0.9109375 0.6218750000000002
2 0.7875 0.4625000000000001 0.6234375 0.4625 0.6234375 0.7203125000000001 0.7875 0.7203125000000001
2 0.6453125000000001 0.4265625 0.3375000000000001 0.4265625 0.3375000000000001 0.8359375 0.6453125000000002 0.8359375
2 0.4671875 0.4265625 0.19531250000000006 0.4265625 0.19531250000000006 0.7015625 0.4671875 0.7015625
2 0.24062500000000003 0.3609375 0.07968750000000005 0.3609375 0.07968750000000005 0.6140625 0.2406250000000001 0.6140625
3 0.3421875000000001 0.5109375 0.19062500000000004 0.5109375 0.19062500000000007 0.790625 0.3421875000000001 0.790625
3 0.471875 0.32500000000000007 0.209375 0.325 0.20937500000000003 0.4578125 0.471875 0.4578125
3 0.609375 0.2671875000000001 0.3734375 0.2671875000000001 0.37343750000000003 0.3781250000000001 0.609375 0.3781250000000001
3 0.76875 0.32500000000000007 0.50625 0.32500000000000007 0.50625 0.45781250000000007 0.76875 0.4578125000000002
3 0.903125 0.2843750000000001 0.653125 0.2843750000000001 0.653125 0.3828125000000001 0.903125 0.3828125000000001
3 0.32500000000000007 0.2703125 0.08437500000000002 0.2703125 0.08437500000000003 0.3734375 0.32500000000000007 0.3734375