2 0.903125 0.20312500000000008 0.78125 0.20312500000000008 0.7812500000000001 0.7875000000000002 0.903125 0.7875000000000002
2 0.7812500000000001 0.2234375000000001 0.625 0.2234375000000001 0.6250000000000001 0.7859375000000001 0.7812500000000002 0.7859375000000002
2 0.6250000000000001 0.14687500000000006 0.4875 0.14687500000000003 0.4875000000000001 0.7875 0.6250000000000002 0.7875
2 0.4921875000000001 0.16718750000000004 0.3484375 0.16718750000000004 0.34843750000000007 0.7875 0.49218750000000017 0.7875
2 0.34375000000000006 0.17343750000000005 0.2 0.17343750000000005 0.20000000000000004 0.7828125 0.3437500000000001 0.7828125
2 0.19531250000000006 0.2125 0.07812500000000003 0.2125 0.07812500000000006 0.7921875 0.19531250000000008 0.7921875
3 0.7390625 0.2078125000000001 0.684375 0.2078125000000001 0.684375 0.2390625000000001 0.7390625 0.2390625000000001
3 0.5859375 0.12187500000000007 0.5359375 0.12187500000000004 0.5359375 0.14687500000000006 0.5859375 0.1468750000000001
3 0.4421875 0.13750000000000004 0.3875 0.13750000000000004 0.3875 0.15781250000000005 0.4421875 0.15781250000000005
3 0.3015625 0.15781250000000005 0.246875 0.15781250000000005 0.246875 0.17187500000000006 0.3015625 0.17187500000000006
3 0.15625000000000006 0.1828125 0.10156250000000004 0.1828125 0.10156250000000004 0.1984375 0.15625000000000006 0.1984375