2 0.840625 0.1375000000000001 0.6984375 0.1375000000000001 0.6984375 0.7109375000000001 0.840625 0.7109375000000002
2 0.7296875 0.16406250000000008 0.5828125 0.16406250000000008 0.5828125000000001 0.7640625000000001 0.7296875000000002 0.7640625000000002
2 0.728125 0.10156250000000008 0.6046875 0.10156250000000008 0.6046875 0.3468750000000001 0.728125 0.3468750000000001
2 0.6265625 0.12812500000000007 0.5328125 0.12812500000000004 0.5328125 0.4 0.6265625 0.4
2 0.6359375 0.07500000000000008 0.5734375 0.07500000000000007 0.5734375 0.3203125000000001 0.6359375 0.3203125000000001
2 0.49375 0.09375000000000006 0.4359375 0.09375000000000004 0.4359375 0.3375000000000001 0.49375 0.3375000000000001
2 0.5906250000000001 0.19218750000000007 0.440625 0.19218750000000004 0.4406250000000001 0.81875 0.5906250000000002 0.81875
2 0.45781250000000007 0.21875000000000006 0.2796875 0.21875 0.27968750000000003 0.8765625 0.4578125000000002 0.8765625
2 0.484375 0.16093750000000004 0.390625 0.16093750000000004 0.39062500000000006 0.45 0.484375 0.45
2 0.33281250000000007 0.17812500000000003 0.2046875 0.17812500000000003 0.20468750000000005 0.790625 0.33281250000000007 0.790625
2 0.3734375 0.11562500000000005 0.3203125 0.11562500000000005 0.3203125 0.23593750000000005 0.3734375 0.23593750000000008
2 0.275 0.14218750000000002 0.146875 0.1421875 0.14687500000000003 0.7109375 0.2750000000000001 0.7109375