2 0.6140625000000001 0.35156250000000006 0.278125 0.3515625 0.27812500000000007 0.8859375 0.6140625000000002 0.8859375
2 0.9328125 0.16250000000000012 0.571875 0.1625000000000001 0.5718750000000001 0.7921875 0.9328125 0.7921875000000002
2 0.4437500000000001 0.16406250000000003 0.1125 0.1640625 0.11250000000000004 0.7875 0.4437500000000002 0.7875
0 0.903125 0.3312500000000001 0.659375 0.3312500000000001 0.659375 0.3921875000000001 0.903125 0.3921875000000001
0 0.8984375 0.37187500000000007 0.6203125 0.37187500000000007 0.6203125 0.4281250000000001 0.8984375 0.4281250000000002
0 0.878125 0.4250000000000001 0.6140625 0.425 0.6140625 0.4687500000000001 0.878125 0.46875000000000017
0 0.8875 0.4531250000000001 0.625 0.453125 0.625 0.5093750000000001 0.8875 0.5093750000000001
0 0.878125 0.503125 0.6 0.503125 0.6 0.5359375000000001 0.878125 0.5359375000000002
0 0.8828125 0.534375 0.6140625 0.534375 0.6140625 0.5671875000000001 0.8828125 0.5671875000000002
0 0.86875 0.5718750000000001 0.6140625 0.571875 0.6140625 0.6156250000000001 0.86875 0.6156250000000002
0 0.8734375 0.6078125000000001 0.6140625 0.6078125 0.6140625 0.6578125000000001 0.8734375 0.6578125000000001
0 0.86875 0.6531250000000001 0.6140625 0.653125 0.6140625 0.6890625000000001 0.86875 0.6890625000000001
0 0.86875 0.6859375000000001 0.625 0.6859375 0.6250000000000001 0.7265625000000001 0.86875 0.7265625000000002
0 0.8484375 0.7265625000000001 0.6203125000000002 0.7265625 0.6203125000000002 0.7625000000000001 0.8484375 0.7625000000000002
0 0.5703125 0.6125 0.3125000000000001 0.6125 0.3125000000000001 0.709375 0.5703125 0.709375
0 0.5406250000000001 0.7109375 0.31718750000000007 0.7109375 0.31718750000000007 0.746875 0.5406250000000001 0.746875
0 0.5125000000000002 0.74375 0.2921875000000001 0.74375 0.2921875000000001 0.784375 0.5125000000000002 0.784375
0 0.5265625000000002 0.775 0.2984375000000001 0.775 0.2984375000000001 0.8125 0.5265625000000002 0.8125
0 0.5265625000000002 0.815625 0.3078125000000001 0.815625 0.3078125000000001 0.865625 0.5265625000000002 0.865625
0 0.37500000000000006 0.34687500000000004 0.14687500000000003 0.346875 0.14687500000000003 0.440625 0.3750000000000001 0.440625
0 0.3859375000000001 0.4484375 0.14218750000000005 0.4484375 0.14218750000000008 0.559375 0.3859375000000001 0.559375
0 0.3812500000000001 0.54375 0.16093750000000004 0.54375 0.16093750000000007 0.6578125 0.3812500000000001 0.6578125
0 0.3859375000000001 0.6203125 0.15625000000000008 0.6203125 0.15625000000000008 0.7546875 0.3859375000000001 0.7546875