2 0.9515625 0.5921875000000002 0.8359375 0.5921875000000002 0.8359375 0.903125 0.9515625 0.903125
2 0.946875 0.1875000000000001 0.7328125 0.18750000000000008 0.7328125 0.3828125000000001 0.946875 0.3828125000000001
2 0.7015625 0.19218750000000007 0.484375 0.19218750000000004 0.484375 0.3921875000000001 0.7015625 0.3921875000000001
2 0.5953125000000001 0.5875 0.4453125 0.5875 0.4453125000000001 0.9109375 0.5953125000000001 0.9109375
2 0.453125 0.17343750000000005 0.271875 0.17343750000000005 0.27187500000000003 0.39062500000000006 0.453125 0.3906250000000001
2 0.21250000000000005 0.13281250000000003 0.06250000000000003 0.1328125 0.06250000000000003 0.3828125 0.21250000000000008 0.3828125
2 0.1921875000000001 0.4984375 0.07187500000000006 0.4984375 0.07187500000000009 0.9109375 0.19218750000000012 0.9109375
2 0.3906250000000001 0.63125 0.2531250000000001 0.63125 0.2531250000000001 0.90625 0.3906250000000001 0.90625
2 0.7734375000000001 0.6046875 0.64375 0.6046875 0.64375 0.90625 0.7734375000000002 0.90625
3 0.934375 0.5515625000000002 0.85 0.5515625000000002 0.85 0.5953125000000001 0.934375 0.5953125000000001
3 0.915625 0.16093750000000012 0.75625 0.1609375000000001 0.75625 0.1875000000000001 0.915625 0.18750000000000014
3 0.6703125 0.16093750000000007 0.5203125 0.16093750000000004 0.5203125 0.19218750000000007 0.6703125 0.1921875000000001
3 0.4453125 0.14218750000000005 0.28125 0.14218750000000005 0.28125 0.17343750000000005 0.4453125 0.17343750000000005
3 0.746875 0.5468750000000001 0.6703125 0.546875 0.6703125 0.6093750000000001 0.746875 0.6093750000000002
3 0.565625 0.5515625 0.4765625 0.5515625 0.4765625 0.5828125 0.565625 0.5828125
5 0.3906250000000001 0.5421875 0.2531250000000001 0.5421875 0.2531250000000001 0.6359375 0.3906250000000001 0.6359375
5 0.209375 0.10312500000000002 0.06250000000000003 0.103125 0.06250000000000003 0.13906250000000003 0.209375 0.13906250000000003