2 0.6796875 0.528125 0.5953125 0.528125 0.5953125 0.6625 0.6796875 0.6625
2 0.7203125 0.4890625 0.640625 0.4890625 0.640625 0.578125 0.7203125 0.578125
2 0.6765625 0.4125 0.6234375 0.4125 0.6234375 0.4890625 0.6765625 0.4890625
2 0.7109375 0.3687500000000001 0.63125 0.3687500000000001 0.63125 0.4359375 0.7109375 0.4359375
2 0.6796875 0.2890625000000001 0.6 0.2890625000000001 0.6 0.3687500000000001 0.6796875 0.3687500000000001
2 0.5875 0.2718750000000001 0.5078125 0.2718750000000001 0.5078125 0.3296875000000001 0.5875 0.3296875000000001
2 0.63125 0.29375000000000007 0.4890625 0.29375000000000007 0.4890625 0.4171875 0.63125 0.4171875
2 0.6140625 0.3906250000000001 0.55625 0.3906250000000001 0.55625 0.4984375 0.6140625 0.4984375
2 0.5515625 0.44375 0.43125 0.44375 0.43125 0.5734375 0.5515625 0.5734375
2 0.6171875 0.50625 0.525 0.50625 0.525 0.63125 0.6171875 0.63125
2 0.5953125 0.56875 0.4890625 0.56875 0.4890625 0.6625 0.5953125 0.6625
2 0.56875 0.609375 0.4265625 0.609375 0.4265625 0.6796875 0.56875 0.6796875
2 0.453125 0.590625 0.3734375000000001 0.590625 0.3734375000000001 0.684375 0.453125 0.684375
2 0.3734375000000001 0.559375 0.3062500000000001 0.559375 0.3062500000000001 0.6578125 0.3734375000000001 0.6578125
2 0.44375 0.5109375 0.3515625000000001 0.5109375 0.3515625000000001 0.609375 0.44375 0.609375
2 0.3734375000000001 0.515625 0.2796875000000001 0.515625 0.2796875000000001 0.6 0.3734375000000001 0.6
2 0.3609375000000001 0.4578125 0.2500000000000001 0.4578125 0.2500000000000001 0.5328125 0.3609375000000001 0.5328125
2 0.4359375 0.4140625 0.32500000000000007 0.4140625 0.32500000000000007 0.5609375 0.4359375 0.5609375
2 0.3375000000000001 0.4046875 0.23593750000000008 0.4046875 0.23593750000000008 0.475 0.3375000000000001 0.475
2 0.36875 0.2984375 0.2984375 0.2984375 0.2984375 0.421875 0.3687500000000001 0.421875
2 0.4625 0.2500000000000001 0.3734375 0.2500000000000001 0.37343750000000003 0.41875 0.4625 0.41875
2 0.503125 0.3343750000000001 0.3875 0.3343750000000001 0.38750000000000007 0.4140625 0.503125 0.4140625
2 0.5296875 0.2453125000000001 0.453125 0.2453125000000001 0.453125 0.3375000000000001 0.5296875 0.3375000000000001