2 0.984375 0.1031250000000001 0.575 0.10312500000000009 0.5750000000000001 0.9953125 0.984375 0.9953125
2 0.5906250000000001 0.18593750000000006 0.3046875 0.18593750000000003 0.30468750000000006 0.8453125 0.5906250000000002 0.8453125
2 0.33125000000000004 0.284375 0.2046875 0.284375 0.20468750000000005 0.7265625 0.3312500000000001 0.7265625
2 0.23906250000000004 0.35625 0.11250000000000004 0.35625 0.11250000000000007 0.6703125 0.2390625000000001 0.6703125
2 0.18125000000000008 0.3859375 0.07031250000000004 0.3859375 0.07031250000000006 0.61875 0.18125000000000008 0.61875
2 0.08906250000000006 0.4171875 0.0031250000000000513 0.4171875 0.0031250000000000626 0.5984375 0.08906250000000007 0.5984375
3 0.9734375 0.010937500000000096 0.603125 0.010937500000000076 0.603125 0.15468750000000012 0.9734375 0.15468750000000014
3 0.5875 0.10312500000000006 0.3171875 0.10312500000000005 0.3171875 0.19531250000000006 0.5875 0.19531250000000008
3 0.328125 0.221875 0.2203125 0.221875 0.2203125 0.2828125 0.328125 0.2828125
3 0.228125 0.29375 0.11562500000000005 0.29375 0.11562500000000005 0.3453125 0.228125 0.3453125
3 0.12031250000000004 0.3296875 0.07343750000000004 0.3296875 0.07343750000000004 0.3765625 0.12031250000000004 0.3765625
3 0.06875000000000005 0.3703125 4.5350201780925416e-17 0.3703125 4.822046771642702e-17 0.4171875 0.06875000000000005 0.4171875