2 0.5828125000000001 0.04375000000000006 0.4265625 0.04375000000000005 0.42656250000000007 0.9890625 0.5828125000000002 0.9890625
2 0.6515625 0.08281250000000008 0.5390625 0.08281250000000007 0.5390625000000001 0.940625 0.6515625000000002 0.940625
2 0.7312500000000001 0.12031250000000009 0.625 0.12031250000000009 0.6250000000000001 0.9015625 0.7312500000000002 0.9015625
2 0.821875 0.1312500000000001 0.715625 0.1312500000000001 0.7156250000000001 0.8796875 0.821875 0.8796875
2 0.4625000000000001 0.08281250000000005 0.3609375 0.08281250000000004 0.3609375 0.940625 0.4625000000000002 0.940625
2 0.37500000000000006 0.12031250000000004 0.2765625 0.12031250000000004 0.27656250000000004 0.90625 0.3750000000000001 0.90625
2 0.28750000000000003 0.14218750000000002 0.175 0.1421875 0.17500000000000004 0.884375 0.2875000000000001 0.884375
3 0.5390625 0.01718750000000006 0.4625 0.017187500000000057 0.4625 0.06093750000000007 0.5390625 0.06093750000000007
3 0.6078125 0.05937500000000007 0.55 0.05937500000000007 0.55 0.08750000000000006 0.6078125 0.08750000000000006
3 0.690625 0.09375000000000008 0.6328125 0.09375000000000007 0.6328125 0.11562500000000009 0.690625 0.11562500000000009
3 0.778125 0.11562500000000009 0.7234375 0.11562500000000009 0.7234375 0.14843750000000008 0.778125 0.14843750000000008
3 0.459375 0.06562500000000006 0.39375 0.06562500000000004 0.39375 0.09843750000000005 0.459375 0.09843750000000007
3 0.3609375 0.10468750000000004 0.303125 0.10468750000000004 0.303125 0.13750000000000004 0.3609375 0.13750000000000004
3 0.2625 0.12031250000000004 0.2046875 0.12031250000000004 0.2046875 0.15312500000000004 0.2625 0.15312500000000004