2 0.8421875 0.2890625000000001 0.6828125 0.2890625000000001 0.6828125 0.7937500000000001 0.8421875 0.7937500000000002
2 0.8875 0.38750000000000007 0.834375 0.38750000000000007 0.834375 0.7531250000000002 0.8875 0.7531250000000002
2 0.6875000000000001 0.3609375000000001 0.5328125 0.3609375000000001 0.5328125000000001 0.7984375 0.6875000000000002 0.7984375
2 0.5328125000000001 0.3609375000000001 0.3859375 0.3609375000000001 0.38593750000000004 0.8046875 0.5328125000000001 0.8046875
2 0.3828125000000001 0.37187500000000007 0.2390625000000001 0.371875 0.2390625000000001 0.8 0.3828125000000001 0.8
2 0.23593750000000008 0.371875 0.08906250000000004 0.371875 0.08906250000000007 0.8046875 0.23593750000000008 0.8046875
5 0.6515625 0.1453125000000001 0.5484375 0.1453125000000001 0.5484375 0.3671875000000001 0.6515625 0.3671875000000001
5 0.915625 0.1593750000000001 0.803125 0.1593750000000001 0.803125 0.3812500000000001 0.915625 0.3812500000000001
5 0.509375 0.15468750000000003 0.4015625 0.15468750000000003 0.4015625 0.3656250000000001 0.509375 0.3656250000000001
5 0.36718750000000006 0.15468750000000003 0.2546875 0.15468750000000003 0.25468750000000007 0.37031250000000004 0.3671875000000001 0.3703125000000001
5 0.22500000000000003 0.16562500000000002 0.109375 0.165625 0.10937500000000003 0.371875 0.2250000000000001 0.371875