2 0.784375 0.5000000000000001 0.6359375 0.5 0.6359375 0.925 0.7843750000000002 0.925
2 0.7078125000000001 0.659375 0.6046875 0.659375 0.6046875 0.946875 0.7078125000000002 0.946875
2 0.7046875000000001 0.05937500000000007 0.3640625 0.059375000000000046 0.36406250000000007 0.7921875 0.7046875000000001 0.7921875
2 0.4250000000000001 0.653125 0.33281250000000007 0.653125 0.33281250000000007 0.915625 0.42500000000000016 0.915625
2 0.5078125000000001 0.7125 0.428125 0.7125 0.4281250000000001 0.9359375 0.5078125000000002 0.9359375
2 0.5875000000000001 0.7484375 0.5203125000000002 0.7484375 0.5203125000000002 0.9609375 0.5875000000000001 0.9609375
2 0.6203125 0.4015625 0.440625 0.4015625 0.4406250000000001 0.896875 0.6203125000000002 0.896875
2 0.4078125000000001 0.29687500000000006 0.2 0.296875 0.20000000000000004 0.896875 0.4078125000000002 0.896875
5 0.4078125 0.5046875 0.3437500000000001 0.5046875 0.3437500000000001 0.6484375 0.4078125 0.6484375
5 0.4921875 0.559375 0.43125 0.559375 0.43125 0.7078125 0.4921875 0.7078125
5 0.5843750000000001 0.634375 0.5234375 0.634375 0.5234375000000001 0.7421875 0.5843750000000002 0.7421875
5 0.6921875 0.5796875 0.6203125 0.5796875 0.6203125 0.6484375 0.6921875 0.6484375
5 0.7484375 0.39531250000000007 0.6359375 0.39531250000000007 0.6359375 0.4953125000000001 0.7484375 0.49531250000000016
5 0.5609375 0.2921875000000001 0.440625 0.2921875000000001 0.440625 0.39531250000000007 0.5609375 0.39531250000000007
5 0.3453125 0.2578125 0.2609375 0.2578125 0.2609375 0.2921875 0.3453125 0.2921875
5 0.571875 0.014062500000000066 0.4875 0.014062500000000061 0.4875 0.05468750000000007 0.571875 0.05468750000000007