2 0.821875 0.3062500000000001 0.628125 0.3062500000000001 0.628125 0.7593750000000001 0.821875 0.7593750000000001
2 0.7953125000000001 0.596875 0.46875 0.596875 0.4687500000000001 0.8625 0.7953125000000002 0.8625
2 0.596875 0.11718750000000007 0.340625 0.11718750000000004 0.34062500000000007 0.7609375 0.5968750000000002 0.7609375
2 0.45781250000000007 0.5515625 0.3296875000000001 0.5515625 0.3296875000000001 0.8421875 0.4578125000000002 0.8421875
2 0.3765625000000001 0.6640625 0.2906250000000001 0.6640625 0.2906250000000001 0.8984375 0.3765625000000001 0.8984375
2 0.3062500000000001 0.5828125 0.1937500000000001 0.5828125 0.1937500000000001 0.8734375 0.3062500000000001 0.8734375
2 0.321875 0.3015625 0.12812500000000004 0.3015625 0.12812500000000007 0.8015625 0.3218750000000001 0.8015625
5 0.4375 0.484375 0.3453125000000001 0.484375 0.3453125000000001 0.5765625 0.4375 0.5765625
5 0.790625 0.2296875000000001 0.6546875 0.2296875000000001 0.6546875 0.3218750000000001 0.790625 0.3218750000000001
5 0.5359375000000002 0.790625 0.4546875000000002 0.790625 0.4546875000000002 0.8828125 0.5359375000000002 0.8828125
5 0.5546875000000002 0.8359375 0.39531250000000007 0.8359375 0.39531250000000007 0.9390625 0.5546875000000002 0.9390625
5 0.8953125 0.8109375 0.7750000000000001 0.8109375 0.7750000000000001 0.9234375 0.8953125 0.9234375