2 0.8078125 0.5921875000000001 0.603125 0.5921875 0.6031250000000001 0.80625 0.8078125 0.80625
2 0.815625 0.2250000000000001 0.603125 0.2250000000000001 0.603125 0.4406250000000001 0.815625 0.44062500000000016
2 0.5765625 0.23593750000000008 0.3671875 0.23593750000000008 0.36718750000000006 0.434375 0.5765625 0.434375
2 0.3375 0.225 0.13281250000000006 0.225 0.13281250000000006 0.434375 0.3375000000000001 0.434375
2 0.3296875000000001 0.5921875 0.12500000000000008 0.5921875 0.12500000000000008 0.8015625 0.3296875000000001 0.8015625
2 0.565625 0.5921875 0.3609375000000001 0.5921875 0.3609375000000001 0.80625 0.5656250000000002 0.80625
3 0.8 0.1359375000000001 0.6171875 0.1359375000000001 0.6171875 0.2468750000000001 0.8 0.2468750000000001
3 0.7875 0.49687500000000007 0.6140625 0.496875 0.6140625 0.6078125000000001 0.7875 0.6078125000000002
3 0.55625 0.14062500000000006 0.3828125 0.14062500000000006 0.3828125 0.23593750000000008 0.55625 0.23593750000000008
3 0.553125 0.496875 0.3750000000000001 0.496875 0.3750000000000001 0.5921875 0.553125 0.5921875
3 0.321875 0.12656250000000002 0.140625 0.1265625 0.14062500000000003 0.23125 0.321875 0.23125
3 0.3187500000000001 0.503125 0.14062500000000006 0.503125 0.14062500000000006 0.596875 0.3187500000000001 0.596875