2 0.7140625000000002 0.740625 0.5562500000000001 0.740625 0.5562500000000001 0.99375 0.7140625000000002 0.99375
2 0.6578125000000001 0.6984375 0.6125 0.6984375 0.6125 0.8140625 0.6578125000000001 0.8140625
2 0.7015625000000002 0.7359375 0.6718750000000002 0.7359375 0.6718750000000002 0.8203125 0.7015625000000002 0.8203125
2 0.7375 0.4875000000000001 0.571875 0.4875 0.571875 0.6390625000000001 0.7375 0.6390625000000002
2 0.8203125 0.5125000000000001 0.60625 0.5125 0.6062500000000001 0.8859375 0.8203125 0.8859375
2 0.9046875 0.6687500000000002 0.8359375 0.6687500000000002 0.8359375 0.825 0.9046875 0.825
2 0.9484375 0.7781250000000002 0.8921875 0.7781250000000002 0.8921875 0.9046875 0.9484375 0.9046875
2 0.93125 0.5484375000000001 0.88125 0.5484375000000001 0.88125 0.6390625000000002 0.93125 0.6390625000000002
2 0.8359375 0.3140625000000001 0.6875 0.3140625000000001 0.6875 0.5359375000000001 0.8359375 0.5359375000000002
2 0.8625 0.3500000000000001 0.81875 0.3500000000000001 0.81875 0.5000000000000002 0.8625 0.5000000000000002
2 0.8984375 0.2953125000000001 0.8484375 0.2953125000000001 0.8484375 0.4937500000000002 0.8984375 0.4937500000000002
2 0.990625 0.4031250000000002 0.8875 0.4031250000000002 0.8875 0.5187500000000002 0.990625 0.5187500000000002
2 0.934375 0.2593750000000001 0.8875 0.2593750000000001 0.8875 0.3734375000000001 0.934375 0.3734375000000001
2 0.9875 0.3312500000000001 0.94375 0.3312500000000001 0.94375 0.37968750000000007 0.9875 0.37968750000000007
2 0.996875 0.12656250000000013 0.940625 0.12656250000000013 0.940625 0.21093750000000008 0.996875 0.21093750000000008
2 0.93125 0.042187500000000114 0.9046875 0.042187500000000114 0.9046875 0.09062500000000011 0.93125 0.09062500000000011
2 0.9140625 0.09062500000000011 0.88125 0.09062500000000011 0.88125 0.1265625000000001 0.9140625 0.12656250000000013
2 0.878125 0.1625000000000001 0.8265625 0.1625000000000001 0.8265625 0.2468750000000001 0.878125 0.2468750000000001
2 0.80625 0.10937500000000008 0.7796875 0.10937500000000008 0.7796875 0.2000000000000001 0.80625 0.2000000000000001
2 0.8484375 9.969390349308921e-17 0.7796875 9.54841801210202e-17 0.7796875 0.10312500000000009 0.8484375 0.10312500000000009
2 0.765625 9.060472803066747e-17 0.7140625 8.744743550161569e-17 0.7140625 0.15625000000000008 0.765625 0.15625000000000008
2 0.765625 0.20468750000000008 0.7171875 0.20468750000000008 0.7171875 0.2953125000000001 0.765625 0.2953125000000001
2 0.678125 0.2468750000000001 0.6484375 0.2468750000000001 0.6484375 0.2890625000000001 0.678125 0.2890625000000001
2 0.6875 0.042187500000000086 0.6578125 0.04218750000000008 0.6578125 0.13281250000000008 0.6875 0.13281250000000008
2 0.675 0.1625000000000001 0.5765625 0.1625000000000001 0.5765625 0.2593750000000001 0.675 0.2593750000000001
2 0.6390625 0.2953125000000001 0.55 0.2953125000000001 0.55 0.409375 0.6390625 0.409375
2 0.809375 0.41093750000000007 0.496875 0.4109375 0.496875 0.6515625 0.809375 0.6515625000000002
2 0.5562500000000001 0.6328125 0.4015625 0.6328125 0.4015625000000001 0.9640625 0.5562500000000001 0.9640625
2 0.4078125000000002 0.83125 0.3546875000000001 0.83125 0.3546875000000001 0.915625 0.4078125000000002 0.915625
2 0.5359375 0.421875 0.3812500000000001 0.421875 0.3812500000000001 0.6859375 0.5359375 0.6859375
2 0.39531250000000007 0.4515625 0.27031250000000007 0.4515625 0.27031250000000007 0.6984375 0.39531250000000007 0.6984375
2 0.5265625 0.17500000000000004 0.4640625 0.17500000000000004 0.4640625 0.3500000000000001 0.5265625 0.3500000000000001
2 0.571875 0.12031250000000007 0.5 0.12031250000000004 0.5 0.21093750000000008 0.571875 0.21093750000000008
2 0.5890625 6.563341439180346e-17 0.4828125 5.912747827133314e-17 0.4828125 0.14531250000000007 0.5890625 0.1453125000000001
2 0.675 7.462691432304184e-17 0.54375 6.659016970363734e-17 0.54375 0.08437500000000007 0.675 0.08437500000000009
2 0.49375 5.338694640032993e-17 0.378125 4.63069570927593e-17 0.378125 0.09687500000000006 0.49375 0.09687500000000007
2 0.440625 0.042187500000000044 0.2859375 0.04218750000000003 0.2859375 0.20468750000000005 0.440625 0.20468750000000008
2 0.3265625 0.02968750000000004 0.2375 0.029687500000000033 0.2375 0.09062500000000004 0.3265625 0.09062500000000004
2 0.446875 0.10937500000000004 0.240625 0.10937500000000004 0.240625 0.3140625 0.446875 0.3140625000000001
2 0.434375 0.17500000000000004 0.4015625 0.17500000000000004 0.4015625 0.2468750000000001 0.434375 0.2468750000000001
2 0.4015625 0.18125000000000005 0.240625 0.18125000000000005 0.240625 0.31875000000000003 0.4015625 0.3187500000000001
2 0.4734375 0.3140625 0.3125 0.3140625 0.31250000000000006 0.39843750000000006 0.4734375 0.3984375000000001
2 0.4078125 0.3375 0.2890625 0.3375 0.28906250000000006 0.4328125 0.4078125 0.4328125
2 0.30625 0.3125 0.16406250000000006 0.3125 0.16406250000000006 0.428125 0.3062500000000001 0.428125
2 0.26250000000000007 0.4640625 5.683126552293186e-17 0.4640625 6.199774420683476e-17 0.5484375 0.26250000000000007 0.5484375
2 0.20468750000000008 0.4765625 5.836207402186604e-17 0.4765625 7.529664304132555e-17 0.753125 0.20468750000000008 0.753125
2 0.1781250000000001 0.571875 0.056250000000000064 0.571875 0.05625000000000008 0.7046875 0.1781250000000001 0.7046875
2 0.3515625000000001 0.728125 0.21093750000000008 0.728125 0.21093750000000008 0.9640625 0.3515625000000001 0.9640625
2 0.1453125000000001 0.7234375 0.07968750000000009 0.7234375 0.07968750000000009 0.7890625 0.1453125000000001 0.7890625
2 0.2078125000000001 0.7171875 0.1453125000000001 0.7171875 0.1453125000000001 0.7890625 0.2078125000000001 0.7890625
2 0.2140625000000001 0.7359375 0.06250000000000008 0.7359375 0.0625000000000001 0.9765625 0.2140625000000001 0.9765625
2 0.1484375000000001 0.8078125 0.07187500000000009 0.8078125 0.0718750000000001 0.99375 0.14843750000000014 0.99375
2 0.2078125000000001 0.8921875 0.14218750000000008 0.8921875 0.1421875000000001 0.99375 0.2078125000000001 0.99375
2 0.25312500000000004 0.265625 0.07656250000000002 0.265625 0.07656250000000005 0.50625 0.2531250000000001 0.50625
2 0.13593750000000002 0.1203125 0.007812500000000014 0.1203125 0.007812500000000024 0.2890625 0.13593750000000004 0.2890625
2 0.2015625 0.18125000000000002 0.1328125 0.18125 0.13281250000000003 0.246875 0.2015625 0.246875
2 0.2171875 0.11406250000000002 0.1640625 0.1140625 0.16406250000000003 0.2046875 0.2171875 0.2046875
2 0.23125 2.2675100890462708e-17 0.1390625 1.703024455064288e-17 0.1390625 0.12031250000000002 0.23125 0.12031250000000004
2 0.07968750000000001 0.0546875 0.014062500000000006 0.0546875 0.01406250000000001 0.1265625 0.07968750000000002 0.1265625
2 0.5734375 0.3625000000000001 0.5140625 0.3625000000000001 0.5140625 0.3984375000000001 0.5734375 0.3984375000000001