2 0.996875 0.5406250000000001 0.7921875 0.5406250000000001 0.7921875 0.9515625 0.996875 0.9515625
2 0.996875 0.9015625 0.90625 0.9015625 0.90625 0.9953125 0.996875 0.9953125
2 0.8734375 0.8859375 0.6687500000000002 0.8859375 0.6687500000000002 0.9953125 0.8734375 0.9953125
2 0.7890625000000001 0.51875 0.55625 0.51875 0.5562500000000001 0.940625 0.7890625000000002 0.940625
2 0.6296875000000002 0.9125 0.4468750000000002 0.9125 0.4468750000000002 0.9953125 0.6296875000000002 0.9953125
2 0.4000000000000002 0.9015625 0.2140625000000001 0.9015625 0.2140625000000001 0.9953125 0.4000000000000002 0.9953125
2 0.17500000000000013 0.9078125 1.1117496723509566e-16 0.9078125 1.1653279698136533e-16 0.9953125 0.17500000000000013 0.9953125
2 0.5562500000000001 0.5296875 0.3343750000000001 0.5296875 0.3343750000000001 0.9515625 0.5562500000000001 0.9515625
2 0.3203125000000001 0.5578125 0.09843750000000007 0.5578125 0.0984375000000001 0.9671875 0.3203125000000001 0.9671875
2 0.0906250000000001 0.5359375 6.563341439180346e-17 0.5359375 9.108310568658439e-17 0.9515625 0.09062500000000011 0.9515625
2 0.996875 0.27812500000000007 0.9171875 0.27812500000000007 0.9171875 0.6343750000000001 0.996875 0.6343750000000001
2 0.9953125 1.1060091404799533e-16 0.8109375 9.931120136835567e-17 0.8109375 0.33281250000000007 0.9953125 0.33281250000000007
2 0.9125 0.2890625000000001 0.684375 0.2890625000000001 0.684375 0.6453125000000001 0.9125 0.6453125000000002
2 0.6796875 0.3062500000000001 0.4546875 0.3062500000000001 0.4546875 0.65 0.6796875 0.65
2 0.4484375 0.30156250000000007 0.2265625 0.3015625 0.22656250000000006 0.6625 0.4484375 0.6625
2 0.21875000000000006 0.30625 3.750480822388769e-17 0.30625 5.893612720896637e-17 0.65625 0.21875000000000008 0.65625
2 0.3453125 2.8511308292649316e-17 0.1203125 1.4734031802241592e-17 0.12031250000000002 0.35 0.3453125 0.35
2 0.575 5.683126552293186e-17 0.353125 4.324534009489091e-17 0.353125 0.33906250000000004 0.575 0.3390625000000001
2 0.8078125 8.534257381558118e-17 0.5859375 7.175664838754022e-17 0.5859375 0.3281250000000001 0.8078125 0.3281250000000001
2 0.12031250000000002 7.367015901120799e-18 0 0 2.143131898507868e-17 0.35 0.12031250000000004 0.35