2 0.996875 6.104098889500089e-17 0 0 6.09453133638175e-17 0.9953125 0.996875 0.9953125
2 0.9921875 0.5515625000000001 0.609375 0.5515625 0.6093750000000001 0.9953125 0.9921875 0.9953125
2 0.996875 0.5156250000000002 0.853125 0.5156250000000002 0.853125 0.9953125 0.996875 0.9953125
2 0.9921875 0.4890625000000002 0.8765625 0.4890625000000002 0.8765625 0.5671875000000002 0.9921875 0.5671875000000002
2 0.996875 1.1423658423296405e-16 0.86875 1.0639119067592632e-16 0.86875 0.49531250000000016 0.996875 0.49531250000000016
2 0.88125 0.4843750000000001 0.61875 0.484375 0.61875 0.6500000000000001 0.88125 0.6500000000000001
2 0.9578125 0.0046875000000001065 0.76875 0.004687500000000094 0.76875 0.5359375000000002 0.9578125 0.5359375000000002
2 0.80625 0.19687500000000008 0.60625 0.19687500000000008 0.60625 0.5109375 0.80625 0.5109375000000002
2 0.690625 0.3656250000000001 0.509375 0.3656250000000001 0.509375 0.5671875 0.690625 0.5671875
2 0.7296875 0.5046875000000001 0.2890625000000001 0.5046875 0.2890625000000001 0.9953125 0.7296875000000002 0.9953125
2 0.5062500000000001 0.65 0.10468750000000009 0.65 0.10468750000000011 0.9953125 0.5062500000000002 0.9953125
2 0.2312500000000001 0.484375 0.12343750000000005 0.484375 0.12343750000000006 0.7171875 0.2312500000000001 0.7171875
2 0.521875 0.22656250000000006 0.11562500000000005 0.2265625 0.11562500000000006 0.61875 0.521875 0.61875
2 0.7875 0.07187500000000006 0.3984375 0.07187500000000005 0.39843750000000006 0.4437500000000001 0.7875 0.4437500000000002
2 0.428125 2.956373913566657e-17 0.0546875 6.6972871828370884e-18 0.05468750000000002 0.3921875 0.428125 0.3921875000000001
2 0.4875 5.472640383689735e-17 0.40625 4.975127621536122e-17 0.40625 0.15468750000000003 0.4875 0.15468750000000003