2 0.8578125 0.6312500000000001 0.6984375 0.63125 0.6984375 0.8703125 0.8578125 0.8703125
2 0.715625 0.3515625000000001 0.525 0.3515625000000001 0.525 0.6046875 0.715625 0.6046875
2 0.609375 0.05781250000000006 0.4046875 0.057812500000000044 0.4046875 0.3203125000000001 0.609375 0.3203125000000001
2 0.525 0.32500000000000007 0.4890625 0.32500000000000007 0.4890625 0.5375 0.525 0.5375
2 0.49375 0.34687500000000004 0.30625 0.346875 0.30625 0.6125 0.49375 0.6125
2 0.7109375000000001 0.6890625 0.5109375 0.6890625 0.5109375 0.9375 0.7109375000000002 0.9375
2 0.5109375 0.68125 0.3156250000000001 0.68125 0.3156250000000001 0.9609375 0.5109375000000002 0.9609375
2 0.3203125000000001 0.609375 0.21250000000000008 0.609375 0.21250000000000008 0.8671875 0.3203125000000001 0.8671875
3 0.853125 0.5515625000000001 0.684375 0.5515625 0.684375 0.6531250000000001 0.853125 0.6531250000000002
3 0.7078125 0.2843750000000001 0.5296875 0.2843750000000001 0.5296875 0.3593750000000001 0.7078125 0.3593750000000001
3 0.5828125 0.2484375000000001 0.409375 0.2484375000000001 0.409375 0.32500000000000007 0.5828125 0.32500000000000007
3 0.6046875 6.257179739393508e-17 0.4171875 5.109073365192864e-17 0.4171875 0.07187500000000005 0.6046875 0.07187500000000006
3 0.484375 0.28906250000000006 0.315625 0.2890625 0.31562500000000004 0.36406250000000007 0.484375 0.36406250000000007
3 0.5875 0.5421875 0.4765625 0.5421875 0.4765625 0.6171875 0.5875 0.6171875
3 0.515625 0.6125 0.32500000000000007 0.6125 0.32500000000000007 0.715625 0.515625 0.715625
3 0.7203125 0.5921875 0.525 0.5921875 0.525 0.7078125 0.7203125 0.7078125
3 0.3609375000000001 0.5375 0.21875000000000008 0.5375 0.21875000000000008 0.6359375 0.3609375000000001 0.6359375
3 0.4390625 0.4796875 0.2890625000000001 0.4796875 0.2890625000000001 0.55625 0.4390625 0.55625
3 0.6171875 0.440625 0.484375 0.440625 0.484375 0.5109375 0.6171875 0.5109375