2 0.7312500000000001 0.6843750000000001 0.428125 0.684375 0.4281250000000001 0.9484375 0.7312500000000002 0.9484375
2 0.4171875000000001 0.553125 6.773827607783798e-17 0.553125 9.16571588736847e-17 0.94375 0.41718750000000016 0.94375
2 0.6765625 0.08750000000000006 0.328125 0.08750000000000005 0.32812500000000006 0.38593750000000004 0.6765625 0.3859375000000001
2 0.31875000000000003 0.215625 0.05468750000000002 0.215625 0.054687500000000035 0.3984375 0.3187500000000001 0.3984375
3 0.7015625 0.6375 0.4328125 0.6375 0.4328125 0.6765625 0.7015625 0.6765625
3 0.3593750000000001 0.50625 0.03593750000000007 0.50625 0.03593750000000007 0.553125 0.3593750000000001 0.553125
3 0.3046875 0.17500000000000002 0.06562500000000002 0.175 0.06562500000000002 0.2234375 0.3046875 0.2234375
3 0.6421875 0.040625000000000064 0.353125 0.04062500000000004 0.353125 0.11250000000000007 0.6421875 0.11250000000000009
0 0.7265625000000002 0.7968750000000001 0.43750000000000017 0.796875 0.43750000000000017 0.9359375 0.7265625000000002 0.9359375
0 0.6625 0.26250000000000007 0.34375 0.2625 0.34375000000000006 0.37500000000000006 0.6625 0.3750000000000001
0 0.30312500000000003 0.2984375 0.07031250000000004 0.2984375 0.07031250000000004 0.375 0.3031250000000001 0.375
0 0.40312500000000007 0.7046875 0.004687500000000086 0.7046875 0.0046875000000001 0.9328125 0.4031250000000002 0.9328125