2 0.8890625 0.6843750000000001 0.6328125 0.684375 0.6328125000000001 0.978125 0.8890625 0.978125
2 0.9796875 0.4812500000000002 0.7359375 0.4812500000000002 0.7359375 0.6906250000000002 0.9796875 0.6906250000000002
2 0.9328125 0.6312500000000002 0.740625 0.6312500000000002 0.7406250000000001 0.8234375 0.9328125 0.8234375
2 0.996875 0.3593750000000001 0.7890625 0.3593750000000001 0.7890625 0.5625000000000002 0.996875 0.5625000000000002
2 0.6796875000000001 0.4921875 0.4125 0.4921875 0.4125000000000001 0.74375 0.6796875000000002 0.74375
2 0.6796875000000001 0.653125 0.4328125 0.653125 0.4328125000000001 0.85625 0.6796875000000002 0.85625
2 0.4593750000000001 0.6421875 0.1921875000000001 0.6421875 0.19218750000000012 0.9578125 0.4593750000000002 0.9578125
2 0.35625000000000007 0.4328125 0.11562500000000005 0.4328125 0.11562500000000006 0.646875 0.35625000000000007 0.646875
2 0.3437500000000001 0.5875 0.10468750000000009 0.5875 0.10468750000000009 0.74375 0.3437500000000001 0.74375
2 0.23281250000000003 0.3375 0.012500000000000039 0.3375 0.01250000000000005 0.5140625 0.2328125000000001 0.5140625
2 0.2078125000000001 0.4546875 0.015625000000000056 0.4546875 0.015625000000000066 0.6421875 0.2078125000000001 0.6421875
2 0.8078125 0.06406250000000005 0.2484375 0.06406250000000002 0.24843750000000003 0.6734375000000001 0.8078125 0.6734375000000001