2 0.9375 0.85 0.7906250000000001 0.85 0.7906250000000001 0.9609375 0.9375 0.9609375
2 0.9953125 0.7875000000000002 0.884375 0.7875000000000002 0.884375 0.9078125 0.9953125 0.9078125
2 0.9953125 0.88125 0.925 0.88125 0.925 0.9609375 0.9953125 0.9609375
2 0.7640625000000002 0.875 0.6531250000000002 0.875 0.6531250000000002 0.96875 0.7640625000000002 0.96875
2 0.7640625000000002 0.809375 0.6406250000000002 0.809375 0.6406250000000002 0.875 0.7640625000000002 0.875
2 0.83125 0.7828125000000001 0.7062500000000002 0.7828125 0.7062500000000002 0.8796875 0.83125 0.8796875
2 0.9296875 0.6812500000000001 0.7875 0.6812500000000001 0.7875000000000001 0.81875 0.9296875 0.81875
2 0.9953125 0.7296875000000002 0.89375 0.7296875000000002 0.89375 0.821875 0.9953125 0.821875
2 0.9953125 0.6265625000000001 0.8578125 0.6265625000000001 0.8578125 0.7328125000000002 0.9953125 0.7328125000000002
2 0.9953125 0.4703125000000002 0.8484375 0.4703125000000002 0.8484375 0.6312500000000002 0.9953125 0.6312500000000002
2 0.9953125 0.3375000000000001 0.840625 0.3375000000000001 0.840625 0.4984375000000002 0.9953125 0.4984375000000002
2 0.946875 0.2000000000000001 0.7421875 0.2000000000000001 0.7421875 0.3156250000000001 0.946875 0.3156250000000001
2 0.9953125 0.18281250000000013 0.925 0.18281250000000013 0.925 0.3515625000000001 0.9953125 0.3515625000000001
2 0.9734375 0.06718750000000011 0.8171875 0.06718750000000011 0.8171875 0.17812500000000012 0.9734375 0.17812500000000014
2 0.9953125 0.05312500000000011 0.9109375 0.05312500000000011 0.9109375 0.2140625000000001 0.9953125 0.2140625000000001
2 0.8140625 0.1062500000000001 0.70625 0.1062500000000001 0.70625 0.2218750000000001 0.8140625 0.2218750000000001
2 0.8140625 0.018750000000000093 0.734375 0.01875000000000009 0.734375 0.1296875000000001 0.8140625 0.1296875000000001
2 0.96875 0.009375000000000109 0.8140625 0.0093750000000001 0.8140625 0.0750000000000001 0.96875 0.07500000000000011
2 0.759375 0.2406250000000001 0.6359375 0.2406250000000001 0.6359375 0.4000000000000001 0.759375 0.4000000000000002
2 0.7421875 0.39531250000000007 0.64375 0.39531250000000007 0.64375 0.4843750000000001 0.7421875 0.48437500000000017
2 0.778125 0.4703125000000001 0.69375 0.4703125 0.69375 0.5468750000000001 0.778125 0.5468750000000002
2 0.8453125 0.4750000000000002 0.7609375 0.4750000000000002 0.7609375 0.5515625000000002 0.8453125 0.5515625000000002
2 0.840625 0.5328125000000001 0.69375 0.5328125 0.69375 0.6093750000000001 0.840625 0.6093750000000002
2 0.8625 0.5828125000000002 0.759375 0.5828125000000002 0.759375 0.6843750000000002 0.8625 0.6843750000000002
2 0.778125 0.6093750000000001 0.69375 0.609375 0.69375 0.6984375 0.778125 0.6984375000000002
2 0.809375 0.6843750000000001 0.715625 0.684375 0.7156250000000001 0.7953125000000001 0.809375 0.7953125000000002
2 0.7515625000000001 0.6937500000000001 0.6265625 0.69375 0.6265625000000001 0.8140625 0.7515625000000001 0.8140625
2 0.053125 0.004687500000000003 5.740531871003218e-19 0.0046875 5.740531871003218e-18 0.0890625 0.053125 0.0890625
2 0.115625 0.01406250000000001 0.0484375 0.014062500000000006 0.04843750000000001 0.09375000000000001 0.115625 0.09375000000000003
2 0.1875 0.004687500000000019 0.1078125 0.004687500000000014 0.1078125 0.08437500000000002 0.1875 0.08437500000000002
2 0.2671875 0.009375000000000027 0.1828125 0.009375000000000022 0.1828125 0.06718750000000002 0.2671875 0.06718750000000002
2 0.315625 0.014062500000000037 0.2671875 0.014062500000000033 0.2671875 0.05781250000000003 0.315625 0.057812500000000044
2 0.3953125 0.012500000000000044 0.325 0.012500000000000039 0.325 0.06250000000000004 0.3953125 0.06250000000000004
2 0.43125 0.014062500000000052 0.3953125 0.01406250000000005 0.3953125 0.08437500000000005 0.43125 0.08437500000000005
2 0.4984375 0.009375000000000057 0.421875 0.009375000000000053 0.421875 0.053125000000000054 0.4984375 0.05312500000000007
2 0.64375 0.09843750000000008 0.5421875 0.09843750000000007 0.5421875 0.2578125000000001 0.64375 0.2578125000000001
2 0.7515625 0.05468750000000009 0.653125 0.05468750000000009 0.653125 0.21875000000000008 0.7515625 0.21875000000000008
2 0.5875 0.03593750000000006 0.4453125 0.03593750000000005 0.4453125 0.15625000000000006 0.5875 0.15625000000000008
2 0.6578125 0.00937500000000007 0.4984375 0.00937500000000006 0.4984375 0.08906250000000007 0.6578125 0.08906250000000009
2 0.790625 0.014062500000000089 0.6578125 0.014062500000000084 0.6578125 0.0984375000000001 0.790625 0.0984375000000001
2 0.4578125 0.08906250000000006 0.3734375 0.08906250000000004 0.3734375 0.18281250000000004 0.4578125 0.18281250000000004
2 0.409375 0.09843750000000004 0.29375 0.09843750000000004 0.29375 0.16093750000000004 0.409375 0.16093750000000004
2 0.3921875 0.15156250000000004 0.28125 0.15156250000000004 0.28125 0.22187500000000004 0.3921875 0.2218750000000001
2 0.5015625 0.17343750000000005 0.3734375 0.17343750000000005 0.3734375 0.2890625000000001 0.5015625 0.2890625000000001
2 0.5609375 0.17343750000000008 0.471875 0.17343750000000005 0.471875 0.26250000000000007 0.5609375 0.26250000000000007
2 0.5109375 0.29375000000000007 0.3640625 0.29375000000000007 0.36406250000000007 0.3781250000000001 0.5109375 0.3781250000000001
2 0.640625 0.2390625000000001 0.515625 0.2390625000000001 0.515625 0.3468750000000001 0.640625 0.3468750000000001
2 0.5734375 0.69375 0.3859375000000001 0.69375 0.3859375000000001 0.8140625 0.5734375000000002 0.8140625
2 0.48437500000000017 0.8 0.3781250000000001 0.8 0.3781250000000001 0.8625 0.48437500000000017 0.8625
2 0.5640625000000001 0.8140625 0.45312500000000017 0.8140625 0.45312500000000017 0.9421875 0.5640625000000001 0.9421875
2 0.5062500000000002 0.8359375 0.3828125000000001 0.8359375 0.3828125000000001 0.959375 0.5062500000000002 0.959375
2 0.42187500000000017 0.83125 0.3203125000000001 0.83125 0.3203125000000001 0.946875 0.42187500000000017 0.946875
2 0.5421875 0.5375 0.43125 0.5375 0.43125 0.684375 0.5421875 0.684375
2 0.6453125 0.5421875 0.525 0.5421875 0.525 0.653125 0.6453125 0.653125
2 0.6671875 0.4484375 0.546875 0.4484375 0.546875 0.5828125 0.6671875 0.5828125
2 0.61875 0.3828125000000001 0.4984375 0.3828125000000001 0.4984375 0.471875 0.61875 0.471875
2 0.5953125 0.3921875000000001 0.4265625 0.3921875000000001 0.4265625 0.534375 0.5953125 0.534375
2 0.4 0.39531250000000007 0.2984375000000001 0.3953125 0.2984375000000001 0.5203125 0.4 0.5203125
2 0.3593750000000001 0.503125 0.2843750000000001 0.503125 0.2843750000000001 0.6140625 0.3593750000000001 0.6140625
2 0.4453125 0.5734375 0.3609375000000001 0.5734375 0.3609375000000001 0.6484375 0.4453125 0.6484375
2 0.3859375000000001 0.6171875 0.3156250000000001 0.6171875 0.3156250000000001 0.725 0.3859375000000001 0.725
2 0.29375 0.06718750000000004 0.178125 0.06718750000000002 0.178125 0.15156250000000002 0.29375 0.15156250000000004
2 0.284375 0.13750000000000004 0.1953125 0.13750000000000004 0.19531250000000003 0.23125 0.284375 0.23125
2 0.05781250000000001 0.075 0.004687500000000009 0.075 0.004687500000000016 0.1828125 0.057812500000000024 0.1828125
2 0.1734375 0.10625 0.05312500000000002 0.10625 0.05312500000000002 0.16875 0.1734375 0.16875
2 0.209375 0.15937500000000002 0.10625 0.159375 0.10625000000000002 0.2265625 0.209375 0.2265625
2 0.10625000000000002 0.1734375 0.057812500000000024 0.1734375 0.057812500000000024 0.2625 0.10625000000000004 0.2625
2 0.2046875 0.2265625 0.08437500000000002 0.2265625 0.08437500000000003 0.325 0.2046875 0.325
2 0.31093750000000003 0.2765625 0.12968750000000004 0.2765625 0.12968750000000004 0.4234375 0.3109375000000001 0.4234375
2 0.39531250000000007 0.23593750000000005 0.253125 0.2359375 0.25312500000000004 0.36875 0.39531250000000007 0.3687500000000001
2 0.23125000000000004 0.3515625 0.10625000000000004 0.3515625 0.10625000000000004 0.440625 0.2312500000000001 0.440625
2 0.3156250000000001 0.4265625 0.19062500000000004 0.4265625 0.19062500000000004 0.525 0.3156250000000001 0.525
2 0.19062500000000004 0.421875 0.11562500000000005 0.421875 0.11562500000000005 0.49375 0.19062500000000004 0.49375
2 0.14218750000000005 0.325 0.014062500000000039 0.325 0.01406250000000005 0.4796875 0.14218750000000005 0.4796875
2 0.08437500000000006 0.3953125 4.8411818778793805e-17 0.3953125 5.769234530358234e-17 0.546875 0.08437500000000006 0.546875
2 0.16093750000000007 0.471875 0.045312500000000054 0.471875 0.04531250000000006 0.5609375 0.1609375000000001 0.5609375
2 0.19218750000000007 0.5203125 0.050000000000000065 0.5203125 0.05000000000000008 0.6359375 0.1921875000000001 0.6359375
2 0.3031250000000001 0.5828125 0.1921875000000001 0.5828125 0.1921875000000001 0.7109375 0.3031250000000001 0.7109375
2 0.26250000000000007 0.525 0.15468750000000003 0.525 0.15468750000000006 0.590625 0.26250000000000007 0.590625
2 0.1859375000000001 0.5953125 0.057812500000000065 0.5953125 0.05781250000000008 0.7375 0.1859375000000001 0.7375
2 0.2796875000000001 0.728125 0.1781250000000001 0.728125 0.1781250000000001 0.8046875 0.2796875000000001 0.8046875
2 0.4046875000000001 0.7203125 0.26250000000000007 0.7203125 0.26250000000000007 0.840625 0.4046875000000002 0.840625
2 0.3375000000000001 0.809375 0.20468750000000008 0.809375 0.20468750000000008 0.90625 0.3375000000000001 0.90625
2 0.3468750000000001 0.8578125 0.2218750000000001 0.8578125 0.2218750000000001 0.9640625 0.3468750000000001 0.9640625
2 0.11093750000000009 0.81875 0.0312500000000001 0.81875 0.031250000000000104 0.8765625 0.11093750000000009 0.8765625
2 0.1640625000000001 0.83125 0.057812500000000114 0.83125 0.057812500000000114 0.9203125 0.16406250000000014 0.9203125
2 0.2578125000000001 0.7859375 0.1375000000000001 0.7859375 0.1375000000000001 0.89375 0.2578125000000001 0.89375
2 0.09843750000000011 0.8796875 1.0773064811249373e-16 0.8796875 1.1289712679639661e-16 0.9640625 0.09843750000000011 0.9640625
2 0.0578125000000001 0.7375 9.031770143711729e-17 0.7375 1.0017228114900615e-16 0.8984375 0.057812500000000114 0.8984375
2 0.2000000000000001 0.7421875 0.057812500000000086 0.7421875 0.0578125000000001 0.8359375 0.2000000000000001 0.8359375
2 0.057812500000000086 0.64375 7.883663769511086e-17 0.64375 8.486419615966424e-17 0.7421875 0.057812500000000086 0.7421875
2 0.05781250000000008 0.5421875 6.639881864127056e-17 0.5421875 7.290475476174086e-17 0.6484375 0.057812500000000086 0.6484375
2 0.08437500000000003 0.253125 3.099887210341738e-17 0.253125 3.97053454411056e-17 0.3953125 0.08437500000000005 0.3953125
2 0.07187500000000002 0.178125 2.181402110981223e-17 0.178125 2.6693473200164965e-17 0.2578125 0.07187500000000002 0.2578125
2 0.9203125 0.3390625000000001 0.7421875 0.3390625000000001 0.7421875 0.5031250000000002 0.9203125 0.5031250000000002