2 0.99375 0.3281250000000001 0.85625 0.3281250000000001 0.85625 0.875 0.99375 0.875
2 0.85625 0.1750000000000001 0.696875 0.1750000000000001 0.6968750000000001 0.8765625 0.85625 0.8765625
2 0.6968750000000001 0.18125000000000008 0.5640625 0.18125000000000008 0.5640625000000001 0.8703125 0.6968750000000001 0.8703125
2 0.5625000000000001 0.22656250000000008 0.4296875 0.22656250000000008 0.4296875000000001 0.8640625 0.5625000000000002 0.8640625
2 0.42656250000000007 0.17500000000000004 0.2953125 0.17500000000000004 0.29531250000000003 0.8640625 0.4265625000000002 0.8640625
2 0.29531250000000003 0.14062500000000003 0.140625 0.140625 0.14062500000000006 0.8703125 0.2953125000000001 0.8703125
2 0.13750000000000007 0.2265625 0.003125000000000028 0.2265625 0.003125000000000066 0.853125 0.1375000000000001 0.853125
3 0.9578125 0.25468750000000007 0.8875 0.25468750000000007 0.8875 0.31718750000000007 0.9578125 0.31718750000000007
3 0.80625 0.10156250000000008 0.74375 0.10156250000000008 0.74375 0.16406250000000008 0.80625 0.16406250000000008
3 0.528125 0.19843750000000004 0.46875 0.19843750000000004 0.46875 0.22031250000000008 0.528125 0.22031250000000008
3 0.3953125 0.14687500000000003 0.3390625 0.14687500000000003 0.3390625 0.17500000000000004 0.3953125 0.17500000000000004
3 0.246875 0.10781250000000005 0.1828125 0.10781250000000005 0.1828125 0.13593750000000004 0.246875 0.13593750000000004