2 0.9828125 0.5593750000000002 0.803125 0.5593750000000002 0.803125 0.98125 0.9828125 0.98125
2 0.7765625 0.5593750000000001 0.6078125 0.559375 0.6078125000000001 0.9765625 0.7765625000000002 0.9765625
2 0.5765625000000001 0.559375 0.4015625 0.559375 0.4015625000000001 0.98125 0.5765625000000002 0.98125
2 0.978125 0.0515625000000001 0.8078125 0.05156250000000009 0.8078125 0.4781250000000002 0.978125 0.4781250000000002
2 0.78125 0.05625000000000008 0.5984375 0.056250000000000064 0.5984375 0.4781250000000001 0.78125 0.4781250000000002
2 0.5765625 0.05625000000000006 0.4015625 0.05625000000000004 0.4015625 0.478125 0.5765625 0.478125
2 0.37968750000000007 0.05156250000000003 0.2 0.051562500000000025 0.20000000000000004 0.478125 0.37968750000000007 0.478125
2 0.37968750000000007 0.559375 0.2000000000000001 0.559375 0.2000000000000001 0.98125 0.37968750000000007 0.98125
2 0.1875000000000001 0.559375 0.009375000000000069 0.559375 0.009375000000000095 0.98125 0.18750000000000014 0.98125
2 0.18281250000000002 0.05625000000000001 0.009375000000000005 0.05625 0.009375000000000033 0.478125 0.18281250000000004 0.478125
5 0.928125 0.5046875000000002 0.853125 0.5046875000000002 0.853125 0.5593750000000002 0.928125 0.5593750000000002
5 0.9375 1.0935713214261129e-16 0.8484375 1.0390362686515824e-16 0.8484375 0.050000000000000114 0.9375 0.050000000000000114
5 0.7328125 8.448149403493069e-17 0.646875 7.921933981984441e-17 0.646875 0.05937500000000009 0.7328125 0.05937500000000009
5 0.7328125 0.5000000000000001 0.646875 0.5 0.646875 0.5546875000000001 0.7328125 0.5546875000000002
5 0.53125 0.5 0.446875 0.5 0.446875 0.5640625 0.53125 0.5640625
5 0.3343750000000001 0.5046875 0.25468750000000007 0.5046875 0.25468750000000007 0.5546875 0.3343750000000001 0.5546875
5 0.13906250000000006 0.509375 0.057812500000000065 0.509375 0.057812500000000065 0.56875 0.1390625000000001 0.56875
5 0.1390625 0.004687500000000012 0.053125 0.004687500000000007 0.053125 0.05937500000000001 0.1390625 0.059375000000000025
5 0.334375 0.004687500000000036 0.25 0.00468750000000003 0.25 0.054687500000000035 0.334375 0.05468750000000004