2 0.996875 0.9078125 0.884375 0.9078125 0.884375 0.9953125 0.996875 0.9953125
2 0.9390625 0.7812500000000002 0.8296875 0.7812500000000002 0.8296875 0.896875 0.9390625 0.896875
2 0.996875 0.7375000000000002 0.909375 0.7375000000000002 0.909375 0.853125 0.996875 0.853125
2 0.8046875 0.846875 0.6593750000000002 0.846875 0.6593750000000002 0.9953125 0.8046875 0.9953125
2 0.6875000000000002 0.9125 0.6109375000000001 0.9125 0.6109375000000001 0.9953125 0.6875000000000002 0.9953125
2 0.6546875000000002 0.7765625 0.5093750000000001 0.7765625 0.5093750000000001 0.896875 0.6546875000000002 0.896875
2 0.553125 0.33281250000000007 0.425 0.33281250000000007 0.425 0.5796875 0.553125 0.5796875
2 0.75 0.19687500000000008 0.6484375 0.19687500000000008 0.6484375 0.31718750000000007 0.75 0.31718750000000007
2 0.88125 0.20312500000000008 0.771875 0.20312500000000008 0.771875 0.30156250000000007 0.88125 0.30156250000000007
2 0.996875 0.2578125000000001 0.865625 0.2578125000000001 0.865625 0.43281250000000016 0.996875 0.43281250000000016
2 0.621875 0.12656250000000008 0.3921875 0.12656250000000005 0.3921875 0.30156250000000007 0.621875 0.30156250000000007
2 0.6734375 0.1750000000000001 0.553125 0.1750000000000001 0.553125 0.3109375000000001 0.6734375 0.3109375000000001
2 0.4515625 0.17500000000000004 0.2953125 0.17500000000000004 0.2953125 0.3609375 0.4515625 0.3609375000000001
2 0.36406250000000007 0.19687500000000005 0.2140625 0.19687500000000005 0.21406250000000004 0.4203125 0.36406250000000007 0.4203125
2 0.26250000000000007 0.2515625 0.09531250000000002 0.2515625 0.09531250000000005 0.5296875 0.26250000000000007 0.5296875
2 0.5125000000000001 0.4375 0.2468750000000001 0.4375 0.2468750000000001 0.7265625 0.5125000000000002 0.7265625
2 0.7046875 0.415625 0.4328125 0.415625 0.4328125 0.6390625 0.7046875 0.6390625
2 0.8953125 0.3500000000000001 0.571875 0.3500000000000001 0.571875 0.5796875000000001 0.8953125 0.5796875000000001
2 0.996875 0.5687500000000002 0.7421875 0.5687500000000002 0.7421875000000001 0.7875000000000002 0.996875 0.7875000000000002
2 0.996875 0.4046875000000002 0.8515625 0.4046875000000002 0.8515625 0.5953125000000001 0.996875 0.5953125000000001
2 0.778125 0.2671875000000001 0.5265625 0.2671875000000001 0.5265625 0.4375000000000001 0.778125 0.43750000000000017
2 0.8296875 0.2578125000000001 0.603125 0.2578125000000001 0.603125 0.4328125000000001 0.8296875 0.43281250000000016
2 0.646875 0.459375 0.465625 0.459375 0.465625 0.678125 0.646875 0.678125
2 0.7812500000000001 0.6562500000000001 0.534375 0.65625 0.534375 0.9015625 0.7812500000000002 0.9015625
2 0.996875 0.5906250000000002 0.753125 0.5906250000000002 0.753125 0.890625 0.996875 0.890625
2 0.5421875 0.65 0.3046875000000001 0.65 0.3046875000000001 0.875 0.5421875000000002 0.875
2 0.3343750000000001 0.6828125 0.1453125000000001 0.6828125 0.1453125000000001 0.8859375 0.3343750000000001 0.8859375
2 0.21875000000000008 0.7765625 0.1062500000000001 0.7765625 0.10625000000000011 0.9296875 0.21875000000000008 0.9296875
2 0.2953125000000001 0.9015625 0.22656250000000008 0.9015625 0.22656250000000008 0.9953125 0.2953125000000001 0.9953125
2 0.2578125000000001 0.6171875 0.02968750000000008 0.6171875 0.02968750000000009 0.8578125 0.2578125000000001 0.8578125
2 0.2953125000000001 0.453125 0.046875000000000056 0.453125 0.04687500000000007 0.715625 0.2953125000000001 0.715625
2 0.12031250000000007 0.409375 5.013397834009477e-17 0.409375 6.754692501547121e-17 0.69375 0.12031250000000009 0.69375
2 0.29531250000000003 0.15781250000000002 0.018750000000000017 0.1578125 0.018750000000000037 0.503125 0.2953125000000001 0.503125