2 0.9 0.5234375000000001 0.7125 0.5234375 0.7125000000000001 0.809375 0.9 0.809375
2 0.715625 0.21250000000000008 0.4046875 0.21250000000000008 0.4046875 0.6515625 0.715625 0.6515625
2 0.6562500000000001 0.69375 0.515625 0.69375 0.5156250000000001 0.8359375 0.6562500000000002 0.8359375
2 0.36406250000000007 0.41875 0.15625000000000006 0.41875 0.15625000000000006 0.69375 0.36406250000000007 0.69375
2 0.4593750000000001 0.6984375 0.3203125000000001 0.6984375 0.3203125000000001 0.840625 0.4593750000000002 0.840625
2 0.2406250000000001 0.6140625 0.07968750000000006 0.6140625 0.07968750000000009 0.825 0.2406250000000001 0.825
5 0.9 0.4390625000000001 0.7125 0.4390625 0.7125 0.5765625000000001 0.9 0.5765625000000002
5 0.6890625 0.10000000000000006 0.4328125 0.10000000000000005 0.4328125 0.2484375000000001 0.6890625 0.2484375000000001
5 0.65625 0.5984375 0.5078125 0.5984375 0.5078125 0.7203125 0.65625 0.7203125
5 0.4609375000000001 0.6078125 0.31718750000000007 0.6078125 0.31718750000000007 0.7359375 0.46093750000000017 0.7359375
5 0.35937500000000006 0.3125 0.14843750000000006 0.3125 0.14843750000000006 0.4609375 0.3593750000000001 0.4609375
5 0.23593750000000008 0.5234375 0.08437500000000006 0.5234375 0.08437500000000007 0.6453125 0.23593750000000008 0.6453125