2 0.7921875 0.2609375000000001 0.6640625 0.2609375000000001 0.6640625000000001 0.9625 0.7921875000000002 0.9625
2 0.6671875 0.2390625000000001 0.5671875 0.2390625000000001 0.5671875000000001 0.896875 0.6671875000000002 0.896875
2 0.5796875000000001 0.2718750000000001 0.4515625 0.2718750000000001 0.4515625000000001 0.9671875 0.5796875000000001 0.9671875
2 0.4906250000000001 0.3046875000000001 0.4359375 0.3046875000000001 0.4359375000000001 0.8375 0.4906250000000002 0.8375
2 0.4437500000000001 0.23906250000000004 0.3328125 0.2390625 0.33281250000000007 0.896875 0.4437500000000002 0.896875
2 0.36250000000000004 0.2234375 0.2234375 0.2234375 0.22343750000000004 0.9671875 0.3625000000000001 0.9671875
3 0.7578125 0.2453125000000001 0.7 0.2453125000000001 0.7 0.27812500000000007 0.7578125 0.27812500000000007
3 0.634375 0.2171875000000001 0.5828125 0.2171875000000001 0.5828125 0.2453125000000001 0.634375 0.2453125000000001
3 0.5390625 0.24375000000000008 0.4875 0.24375000000000008 0.4875 0.2828125000000001 0.5390625 0.2828125000000001
3 0.4875 0.2765625000000001 0.45 0.2765625000000001 0.45 0.3046875000000001 0.4875 0.3046875000000001
3 0.396875 0.21250000000000005 0.3453125 0.2125 0.3453125 0.24531250000000004 0.396875 0.2453125000000001
3 0.3109375 0.2015625 0.253125 0.2015625 0.253125 0.2234375 0.3109375 0.2234375