2 0.2 0.021875000000000012 0.03125 0.021875000000000006 0.03125000000000001 0.11093750000000002 0.2 0.11093750000000005
2 0.5203125 0.057812500000000044 0.2625 0.057812500000000024 0.2625 0.21406250000000004 0.5203125 0.2140625000000001
2 0.6625 0.06250000000000008 0.5734375 0.06250000000000007 0.5734375 0.1515625000000001 0.6625 0.1515625000000001
2 0.9015625 0.0218750000000001 0.7203125 0.02187500000000009 0.7203125 0.17343750000000008 0.9015625 0.17343750000000008
2 0.9640625 0.1953125000000001 0.7953125 0.19531250000000008 0.7953125 0.3468750000000001 0.9640625 0.3468750000000001
2 0.9515625 0.3921875000000001 0.809375 0.3921875000000001 0.809375 0.4812500000000002 0.9515625 0.4812500000000002
2 0.946875 0.5421875000000002 0.8671875 0.5421875000000002 0.8671875 0.6437500000000002 0.946875 0.6437500000000002
2 0.746875 0.4000000000000001 0.5375 0.4 0.5375 0.4531250000000001 0.746875 0.45312500000000017
2 0.734375 0.2218750000000001 0.6234375 0.2218750000000001 0.6234375 0.3468750000000001 0.734375 0.3468750000000001
2 0.5296875 0.24062500000000003 0.3109375 0.240625 0.31093750000000003 0.39062500000000006 0.5296875 0.3906250000000001
2 0.2453125 0.2140625 0.050000000000000024 0.2140625 0.05000000000000003 0.284375 0.2453125 0.284375
2 0.24062500000000003 0.325 0.04843750000000004 0.325 0.04843750000000005 0.4796875 0.2406250000000001 0.4796875
2 0.4 0.4765625 0.18281250000000004 0.4765625 0.18281250000000007 0.5875 0.4 0.5875
2 0.4984375 0.41875 0.32500000000000007 0.41875 0.32500000000000007 0.55625 0.4984375 0.55625
2 0.20468750000000008 0.5296875 0.06250000000000007 0.5296875 0.06250000000000008 0.684375 0.20468750000000008 0.684375
2 0.4718750000000001 0.6390625 0.3031250000000001 0.6390625 0.3031250000000001 0.746875 0.47187500000000016 0.746875
2 0.609375 0.6703125 0.5015625 0.6703125 0.5015625 0.7203125 0.609375 0.7203125
2 0.6046875 0.5859375 0.5203125 0.5859375 0.5203125 0.6578125 0.6046875 0.6578125
2 0.621875 0.5296875 0.6 0.5296875 0.6 0.565625 0.621875 0.565625
2 0.6703125 0.5640625 0.6578125 0.5640625 0.6578125 0.5828125 0.6703125 0.5828125
2 0.75625 0.5250000000000001 0.703125 0.525 0.703125 0.6312500000000001 0.75625 0.6312500000000002
2 0.790625 0.6000000000000002 0.7734375 0.6000000000000002 0.7734375 0.6312500000000002 0.790625 0.6312500000000002
2 0.821875 0.6093750000000002 0.8 0.6093750000000002 0.8 0.6484375000000002 0.821875 0.6484375000000002
2 0.9515625 0.7031250000000002 0.89375 0.7031250000000002 0.89375 0.8671875 0.9515625 0.8671875
2 0.9734375 0.9203125 0.884375 0.9203125 0.884375 0.9640625 0.9734375 0.9640625
2 0.840625 0.8578125 0.7953125000000002 0.8578125 0.7953125000000002 0.9515625 0.840625 0.9515625
2 0.853125 0.7468750000000002 0.7609375000000002 0.7468750000000002 0.7609375000000002 0.8703125 0.853125 0.8703125
2 0.8453125 0.6890625000000001 0.7375 0.6890625000000001 0.7375 0.7328125000000002 0.8453125 0.7328125000000002
2 0.7375 0.6625000000000001 0.69375 0.6625 0.69375 0.7250000000000001 0.7375 0.7250000000000002
2 0.7515625000000001 0.7609375000000002 0.7328125000000002 0.7609375000000002 0.7328125000000002 0.7828125000000001 0.7515625000000001 0.7828125000000001
2 0.7468750000000002 0.7828125000000001 0.7156250000000002 0.7828125 0.7156250000000002 0.8359375 0.7468750000000002 0.8359375
2 0.6937500000000002 0.7515625 0.6796875000000002 0.7515625 0.6796875000000002 0.76875 0.6937500000000002 0.76875
2 0.6671875 0.69375 0.640625 0.69375 0.640625 0.7203125 0.6671875 0.7203125
2 0.6796875 0.671875 0.653125 0.671875 0.653125 0.6765625 0.6796875 0.6765625
2 0.6265625000000001 0.7296875 0.5781250000000002 0.7296875 0.5781250000000002 0.75625 0.6265625000000001 0.75625
2 0.6671875000000002 0.7828125 0.6531250000000002 0.7828125 0.6531250000000002 0.7953125 0.6671875000000002 0.7953125
2 0.7031250000000002 0.7734375 0.5656250000000002 0.7734375 0.5656250000000002 0.8578125 0.7031250000000002 0.8578125
2 0.7421875000000002 0.8578125 0.6984375000000002 0.8578125 0.6984375000000002 0.9734375 0.7421875000000002 0.9734375
2 0.6312500000000002 0.89375 0.5281250000000002 0.89375 0.5281250000000002 0.959375 0.6312500000000002 0.959375
2 0.5593750000000002 0.83125 0.5156250000000002 0.83125 0.5156250000000002 0.8796875 0.5593750000000002 0.8796875
2 0.5421875000000002 0.7296875 0.41718750000000016 0.7296875 0.41718750000000016 0.809375 0.5421875000000002 0.809375
2 0.5250000000000001 0.8765625 0.45312500000000017 0.8765625 0.45312500000000017 0.9609375 0.5250000000000001 0.9609375
2 0.3687500000000001 0.7515625 0.22656250000000008 0.7515625 0.22656250000000008 0.8796875 0.3687500000000001 0.8796875
2 0.2140625000000001 0.715625 0.03593750000000009 0.715625 0.035937500000000094 0.84375 0.2140625000000001 0.84375
2 0.2890625000000001 0.8671875 0.14218750000000008 0.8671875 0.1421875000000001 0.9828125 0.2890625000000001 0.9828125