2 0.6156250000000001 0.018750000000000062 0.375 0.018750000000000044 0.37500000000000006 0.9765625 0.6156250000000002 0.9765625
2 0.6687500000000001 0.17968750000000008 0.5609375 0.17968750000000008 0.5609375000000001 0.8015625 0.6687500000000002 0.8015625
2 0.7890625000000001 0.22656250000000008 0.659375 0.22656250000000008 0.659375 0.7656250000000001 0.7890625000000002 0.7656250000000002
2 0.81875 0.2484375000000001 0.7546875 0.2484375000000001 0.7546875 0.7234375000000002 0.81875 0.7234375000000002
2 0.9015625 0.2953125000000001 0.8109375 0.2953125000000001 0.8109375 0.7093750000000002 0.9015625 0.7093750000000002
2 0.9265625 0.34062500000000007 0.8703125 0.34062500000000007 0.8703125 0.6734375000000001 0.9265625 0.6734375000000001
2 0.990625 0.3828125000000001 0.93125 0.3828125000000001 0.93125 0.6406250000000002 0.990625 0.6406250000000002
2 0.3921875 0.14687500000000003 0.2421875 0.14687500000000003 0.24218750000000006 0.825 0.3921875000000001 0.825
2 0.29375000000000007 0.203125 0.18593750000000003 0.203125 0.18593750000000006 0.7875 0.29375000000000007 0.7875
2 0.19843750000000007 0.253125 0.09531250000000002 0.253125 0.09531250000000005 0.7234375 0.1984375000000001 0.7234375
2 0.14218750000000008 0.290625 0.07343750000000004 0.290625 0.07343750000000007 0.709375 0.14218750000000008 0.709375
2 0.07812500000000007 0.3421875 4.190588265832349e-17 0.3421875 6.276314845630185e-17 0.6828125 0.07812500000000008 0.6828125
3 0.75 0.2078125000000001 0.6890625 0.2078125000000001 0.6890625 0.2296875000000001 0.75 0.2296875000000001
3 0.784375 0.23593750000000008 0.75 0.23593750000000008 0.75 0.2453125000000001 0.784375 0.2453125000000001
3 0.8625 0.2765625000000001 0.8234375 0.2765625000000001 0.8234375 0.3000000000000001 0.8625 0.3000000000000001
3 0.8921875 0.3187500000000001 0.8703125 0.3187500000000001 0.8703125 0.3375000000000001 0.8921875 0.3375000000000001
3 0.965625 0.36406250000000007 0.9359375 0.36406250000000007 0.9359375 0.3781250000000001 0.965625 0.3781250000000001
3 0.6171875 0.1609375000000001 0.5609375 0.1609375000000001 0.5609375 0.1750000000000001 0.6171875 0.1750000000000001
3 0.546875 6.09453133638175e-17 0.4484375 5.4917754899264124e-17 0.4484375 0.02812500000000006 0.546875 0.028125000000000067
3 0.3578125 0.12031250000000004 0.2890625 0.12031250000000004 0.2890625 0.14218750000000005 0.3578125 0.14218750000000005
3 0.2890625 0.17500000000000004 0.228125 0.17500000000000004 0.228125 0.19843750000000004 0.2890625 0.19843750000000004
3 0.18125000000000005 0.2359375 0.12500000000000006 0.2359375 0.12500000000000006 0.2546875 0.18125000000000005 0.2546875
3 0.12968750000000004 0.2765625 0.09843750000000004 0.2765625 0.09843750000000004 0.290625 0.12968750000000004 0.290625
3 0.05625000000000004 0.3234375 0.025000000000000043 0.3234375 0.025000000000000043 0.3328125 0.05625000000000004 0.3328125