2 0.75625 0.11562500000000009 0.5453125 0.11562500000000009 0.5453125 0.6390625000000001 0.75625 0.6390625000000002
2 0.4046875 0.6171875 0.3500000000000001 0.6171875 0.3500000000000001 0.671875 0.4046875 0.671875
2 0.2328125000000001 0.74375 0.1671875000000001 0.74375 0.1671875000000001 0.7765625 0.2328125000000001 0.7765625
2 0.484375 0.20312500000000006 0.14218750000000005 0.203125 0.14218750000000008 0.640625 0.484375 0.640625
2 0.6187500000000001 0.634375 0.4625 0.634375 0.4625000000000001 0.7265625 0.6187500000000001 0.7265625
2 0.4765625 0.6609375 0.421875 0.6609375 0.421875 0.7046875 0.4765625 0.7046875
2 0.5703125000000002 0.8859375 0.5093750000000001 0.8859375 0.5093750000000001 0.9515625 0.5703125000000002 0.9515625
2 0.4515625000000002 0.890625 0.4187500000000002 0.890625 0.4187500000000002 0.9234375 0.4515625000000002 0.9234375
2 0.4359375000000001 0.715625 0.3781250000000001 0.715625 0.3781250000000001 0.8140625 0.4359375000000002 0.8140625
2 0.3125000000000001 0.8859375 0.2875000000000001 0.8859375 0.2875000000000001 0.9078125 0.3125000000000001 0.9078125
2 0.42187500000000017 0.8421875 0.3859375000000001 0.8421875 0.3859375000000001 0.86875 0.42187500000000017 0.86875