2 0.784375 0.14218750000000008 0.56875 0.14218750000000008 0.56875 0.46562500000000007 0.784375 0.4656250000000002
2 0.89375 0.42968750000000017 0.734375 0.42968750000000017 0.7343750000000001 0.7328125000000002 0.89375 0.7328125000000002
2 0.7500000000000001 0.49687500000000007 0.6625 0.496875 0.6625000000000001 0.821875 0.7500000000000002 0.821875
2 0.678125 0.35625000000000007 0.534375 0.35625000000000007 0.534375 0.596875 0.678125 0.596875
2 0.6140625000000001 0.6078125 0.4921875 0.6078125 0.4921875000000001 0.8015625 0.6140625000000002 0.8015625
2 0.5296875 0.45625 0.4203125 0.45625 0.4203125 0.6125 0.5296875 0.6125
2 0.5640625 0.14218750000000008 0.3984375 0.14218750000000005 0.39843750000000006 0.3828125000000001 0.5640625 0.3828125000000001
2 0.4734375 0.10000000000000005 0.2765625 0.10000000000000005 0.2765625 0.24062500000000003 0.4734375 0.2406250000000001
2 0.38281250000000006 0.2515625 0.16250000000000003 0.2515625 0.16250000000000003 0.4234375 0.3828125000000001 0.4234375
2 0.2578125000000001 0.434375 0.11718750000000004 0.434375 0.11718750000000007 0.565625 0.2578125000000001 0.565625
2 0.3937500000000001 0.403125 0.2656250000000001 0.403125 0.2656250000000001 0.6125 0.3937500000000001 0.6125
2 0.26250000000000007 0.58125 0.1828125000000001 0.58125 0.1828125000000001 0.70625 0.26250000000000007 0.70625
2 0.4515625000000001 0.6234375 0.2687500000000001 0.6234375 0.2687500000000001 0.7796875 0.4515625000000002 0.7796875