2 0.9875 0.3453125000000001 0.73125 0.3453125000000001 0.7312500000000001 0.971875 0.9875 0.971875
2 0.7921875 0.2906250000000001 0.584375 0.2906250000000001 0.5843750000000001 0.8640625 0.7921875000000002 0.8640625
2 0.6250000000000001 0.3343750000000001 0.384375 0.3343750000000001 0.384375 0.946875 0.6250000000000002 0.946875
2 0.6 0.2578125000000001 0.3875 0.2578125000000001 0.38750000000000007 0.3984375000000001 0.6 0.3984375000000001
2 0.4046875000000001 0.29218750000000004 0.2 0.2921875 0.20000000000000004 0.875 0.4046875000000002 0.875
2 0.26093750000000004 0.3546875 0.007812500000000045 0.3546875 0.007812500000000083 0.9859375 0.2609375000000001 0.9859375
5 0.559375 0.07812500000000006 0.453125 0.07812500000000004 0.453125 0.26250000000000007 0.559375 0.26250000000000007
5 0.734375 0.057812500000000086 0.640625 0.057812500000000086 0.640625 0.21875000000000008 0.734375 0.21875000000000008
5 0.9109375 0.0921875000000001 0.8 0.09218750000000009 0.8 0.2671875000000001 0.9109375 0.2671875000000001
5 0.5390625 0.02031250000000006 0.4484375 0.020312500000000056 0.4484375 0.15156250000000004 0.5390625 0.15156250000000004
5 0.346875 0.05312500000000003 0.2578125 0.05312500000000002 0.2578125 0.2234375 0.346875 0.2234375
5 0.17968750000000003 0.1171875 0.07343750000000002 0.1171875 0.07343750000000003 0.28125 0.17968750000000006 0.28125