2 0.946875 0.2406250000000001 0.734375 0.2406250000000001 0.7343750000000001 0.9125 0.946875 0.9125
2 0.7109375000000001 0.3593750000000001 0.5359375 0.3593750000000001 0.5359375000000001 0.90625 0.7109375000000002 0.90625
2 0.5140625000000001 0.4484375 0.3687500000000001 0.4484375 0.3687500000000001 0.9015625 0.5140625000000002 0.9015625
2 0.3453125000000001 0.521875 0.23593750000000008 0.521875 0.23593750000000008 0.896875 0.3453125000000001 0.896875
2 0.21250000000000008 0.615625 0.1296875000000001 0.615625 0.1296875000000001 0.896875 0.21250000000000008 0.896875
2 0.1062500000000001 0.6515625 0.04218750000000008 0.6515625 0.04218750000000009 0.890625 0.1062500000000001 0.890625
5 0.9046875 0.03593750000000011 0.7953125 0.0359375000000001 0.7953125 0.2453125000000001 0.9046875 0.2453125000000001
5 0.6765625 0.15625000000000008 0.5703125 0.15625000000000008 0.5703125 0.3546875000000001 0.6765625 0.3546875000000001
5 0.49375 0.2453125000000001 0.3921875 0.2453125000000001 0.3921875 0.453125 0.49375 0.453125
5 0.33437500000000003 0.31875 0.2390625 0.31875 0.23906250000000004 0.521875 0.3343750000000001 0.521875
5 0.2171875000000001 0.421875 0.12500000000000006 0.421875 0.12500000000000006 0.6203125 0.2171875000000001 0.6203125
5 0.10625000000000007 0.5 0.034375000000000065 0.5 0.03437500000000007 0.6453125 0.1062500000000001 0.6453125