2 0.99375 6.084963783263412e-17 0 0 5.711829211648202e-17 0.9328125 0.99375 0.9328125
2 0.9953125 0.6000000000000001 0.684375 0.6 0.6843750000000001 0.8140625 0.9953125 0.8140625
2 0.9890625 0.7968750000000001 0.7000000000000002 0.796875 0.7000000000000002 0.9265625 0.9890625 0.9265625
2 0.9953125 0.80625 0.8375 0.80625 0.8375 0.940625 0.9953125 0.940625
2 0.7796875000000002 0.8109375 0.6500000000000001 0.8109375 0.6500000000000001 0.9375 0.7796875000000002 0.9375
2 0.6609375000000002 0.8078125 0.3734375000000001 0.8078125 0.3734375000000001 0.9296875 0.6609375000000002 0.9296875
2 0.6890625000000001 0.7765625 0.46875000000000017 0.7765625 0.46875000000000017 0.8359375 0.6890625000000001 0.8359375
2 0.6781250000000002 0.7515625 0.5031250000000002 0.7515625 0.5031250000000002 0.79375 0.6781250000000002 0.79375
2 0.7406250000000001 0.690625 0.509375 0.690625 0.5093750000000001 0.7718750000000001 0.7406250000000002 0.7718750000000002
2 0.9953125 0.2921875000000001 0.803125 0.2921875000000001 0.803125 0.6218750000000002 0.9953125 0.6218750000000002
2 0.99375 0.2843750000000001 0.915625 0.2843750000000001 0.915625 0.3609375000000001 0.99375 0.3609375000000001
2 0.9953125 0.18593750000000012 0.71875 0.1859375000000001 0.71875 0.3296875000000001 0.9953125 0.3296875000000001
2 0.9953125 0.09843750000000011 0.865625 0.09843750000000011 0.865625 0.1968750000000001 0.9953125 0.19687500000000013
2 0.8203125 0.23906250000000004 0.334375 0.2390625 0.33437500000000003 0.6000000000000001 0.8203125 0.6000000000000002
2 0.8140625 0.4921875000000001 0.2765625000000001 0.4921875 0.2765625000000001 0.7625000000000001 0.8140625 0.7625000000000002
2 0.3156250000000001 0.6 0.1468750000000001 0.6 0.1468750000000001 0.74375 0.3156250000000001 0.74375
2 0.3390625000000001 0.75 0.1531250000000001 0.75 0.1531250000000001 0.8703125 0.3390625000000001 0.8703125
2 0.10781250000000012 0.88125 0.017187500000000105 0.88125 0.01718750000000011 0.9265625 0.10781250000000013 0.9265625
2 0.18750000000000008 0.7484375 0.023437500000000094 0.7484375 0.023437500000000104 0.90625 0.18750000000000008 0.90625
2 0.12500000000000008 0.65625 8.036744619404505e-17 0.65625 8.763878656398246e-17 0.775 0.12500000000000008 0.775
2 0.10781250000000009 0.6 7.347880794884119e-17 0.6 7.864528663274409e-17 0.684375 0.10781250000000009 0.684375
2 0.3000000000000001 0.54375 0.05156250000000007 0.54375 0.05156250000000008 0.7015625 0.3000000000000001 0.7015625
2 0.4640625 0.19062500000000002 0.05625000000000002 0.190625 0.05625000000000004 0.5625 0.4640625 0.5625
2 0.65625 0.12968750000000007 0.334375 0.12968750000000004 0.334375 0.34062500000000007 0.65625 0.34062500000000007
2 0.8484375 0.04843750000000008 0.4984375 0.04843750000000006 0.4984375 0.24218750000000008 0.8484375 0.24218750000000008
2 0.9609375 1.0524308430172568e-16 0.7578125 9.280526524788537e-17 0.7578125 0.1515625000000001 0.9609375 0.15156250000000013
2 0.825 6.850368032730508e-17 0.29375 3.59739997249535e-17 0.29375 0.13750000000000007 0.825 0.1375000000000001
2 0.4171875 3.243400507116818e-17 0.1125 1.3777276490407724e-17 0.11250000000000002 0.18906250000000002 0.4171875 0.18906250000000005
2 0.2875 0.03750000000000002 4.592425496802574e-18 0.0375 1.731727114419304e-17 0.2453125 0.2875 0.2453125