2 0.38593750000000004 2.3631856202296583e-17 0 0 2.6023744481881253e-17 0.425 0.3859375000000001 0.425
2 0.2859375 0.07812500000000003 0.1140625 0.07812500000000003 0.11406250000000002 0.3265625 0.2859375 0.3265625
2 0.340625 0.2328125 0.2796875 0.2328125 0.2796875 0.3109375 0.340625 0.3109375
2 0.428125 0.18125000000000005 0.271875 0.18125000000000005 0.27187500000000003 0.409375 0.428125 0.409375
2 0.37812500000000004 0.32656250000000003 0.2171875 0.3265625 0.21718750000000003 0.4296875 0.3781250000000001 0.4296875
2 0.24062500000000003 0.353125 0.13750000000000004 0.353125 0.13750000000000004 0.4515625 0.2406250000000001 0.4515625
2 0.3546875000000001 0.409375 0.15625000000000006 0.409375 0.15625000000000006 0.5484375 0.3546875000000001 0.5484375
2 0.1531250000000001 0.55 6.735557395310443e-17 0.55 7.998474406931151e-17 0.75625 0.1531250000000001 0.75625
2 0.3437500000000001 0.471875 5.778802083476573e-17 0.471875 8.342906319191344e-17 0.890625 0.3437500000000001 0.890625
2 0.6140625000000001 0.559375 0.2671875000000001 0.559375 0.2671875000000001 0.8703125 0.6140625000000002 0.8703125
2 0.6484375000000001 0.6328125 0.30156250000000007 0.6328125 0.30156250000000007 0.8296875 0.6484375000000002 0.8296875
2 0.8171875 0.5750000000000001 0.5953125 0.575 0.5953125 0.7046875000000001 0.8171875 0.7046875000000001
2 0.840625 0.5703125000000002 0.80625 0.5703125000000002 0.80625 0.6265625000000001 0.840625 0.6265625000000001
2 0.9703125 0.4453125000000001 0.6765625 0.4453125 0.6765625 0.5593750000000001 0.9703125 0.5593750000000002
2 0.709375 0.5234375 0.5921875 0.5234375 0.5921875 0.5703125 0.709375 0.5703125
2 0.653125 0.4609375 0.5875 0.4609375 0.5875 0.55 0.653125 0.55
2 0.6765625 0.415625 0.6234375 0.415625 0.6234375 0.4984375 0.6765625 0.4984375
2 0.6609375 0.3734375000000001 0.4359375 0.3734375000000001 0.4359375 0.5546875 0.6609375 0.5546875
2 0.5234375 0.3578125000000001 0.4359375 0.3578125000000001 0.4359375 0.4296875 0.5234375 0.4296875
2 0.571875 0.3468750000000001 0.534375 0.3468750000000001 0.534375 0.4046875 0.571875 0.4046875
2 0.4359375 0.415625 0.3671875000000001 0.415625 0.3671875000000001 0.4984375 0.4359375 0.4984375
2 0.496875 0.4296875 0.428125 0.4296875 0.428125 0.4921875 0.496875 0.4921875