2 0.7593750000000001 0.6218750000000001 0.4890625 0.621875 0.48906250000000007 0.9953125 0.7593750000000001 0.9953125
2 0.934375 0.1421875000000001 0.6765625 0.14218750000000008 0.6765625 0.4984375000000001 0.934375 0.4984375000000002
2 0.503125 0.15156250000000004 0.240625 0.15156250000000004 0.24062500000000003 0.5015625 0.503125 0.5015625
2 0.30156250000000007 0.6484375 0.03593750000000008 0.6484375 0.0359375000000001 0.9828125 0.30156250000000007 0.9828125
3 0.759375 0.48906250000000007 0.4890625 0.4890625 0.4890625 0.6625000000000001 0.759375 0.6625000000000002
3 0.946875 9.931120136835567e-17 0.675 8.266365894244634e-17 0.675 0.16875000000000012 0.946875 0.16875000000000012
3 0.50625 0.014062500000000044 0.240625 0.014062500000000028 0.240625 0.17812500000000003 0.50625 0.17812500000000003
3 0.2984375000000001 0.4890625 0.03593750000000005 0.4890625 0.03593750000000007 0.6671875 0.2984375000000001 0.6671875
0 0.2984375 0.17812500000000003 0.253125 0.17812500000000003 0.253125 0.2265625 0.2984375 0.2265625
0 0.3421875 0.2140625 0.29375 0.2140625 0.29375 0.240625 0.3421875 0.240625
0 0.3859375 0.21406250000000004 0.346875 0.2140625 0.346875 0.2671875 0.3859375 0.2671875000000001
0 0.4 0.18281250000000004 0.3515625 0.18281250000000004 0.3515625 0.22187500000000004 0.4 0.2218750000000001
0 0.45 0.2218750000000001 0.3875 0.2218750000000001 0.3875 0.2578125000000001 0.45 0.2578125000000001
0 0.484375 0.2093750000000001 0.44375 0.2093750000000001 0.44375 0.2453125000000001 0.484375 0.2453125000000001
0 0.4796875 0.16406250000000006 0.4140625 0.16406250000000006 0.4140625 0.19531250000000006 0.4796875 0.19531250000000006
0 0.3421875 0.16406250000000006 0.2984375 0.16406250000000006 0.2984375 0.2046875 0.3421875 0.2046875
0 0.3109375 0.240625 0.2625 0.240625 0.2625 0.2671875 0.3109375 0.2671875
0 0.346875 0.240625 0.3015625 0.240625 0.3015625 0.2765625 0.346875 0.2765625
0 0.378125 0.2671875 0.3375 0.2671875 0.3375 0.29375000000000007 0.378125 0.29375000000000007
0 0.421875 0.26250000000000007 0.3734375 0.26250000000000007 0.3734375 0.2890625000000001 0.421875 0.2890625000000001
0 0.4453125 0.2796875000000001 0.3953125 0.2796875000000001 0.3953125 0.3109375000000001 0.4453125 0.3109375000000001
0 0.4796875 0.2531250000000001 0.421875 0.2531250000000001 0.421875 0.2890625000000001 0.4796875 0.2890625000000001
0 0.4765625 0.2890625000000001 0.440625 0.2890625000000001 0.440625 0.32500000000000007 0.4765625 0.32500000000000007
0 0.484375 0.3296875000000001 0.4359375 0.3296875000000001 0.4359375 0.38750000000000007 0.484375 0.38750000000000007
0 0.4578125 0.3203125000000001 0.409375 0.3203125000000001 0.409375 0.3421875000000001 0.4578125 0.3421875000000001
0 0.409375 0.3078125000000001 0.3734375 0.3078125000000001 0.3734375 0.3296875000000001 0.409375 0.3296875000000001
0 0.390625 0.2671875 0.325 0.2671875 0.325 0.30312500000000003 0.390625 0.3031250000000001
0 0.3515625 0.2890625 0.2984375 0.2890625 0.2984375 0.3546875 0.3515625 0.3546875
0 0.38281250000000006 0.3296875 0.3328125 0.3296875 0.33281250000000007 0.39531250000000007 0.3828125000000001 0.39531250000000007
0 0.3078125 0.271875 0.271875 0.271875 0.271875 0.3078125 0.3078125 0.3078125
0 0.325 0.3109375 0.275 0.3109375 0.275 0.35625 0.325 0.35625
0 0.35156250000000006 0.3375 0.29375 0.3375 0.29375000000000007 0.390625 0.3515625000000001 0.390625
0 0.30312500000000003 0.3515625 0.271875 0.3515625 0.27187500000000003 0.378125 0.3031250000000001 0.378125
0 0.3343750000000001 0.3828125 0.2765625000000001 0.3828125 0.2765625000000001 0.4140625 0.3343750000000001 0.4140625
0 0.3515625000000001 0.4046875 0.30156250000000007 0.4046875 0.30156250000000007 0.4359375 0.3515625000000001 0.4359375
0 0.421875 0.4046875 0.3375000000000001 0.4046875 0.3375000000000001 0.44375 0.421875 0.44375
0 0.4046875 0.38281250000000006 0.3468750000000001 0.3828125 0.3468750000000001 0.4046875 0.4046875 0.4046875
0 0.4625 0.3734375000000001 0.4171875 0.3734375000000001 0.4171875 0.4171875 0.4625 0.4171875
0 0.484375 0.4046875 0.421875 0.4046875 0.421875 0.4578125 0.484375 0.4578125
0 0.43125 0.43125 0.3734375000000001 0.43125 0.3734375000000001 0.4671875 0.43125 0.4671875
0 0.484375 0.44375 0.421875 0.44375 0.421875 0.484375 0.484375 0.484375
0 0.3734375000000001 0.4453125 0.3062500000000001 0.4453125 0.3062500000000001 0.4765625 0.3734375000000001 0.4765625
0 0.3687500000000001 0.409375 0.3062500000000001 0.409375 0.3062500000000001 0.440625 0.3687500000000001 0.440625
0 0.3156250000000001 0.4140625 0.26250000000000007 0.4140625 0.26250000000000007 0.453125 0.3156250000000001 0.453125
0 0.3062500000000001 0.4453125 0.2671875000000001 0.4453125 0.2671875000000001 0.48125 0.3062500000000001 0.48125
0 0.17343750000000008 0.6890625 0.05312500000000009 0.6890625 0.05312500000000009 0.7546875 0.17343750000000008 0.7546875
0 0.2796875000000001 0.6625 0.1515625000000001 0.6625 0.1515625000000001 0.728125 0.2796875000000001 0.728125
0 0.2531250000000001 0.7296875 0.13281250000000008 0.7296875 0.13281250000000008 0.853125 0.2531250000000001 0.853125
0 0.2671875000000001 0.8140625 0.1468750000000001 0.8140625 0.1468750000000001 0.8796875 0.2671875000000001 0.8796875
0 0.1687500000000001 0.7515625 0.057812500000000086 0.7515625 0.0578125000000001 0.871875 0.1687500000000001 0.871875
0 0.1515625000000001 0.8578125 0.0484375000000001 0.8578125 0.048437500000000105 0.9515625 0.15156250000000013 0.9515625
0 0.26250000000000007 0.853125 0.12500000000000008 0.853125 0.1250000000000001 0.9609375 0.26250000000000007 0.9609375
5 0.6046875 0.6484375 0.528125 0.6484375 0.528125 0.7109375 0.6046875 0.7109375
5 0.6843750000000001 0.6578125 0.5953125 0.6578125 0.5953125000000001 0.778125 0.6843750000000002 0.778125
5 0.7421875000000001 0.6718750000000001 0.6484375 0.671875 0.6484375000000001 0.7421875000000001 0.7421875000000002 0.7421875000000002
5 0.7468750000000001 0.7156250000000001 0.69375 0.715625 0.6937500000000001 0.7781250000000001 0.7468750000000002 0.7781250000000002
5 0.6000000000000001 0.70625 0.528125 0.70625 0.5281250000000001 0.7828125 0.6000000000000002 0.7828125
5 0.5828125000000002 0.76875 0.5203125000000002 0.76875 0.5203125000000002 0.83125 0.5828125000000002 0.83125
5 0.7281250000000001 0.7515625000000001 0.5734375000000002 0.7515625 0.5734375000000002 0.840625 0.7281250000000001 0.840625
5 0.7250000000000002 0.809375 0.6359375000000002 0.809375 0.6359375000000002 0.871875 0.7250000000000002 0.871875
5 0.6406250000000002 0.8140625 0.5562500000000001 0.8140625 0.5562500000000001 0.8671875 0.6406250000000002 0.8671875
5 0.6218750000000002 0.8359375 0.5203125000000002 0.8359375 0.5203125000000002 0.925 0.6218750000000002 0.925
5 0.7250000000000002 0.8265625 0.6312500000000002 0.8265625 0.6312500000000002 0.9109375 0.7250000000000002 0.9109375
5 0.6937500000000002 0.903125 0.5953125000000001 0.903125 0.5953125000000001 0.95625 0.6937500000000002 0.95625