2 0.36406250000000007 2.8989685948566256e-17 0.109375 1.3394574365674177e-17 0.10937500000000003 0.5046875 0.36406250000000007 0.5046875
2 0.7953125000000001 0.0046875000000000675 0.303125 0.004687500000000037 0.30312500000000003 0.8859375 0.7953125000000002 0.8859375
2 0.15000000000000002 9.18485099360515e-18 0 0 2.7650228511998833e-17 0.4515625 0.15000000000000005 0.4515625
2 0.1578125 1.3968627552774498e-17 0.0703125 8.610797806504827e-18 0.0703125 0.0765625 0.1578125 0.07656250000000002
2 0.6359375 0.07031250000000007 0.409375 0.07031250000000004 0.409375 0.3703125000000001 0.6359375 0.3703125000000001
2 0.996875 0.10937500000000011 0.6203125 0.10937500000000008 0.6203125 0.7125000000000001 0.996875 0.7125000000000001
2 0.996875 0.02187500000000011 0.784375 0.021875000000000096 0.784375 0.3906250000000001 0.996875 0.3906250000000001
2 0.996875 1.1069658957917873e-16 0.8109375 9.931120136835567e-17 0.8109375 0.1578125000000001 0.996875 0.15781250000000013
2 0.78125 7.912366428866103e-17 0.5109375 6.257179739393508e-17 0.5109375 0.16875000000000007 0.78125 0.1687500000000001
2 0.996875 0.7609375000000002 0.8546875 0.7609375000000002 0.8546875 0.99375 0.996875 0.99375
2 0.996875 0.6906250000000002 0.909375 0.6906250000000002 0.909375 0.9015625 0.996875 0.9015625
2 0.909375 0.6359375 0.3765625000000001 0.6359375 0.3765625000000001 0.99375 0.909375 0.99375
2 0.3140625000000001 0.6421875 7.864528663274409e-17 0.6421875 9.854579711888858e-17 0.9671875 0.3140625000000001 0.9671875
2 0.2078125000000001 0.9140625 0.025000000000000112 0.9140625 0.025000000000000116 0.9953125 0.2078125000000001 0.9953125
2 0.42656250000000007 0.6578125 0.1609375000000001 0.6578125 0.16093750000000012 0.91875 0.4265625000000002 0.91875
2 0.3609375000000001 0.4296875 5.262154215086284e-17 0.4296875 6.993881329505588e-17 0.7125 0.3609375000000001 0.7125
2 0.996875 6.104098889500089e-17 0 0 6.09453133638175e-17 0.9953125 0.996875 0.9953125