2 0.9640625 0.6046875 0.6796875 0.6046875 0.6796875000000001 0.9640625 0.9640625 0.9640625
2 0.96875 0.1109375000000001 0.6796875 0.11093750000000009 0.6796875 0.4796875000000001 0.96875 0.47968750000000016
2 0.6625 0.11562500000000006 0.36875 0.11562500000000005 0.36875 0.475 0.6625 0.475
2 0.34687500000000004 0.11093750000000002 0.057812500000000024 0.1109375 0.057812500000000044 0.484375 0.3468750000000001 0.484375
2 0.3468750000000001 0.6046875 0.05312500000000007 0.6046875 0.05312500000000009 0.96875 0.3468750000000001 0.96875
2 0.6625000000000001 0.6046875 0.36406250000000007 0.6046875 0.36406250000000007 0.9734375 0.6625000000000002 0.9734375
3 0.946875 0.5296875000000001 0.696875 0.5296875 0.696875 0.6093750000000001 0.946875 0.6093750000000002
3 0.9515625 0.0406250000000001 0.69375 0.04062500000000009 0.69375 0.12968750000000012 0.9515625 0.12968750000000012
3 0.640625 0.040625000000000064 0.390625 0.04062500000000004 0.390625 0.12500000000000006 0.640625 0.12500000000000008
3 0.640625 0.525 0.3906250000000001 0.525 0.3906250000000001 0.6140625 0.640625 0.6140625
3 0.3296875000000001 0.5296875 0.07968750000000006 0.5296875 0.07968750000000006 0.61875 0.3296875000000001 0.61875
3 0.3296875 0.035937500000000025 0.0796875 0.03593750000000001 0.07968750000000001 0.12812500000000002 0.3296875 0.12812500000000004