2 0.86875 0.2734375000000001 0.784375 0.2734375000000001 0.784375 0.42187500000000017 0.86875 0.42187500000000017
2 0.7875 0.10781250000000009 0.7421875 0.10781250000000009 0.7421875 0.16562500000000008 0.7875 0.16562500000000008
2 0.8453125 1.0074633433610647e-16 0.8 9.797174393178826e-17 0.8 0.0828125000000001 0.8453125 0.08281250000000011
2 0.8875 1.0591281302000936e-16 0.8421875 1.0313822261569115e-16 0.8421875 0.031250000000000104 0.8875 0.03125000000000011
2 0.66875 7.93150153510278e-17 0.6265625 7.673177600907635e-17 0.6265625 0.08281250000000008 0.66875 0.0828125000000001
2 0.60625 0.11406250000000007 0.490625 0.11406250000000004 0.490625 0.15937500000000007 0.60625 0.1593750000000001
2 0.521875 0.07812500000000007 0.4875 0.07812500000000007 0.4875 0.11406250000000004 0.521875 0.11406250000000004
2 0.653125 0.2375000000000001 0.625 0.2375000000000001 0.625 0.2578125000000001 0.653125 0.2578125000000001
2 0.5828125 0.3656250000000001 0.5484375 0.3656250000000001 0.5484375 0.4125 0.5828125 0.4125
2 0.5796875 0.4234375 0.490625 0.4234375 0.490625 0.459375 0.5796875 0.459375
2 0.6796875000000001 0.4796875 0.3859375000000001 0.4796875 0.3859375000000001 0.746875 0.6796875000000002 0.746875
2 0.996875 0.5109375000000002 0.9078125 0.5109375000000002 0.9078125 0.6453125000000002 0.996875 0.6453125000000002
2 0.2515625000000001 0.825 0.18906250000000008 0.825 0.18906250000000008 0.865625 0.2515625000000001 0.865625
2 0.3593750000000001 0.571875 0.3281250000000001 0.571875 0.3281250000000001 0.603125 0.3593750000000001 0.603125
2 0.39375000000000004 0.34062500000000007 0.15000000000000005 0.340625 0.15000000000000008 0.5625 0.3937500000000001 0.5625
2 0.4546875 0.4125 0.4171875 0.4125 0.4171875 0.459375 0.4546875 0.459375
2 0.4484375 0.28906250000000006 0.278125 0.2890625 0.27812500000000007 0.4171875 0.4484375 0.4171875
2 0.296875 0.14375000000000004 0.2703125 0.14375000000000004 0.2703125 0.2421875 0.296875 0.2421875
2 0.4515625 0.08281250000000004 0.3984375 0.08281250000000004 0.3984375 0.2171875000000001 0.4515625 0.2171875000000001
2 0.459375 0.2062500000000001 0.440625 0.2062500000000001 0.440625 0.2218750000000001 0.459375 0.2218750000000001
2 0.425 4.774209006051009e-17 0.3546875 4.343669115725768e-17 0.3546875 0.17500000000000004 0.425 0.17500000000000004
2 0.057812500000000024 0.2125 0.007812500000000024 0.2125 0.007812500000000028 0.2484375 0.057812500000000024 0.2484375
2 0.15468750000000006 0.453125 5.5491808086364444e-17 0.453125 7.1947999449907e-17 0.721875 0.1546875000000001 0.721875
2 0.08125000000000011 0.85 1.0409497792752501e-16 0.85 1.1203604701574614e-16 0.9796875 0.08125000000000011 0.9796875