2 0.884375 0.3359375000000001 0.678125 0.3359375000000001 0.6781250000000001 0.8 0.884375 0.8
2 0.7906250000000001 0.2765625000000001 0.4828125 0.2765625000000001 0.4828125000000001 0.9328125 0.7906250000000001 0.9328125
2 0.5578125 0.20156250000000003 0.33125 0.2015625 0.33125000000000004 0.75 0.5578125000000002 0.75
2 0.4562500000000001 0.55 0.3046875000000001 0.55 0.3046875000000001 0.8890625 0.45625000000000016 0.8890625
2 0.2718750000000001 0.58125 0.12500000000000008 0.58125 0.12500000000000008 0.8359375 0.2718750000000001 0.8359375
2 0.3625000000000001 0.3796875 0.17968750000000006 0.3796875 0.17968750000000006 0.7671875 0.3625000000000001 0.7671875
5 0.8625 0.2140625000000001 0.7140625 0.2140625000000001 0.7140625 0.3312500000000001 0.8625 0.3312500000000001
5 0.7015625 0.16562500000000008 0.5578125 0.16562500000000008 0.5578125 0.2765625000000001 0.7015625 0.2765625000000001
5 0.509375 0.10781250000000005 0.3609375 0.10781250000000005 0.3609375 0.20937500000000003 0.509375 0.2093750000000001
5 0.45625 0.446875 0.3078125000000001 0.446875 0.3078125000000001 0.5453125 0.45625 0.5453125
5 0.33906250000000004 0.271875 0.20625 0.271875 0.20625000000000004 0.3796875 0.3390625000000001 0.3796875
5 0.26250000000000007 0.4921875 0.12968750000000004 0.4921875 0.12968750000000007 0.5859375 0.26250000000000007 0.5859375