2 0.8890625 0.6093750000000001 0.5734375 0.609375 0.5734375 0.9515625 0.8890625 0.9515625
2 0.8796875 0.14218750000000008 0.55625 0.14218750000000008 0.55625 0.3906250000000001 0.8796875 0.3906250000000001
2 0.4406250000000001 0.5375 0.07968750000000006 0.5375 0.07968750000000009 0.9203125 0.44062500000000016 0.9203125
0 0.6765625000000001 0.671875 0.5875 0.671875 0.5875000000000001 0.75625 0.6765625000000002 0.75625
0 0.871875 0.6453125000000001 0.684375 0.6453125 0.6843750000000001 0.7343750000000001 0.871875 0.7343750000000002
0 0.7687500000000002 0.7296875 0.6046875000000002 0.7296875 0.6046875000000002 0.81875 0.7687500000000002 0.81875
0 0.871875 0.7421875000000002 0.7640625000000002 0.7421875000000002 0.7640625000000002 0.9109375 0.871875 0.9109375
0 0.7562500000000002 0.821875 0.6484375000000002 0.821875 0.6484375000000002 0.871875 0.7562500000000002 0.871875
0 0.7734375000000002 0.8765625 0.6578125000000001 0.8765625 0.6578125000000001 0.9390625 0.7734375000000002 0.9390625
0 0.6625000000000002 0.8625 0.5906250000000002 0.8625 0.5906250000000002 0.9109375 0.6625000000000002 0.9109375
0 0.6625000000000002 0.809375 0.5906250000000002 0.809375 0.5906250000000002 0.8671875 0.6625000000000002 0.8671875
0 0.6765625 0.63125 0.5921875 0.63125 0.5921875 0.6703125 0.6765625 0.6703125