2 0.9703125 0.5468750000000002 0.8546875 0.5468750000000002 0.8546875 0.7375000000000002 0.9703125 0.7375000000000002
2 0.9234375 0.6562500000000002 0.8578125 0.6562500000000002 0.8578125 0.7437500000000001 0.9234375 0.7437500000000001
2 0.9171875 0.4703125000000002 0.7828125 0.4703125000000002 0.7828125 0.5515625000000002 0.9171875 0.5515625000000002
2 0.9234375 0.3390625000000001 0.75625 0.3390625000000001 0.75625 0.5140625000000002 0.9234375 0.5140625000000002
2 0.909375 0.3828125000000001 0.8328125 0.3828125000000001 0.8328125 0.44843750000000016 0.909375 0.44843750000000016
2 0.8796875 0.3109375000000001 0.8296875 0.3109375000000001 0.8296875 0.3828125000000001 0.8796875 0.3828125000000001
2 0.8984375 0.3609375000000001 0.8578125 0.3609375000000001 0.8578125 0.4046875000000002 0.8984375 0.4046875000000002
2 0.8734375 0.2578125000000001 0.815625 0.2578125000000001 0.815625 0.30156250000000007 0.8734375 0.30156250000000007
2 0.9203125 0.2515625000000001 0.8578125 0.2515625000000001 0.8578125 0.33281250000000007 0.9203125 0.33281250000000007
2 0.89375 0.1687500000000001 0.8328125 0.1687500000000001 0.8328125 0.2953125000000001 0.89375 0.2953125000000001
2 0.909375 0.2015625000000001 0.8828125 0.2015625000000001 0.8828125 0.2515625000000001 0.909375 0.2515625000000001
2 0.884375 0.10468750000000009 0.734375 0.10468750000000009 0.734375 0.2796875000000001 0.884375 0.2796875000000001
2 0.7921875 0.19687500000000008 0.7234375 0.19687500000000008 0.7234375 0.2734375000000001 0.7921875 0.2734375000000001
2 0.825 0.2671875000000001 0.7453125 0.2671875000000001 0.7453125 0.3390625000000001 0.825 0.3390625000000001
2 0.7609375 0.2578125000000001 0.703125 0.2578125000000001 0.703125 0.3671875000000001 0.7609375 0.3671875000000001
2 0.796875 0.38750000000000007 0.5921875 0.38750000000000007 0.5921875 0.6828125 0.796875 0.6828125000000002
2 0.84375 0.6171875000000001 0.64375 0.6171875 0.64375 0.846875 0.84375 0.846875
2 0.7500000000000002 0.7484375000000001 0.6375000000000002 0.7484375 0.6375000000000002 0.8796875 0.7500000000000002 0.8796875
2 0.7921875000000002 0.7375 0.7125000000000001 0.7375 0.7125000000000001 0.8140625 0.7921875000000002 0.8140625
2 0.7531250000000002 0.8203125 0.7234375000000002 0.8203125 0.7234375000000002 0.86875 0.7531250000000002 0.86875
2 0.859375 0.8140625 0.7828125000000001 0.8140625 0.7828125000000001 0.875 0.859375 0.875
2 0.859375 0.7000000000000002 0.7609375 0.7000000000000002 0.7609375 0.853125 0.859375 0.853125
2 0.8515625 0.5296875000000002 0.7828125 0.5296875000000002 0.7828125 0.6453125000000002 0.8515625 0.6453125000000002
2 0.7640625 0.4640625000000001 0.6734375 0.4640625 0.6734375 0.6015625000000001 0.7640625 0.6015625000000002
2 0.6875 0.48125 0.621875 0.48125 0.621875 0.60625 0.6875 0.60625
2 0.7046875 0.415625 0.64375 0.415625 0.64375 0.4703125 0.7046875 0.4703125
2 0.6765625 0.35625000000000007 0.646875 0.35625000000000007 0.646875 0.3890625000000001 0.6765625 0.3890625000000001
2 0.73125 0.3343750000000001 0.690625 0.3343750000000001 0.690625 0.4000000000000001 0.73125 0.4000000000000002
2 0.7453125 0.2078125000000001 0.684375 0.2078125000000001 0.684375 0.27812500000000007 0.7453125 0.27812500000000007
2 0.6734375 0.21875000000000008 0.6515625 0.21875000000000008 0.6515625 0.2562500000000001 0.6734375 0.2562500000000001
2 0.70625 0.19687500000000008 0.6734375 0.19687500000000008 0.6734375 0.2515625000000001 0.70625 0.2515625000000001
2 0.7140625 0.1687500000000001 0.5828125 0.1687500000000001 0.5828125 0.2296875000000001 0.7140625 0.2296875000000001
2 0.6515625 0.2453125000000001 0.6 0.2453125000000001 0.6 0.2953125000000001 0.6515625 0.2953125000000001
2 0.66875 0.2250000000000001 0.6078125 0.2250000000000001 0.6078125 0.2906250000000001 0.66875 0.2906250000000001
2 0.6625 0.2796875000000001 0.5890625 0.2796875000000001 0.5890625 0.3671875000000001 0.6625 0.3671875000000001
2 0.6 0.2515625000000001 0.5375 0.2515625000000001 0.5375 0.3218750000000001 0.6 0.3218750000000001
2 0.61875 0.13125000000000006 0.5125 0.13125000000000003 0.5125 0.2406250000000001 0.61875 0.2406250000000001
2 0.6359375 0.721875 0.55625 0.721875 0.5562500000000001 0.875 0.6359375000000002 0.875
2 0.621875 0.6671875 0.5375 0.6671875 0.5375 0.721875 0.621875 0.721875
2 0.6078125 0.628125 0.4984375 0.628125 0.4984375 0.6890625 0.6078125 0.6890625
2 0.6140625 0.546875 0.53125 0.546875 0.53125 0.65 0.6140625 0.65
2 0.32031250000000006 0.19687500000000002 0.12343750000000005 0.196875 0.12343750000000006 0.5734375 0.3203125000000001 0.5734375
2 0.3453125 0.328125 0.2765625 0.328125 0.27656250000000004 0.43125 0.3453125000000001 0.43125
2 0.20468750000000005 0.18125000000000002 0.09531250000000002 0.18125 0.09531250000000004 0.3890625 0.20468750000000008 0.3890625
2 0.240625 0.12500000000000006 0.1828125 0.12500000000000006 0.18281250000000002 0.2078125 0.240625 0.2078125
2 0.2109375 0.14218750000000002 0.13125 0.1421875 0.13125000000000003 0.2671875 0.2109375 0.2671875
2 0.22968750000000004 0.246875 0.15000000000000005 0.246875 0.15000000000000005 0.3671875 0.2296875000000001 0.3671875
2 0.24375 0.14843750000000006 0.21875 0.14843750000000006 0.21875 0.2359375 0.24375 0.2359375
2 0.3375 0.13593750000000004 0.2546875 0.13593750000000004 0.2546875 0.21875 0.3375 0.21875
2 0.4 0.16406250000000006 0.3265625 0.16406250000000006 0.3265625 0.24531250000000004 0.4 0.2453125000000001
2 0.35625 0.2140625 0.3015625 0.2140625 0.3015625 0.3015625 0.35625 0.3015625
2 0.4296875 0.23593750000000005 0.3609375 0.2359375 0.3609375 0.33437500000000003 0.4296875 0.3343750000000001
2 0.38125 0.28437500000000004 0.3453125 0.284375 0.3453125 0.3609375 0.38125 0.3609375000000001
2 0.4140625 0.31718750000000007 0.3859375 0.31718750000000007 0.38593750000000004 0.3656250000000001 0.4140625 0.3656250000000001
2 0.4765625 0.3390625000000001 0.3890625 0.3390625000000001 0.38906250000000003 0.4046875 0.4765625 0.4046875
2 0.578125 0.2453125000000001 0.4328125 0.2453125000000001 0.4328125 0.3937500000000001 0.578125 0.3937500000000001
2 0.5921875 0.12031250000000007 0.3859375 0.12031250000000004 0.38593750000000004 0.37187500000000007 0.5921875 0.37187500000000007
2 0.578125 0.4 0.4984375 0.4 0.4984375 0.509375 0.578125 0.509375
2 0.61875 0.3781250000000001 0.575 0.3781250000000001 0.575 0.509375 0.61875 0.509375
2 0.9015625 0.7437500000000001 0.8625 0.7437500000000001 0.8625 0.8140625 0.9015625 0.8140625
2 0.5531250000000002 0.7765625 0.48437500000000017 0.7765625 0.48437500000000017 0.8640625 0.5531250000000002 0.8640625
2 0.5343750000000002 0.7703125 0.4359375000000002 0.7703125 0.4359375000000002 0.8421875 0.5343750000000002 0.8421875
2 0.5015625000000001 0.69375 0.446875 0.69375 0.4468750000000001 0.765625 0.5015625000000001 0.765625
2 0.5453125000000001 0.6609375 0.4953125 0.6609375 0.4953125000000001 0.78125 0.5453125000000002 0.78125
2 0.5234375 0.4640625 0.4359375 0.4640625 0.4359375 0.69375 0.5234375 0.69375
2 0.465625 0.546875 0.4140625 0.546875 0.4140625 0.6609375 0.465625 0.6609375
2 0.5421875 0.5796875 0.515625 0.5796875 0.515625 0.628125 0.5421875 0.628125
2 0.5671875 0.5140625 0.5203125 0.5140625 0.5203125 0.5734375 0.5671875 0.5734375
2 0.6 0.5078125 0.5640625 0.5078125 0.5640625 0.5734375 0.6 0.5734375
2 0.4265625 0.5078125 0.3937500000000001 0.5078125 0.3937500000000001 0.5625 0.4265625 0.5625
2 0.5015625 0.3937500000000001 0.4078125 0.3937500000000001 0.4078125 0.5140625 0.5015625 0.5140625
2 0.4078125 0.4328125 0.3125000000000001 0.4328125 0.3125000000000001 0.5203125 0.4078125 0.5203125
2 0.4109375 0.475 0.2734375000000001 0.475 0.2734375000000001 0.6390625 0.4109375 0.6390625
2 0.4140625 0.6015625 0.3781250000000001 0.6015625 0.3781250000000001 0.6890625 0.4140625 0.6890625
2 0.36406250000000007 0.540625 0.2687500000000001 0.540625 0.2687500000000001 0.6125 0.36406250000000007 0.6125
2 0.30937500000000007 0.4921875 0.21093750000000008 0.4921875 0.21093750000000008 0.6015625 0.30937500000000007 0.6015625
2 0.25468750000000007 0.60625 0.2140625000000001 0.60625 0.2140625000000001 0.6390625 0.25468750000000007 0.6390625
2 0.2593750000000001 0.60625 0.15000000000000008 0.60625 0.15000000000000008 0.7 0.2593750000000001 0.7
2 0.21875000000000008 0.5953125 0.11718750000000008 0.5953125 0.11718750000000008 0.678125 0.21875000000000008 0.678125
2 0.14531250000000007 0.4703125 0.06562500000000007 0.4703125 0.06562500000000007 0.6390625 0.1453125000000001 0.6390625
2 0.19375000000000003 0.35 0.13906250000000003 0.35 0.13906250000000003 0.453125 0.19375000000000003 0.453125
2 0.3421875000000001 0.74375 0.2984375000000001 0.74375 0.2984375000000001 0.875 0.3421875000000001 0.875
2 0.3968750000000001 0.7375 0.3203125000000001 0.7375 0.3203125000000001 0.846875 0.3968750000000001 0.846875
2 0.42500000000000016 0.7921875 0.3890625000000001 0.7921875 0.3890625000000001 0.86875 0.42500000000000016 0.86875
2 0.43281250000000016 0.7484375 0.4187500000000002 0.7484375 0.4187500000000002 0.78125 0.43281250000000016 0.78125
2 0.4328125000000001 0.678125 0.3531250000000001 0.678125 0.3531250000000001 0.7703125 0.43281250000000016 0.7703125
2 0.35625000000000007 0.65 0.3125000000000001 0.65 0.3125000000000001 0.7 0.35625000000000007 0.7
2 0.3531250000000001 0.6609375 0.25468750000000007 0.6609375 0.25468750000000007 0.853125 0.3531250000000001 0.853125
2 0.3281250000000001 0.6671875 0.2156250000000001 0.6671875 0.2156250000000001 0.846875 0.3281250000000001 0.846875
2 0.2078125000000001 0.6609375 0.13437500000000008 0.6609375 0.13437500000000008 0.8203125 0.2078125000000001 0.8203125
2 0.2218750000000001 0.678125 0.08750000000000009 0.678125 0.08750000000000009 0.7921875 0.2218750000000001 0.7921875
2 0.1531250000000001 0.765625 0.07656250000000009 0.765625 0.0765625000000001 0.825 0.1531250000000001 0.825