2 0.953125 0.4078125000000001 0.6453125 0.4078125 0.6453125 0.7109375000000001 0.953125 0.7109375000000002
2 0.9578125 0.5000000000000001 0.559375 0.5 0.5593750000000001 0.809375 0.9578125 0.809375
2 0.3781250000000001 0.41875 0.05468750000000004 0.41875 0.05468750000000007 0.7328125 0.3781250000000001 0.7328125
2 0.640625 0.12500000000000006 0.40625 0.12500000000000006 0.40625 0.3515625000000001 0.640625 0.3515625000000001
2 0.6265625 0.3765625000000001 0.421875 0.3765625000000001 0.421875 0.515625 0.6265625 0.515625
2 0.996875 0.2328125000000001 0.88125 0.2328125000000001 0.88125 0.43281250000000016 0.996875 0.43281250000000016
2 0.08906250000000003 0.1796875 2.2005372172179003e-17 0.1796875 3.406048910128576e-17 0.3765625 0.08906250000000004 0.3765625
2 0.03437500000000006 0.41875 5.128208471429541e-17 0.41875 5.979720698961685e-17 0.5578125 0.034375000000000065 0.5578125
2 0.4671875000000001 0.5359375 0.04687500000000007 0.5359375 0.04687500000000008 0.8296875 0.4671875000000002 0.8296875
2 0.6375 0.38750000000000007 0.3546875000000001 0.3875 0.3546875000000001 0.5625 0.6375 0.5625
2 0.6609375 0.25312500000000004 0.3359375 0.253125 0.33593750000000006 0.38750000000000007 0.6609375 0.38750000000000007