2 0.990625 0.2921875000000001 0.875 0.2921875000000001 0.875 0.99375 0.990625 0.99375
2 0.865625 0.14218750000000008 0.7453125 0.14218750000000008 0.7453125 0.9875 0.865625 0.9875
2 0.7421875000000001 0.12500000000000008 0.6234375 0.12500000000000008 0.6234375000000001 0.98125 0.7421875000000002 0.98125
2 0.6171875000000001 0.14375000000000007 0.48125 0.14375000000000004 0.48125000000000007 0.975 0.6171875000000002 0.975
2 0.4750000000000001 0.16718750000000004 0.3625 0.16718750000000004 0.36250000000000004 0.98125 0.4750000000000002 0.98125
2 0.353125 0.3609375 0.2453125 0.3609375 0.24531250000000004 0.975 0.3531250000000001 0.975
2 0.23906250000000004 0.050000000000000024 0.1109375 0.050000000000000024 0.11093750000000006 0.975 0.2390625000000001 0.975
2 0.10468750000000009 0.1859375 2.27707764216461e-17 0.1859375 7.223502604345717e-17 0.99375 0.10468750000000013 0.99375
3 0.70625 0.10000000000000009 0.65625 0.10000000000000009 0.65625 0.11875000000000009 0.70625 0.11875000000000009
3 0.4421875 0.15000000000000005 0.3921875 0.15000000000000005 0.3921875 0.16875000000000004 0.4421875 0.16875000000000004
3 0.07031250000000003 0.15625 0.025000000000000022 0.15625 0.025000000000000022 0.1875 0.07031250000000003 0.1875