2 0.96875 0.2531250000000001 0.4359375 0.2531250000000001 0.4359375000000001 0.9109375 0.96875 0.9109375
2 0.4750000000000001 0.19062500000000002 0.026562500000000024 0.190625 0.026562500000000062 0.8265625 0.4750000000000002 0.8265625
3 0.9203125 0.12500000000000008 0.475 0.12500000000000006 0.475 0.2750000000000001 0.9203125 0.2750000000000001
3 0.4578125 0.07500000000000004 0.04062500000000001 0.075 0.040625000000000015 0.20937500000000003 0.4578125 0.2093750000000001
0 0.42656250000000007 0.31562500000000004 0.15625000000000006 0.315625 0.15625000000000006 0.7640625 0.4265625000000002 0.7640625
0 0.3609375 0.3296875 0.07656250000000005 0.3296875 0.07656250000000006 0.7921875 0.3609375000000001 0.7921875
0 0.2765625000000001 0.5515625 0.16562500000000008 0.5515625 0.16562500000000008 0.7734375 0.2765625000000001 0.7734375
0 0.18593750000000006 0.3203125 0.057812500000000044 0.3203125 0.057812500000000065 0.7734375 0.1859375000000001 0.7734375
0 0.23125 0.25 0.14218750000000005 0.25 0.14218750000000005 0.3609375 0.23125 0.3609375
0 0.2984375 0.2484375 0.2484375 0.2484375 0.24843750000000003 0.4265625 0.2984375000000001 0.4265625
0 0.35156250000000006 0.2625 0.3015625 0.2625 0.30156250000000007 0.5421875 0.3515625000000001 0.5421875
0 0.4140625 0.38750000000000007 0.3375000000000001 0.3875 0.3375000000000001 0.6765625 0.4140625 0.6765625
0 0.421875 0.3375000000000001 0.378125 0.3375000000000001 0.37812500000000004 0.5203125 0.421875 0.5203125
0 0.41875 0.26250000000000007 0.35625 0.2625 0.35625000000000007 0.38593750000000004 0.41875 0.3859375000000001