2 0.946875 0.3609375000000001 0.7796875 0.3609375000000001 0.7796875000000001 0.7375000000000002 0.946875 0.7375000000000002
2 0.7765625 0.2484375000000001 0.5796875 0.2484375000000001 0.5796875 0.5062500000000001 0.7765625 0.5062500000000002
2 0.7921875 0.4843750000000001 0.671875 0.484375 0.6718750000000001 0.7734375000000001 0.7921875000000002 0.7734375000000002
2 0.6875000000000001 0.5625 0.5671875 0.5625 0.5671875000000001 0.8609375 0.6875000000000002 0.8609375
2 0.6250000000000001 0.2531250000000001 0.44375 0.2531250000000001 0.4437500000000001 0.8046875 0.6250000000000002 0.8046875
2 0.5328125000000001 0.6140625 0.3859375000000001 0.6140625 0.3859375000000001 0.88125 0.5328125000000001 0.88125
2 0.3968750000000001 0.38125000000000003 0.22031250000000008 0.38125 0.22031250000000008 0.7984375 0.3968750000000001 0.7984375
2 0.50625 0.08281250000000005 0.3046875 0.08281250000000004 0.30468750000000006 0.628125 0.50625 0.628125
2 0.19687500000000008 0.4703125 0.057812500000000065 0.4703125 0.057812500000000086 0.8359375 0.19687500000000008 0.8359375
2 0.27812500000000007 0.2625 0.07343750000000002 0.2625 0.07343750000000006 0.7265625 0.27812500000000007 0.7265625
3 0.3828125000000001 0.79375 0.2312500000000001 0.79375 0.2312500000000001 0.8921875 0.3828125000000001 0.8921875
3 0.6953125 0.4796875 0.5640625 0.4796875 0.5640625 0.5765625 0.6953125 0.5765625
3 0.7953125 0.4015625000000001 0.6609375 0.4015625 0.6609375 0.4953125000000001 0.7953125 0.49531250000000016
3 0.946875 0.2890625000000001 0.784375 0.2890625000000001 0.784375 0.3656250000000001 0.946875 0.3656250000000001
3 0.7421875 0.1750000000000001 0.5796875 0.1750000000000001 0.5796875 0.2531250000000001 0.7421875 0.2531250000000001
3 0.2734375 0.17500000000000002 0.07343750000000002 0.175 0.07343750000000003 0.2734375 0.2734375 0.2734375
3 0.39375000000000004 0.30468750000000006 0.2203125 0.3046875 0.22031250000000005 0.39687500000000003 0.3937500000000001 0.3968750000000001
3 0.18906250000000005 0.3859375 0.042187500000000044 0.3859375 0.04218750000000005 0.4796875 0.18906250000000005 0.4796875
5 0.5796875 0.19062500000000007 0.4859375 0.19062500000000004 0.4859375 0.2531250000000001 0.5796875 0.2531250000000001