2 0.85 0.2328125000000001 0.55625 0.2328125000000001 0.55625 0.4906250000000001 0.85 0.4906250000000002
2 0.9 0.22656250000000008 0.6875 0.22656250000000008 0.6875 0.3921875000000001 0.9 0.3921875000000001
2 0.7953125 0.4796875000000001 0.559375 0.4796875 0.559375 0.70625 0.7953125 0.7062500000000002
2 0.81875 0.5562500000000001 0.5171875 0.55625 0.5171875000000001 0.7421875000000001 0.81875 0.7421875000000002
2 0.834375 0.3765625000000001 0.521875 0.3765625000000001 0.521875 0.5203125000000001 0.834375 0.5203125000000002
2 0.9109375 0.3656250000000001 0.7640625 0.3656250000000001 0.7640625 0.4281250000000002 0.9109375 0.4281250000000002
2 0.8953125 0.5000000000000002 0.7609375 0.5000000000000002 0.7609375 0.5984375000000002 0.8953125 0.5984375000000002
2 0.5515625 0.20156250000000003 0.359375 0.2015625 0.35937500000000006 0.38125000000000003 0.5515625 0.3812500000000001
2 0.5828125 0.33593750000000006 0.3484375 0.3359375 0.34843750000000007 0.403125 0.5828125 0.403125
2 0.5296875 0.3968750000000001 0.3859375000000001 0.3968750000000001 0.3859375000000001 0.546875 0.5296875 0.546875
2 0.5640625 0.46875 0.3468750000000001 0.46875 0.3468750000000001 0.5671875 0.5640625 0.5671875
2 0.35156250000000006 0.20625 0.057812500000000024 0.20625 0.05781250000000003 0.44375 0.3515625000000001 0.44375
2 0.3937500000000001 0.38750000000000007 0.06250000000000004 0.3875 0.06250000000000006 0.459375 0.3937500000000001 0.459375
2 0.3593750000000001 0.4640625 0.09218750000000006 0.4640625 0.09218750000000007 0.659375 0.3593750000000001 0.659375
2 0.3937500000000001 0.540625 0.08125000000000007 0.540625 0.08125000000000007 0.70625 0.3937500000000001 0.70625