2 0.9546875 0.4296875000000001 0.5796875 0.4296875 0.5796875 0.7046875000000001 0.9546875 0.7046875000000001
2 0.9953125 0.5140625000000001 0.503125 0.5140625 0.503125 0.8140625 0.9953125 0.8140625
2 0.821875 0.24375000000000008 0.5484375 0.24375000000000008 0.5484375 0.43437500000000007 0.821875 0.4343750000000002
2 0.8453125 0.3343750000000001 0.475 0.3343750000000001 0.475 0.4828125000000001 0.8453125 0.4828125000000002
2 0.753125 0.14687500000000006 0.5296875 0.14687500000000003 0.5296875 0.2828125000000001 0.753125 0.2828125000000001
2 0.7578125 0.2218750000000001 0.4703125 0.2218750000000001 0.4703125 0.3296875000000001 0.7578125 0.3296875000000001
2 0.44375 0.44375 0.046875000000000056 0.44375 0.04687500000000007 0.7 0.44375 0.7
2 0.48906250000000007 0.54375 6.659016970363734e-17 0.54375 8.467284509729747e-17 0.8390625 0.4890625000000002 0.8390625
2 0.4609375 0.27031250000000007 0.17812500000000003 0.2703125 0.17812500000000003 0.465625 0.4609375 0.465625
2 0.475 0.34375000000000006 0.11406250000000004 0.34375 0.11406250000000004 0.4953125 0.475 0.4953125
2 0.4390625 0.16093750000000004 0.215625 0.16093750000000004 0.215625 0.28750000000000003 0.4390625 0.2875000000000001
2 0.4609375 0.23593750000000005 0.17812500000000003 0.2359375 0.17812500000000003 0.3140625 0.4609375 0.3140625000000001