2 0.8703125 0.26250000000000007 0.75 0.26250000000000007 0.7500000000000001 0.940625 0.8703125 0.940625
2 0.7500000000000001 0.1375000000000001 0.6265625 0.1375000000000001 0.6265625000000001 0.9171875 0.7500000000000002 0.9171875
2 0.6265625000000001 0.11875000000000006 0.5 0.11875000000000005 0.5000000000000001 0.934375 0.6265625000000001 0.934375
2 0.5062500000000001 0.07187500000000005 0.3734375 0.07187500000000005 0.37343750000000003 0.940625 0.5062500000000002 0.940625
2 0.3765625 0.07187500000000004 0.240625 0.07187500000000002 0.24062500000000003 0.940625 0.3765625000000001 0.940625
2 0.24375000000000005 0.14843750000000003 0.1203125 0.1484375 0.12031250000000007 0.940625 0.24375000000000008 0.940625
3 0.8375 0.2328125000000001 0.790625 0.2328125000000001 0.790625 0.2562500000000001 0.8375 0.2562500000000001
3 0.7171875 0.10156250000000008 0.6640625 0.10156250000000008 0.6640625 0.1312500000000001 0.7171875 0.1312500000000001
3 0.590625 0.09531250000000006 0.5328125 0.09531250000000006 0.5328125 0.12500000000000006 0.590625 0.12500000000000008
3 0.4671875 0.03593750000000005 0.403125 0.035937500000000046 0.403125 0.07187500000000005 0.4671875 0.07187500000000006
3 0.3296875 0.03593750000000004 0.2765625 0.03593750000000003 0.2765625 0.059375000000000046 0.3296875 0.059375000000000046
3 0.203125 0.11406250000000002 0.153125 0.1140625 0.153125 0.1375 0.203125 0.13750000000000004