2 0.7953125000000001 0.3234375000000001 0.5453125 0.3234375000000001 0.5453125000000001 0.8828125 0.7953125000000002 0.8828125
2 0.94375 0.0953125000000001 0.703125 0.09531250000000009 0.703125 0.6359375 0.94375 0.6359375000000002
2 0.6734375 0.09062500000000007 0.4375 0.09062500000000004 0.4375 0.6359375 0.6734375 0.6359375
2 0.5281250000000001 0.31875000000000003 0.2703125 0.31875 0.27031250000000007 0.88125 0.5281250000000002 0.88125
2 0.39375000000000004 0.08281250000000004 0.1578125 0.08281250000000002 0.15781250000000005 0.6328125 0.3937500000000001 0.6328125
2 0.25312500000000004 0.328125 0.004687500000000041 0.328125 0.004687500000000074 0.8875 0.2531250000000001 0.8875
5 0.746875 0.22812500000000008 0.5984375 0.22812500000000008 0.5984375 0.3281250000000001 0.746875 0.3281250000000001
5 0.9875 0.721875 0.715625 0.721875 0.7156250000000001 0.959375 0.9875 0.959375
5 0.8859375 0.0093750000000001 0.7515625 0.009375000000000092 0.7515625 0.0953125000000001 0.8859375 0.0953125000000001
5 0.625 0.004687500000000068 0.484375 0.00468750000000006 0.484375 0.08593750000000007 0.625 0.08593750000000007
5 0.471875 0.22656250000000006 0.328125 0.2265625 0.328125 0.3140625 0.471875 0.3140625000000001
5 0.3484375 3.4156164632469147e-17 0.209375 2.5641042357147705e-17 0.209375 0.07656250000000003 0.3484375 0.07656250000000005
5 0.19218750000000004 0.2265625 0.05625000000000002 0.2265625 0.056250000000000036 0.3140625 0.19218750000000004 0.3140625