2 0.8 0.2984375000000001 0.596875 0.2984375000000001 0.596875 0.9171875 0.8 0.9171875
2 0.6578125000000001 0.4703125 0.5375 0.4703125 0.5375000000000001 0.9640625 0.6578125000000001 0.9640625
2 0.5906250000000001 0.690625 0.4328125 0.690625 0.4328125000000001 0.99375 0.5906250000000002 0.99375
2 0.4406250000000001 0.5890625 0.2875000000000001 0.5890625 0.2875000000000001 0.99375 0.44062500000000016 0.99375
2 0.4562500000000001 0.453125 0.27031250000000007 0.453125 0.27031250000000007 0.934375 0.45625000000000016 0.934375
2 0.5828125 0.3515625000000001 0.4203125 0.3515625000000001 0.4203125 0.696875 0.5828125 0.696875
2 0.2765625000000001 0.4828125 0.16718750000000004 0.4828125 0.16718750000000007 0.8578125 0.2765625000000001 0.8578125
2 0.2968750000000001 0.8390625 0.2000000000000001 0.8390625 0.2000000000000001 0.9234375 0.2968750000000001 0.9234375
2 0.446875 0.059375000000000046 0.353125 0.059375000000000046 0.353125 0.453125 0.446875 0.453125
2 0.546875 0.006250000000000061 0.4625 0.006250000000000056 0.4625 0.3515625000000001 0.546875 0.3515625000000001
2 0.6171875 0.04218750000000007 0.55625 0.042187500000000065 0.55625 0.4765625 0.6171875 0.4765625