2 0.953125 0.5234375000000002 0.7625 0.5234375000000002 0.7625000000000001 0.9046875 0.953125 0.9046875
2 0.9625 0.11718750000000011 0.821875 0.11718750000000008 0.821875 0.3765625000000001 0.9625 0.3765625000000001
2 0.7875 0.11718750000000008 0.6484375 0.11718750000000008 0.6484375 0.3765625000000001 0.7875 0.3765625000000001
2 0.6015625 0.17031250000000006 0.475 0.17031250000000003 0.475 0.3765625000000001 0.6015625 0.3765625000000001
2 0.4234375 0.16875000000000004 0.3046875 0.16875000000000004 0.30468750000000006 0.38125000000000003 0.4234375 0.3812500000000001
2 0.27187500000000003 0.296875 0.15781250000000005 0.296875 0.15781250000000005 0.3765625 0.2718750000000001 0.3765625
2 0.11875000000000005 0.2921875 3.5782648662586727e-17 0.2921875 4.0949127346489623e-17 0.3765625 0.11875000000000005 0.3765625
2 0.4203125000000001 0.609375 0.2765625000000001 0.609375 0.2765625000000001 0.9 0.4203125000000002 0.9
2 0.690625 0.5234375 0.5 0.5234375 0.5000000000000001 0.9 0.6906250000000002 0.9
2 0.1906250000000001 0.603125 0.046875000000000076 0.603125 0.0468750000000001 0.9 0.1906250000000001 0.9
3 0.928125 0.4703125000000002 0.7875 0.4703125000000002 0.7875 0.5187500000000002 0.928125 0.5187500000000002
3 0.9625 0.057812500000000114 0.8265625 0.057812500000000114 0.8265625 0.1109375000000001 0.9625 0.11093750000000013
3 0.7921875 0.05937500000000009 0.653125 0.05937500000000009 0.653125 0.1281250000000001 0.7921875 0.1281250000000001
3 0.60625 0.11093750000000006 0.4703125 0.11093750000000005 0.4703125 0.16875000000000007 0.60625 0.1687500000000001
3 0.4375 0.11718750000000004 0.3015625 0.11718750000000004 0.3015625 0.17031250000000003 0.4375 0.17031250000000003
3 0.2796875 0.2109375 0.14843750000000006 0.2109375 0.14843750000000006 0.3015625 0.2796875 0.3015625
3 0.12656250000000005 0.2109375 2.583239341951448e-17 0.2109375 3.1285898696967536e-17 0.3 0.12656250000000005 0.3
3 0.18750000000000008 0.5453125 0.05156250000000007 0.5453125 0.05156250000000007 0.5984375 0.18750000000000008 0.5984375
3 0.415625 0.55 0.2843750000000001 0.55 0.2843750000000001 0.603125 0.415625 0.603125
3 0.6609375 0.4703125 0.521875 0.4703125 0.521875 0.51875 0.6609375 0.51875