2 0.9734375 0.47968750000000016 0.9015625 0.47968750000000016 0.9015625 0.6140625000000002 0.9734375 0.6140625000000002
2 0.8765625 0.4578125000000002 0.7921875 0.4578125000000002 0.7921875 0.6171875000000002 0.8765625 0.6171875000000002
2 0.7734375 0.4406250000000001 0.6796875 0.440625 0.6796875 0.6187500000000001 0.7734375 0.6187500000000001
2 0.653125 0.4140625 0.5609375 0.4140625 0.5609375 0.621875 0.653125 0.621875
2 0.525 0.39531250000000007 0.4171875 0.39531250000000007 0.4171875 0.6265625 0.525 0.6265625
2 0.36875 0.35468750000000004 0.2453125 0.3546875 0.24531250000000004 0.63125 0.3687500000000001 0.63125
2 0.20468750000000005 0.275 0.05312500000000005 0.275 0.053125000000000054 0.63125 0.20468750000000008 0.63125
5 0.9734375 0.3421875000000001 0.8984375 0.3421875000000001 0.8984375 0.48437500000000017 0.9734375 0.48437500000000017
5 0.8671875 0.3203125000000001 0.8 0.3203125000000001 0.8 0.45312500000000017 0.8671875 0.45312500000000017
5 0.75625 0.29375000000000007 0.69375 0.29375000000000007 0.69375 0.4312500000000001 0.75625 0.4312500000000002
5 0.6359375 0.2796875000000001 0.5640625 0.2796875000000001 0.5640625 0.409375 0.6359375 0.409375
5 0.496875 0.2453125000000001 0.43125 0.2453125000000001 0.43125 0.39531250000000007 0.496875 0.39531250000000007
5 0.3421875 0.2046875 0.2671875 0.2046875 0.2671875 0.3515625 0.3421875 0.3515625
5 0.15625000000000003 0.1515625 0.08437500000000002 0.1515625 0.08437500000000003 0.275 0.15625000000000006 0.275