2 0.98125 0.08593750000000011 0.8171875 0.08593750000000011 0.8171875 0.9953125 0.98125 0.9953125
2 0.8171875 0.19687500000000008 0.6671875 0.19687500000000008 0.6671875 0.9953125 0.8171875 0.9953125
2 0.6796875000000001 0.15937500000000007 0.5109375 0.15937500000000004 0.5109375 0.9953125 0.6796875000000002 0.9953125
2 0.51875 0.13906250000000003 0.3625 0.13906250000000003 0.36250000000000004 0.9953125 0.5187500000000002 0.9953125
2 0.35781250000000003 0.14375000000000004 0.1984375 0.14375000000000004 0.19843750000000007 0.9953125 0.3578125000000001 0.9953125
2 0.20156250000000003 0.04218750000000001 0.015625000000000007 0.0421875 0.015625000000000062 0.9953125 0.2015625000000001 0.9953125
3 0.9328125 0.0640625000000001 0.8625 0.0640625000000001 0.8625 0.09062500000000011 0.9328125 0.09062500000000011
3 0.7796875 0.18125000000000008 0.709375 0.18125000000000008 0.709375 0.19687500000000008 0.7796875 0.19687500000000008
3 0.6234375 0.1281250000000001 0.559375 0.1281250000000001 0.559375 0.1546875000000001 0.6234375 0.1546875000000001
3 0.475 0.10156250000000004 0.4 0.10156250000000004 0.4 0.13906250000000003 0.475 0.13906250000000003
3 0.3171875 0.10625000000000004 0.2390625 0.10625000000000004 0.2390625 0.13281250000000006 0.3171875 0.13281250000000006
3 0.1453125 0.010937500000000013 0.0671875 0.010937500000000008 0.0671875 0.03750000000000002 0.1453125 0.03750000000000002