2 0.8140625 0.3968750000000001 0.5296875 0.3968750000000001 0.5296875000000001 0.8484375 0.8140625 0.8484375
2 0.9203125 0.2687500000000001 0.7375 0.2687500000000001 0.7375 0.7765625000000002 0.9203125 0.7765625000000002
2 0.809375 0.06718750000000008 0.621875 0.06718750000000007 0.621875 0.4062500000000001 0.809375 0.40625000000000017
2 0.5953125 0.21875000000000008 0.4265625 0.21875000000000008 0.4265625 0.6703125 0.5953125 0.6703125
2 0.5515625000000001 0.65625 0.36406250000000007 0.65625 0.36406250000000007 0.9234375 0.5515625000000002 0.9234375
2 0.4312500000000001 0.5625 0.17343750000000008 0.5625 0.17343750000000008 0.853125 0.4312500000000002 0.853125
2 0.3468750000000001 0.709375 0.11093750000000009 0.709375 0.1109375000000001 0.946875 0.3468750000000001 0.946875
2 0.3656250000000001 0.4515625 0.10312500000000005 0.4515625 0.10312500000000006 0.7140625 0.3656250000000001 0.7140625
2 0.49375 0.15156250000000004 0.2625 0.15156250000000004 0.26250000000000007 0.58125 0.49375 0.58125
2 0.809375 0.6656250000000001 0.590625 0.665625 0.5906250000000001 0.946875 0.809375 0.946875
0 0.8265625 0.20468750000000008 0.640625 0.20468750000000008 0.640625 0.41093750000000007 0.8265625 0.4109375000000002
0 0.7109375 0.5140625 0.578125 0.5140625 0.578125 0.6203125 0.7109375 0.6203125
0 0.8 0.4546875000000001 0.675 0.4546875 0.675 0.5937500000000001 0.8 0.5937500000000002
0 0.8046875 0.5718750000000001 0.70625 0.571875 0.70625 0.6656250000000001 0.8046875 0.6656250000000001
0 0.7640625 0.6203125 0.5953125 0.6203125 0.5953125 0.7093750000000001 0.7640625 0.7093750000000002
0 0.609375 0.490625 0.5375 0.490625 0.5375 0.6703125 0.609375 0.6703125
0 0.6046875 0.634375 0.5328125 0.634375 0.5328125000000001 0.7546875 0.6046875000000002 0.7546875
0 0.6140625000000002 0.75 0.5562500000000001 0.75 0.5562500000000001 0.8171875 0.6140625000000002 0.8171875
0 0.6531250000000002 0.740625 0.6312500000000002 0.740625 0.6312500000000002 0.78125 0.6531250000000002 0.78125
0 0.6796875000000002 0.7640625 0.6406250000000002 0.7640625 0.6406250000000002 0.790625 0.6796875000000002 0.790625
0 0.7468750000000001 0.6921875000000001 0.6703125 0.6921875 0.6703125000000001 0.7281250000000001 0.7468750000000002 0.7281250000000001
0 0.7828125000000001 0.7640625000000001 0.6937500000000002 0.7640625 0.6937500000000002 0.7906250000000001 0.7828125000000001 0.7906250000000001
0 0.7828125000000001 0.7953125000000001 0.6312500000000002 0.7953125 0.6312500000000002 0.925 0.7828125000000001 0.925
0 0.3281250000000001 0.8484375 0.2890625000000001 0.8484375 0.2890625000000001 0.896875 0.3281250000000001 0.896875
0 0.2890625000000001 0.83125 0.26250000000000007 0.83125 0.26250000000000007 0.8390625 0.2890625000000001 0.8390625
0 0.3078125000000001 0.78125 0.2500000000000001 0.78125 0.2500000000000001 0.8078125 0.3078125000000001 0.8078125
0 0.3375000000000001 0.8078125 0.2843750000000001 0.8078125 0.2843750000000001 0.8484375 0.3375000000000001 0.8484375
0 0.2750000000000001 0.790625 0.2093750000000001 0.790625 0.2093750000000001 0.8171875 0.2750000000000001 0.8171875
0 0.2671875000000001 0.8171875 0.20468750000000008 0.8171875 0.20468750000000008 0.865625 0.2671875000000001 0.865625
0 0.2796875000000001 0.8484375 0.2218750000000001 0.8484375 0.2218750000000001 0.9015625 0.2796875000000001 0.9015625
0 0.2500000000000001 0.875 0.18750000000000008 0.875 0.1875000000000001 0.915625 0.2500000000000001 0.915625
0 0.2171875000000001 0.8609375 0.1687500000000001 0.8609375 0.1687500000000001 0.884375 0.2171875000000001 0.884375
0 0.1828125000000001 0.83125 0.1515625000000001 0.83125 0.1515625000000001 0.8578125 0.1828125000000001 0.8578125
0 0.2093750000000001 0.8 0.1687500000000001 0.8 0.1687500000000001 0.8359375 0.2093750000000001 0.8359375
0 0.19531250000000008 0.790625 0.1515625000000001 0.790625 0.1515625000000001 0.8171875 0.19531250000000008 0.8171875
0 0.15625000000000008 0.8171875 0.12500000000000008 0.8171875 0.12500000000000008 0.8484375 0.15625000000000008 0.8484375
0 0.1875000000000001 0.8703125 0.1296875000000001 0.8703125 0.12968750000000012 0.9109375 0.18750000000000014 0.9109375
0 0.3609375000000001 0.65625 0.18750000000000008 0.65625 0.18750000000000008 0.7765625 0.3609375000000001 0.7765625
0 0.22656250000000008 0.5265625 0.15156250000000004 0.5265625 0.15156250000000007 0.5625 0.22656250000000008 0.5625
0 0.3109375000000001 0.5140625 0.2140625000000001 0.5140625 0.2140625000000001 0.5625 0.3109375000000001 0.5625
0 0.1687500000000001 0.5984375 0.1375000000000001 0.5984375 0.1375000000000001 0.646875 0.1687500000000001 0.646875
0 0.2140625000000001 0.5859375 0.1687500000000001 0.5859375 0.1687500000000001 0.64375 0.2140625000000001 0.64375
0 0.17343750000000008 0.6609375 0.1468750000000001 0.6609375 0.1468750000000001 0.7 0.17343750000000008 0.7
0 0.546875 0.3218750000000001 0.4578125 0.3218750000000001 0.4578125 0.646875 0.546875 0.646875
0 0.6 0.31718750000000007 0.4984375 0.31718750000000007 0.4984375 0.665625 0.6 0.665625
0 0.49375 0.3078125000000001 0.440625 0.3078125000000001 0.440625 0.58125 0.49375 0.58125