2 0.9375 0.5781250000000001 0.6796875 0.578125 0.6796875000000001 0.8625 0.9375 0.8625
2 0.6890625000000001 0.4765625 0.4671875 0.4765625 0.4671875000000001 0.796875 0.6890625000000001 0.796875
2 0.759375 0.39531250000000007 0.5515625 0.39531250000000007 0.5515625 0.6312500000000001 0.759375 0.6312500000000002
2 0.5859375 0.13281250000000006 0.3734375 0.13281250000000006 0.3734375 0.3468750000000001 0.5859375 0.3468750000000001
2 0.3390625 0.14218750000000002 0.103125 0.1421875 0.10312500000000002 0.3515625 0.3390625 0.3515625
2 0.5109375 0.49375 0.26250000000000007 0.49375 0.26250000000000007 0.75625 0.5109375000000002 0.75625
3 0.884375 0.4984375000000001 0.6984375 0.4984375 0.6984375 0.5828125000000001 0.884375 0.5828125000000002
3 0.453125 0.409375 0.2796875000000001 0.409375 0.2796875000000001 0.4890625 0.453125 0.4890625
3 0.5203125 0.07187500000000005 0.3640625 0.07187500000000005 0.3640625 0.13750000000000004 0.5203125 0.13750000000000004
3 0.2625 0.07187500000000002 0.1203125 0.07187500000000002 0.1203125 0.1296875 0.2625 0.12968750000000004
1 0.56875 0.27968750000000003 0.057812500000000044 0.2796875 0.057812500000000044 0.37812500000000004 0.56875 0.3781250000000001
1 0.2671875000000001 0.378125 0.057812500000000044 0.378125 0.057812500000000065 0.6671875 0.2671875000000001 0.6671875
1 0.559375 0.38281250000000006 0.2671875000000001 0.3828125 0.2671875000000001 0.41875 0.559375 0.41875
1 0.546875 0.421875 0.453125 0.421875 0.453125 0.4796875 0.546875 0.4796875