2 0.8625 0.5296875000000001 0.43125 0.5296875 0.4312500000000001 0.95625 0.8625 0.95625
2 0.9828125 0.1781250000000001 0.4625 0.17812500000000003 0.4625 0.6984375 0.9828125 0.6984375000000002
2 0.48125000000000007 0.35468750000000004 0.018750000000000044 0.3546875 0.018750000000000072 0.83125 0.4812500000000002 0.83125
3 0.8171875 0.4171875000000001 0.484375 0.4171875 0.484375 0.5781250000000001 0.8171875 0.5781250000000002
3 0.4171875 0.24843750000000003 0.06718750000000002 0.2484375 0.06718750000000004 0.39531250000000007 0.4171875 0.39531250000000007
3 0.89375 0.07031250000000008 0.559375 0.07031250000000007 0.559375 0.20468750000000008 0.89375 0.20468750000000008
0 0.35625000000000007 0.5375 0.2140625000000001 0.5375 0.2140625000000001 0.684375 0.35625000000000007 0.684375
0 0.39531250000000007 0.5078125 0.3421875000000001 0.5078125 0.3421875000000001 0.6453125 0.39531250000000007 0.6453125
0 0.484375 0.484375 0.3828125000000001 0.484375 0.3828125000000001 0.6578125 0.484375 0.6578125
0 0.4796875 0.6453125 0.3781250000000001 0.6453125 0.3781250000000001 0.703125 0.4796875 0.703125
0 0.4703125000000001 0.6890625 0.3781250000000001 0.6890625 0.3781250000000001 0.7375 0.4703125000000002 0.7375
0 0.35625000000000007 0.69375 0.2531250000000001 0.69375 0.2531250000000001 0.790625 0.35625000000000007 0.790625
0 0.42656250000000007 0.6984375 0.3109375000000001 0.6984375 0.3109375000000001 0.76875 0.4265625000000002 0.76875
0 0.4359375000000002 0.7328125 0.26250000000000007 0.7328125 0.26250000000000007 0.8 0.4359375000000002 0.8
0 0.2812500000000001 0.6671875 0.045312500000000075 0.6671875 0.04531250000000009 0.809375 0.2812500000000001 0.809375
0 0.3468750000000001 0.5953125 0.2000000000000001 0.5953125 0.2000000000000001 0.7296875 0.3468750000000001 0.7296875
0 0.29375000000000007 0.4671875 0.14687500000000003 0.4671875 0.14687500000000006 0.6140625 0.29375000000000007 0.6140625
0 0.409375 0.409375 0.2750000000000001 0.409375 0.2750000000000001 0.50625 0.409375 0.50625
0 0.2718750000000001 0.43125 0.2093750000000001 0.43125 0.2093750000000001 0.4796875 0.2718750000000001 0.4796875
0 0.22656250000000008 0.41875 0.12500000000000006 0.41875 0.12500000000000006 0.471875 0.22656250000000008 0.471875
0 0.17812500000000003 0.4046875 0.057812500000000044 0.4046875 0.05781250000000006 0.4703125 0.17812500000000003 0.4703125
0 0.15625000000000006 0.4484375 0.018750000000000055 0.4484375 0.018750000000000062 0.5421875 0.15625000000000006 0.5421875
0 0.2171875000000001 0.5203125 0.11093750000000005 0.5203125 0.11093750000000006 0.640625 0.2171875000000001 0.640625
0 0.11562500000000006 0.5328125 0.03593750000000007 0.5328125 0.035937500000000074 0.6046875 0.11562500000000009 0.6046875
0 0.17343750000000008 0.5953125 0.04843750000000008 0.5953125 0.048437500000000085 0.6984375 0.17343750000000008 0.6984375