2 0.9609375 0.6234375000000002 0.88125 0.6234375000000002 0.88125 0.915625 0.9609375 0.915625
2 0.85 0.6031250000000001 0.7890625 0.6031250000000001 0.7890625000000001 0.909375 0.85 0.909375
2 0.7656250000000002 0.7468750000000001 0.6828125000000002 0.746875 0.6828125000000002 0.915625 0.7656250000000002 0.915625
2 0.9640625 0.10468750000000011 0.88125 0.10468750000000009 0.88125 0.4421875000000002 0.9640625 0.4421875000000002
2 0.846875 0.1750000000000001 0.7671875 0.1750000000000001 0.7671875 0.4421875000000002 0.846875 0.4421875000000002
2 0.734375 0.11093750000000009 0.6703125 0.11093750000000009 0.6703125 0.44218750000000007 0.734375 0.4421875000000002
2 0.6421875 0.07812500000000008 0.5625 0.07812500000000007 0.5625 0.440625 0.6421875 0.440625
2 0.5296875 0.19531250000000006 0.446875 0.19531250000000006 0.446875 0.4359375 0.5296875 0.4359375
2 0.421875 0.08437500000000005 0.3390625 0.08437500000000005 0.33906250000000004 0.434375 0.421875 0.434375
2 0.31875000000000003 0.228125 0.2390625 0.228125 0.23906250000000004 0.4359375 0.3187500000000001 0.4359375
2 0.20781250000000004 0.14375000000000002 0.15 0.14375 0.15000000000000002 0.4421875 0.2078125000000001 0.4421875
2 0.12187500000000002 0.15625 0.03125000000000002 0.15625 0.03125000000000004 0.4421875 0.12187500000000004 0.4421875
2 0.1109375000000001 0.590625 0.028125000000000077 0.590625 0.028125000000000094 0.909375 0.11093750000000013 0.909375
2 0.1984375000000001 0.7015625 0.1312500000000001 0.7015625 0.1312500000000001 0.903125 0.1984375000000001 0.903125
2 0.3296875000000001 0.6171875 0.22031250000000008 0.6171875 0.22031250000000008 0.909375 0.3296875000000001 0.909375
2 0.4187500000000002 0.753125 0.34843750000000007 0.753125 0.34843750000000007 0.915625 0.4187500000000002 0.915625
2 0.5468750000000001 0.6171875 0.4375 0.6171875 0.4375000000000001 0.915625 0.5468750000000002 0.915625
2 0.6578125000000001 0.6421875 0.565625 0.6421875 0.565625 0.909375 0.6578125000000001 0.909375
3 0.9609375 0.5968750000000002 0.884375 0.5968750000000002 0.884375 0.6234375000000002 0.9609375 0.6234375000000002
3 0.846875 0.5781250000000002 0.7921875 0.5781250000000002 0.7921875 0.6109375000000001 0.846875 0.6109375000000001
3 0.9515625 0.0718750000000001 0.890625 0.0718750000000001 0.890625 0.09687500000000011 0.9515625 0.09687500000000011
3 0.7125 0.07812500000000008 0.684375 0.07812500000000008 0.684375 0.10312500000000009 0.7125 0.10312500000000009
3 0.7656250000000002 0.7265625000000001 0.6828125000000002 0.7265625 0.6828125000000002 0.7406250000000001 0.7656250000000002 0.7406250000000002
3 0.6453125 0.5984375 0.575 0.5984375 0.575 0.64375 0.6453125 0.64375
3 0.5296875 0.584375 0.45 0.584375 0.45 0.6171875 0.5296875 0.6171875
3 0.5296875 0.16250000000000003 0.453125 0.16250000000000003 0.453125 0.2015625000000001 0.5296875 0.2015625000000001
3 0.6234375 0.05156250000000007 0.58125 0.05156250000000007 0.58125 0.07812500000000007 0.6234375 0.07812500000000007
3 0.4 0.057812500000000044 0.3609375 0.057812500000000044 0.3609375 0.08437500000000005 0.4 0.08437500000000005
3 0.4218750000000001 0.7203125 0.3515625000000001 0.7203125 0.3515625000000001 0.740625 0.42187500000000017 0.740625
3 0.3062500000000001 0.584375 0.24218750000000008 0.584375 0.24218750000000008 0.6109375 0.3062500000000001 0.6109375
3 0.30625 0.2015625 0.2484375 0.2015625 0.2484375 0.2265625 0.30625 0.2265625
3 0.2015625 0.11093750000000002 0.159375 0.1109375 0.159375 0.13593750000000002 0.2015625 0.13593750000000004
3 0.19531250000000008 0.66875 0.1375000000000001 0.66875 0.1375000000000001 0.7015625 0.19531250000000008 0.7015625
3 0.09843750000000007 0.5390625 0.04375000000000007 0.5390625 0.043750000000000074 0.590625 0.09843750000000007 0.590625
3 0.1171875 0.1234375 0.03750000000000001 0.1234375 0.03750000000000002 0.15625 0.1171875 0.15625
5 0.846875 0.1296875000000001 0.7703125 0.1296875000000001 0.7703125 0.18125000000000008 0.846875 0.18125000000000008