2 0.4046875 0.13750000000000004 0.3515625 0.13750000000000004 0.3515625 0.18281250000000004 0.4046875 0.18281250000000004
2 0.7015625 0.1828125000000001 0.63125 0.1828125000000001 0.63125 0.2218750000000001 0.7015625 0.2218750000000001
2 0.84375 0.2093750000000001 0.7734375 0.2093750000000001 0.7734375 0.2484375000000001 0.84375 0.2484375000000001
2 0.18281250000000004 0.315625 0.11562500000000005 0.315625 0.11562500000000005 0.346875 0.18281250000000004 0.346875
2 0.17812500000000003 0.4140625 0.12812500000000004 0.4140625 0.12812500000000004 0.453125 0.17812500000000003 0.453125
2 0.09843750000000005 0.4359375 0.03593750000000005 0.4359375 0.03593750000000006 0.5015625 0.09843750000000007 0.5015625
2 0.07187500000000006 0.5375 0.018750000000000065 0.5375 0.01875000000000007 0.590625 0.07187500000000006 0.590625
2 0.12031250000000007 0.515625 0.048437500000000064 0.515625 0.048437500000000064 0.546875 0.12031250000000009 0.546875
2 0.11093750000000006 0.5421875 0.07187500000000006 0.5421875 0.07187500000000006 0.5953125 0.11093750000000009 0.5953125
2 0.12031250000000009 0.590625 0.06718750000000007 0.590625 0.06718750000000008 0.6359375 0.12031250000000009 0.6359375
2 0.16406250000000008 0.5875 0.11093750000000009 0.5875 0.11093750000000009 0.640625 0.16406250000000008 0.640625
2 0.18750000000000008 0.6453125 0.1375000000000001 0.6453125 0.1375000000000001 0.6671875 0.18750000000000008 0.6671875
2 0.20468750000000008 0.640625 0.1375000000000001 0.640625 0.1375000000000001 0.70625 0.20468750000000008 0.70625
2 0.2890625000000001 0.69375 0.2093750000000001 0.69375 0.2093750000000001 0.746875 0.2890625000000001 0.746875
2 0.2671875000000001 0.7203125 0.19531250000000008 0.7203125 0.19531250000000008 0.7953125 0.2671875000000001 0.7953125
2 0.23593750000000008 0.75625 0.1906250000000001 0.75625 0.1906250000000001 0.7953125 0.23593750000000008 0.7953125
2 0.2843750000000001 0.7734375 0.2312500000000001 0.7734375 0.2312500000000001 0.83125 0.2843750000000001 0.83125
2 0.3078125000000001 0.7515625 0.2453125000000001 0.7515625 0.2453125000000001 0.790625 0.3078125000000001 0.790625
2 0.3109375000000001 0.81875 0.2453125000000001 0.81875 0.2453125000000001 0.871875 0.3109375000000001 0.871875
2 0.3734375000000001 0.7828125 0.29375000000000007 0.7828125 0.29375000000000007 0.840625 0.3734375000000001 0.840625
2 0.42656250000000007 0.725 0.32500000000000007 0.725 0.32500000000000007 0.8046875 0.4265625000000002 0.8046875
2 0.44062500000000016 0.7640625 0.3781250000000001 0.7640625 0.3781250000000001 0.8140625 0.44062500000000016 0.8140625
2 0.48437500000000017 0.7515625 0.41718750000000016 0.7515625 0.41718750000000016 0.8265625 0.48437500000000017 0.8265625
2 0.5421875000000002 0.759375 0.4750000000000002 0.759375 0.4750000000000002 0.8265625 0.5421875000000002 0.8265625
2 0.5640625000000001 0.8171875 0.5250000000000001 0.8171875 0.5250000000000001 0.8671875 0.5640625000000001 0.8671875
2 0.5640625000000001 0.8625 0.5156250000000002 0.8625 0.5156250000000002 0.90625 0.5640625000000001 0.90625
2 0.6234375000000002 0.7953125 0.5609375000000002 0.7953125 0.5609375000000002 0.8625 0.6234375000000002 0.8625
2 0.6671875000000002 0.75625 0.6000000000000002 0.75625 0.6000000000000002 0.8359375 0.6671875000000002 0.8359375
2 0.7015625000000002 0.83125 0.6359375000000002 0.83125 0.6359375000000002 0.884375 0.7015625000000002 0.884375
2 0.7250000000000002 0.790625 0.6625000000000002 0.790625 0.6625000000000002 0.8625 0.7250000000000002 0.8625
2 0.7281250000000001 0.7468750000000001 0.6625000000000002 0.746875 0.6625000000000002 0.7953125000000001 0.7281250000000001 0.7953125000000002
2 0.7828125000000001 0.7515625000000001 0.7250000000000002 0.7515625 0.7250000000000002 0.8171875 0.7828125000000001 0.8171875
2 0.8171875 0.7328125000000002 0.7515625000000001 0.7328125000000002 0.7515625000000001 0.7953125000000002 0.8171875 0.7953125000000002
2 0.8484375 0.7109375000000002 0.8046875 0.7109375000000002 0.8046875 0.7687500000000002 0.8484375 0.7687500000000002
2 0.875 0.7109375000000002 0.809375 0.7109375000000002 0.809375 0.7562500000000002 0.875 0.7562500000000002
2 0.9875 0.6625000000000002 0.925 0.6625000000000002 0.925 0.7109375000000002 0.9875 0.7109375000000002
2 0.9953125 0.6218750000000002 0.9515625 0.6218750000000002 0.9515625 0.6625000000000002 0.9953125 0.6625000000000002
2 0.96875 0.6046875000000002 0.90625 0.6046875000000002 0.90625 0.6703125000000002 0.96875 0.6703125000000002
2 0.928125 0.6171875000000002 0.8578125 0.6171875000000002 0.8578125 0.6890625000000001 0.928125 0.6890625000000001
2 0.9953125 0.5562500000000001 0.925 0.5562500000000001 0.925 0.6140625000000002 0.9953125 0.6140625000000002
2 0.9828125 0.5109375000000002 0.9375 0.5109375000000002 0.9375 0.5421875000000002 0.9828125 0.5421875000000002
2 0.9953125 0.4000000000000002 0.9375 0.4000000000000002 0.9375 0.47968750000000016 0.9953125 0.47968750000000016
2 0.9953125 0.3375000000000001 0.946875 0.3375000000000001 0.946875 0.3906250000000001 0.9953125 0.3906250000000001
2 0.9640625 0.32500000000000007 0.8984375 0.32500000000000007 0.8984375 0.3609375000000001 0.9640625 0.3609375000000001
2 0.43125 0.17812500000000003 0.3734375 0.17812500000000003 0.3734375 0.23593750000000008 0.43125 0.23593750000000008
2 0.8796875 0.2234375000000001 0.471875 0.2234375000000001 0.471875 0.41875000000000007 0.8796875 0.4187500000000002
2 0.9421875 0.3296875000000001 0.746875 0.3296875000000001 0.746875 0.6140625000000002 0.9421875 0.6140625000000002
2 0.925 0.5375000000000001 0.684375 0.5375 0.684375 0.6796875000000001 0.925 0.6796875000000002
2 0.83125 0.6046875 0.5640625 0.6046875 0.5640625000000001 0.7468750000000001 0.83125 0.7468750000000002
2 0.7078125000000001 0.5421875 0.38750000000000007 0.5421875 0.38750000000000007 0.7734375 0.7078125000000002 0.7734375
2 0.640625 0.2890625000000001 0.484375 0.2890625000000001 0.484375 0.6671875 0.640625 0.6671875
2 0.7515625 0.3468750000000001 0.640625 0.3468750000000001 0.640625 0.6312500000000001 0.7515625 0.6312500000000002
2 0.4984375000000001 0.2484375000000001 0.3828125 0.2484375000000001 0.38281250000000006 0.75625 0.4984375000000002 0.75625
2 0.39531250000000007 0.30781250000000004 0.271875 0.3078125 0.27187500000000003 0.734375 0.39531250000000007 0.734375
2 0.2984375000000001 0.4140625 0.19531250000000006 0.4140625 0.19531250000000006 0.70625 0.2984375000000001 0.70625
2 0.3343750000000001 0.503125 0.13437500000000005 0.503125 0.13437500000000008 0.6453125 0.3343750000000001 0.6453125
2 0.41875 0.471875 0.18281250000000004 0.471875 0.18281250000000007 0.5828125 0.41875 0.5828125
2 0.3921875 0.35156250000000006 0.2453125 0.3515625 0.24531250000000004 0.4890625 0.3921875000000001 0.4890625