2 0.31718750000000007 0.3484375 0.15625000000000006 0.3484375 0.15625000000000006 0.7234375 0.31718750000000007 0.7234375
2 0.45625 0.425 0.3265625000000001 0.425 0.3265625000000001 0.7140625 0.45625 0.7140625
2 0.5765625 0.4734375 0.45625 0.4734375 0.45625 0.696875 0.5765625 0.696875
2 0.6796875 0.4828125 0.58125 0.4828125 0.58125 0.6875 0.6796875 0.6875
2 0.7765625 0.5046875000000001 0.678125 0.5046875 0.678125 0.6875000000000001 0.7765625 0.6875000000000002
2 0.865625 0.5234375000000002 0.7859375 0.5234375000000002 0.7859375 0.6796875000000002 0.865625 0.6796875000000002
5 0.8609375 0.45625000000000016 0.790625 0.45625000000000016 0.790625 0.5234375000000002 0.8609375 0.5234375000000002
5 0.7640625 0.4328125000000001 0.696875 0.4328125 0.696875 0.5000000000000001 0.7640625 0.5000000000000002
5 0.665625 0.4109375 0.59375 0.4109375 0.59375 0.48125 0.665625 0.48125
5 0.553125 0.40625 0.478125 0.40625 0.478125 0.478125 0.553125 0.478125
5 0.4234375 0.34843750000000007 0.353125 0.3484375 0.353125 0.415625 0.4234375 0.415625
5 0.271875 0.28125 0.19687500000000005 0.28125 0.19687500000000005 0.353125 0.271875 0.353125