2 0.853125 0.6187500000000001 0.696875 0.61875 0.6968750000000001 0.7937500000000001 0.853125 0.7937500000000002
2 0.9171875 0.6250000000000002 0.86875 0.6250000000000002 0.86875 0.7046875000000001 0.9171875 0.7046875000000001
2 0.828125 0.6078125000000002 0.8046875 0.6078125000000002 0.8046875 0.6718750000000002 0.828125 0.6718750000000002
2 0.8609375 0.5656250000000002 0.7984375 0.5656250000000002 0.7984375 0.6140625000000002 0.8609375 0.6140625000000002
2 0.790625 0.6031250000000001 0.7421875 0.6031250000000001 0.7421875 0.6671875000000002 0.790625 0.6671875000000002
2 0.9140625 0.5453125000000002 0.884375 0.5453125000000002 0.884375 0.5984375000000002 0.9140625 0.5984375000000002
2 0.86875 0.4656250000000002 0.8125 0.4656250000000002 0.8125 0.5296875000000002 0.86875 0.5296875000000002
2 0.85 0.4500000000000002 0.8015625 0.4500000000000002 0.8015625 0.49218750000000017 0.85 0.49218750000000017
2 0.9703125 0.4125000000000002 0.8984375 0.4125000000000002 0.8984375 0.5296875000000002 0.9703125 0.5296875000000002
2 0.94375 0.3656250000000001 0.775 0.3656250000000001 0.775 0.4968750000000002 0.94375 0.4968750000000002
2 0.884375 0.30156250000000007 0.79375 0.30156250000000007 0.79375 0.3812500000000001 0.884375 0.3812500000000001
2 0.9171875 0.3437500000000001 0.865625 0.3437500000000001 0.865625 0.4390625000000002 0.9171875 0.4390625000000002
2 0.8203125 0.2656250000000001 0.7421875 0.2656250000000001 0.7421875 0.3078125000000001 0.8203125 0.3078125000000001
2 0.85 0.2390625000000001 0.8125 0.2390625000000001 0.8125 0.3078125000000001 0.85 0.3078125000000001
2 0.8984375 0.2015625000000001 0.828125 0.2015625000000001 0.828125 0.2750000000000001 0.8984375 0.2750000000000001
2 0.7609375 0.31718750000000007 0.7421875 0.31718750000000007 0.7421875 0.3546875000000001 0.7609375 0.3546875000000001
2 0.7640625 0.3765625000000001 0.753125 0.3765625000000001 0.753125 0.3921875000000001 0.7640625 0.3921875000000001
2 0.734375 0.3593750000000001 0.6546875 0.3593750000000001 0.6546875 0.4234375000000001 0.734375 0.4234375000000002
2 0.771875 0.4140625000000001 0.7078125 0.4140625 0.7078125 0.4718750000000001 0.771875 0.47187500000000016
2 0.7421875 0.4718750000000001 0.625 0.471875 0.625 0.5828125000000001 0.7421875 0.5828125000000002
2 0.6859375000000001 0.571875 0.546875 0.571875 0.5468750000000001 0.771875 0.6859375000000002 0.771875
2 0.5625000000000001 0.6875 0.5171875 0.6875 0.5171875000000001 0.7515625 0.5625000000000002 0.7515625
2 0.5062500000000001 0.6453125 0.3750000000000001 0.6453125 0.3750000000000001 0.778125 0.5062500000000002 0.778125
2 0.546875 0.503125 0.3968750000000001 0.503125 0.3968750000000001 0.6140625 0.546875 0.6140625
2 0.64375 0.4703125 0.3750000000000001 0.4703125 0.3750000000000001 0.640625 0.64375 0.640625
2 0.7265625 0.3812500000000001 0.434375 0.3812500000000001 0.434375 0.49687500000000007 0.7265625 0.4968750000000002
2 0.3671875000000001 0.6359375 0.23593750000000008 0.6359375 0.23593750000000008 0.8 0.3671875000000001 0.8
2 0.3187500000000001 0.7296875 0.2890625000000001 0.7296875 0.2890625000000001 0.79375 0.3187500000000001 0.79375
2 0.3593750000000001 0.4921875 6.027558464553379e-17 0.4921875 7.54879941036923e-17 0.740625 0.3593750000000001 0.740625
2 0.13906250000000003 0.48125 0.11250000000000004 0.48125 0.11250000000000004 0.51875 0.13906250000000003 0.51875
2 0.3296875000000001 0.48125 0.2062500000000001 0.48125 0.2062500000000001 0.534375 0.3296875000000001 0.534375
2 0.3750000000000001 0.4546875 0.2921875000000001 0.4546875 0.2921875000000001 0.5296875 0.3750000000000001 0.5296875
2 0.35937500000000006 0.3390625 0.17187500000000006 0.3390625 0.17187500000000006 0.496875 0.3593750000000001 0.496875
2 0.45 0.37031250000000004 0.3218750000000001 0.3703125 0.3218750000000001 0.465625 0.45 0.465625
2 0.490625 0.31250000000000006 0.340625 0.3125 0.34062500000000007 0.38125000000000003 0.490625 0.3812500000000001
2 0.5359375 0.24843750000000003 0.3515625 0.2484375 0.35156250000000006 0.3765625 0.5359375 0.3765625000000001
2 0.5359375 0.2750000000000001 0.50625 0.2750000000000001 0.50625 0.3390625000000001 0.5359375 0.3390625000000001
2 0.6171875 0.2906250000000001 0.5359375 0.2906250000000001 0.5359375 0.3812500000000001 0.6171875 0.3812500000000001
2 0.6515625 0.25468750000000007 0.5875 0.25468750000000007 0.5875 0.30156250000000007 0.6515625 0.30156250000000007
2 0.7421875 0.27031250000000007 0.6515625 0.27031250000000007 0.6515625 0.3390625000000001 0.7421875 0.3390625000000001
2 0.828125 0.1687500000000001 0.7234375 0.1687500000000001 0.7234375 0.2593750000000001 0.828125 0.2593750000000001
2 0.7453125 0.14218750000000008 0.5875 0.14218750000000008 0.5875 0.2328125000000001 0.7453125 0.2328125000000001
2 0.6671875 0.1593750000000001 0.5578125 0.1593750000000001 0.5578125 0.25468750000000007 0.6671875 0.25468750000000007
2 0.56875 0.17500000000000007 0.4609375 0.17500000000000004 0.4609375 0.2484375000000001 0.56875 0.2484375000000001
2 0.5546875 0.13750000000000007 0.5390625 0.13750000000000004 0.5390625 0.17500000000000007 0.5546875 0.1750000000000001
2 0.5921875 0.07968750000000006 0.54375 0.07968750000000006 0.54375 0.13281250000000006 0.5921875 0.13281250000000008
2 0.621875 0.037500000000000075 0.5953125 0.037500000000000075 0.5953125 0.08437500000000006 0.621875 0.08437500000000006
2 0.6890625 0.10000000000000009 0.5875 0.10000000000000009 0.5875 0.1750000000000001 0.6890625 0.1750000000000001
2 0.53125 0.08593750000000006 0.434375 0.08593750000000004 0.434375 0.17031250000000003 0.53125 0.17031250000000003
2 0.471875 0.037500000000000054 0.453125 0.037500000000000054 0.453125 0.09062500000000005 0.471875 0.09062500000000007
2 0.4125 0.11562500000000005 0.321875 0.11562500000000005 0.321875 0.21718750000000003 0.4125 0.2171875000000001
2 0.3859375 0.19531250000000006 0.31875 0.19531250000000006 0.31875 0.24843750000000003 0.3859375 0.2484375000000001
2 0.5125 0.21093750000000008 0.378125 0.21093750000000008 0.378125 0.3125000000000001 0.5125 0.3125000000000001
2 0.3078125 0.17500000000000004 0.2171875 0.17500000000000004 0.2171875 0.2640625 0.3078125 0.2640625
2 0.3265625 0.259375 0.259375 0.259375 0.259375 0.3015625 0.3265625 0.3015625
2 0.3109375 0.3015625 0.2328125 0.3015625 0.2328125 0.34375 0.3109375 0.34375
2 0.23593750000000005 0.259375 0.09687500000000002 0.259375 0.09687500000000003 0.3703125 0.23593750000000008 0.3703125
2 0.15781250000000005 0.2234375 0.09687500000000002 0.2234375 0.09687500000000002 0.265625 0.15781250000000005 0.265625
2 0.12656250000000005 0.30625 0.007812500000000038 0.30625 0.007812500000000045 0.434375 0.12656250000000005 0.434375