2 0.996875 0.12031250000000011 0.8515625 0.12031250000000009 0.8515625 0.971875 0.996875 0.971875
2 0.9671875 0.06562500000000011 0.840625 0.06562500000000011 0.840625 0.5031250000000002 0.9671875 0.5031250000000002
2 0.93125 0.01718750000000011 0.8296875 0.0171875000000001 0.8296875 0.4437500000000002 0.93125 0.4437500000000002
2 0.8515625 0.12500000000000008 0.70625 0.12500000000000008 0.70625 0.9671875 0.8515625 0.9671875
2 0.8140625 0.06562500000000009 0.6984375 0.06562500000000009 0.6984375 0.4859375000000001 0.8140625 0.4859375000000002
2 0.7890625 0.01562500000000009 0.684375 0.015625000000000083 0.684375 0.42656250000000007 0.7890625 0.4265625000000002
2 0.7015625000000001 0.12656250000000008 0.55625 0.12656250000000008 0.5562500000000001 0.9625 0.7015625000000002 0.9625
2 0.66875 0.06562500000000007 0.55625 0.06562500000000007 0.55625 0.496875 0.66875 0.496875
2 0.6484375 0.01718750000000007 0.55 0.017187500000000067 0.55 0.421875 0.6484375 0.421875
2 0.5484375000000001 0.12656250000000008 0.4 0.12656250000000005 0.4000000000000001 0.9625 0.5484375000000001 0.9625
2 0.553125 0.07656250000000006 0.4109375 0.07656250000000005 0.4109375 0.4921875 0.553125 0.4921875
2 0.5453125 0.017187500000000057 0.4140625 0.01718750000000005 0.4140625 0.3781250000000001 0.5453125 0.3781250000000001
2 0.4000000000000001 0.12656250000000005 0.246875 0.12656250000000005 0.24687500000000004 0.9625 0.4000000000000002 0.9625
2 0.4 0.06562500000000004 0.2953125 0.06562500000000004 0.29531250000000003 0.4921875 0.4 0.4921875
2 0.4109375 0.017187500000000043 0.3125 0.01718750000000004 0.31250000000000006 0.421875 0.4109375 0.421875
2 0.25468750000000007 0.12031250000000002 0.09062500000000002 0.1203125 0.09062500000000007 0.9671875 0.25468750000000007 0.9671875
2 0.26875000000000004 0.07031250000000003 0.1421875 0.07031250000000003 0.14218750000000002 0.503125 0.2687500000000001 0.503125
2 0.27656250000000004 0.021875000000000026 0.1671875 0.021875000000000023 0.16718750000000002 0.4421875 0.2765625000000001 0.4421875
2 0.12031250000000002 0.021875000000000012 0.025 0.021875000000000006 0.02500000000000003 0.409375 0.12031250000000004 0.409375
2 0.10937500000000003 0.07031250000000001 8.610797806504827e-18 0.0703125 3.5112919944303015e-17 0.503125 0.10937500000000004 0.503125
2 0.10468750000000007 0.1078125 1.3203223303307403e-17 0.1078125 6.611179204772041e-17 0.971875 0.10468750000000013 0.971875