2 0.3921875000000001 0.7296875 0.1921875000000001 0.7296875 0.19218750000000012 0.9953125 0.3921875000000001 0.9953125
2 0.5828125000000001 0.703125 0.3906250000000001 0.703125 0.3906250000000001 0.95625 0.5828125000000002 0.95625
2 0.7828125000000001 0.6531250000000001 0.5828125 0.653125 0.5828125000000001 0.903125 0.7828125000000001 0.903125
2 0.8140625 0.5906250000000002 0.778125 0.5906250000000002 0.7781250000000001 0.8 0.8140625 0.8
2 0.7328125 0.3687500000000001 0.5421875 0.3687500000000001 0.5421875 0.6265625000000001 0.7328125 0.6265625000000001
2 0.5375 0.37812500000000004 0.3421875000000001 0.378125 0.3421875000000001 0.653125 0.5375 0.653125
2 0.6140625 0.05781250000000006 0.4 0.057812500000000044 0.4 0.3203125000000001 0.6140625 0.3203125000000001
3 0.7296875 0.29375000000000007 0.5421875 0.29375000000000007 0.5421875 0.3781250000000001 0.7296875 0.3781250000000001
3 0.8046875 0.5109375 0.653125 0.5109375 0.653125 0.5953125000000001 0.8046875 0.5953125000000001
3 0.7734375 0.5921875000000001 0.5953125 0.5921875 0.5953125 0.6812500000000001 0.7734375 0.6812500000000001
3 0.5375 0.30781250000000004 0.3421875 0.3078125 0.34218750000000003 0.3921875 0.5375 0.3921875000000001
3 0.6046875 6.31458505810354e-17 0.4265625 5.223884002612928e-17 0.4265625 0.05781250000000006 0.6046875 0.057812500000000065
3 0.5875 0.621875 0.39531250000000007 0.621875 0.39531250000000007 0.715625 0.5875 0.715625
3 0.38750000000000007 0.63125 0.18750000000000008 0.63125 0.18750000000000008 0.7421875 0.38750000000000007 0.7421875
3 0.3515625000000001 0.55625 0.2406250000000001 0.55625 0.2406250000000001 0.6359375 0.3515625000000001 0.6359375