2 0.996875 0.9015625 0.9421875 0.9015625 0.9421875 0.9953125 0.996875 0.9953125
2 0.9453125 0.7812500000000002 0.8984375 0.7812500000000002 0.8984375 0.846875 0.9453125 0.846875
2 0.953125 0.8640625 0.84375 0.8640625 0.84375 0.9953125 0.953125 0.9953125
2 0.884375 0.825 0.7140625000000002 0.825 0.7140625000000002 0.9953125 0.884375 0.9953125
2 0.6843750000000002 0.896875 0.5296875000000002 0.896875 0.5296875000000002 0.9953125 0.6843750000000002 0.9953125
2 0.7468750000000002 0.8421875 0.6625000000000002 0.8421875 0.6625000000000002 0.9953125 0.7468750000000002 0.9953125
2 0.5328125000000001 0.875 0.3734375000000001 0.875 0.3734375000000001 0.9953125 0.5328125000000001 0.9953125
2 0.5875000000000001 0.803125 0.4890625000000002 0.803125 0.4890625000000002 0.9671875 0.5875000000000001 0.9671875
2 0.7000000000000001 0.7046875 0.565625 0.7046875 0.565625 0.8859375 0.7000000000000002 0.8859375
2 0.8734375 0.6562500000000001 0.709375 0.65625 0.7093750000000001 0.8140625 0.8734375 0.8140625
2 0.996875 0.6390625000000002 0.8875 0.6390625000000002 0.8875 0.7656250000000002 0.996875 0.7656250000000002
2 0.90625 0.5843750000000002 0.821875 0.5843750000000002 0.821875 0.6781250000000002 0.90625 0.6781250000000002
2 0.996875 0.4968750000000002 0.9015625 0.4968750000000002 0.9015625 0.6609375000000002 0.996875 0.6609375000000002
2 0.996875 0.3828125000000001 0.9171875 0.3828125000000001 0.9171875 0.5250000000000001 0.996875 0.5250000000000001
2 0.8921875 0.3390625000000001 0.746875 0.3390625000000001 0.746875 0.46406250000000016 0.8921875 0.46406250000000016
2 0.996875 0.05468750000000011 0.88125 0.05468750000000011 0.88125 0.2234375000000001 0.996875 0.2234375000000001
2 0.88125 0.10312500000000009 0.7796875 0.10312500000000009 0.7796875 0.2843750000000001 0.88125 0.2843750000000001
2 0.81875 0.0046875000000000935 0.7171875 0.004687500000000087 0.7171875 0.16406250000000008 0.81875 0.16406250000000008
2 0.7828125 0.03906250000000009 0.6703125 0.039062500000000076 0.6703125 0.23593750000000008 0.7828125 0.23593750000000008
2 0.76875 0.3765625000000001 0.6671875 0.3765625000000001 0.6671875 0.5578125 0.76875 0.5578125000000002
2 0.815625 0.5140625000000001 0.7203125 0.5140625 0.7203125 0.5906250000000001 0.815625 0.5906250000000002
2 0.84375 0.5734375000000002 0.728125 0.5734375000000002 0.728125 0.6828125000000002 0.84375 0.6828125000000002
2 0.7140625 0.5515625 0.6453125 0.5515625 0.6453125 0.65625 0.7140625 0.65625
2 0.6562500000000001 0.6015625 0.5359375 0.6015625 0.5359375000000001 0.7265625 0.6562500000000002 0.7265625
2 0.5578125 0.5734375 0.4609375 0.5734375 0.4609375 0.69375 0.5578125 0.69375
2 0.5328125000000001 0.6890625 0.428125 0.6890625 0.4281250000000001 0.9234375 0.5328125000000001 0.9234375
2 0.45000000000000007 0.590625 0.34843750000000007 0.590625 0.34843750000000007 0.7703125 0.4500000000000002 0.7703125
2 0.4281250000000002 0.7375 0.3656250000000001 0.7375 0.3656250000000001 0.809375 0.4281250000000002 0.809375
2 0.3984375000000001 0.8578125 0.3046875000000001 0.8578125 0.3046875000000001 0.9953125 0.3984375000000001 0.9953125
2 0.3218750000000001 0.7765625 0.2718750000000001 0.7765625 0.2718750000000001 0.8859375 0.3218750000000001 0.8859375
2 0.3265625000000001 0.6828125 0.2718750000000001 0.6828125 0.2718750000000001 0.803125 0.3265625000000001 0.803125
2 0.2687500000000001 0.6125 0.07656250000000006 0.6125 0.07656250000000009 0.934375 0.2687500000000001 0.934375
2 0.05781250000000006 0.3015625 3.693075503678737e-17 0.3015625 4.6976685811043e-17 0.465625 0.057812500000000065 0.465625
2 0.321875 0.037500000000000026 0.065625 0.03750000000000001 0.06562500000000003 0.48125 0.3218750000000001 0.48125
2 0.4625 4.5158850718558645e-17 0.275 3.367778697655221e-17 0.275 0.13593750000000004 0.4625 0.13593750000000004
2 0.5359375 6.142369101973443e-17 0.4671875 5.72139676476654e-17 0.4671875 0.13593750000000004 0.5359375 0.13593750000000004
2 0.1 7.845393557037732e-18 0.028125 3.444319122601931e-18 0.028125000000000004 0.08125000000000002 0.1 0.08125000000000002
2 0.050000000000000024 0.1421875 1.741294667537643e-17 0.1421875 2.210104770336239e-17 0.21875 0.050000000000000024 0.21875
2 0.07656250000000007 0.5515625 6.754692501547121e-17 0.5515625 7.596637175960925e-17 0.6890625 0.07656250000000009 0.6890625
2 0.23593750000000008 0.4703125 0.057812500000000065 0.4703125 0.057812500000000065 0.6234375 0.23593750000000008 0.6234375
2 0.021875000000000092 0.7046875 8.629932912741505e-17 0.7046875 8.96479727188336e-17 0.759375 0.021875000000000096 0.759375
2 0.2640625000000001 0.503125 0.23593750000000008 0.503125 0.23593750000000008 0.56875 0.2640625000000001 0.56875
2 0.3218750000000001 0.4375 0.2390625000000001 0.4375 0.2390625000000001 0.4921875 0.3218750000000001 0.4921875
2 0.3765625000000001 0.503125 0.28593750000000007 0.503125 0.28593750000000007 0.6390625 0.3765625000000001 0.6390625
2 0.4359375 0.4109375 0.35625000000000007 0.4109375 0.35625000000000007 0.5421875 0.4359375 0.5421875
2 0.45625 0.30625 0.3375 0.30625 0.3375 0.453125 0.45625 0.453125
2 0.5765625 0.30156250000000007 0.4453125 0.30156250000000007 0.4453125 0.4546875 0.5765625 0.4546875
2 0.56875 0.37187500000000007 0.43125 0.37187500000000007 0.43125 0.540625 0.56875 0.540625
2 0.5078125 0.48125 0.4234375 0.48125 0.4234375 0.5796875 0.5078125 0.5796875
2 0.7140625 0.37187500000000007 0.5578125 0.37187500000000007 0.5578125 0.5796875 0.7140625 0.5796875
2 0.703125 0.1687500000000001 0.56875 0.1687500000000001 0.56875 0.26250000000000007 0.703125 0.26250000000000007
2 0.6953125 0.05000000000000008 0.5984375 0.050000000000000065 0.5984375 0.1703125000000001 0.6953125 0.1703125000000001