2 0.88125 0.3312500000000001 0.696875 0.3312500000000001 0.6968750000000001 0.83125 0.88125 0.83125
2 0.7562500000000001 0.6265625000000001 0.571875 0.6265625 0.5718750000000001 0.8671875 0.7562500000000002 0.8671875
2 0.6156250000000001 0.3625000000000001 0.3921875 0.3625000000000001 0.3921875 0.8265625 0.6156250000000002 0.8265625
2 0.728125 0.19218750000000007 0.5234375 0.19218750000000004 0.5234375 0.5781250000000001 0.728125 0.5781250000000002
2 0.46875 0.25312500000000004 0.3046875 0.253125 0.30468750000000006 0.5171875 0.46875 0.5171875
2 0.4437500000000001 0.578125 0.18750000000000008 0.578125 0.18750000000000008 0.8734375 0.4437500000000002 0.8734375
2 0.3437500000000001 0.36875 0.11250000000000004 0.36875 0.11250000000000007 0.8203125 0.3437500000000001 0.8203125
3 0.7359375 0.565625 0.5921875 0.565625 0.5921875 0.6328125000000001 0.7359375 0.6328125000000002
3 0.8765625 0.2718750000000001 0.7 0.2718750000000001 0.7 0.32500000000000007 0.8765625 0.32500000000000007
3 0.715625 0.12656250000000008 0.5359375 0.12656250000000005 0.5359375 0.19843750000000007 0.715625 0.1984375000000001
3 0.596875 0.2953125000000001 0.4125 0.2953125000000001 0.4125 0.3671875000000001 0.596875 0.3671875000000001
3 0.471875 0.19218750000000004 0.3078125 0.19218750000000004 0.3078125 0.25312500000000004 0.471875 0.2531250000000001
3 0.44375 0.4875 0.18750000000000006 0.4875 0.18750000000000006 0.596875 0.44375 0.596875