2 0.959375 0.1750000000000001 0.8 0.1750000000000001 0.8 0.9671875 0.959375 0.9671875
2 0.996875 0.3390625000000001 0.95625 0.3390625000000001 0.95625 0.9609375 0.996875 0.9609375
2 0.8515625 0.26250000000000007 0.8 0.26250000000000007 0.8 0.5031250000000002 0.8515625 0.5031250000000002
2 0.7968750000000001 0.2296875000000001 0.646875 0.2296875000000001 0.6468750000000001 0.9671875 0.7968750000000002 0.9671875
2 0.6546875000000001 0.2578125000000001 0.5234375 0.2578125000000001 0.5234375000000001 0.9734375 0.6546875000000002 0.9734375
2 0.6578125 0.028125000000000074 0.5015625 0.028125000000000067 0.5015625 0.584375 0.6578125 0.584375
2 0.5234375000000001 0.05000000000000006 0.3671875 0.050000000000000044 0.36718750000000006 0.9953125 0.5234375000000002 0.9953125
2 0.41875000000000007 0.16406250000000006 0.2359375 0.16406250000000006 0.23593750000000005 0.99375 0.4187500000000002 0.99375
2 0.2984375 0.05000000000000003 0.1859375 0.050000000000000024 0.18593750000000003 0.5515625 0.2984375000000001 0.5515625
2 0.24687500000000004 0.12031250000000002 0.09062500000000002 0.1203125 0.09062500000000007 0.99375 0.2468750000000001 0.99375
2 0.14843750000000006 9.089175462421766e-18 0 0 6.084963783263412e-17 0.99375 0.14843750000000014 0.99375