2 0.9734375 0.45625000000000016 0.8171875 0.45625000000000016 0.8171875 0.8 0.9734375 0.8
2 0.809375 0.4203125000000001 0.640625 0.4203125 0.6406250000000001 0.7953125000000001 0.809375 0.7953125000000002
2 0.6453125 0.3890625000000001 0.471875 0.3890625000000001 0.471875 0.665625 0.6453125 0.665625
2 0.4453125 0.35781250000000003 0.271875 0.3578125 0.27187500000000003 0.6203125 0.4453125 0.6203125
2 0.2671875 0.2859375 0.031250000000000035 0.2859375 0.03125000000000007 0.7859375 0.2671875000000001 0.7859375
2 0.2578125000000001 0.5140625 0.07031250000000007 0.5140625 0.07031250000000008 0.9015625 0.2578125000000001 0.9015625
2 0.4171875000000001 0.5484375 0.2578125000000001 0.5484375 0.2578125000000001 0.9109375 0.41718750000000016 0.9109375
2 0.5687500000000001 0.5984375 0.421875 0.5984375 0.4218750000000001 0.8921875 0.5687500000000002 0.8921875
2 0.7109375000000001 0.7015625 0.578125 0.7015625 0.5781250000000001 0.90625 0.7109375000000002 0.90625
5 0.7015625 0.5859375 0.578125 0.5859375 0.578125 0.70625 0.7015625 0.70625
5 0.7734375 0.3437500000000001 0.6796875 0.3437500000000001 0.6796875 0.4203125000000001 0.7734375 0.4203125000000002
5 0.946875 0.3750000000000001 0.84375 0.3750000000000001 0.84375 0.4515625000000002 0.946875 0.4515625000000002
5 0.5609375 0.4828125 0.440625 0.4828125 0.440625 0.59375 0.5609375 0.59375
5 0.5953125 0.31718750000000007 0.50625 0.31718750000000007 0.50625 0.38750000000000007 0.5953125 0.38750000000000007
5 0.409375 0.28125000000000006 0.315625 0.28125 0.315625 0.35781250000000003 0.409375 0.3578125000000001
5 0.4046875 0.4515625 0.2750000000000001 0.4515625 0.2750000000000001 0.5453125 0.4046875 0.5453125
5 0.2312500000000001 0.4015625 0.09687500000000004 0.4015625 0.09687500000000006 0.5140625 0.2312500000000001 0.5140625
5 0.19531250000000006 0.2046875 0.10312500000000005 0.2046875 0.10312500000000005 0.2859375 0.19531250000000006 0.2859375