2 0.81875 0.7156250000000001 0.55625 0.715625 0.5562500000000001 0.9953125 0.81875 0.9953125
2 0.996875 0.7375000000000002 0.8515625 0.7375000000000002 0.8515625 0.9953125 0.996875 0.9953125
2 0.996875 0.21875000000000008 0.846875 0.21875000000000008 0.846875 0.99375 0.996875 0.99375
2 0.8140625 0.503125 0.6 0.503125 0.6000000000000001 0.7875000000000001 0.8140625 0.7875000000000002
2 0.6328125000000001 0.3609375000000001 0.396875 0.3609375000000001 0.39687500000000003 0.99375 0.6328125000000002 0.99375
2 0.3609375000000001 0.6015625 0.15000000000000008 0.6015625 0.1500000000000001 0.9953125 0.3609375000000001 0.9953125
2 0.22187500000000004 0.334375 0.02187500000000004 0.334375 0.021875000000000082 0.9953125 0.2218750000000001 0.9953125
2 0.4000000000000001 0.2515625 0.2359375 0.2515625 0.23593750000000005 0.9828125 0.4000000000000002 0.9828125
2 0.5203125 0.09218750000000006 0.4 0.09218750000000005 0.4 0.56875 0.5203125 0.56875
2 0.2 0.14843750000000003 0.04062500000000002 0.1484375 0.040625000000000036 0.3453125 0.2 0.3453125
2 0.6875 0.1750000000000001 0.5484375 0.1750000000000001 0.5484375 0.525 0.6875 0.525
2 0.840625 0.2890625000000001 0.6796875 0.2890625000000001 0.6796875 0.503125 0.840625 0.5031250000000002