2 0.5843750000000001 0.4140625 0.30937500000000007 0.4140625 0.30937500000000007 0.8046875 0.5843750000000002 0.8046875
2 0.903125 0.2812500000000001 0.690625 0.2812500000000001 0.690625 0.41875000000000007 0.903125 0.4187500000000002
2 0.8234375 0.43437500000000007 0.6203125 0.434375 0.6203125 0.5437500000000001 0.8234375 0.5437500000000002
2 0.70625 0.5234375 0.6 0.5234375 0.6 0.5671875 0.70625 0.5671875
2 0.771875 0.3437500000000001 0.675 0.3437500000000001 0.675 0.38750000000000007 0.771875 0.38750000000000007
2 0.7765625 0.1921875000000001 0.7265625 0.1921875000000001 0.7265625 0.26250000000000007 0.7765625 0.26250000000000007
2 0.7046875 0.2296875000000001 0.6296875 0.2296875000000001 0.6296875 0.2890625000000001 0.7046875 0.2890625000000001
2 0.684375 0.29375000000000007 0.609375 0.29375000000000007 0.609375 0.3281250000000001 0.684375 0.3281250000000001
2 0.6140625 0.22187500000000004 0.2796875 0.221875 0.27968750000000003 0.4375 0.6140625 0.4375
2 0.32500000000000007 0.2703125 0.19218750000000004 0.2703125 0.19218750000000004 0.4109375 0.32500000000000007 0.4109375
2 0.20312500000000006 0.3203125 0.11718750000000004 0.3203125 0.11718750000000004 0.3953125 0.20312500000000008 0.3953125
2 0.15781250000000005 0.4015625 0.08125000000000004 0.4015625 0.08125000000000006 0.4765625 0.15781250000000005 0.4765625
2 0.2484375000000001 0.403125 0.14687500000000003 0.403125 0.14687500000000003 0.4578125 0.2484375000000001 0.4578125
2 0.3296875000000001 0.4328125 0.21875000000000008 0.4328125 0.21875000000000008 0.4921875 0.3296875000000001 0.4921875
2 0.32500000000000007 0.484375 0.2593750000000001 0.484375 0.2593750000000001 0.53125 0.32500000000000007 0.53125
2 0.4109375 0.546875 0.32500000000000007 0.546875 0.32500000000000007 0.6015625 0.4109375 0.6015625
2 0.17187500000000006 0.4921875 0.06093750000000007 0.4921875 0.06093750000000007 0.5890625 0.17187500000000008 0.5890625