2 0.946875 0.6187500000000001 0.6703125 0.61875 0.6703125 0.7031250000000001 0.946875 0.7031250000000002
2 0.83125 0.503125 0.6796875 0.503125 0.6796875 0.6531250000000001 0.83125 0.6531250000000002
2 0.7609375 0.4937500000000001 0.61875 0.49375 0.61875 0.5468750000000001 0.7609375 0.5468750000000002
2 0.81875 0.5328125000000001 0.640625 0.5328125 0.640625 0.6046875 0.81875 0.6046875000000002
2 0.7515625 0.3109375000000001 0.56875 0.3109375000000001 0.56875 0.5328125000000001 0.7515625 0.5328125000000001
2 0.6 0.24062500000000003 0.2578125 0.240625 0.25781250000000006 0.38750000000000007 0.6 0.38750000000000007
2 0.2125 0.25 0.031250000000000035 0.25 0.031250000000000035 0.3078125 0.2125 0.3078125
2 0.303125 0.253125 0.13906250000000003 0.253125 0.13906250000000003 0.3296875 0.303125 0.3296875
2 0.21250000000000005 0.315625 0.004687500000000039 0.315625 0.004687500000000044 0.3953125 0.21250000000000008 0.3953125
2 0.4453125 0.34218750000000003 0.19531250000000006 0.3421875 0.19531250000000006 0.4265625 0.4453125 0.4265625
2 0.49375 0.36875 0.29375000000000007 0.36875 0.29375000000000007 0.4625 0.49375 0.4625
2 0.6625 0.41875 0.3687500000000001 0.41875 0.3687500000000001 0.503125 0.6625 0.503125
2 0.3921875000000001 0.4671875 0.2453125000000001 0.4671875 0.2453125000000001 0.5515625 0.3921875000000001 0.5515625
2 0.484375 0.49375 0.33281250000000007 0.49375 0.33281250000000007 0.5640625 0.484375 0.5640625
2 0.63125 0.4984375 0.4671875 0.4984375 0.4671875 0.6 0.63125 0.6
2 0.6796875 0.55625 0.421875 0.55625 0.421875 0.715625 0.6796875 0.715625
2 0.6890625000000001 0.63125 0.4671875 0.63125 0.4671875000000001 0.7515625 0.6890625000000001 0.7515625
2 0.4625 0.5828125 0.20468750000000008 0.5828125 0.20468750000000008 0.6890625 0.4625 0.6890625
2 0.4843750000000001 0.671875 0.2093750000000001 0.671875 0.2093750000000001 0.809375 0.48437500000000017 0.809375
2 0.3390625000000001 0.6046875 0.1609375000000001 0.6046875 0.1609375000000001 0.7421875 0.3390625000000001 0.7421875
2 0.39531250000000007 0.5421875 0.14687500000000003 0.5421875 0.14687500000000006 0.609375 0.39531250000000007 0.609375
2 0.39531250000000007 0.475 0.12031250000000004 0.475 0.12031250000000004 0.5421875 0.39531250000000007 0.5421875
2 0.2093750000000001 0.4171875 0.04843750000000006 0.4171875 0.04843750000000006 0.4578125 0.2093750000000001 0.4578125
2 0.32500000000000007 0.43125 0.11562500000000005 0.43125 0.11562500000000005 0.475 0.32500000000000007 0.475
2 0.15468750000000006 0.3921875 0.004687500000000048 0.3921875 0.0046875000000000605 0.5921875 0.1546875000000001 0.5921875
2 0.17343750000000008 0.5203125 6.371990376813572e-17 0.5203125 7.319178135529103e-17 0.675 0.17343750000000008 0.675
2 0.19531250000000008 0.6046875 0.1296875000000001 0.6046875 0.1296875000000001 0.6484375 0.19531250000000008 0.6484375