2 0.7125000000000001 0.7875 0.5234375000000002 0.7875 0.5234375000000002 0.9375 0.7125000000000001 0.9375
2 0.7437500000000001 0.7171875000000001 0.56875 0.7171875 0.5687500000000001 0.7718750000000001 0.7437500000000001 0.7718750000000002
2 0.9953125 0.6125 0.6828125 0.6125 0.6828125 0.7406250000000001 0.9953125 0.7406250000000002
2 0.615625 0.6703125 0.4765625 0.6703125 0.4765625 0.725 0.615625 0.725
2 0.5390625 0.6125 0.4515625 0.6125 0.4515625 0.7015625 0.5390625 0.7015625
2 0.51875 0.596875 0.34843750000000007 0.596875 0.34843750000000007 0.6546875 0.51875 0.6546875
2 0.4718750000000001 0.7046875 0.4 0.7046875 0.4000000000000001 0.821875 0.47187500000000016 0.821875
2 0.3125000000000001 0.7203125 0.17968750000000008 0.7203125 0.17968750000000008 0.7828125 0.3125000000000001 0.7828125
2 0.2609375000000001 0.6390625 0.1281250000000001 0.6390625 0.1281250000000001 0.7484375 0.2609375000000001 0.7484375
2 0.1593750000000001 0.70625 8.649068018978182e-17 0.70625 9.146580781131793e-17 0.7875 0.1593750000000001 0.7875
2 0.3687500000000001 0.4875 0.05156250000000007 0.4875 0.05156250000000008 0.6359375 0.3687500000000001 0.6359375
2 0.4359375 0.434375 0.3125000000000001 0.434375 0.3125000000000001 0.565625 0.4359375 0.565625
2 0.8921875 0.4609375000000001 0.6828125 0.4609375 0.6828125 0.6046875 0.8921875 0.6046875000000002
2 0.9953125 0.4109375000000002 0.9078125 0.4109375000000002 0.9078125 0.5390625000000002 0.9953125 0.5390625000000002
2 0.9953125 0.3031250000000001 0.871875 0.3031250000000001 0.871875 0.3921875000000001 0.9953125 0.3921875000000001
2 0.9953125 0.2640625000000001 0.8921875 0.2640625000000001 0.8921875 0.3218750000000001 0.9953125 0.3218750000000001
2 0.9953125 0.11250000000000011 0.8921875 0.11250000000000009 0.8921875 0.2671875000000001 0.9953125 0.2671875000000001
2 0.9390625 0.015625000000000104 0.74375 0.01562500000000009 0.74375 0.0656250000000001 0.9390625 0.06562500000000011
2 0.8 0.05468750000000009 0.6875 0.05468750000000009 0.6875 0.10781250000000009 0.8 0.10781250000000009
2 0.8625 0.1390625000000001 0.6203125 0.1390625000000001 0.6203125 0.2328125000000001 0.8625 0.2328125000000001
2 0.640625 0.17031250000000006 0.4921875 0.17031250000000003 0.4921875 0.23593750000000008 0.640625 0.23593750000000008
2 0.5640625 0.2250000000000001 0.4515625 0.2250000000000001 0.4515625 0.2718750000000001 0.5640625 0.2718750000000001
2 0.7953125 0.2484375000000001 0.553125 0.2484375000000001 0.553125 0.32500000000000007 0.7953125 0.32500000000000007
2 0.815625 0.3140625000000001 0.7078125 0.3140625000000001 0.7078125 0.3765625000000001 0.815625 0.3765625000000001
2 0.74375 0.2593750000000001 0.48125 0.2593750000000001 0.48125 0.3687500000000001 0.74375 0.3687500000000001
2 0.5796875 0.2953125000000001 0.4453125 0.2953125000000001 0.4453125 0.3843750000000001 0.5796875 0.3843750000000001
2 0.784375 0.3453125000000001 0.5078125 0.3453125000000001 0.5078125 0.47343750000000007 0.784375 0.4734375000000002
2 0.85625 0.3687500000000001 0.7390625 0.3687500000000001 0.7390625 0.4812500000000002 0.85625 0.4812500000000002
2 0.4046875 0.24375000000000008 0.3640625 0.24375000000000008 0.3640625 0.2984375000000001 0.4046875 0.2984375000000001
2 0.4875 0.2562500000000001 0.415625 0.2562500000000001 0.415625 0.32500000000000007 0.4875 0.32500000000000007
2 0.6359375 0.03906250000000007 0.425 0.039062500000000056 0.425 0.15156250000000007 0.6359375 0.1515625000000001
2 0.4984375 0.057812500000000044 0.2421875 0.057812500000000024 0.2421875 0.21718750000000003 0.4984375 0.2171875000000001
2 0.2109375 0.24375 0.09218750000000002 0.24375 0.09218750000000003 0.3140625 0.2109375 0.3140625
2 0.21562500000000004 0.3296875 0.025000000000000043 0.3296875 0.02500000000000005 0.41875 0.2156250000000001 0.41875
2 0.35937500000000006 0.3609375 0.23125 0.3609375 0.23125000000000004 0.4421875 0.3593750000000001 0.4421875
2 0.08750000000000005 0.325 0.02031250000000004 0.325 0.020312500000000042 0.353125 0.08750000000000005 0.353125
2 0.040625000000000064 0.46875 0.010937500000000058 0.46875 0.010937500000000062 0.515625 0.040625000000000064 0.515625
2 0.11875000000000005 0.5125 0.07656250000000006 0.5125 0.07656250000000006 0.5359375 0.11875000000000005 0.5359375
2 0.18906250000000002 0.10000000000000002 1.2246467991473533e-17 0.1 2.0091861548511266e-17 0.228125 0.18906250000000005 0.228125
2 0.271875 0.08125000000000002 0.1390625 0.08125000000000002 0.13906250000000003 0.209375 0.271875 0.209375
2 0.35 3.7504808223887686e-17 0.2625 3.214697847761802e-17 0.2625 0.03906250000000004 0.35 0.03906250000000004
2 0.1796875 1.1002686086089501e-17 0 0 3.539994653785318e-18 0.05781250000000001 0.1796875 0.057812500000000024
2 0.04062500000000001 0.023437500000000003 2.8702659355016093e-18 0.0234375 5.7405318710032185e-18 0.0703125 0.04062500000000001 0.0703125