2 0.990625 0.7906250000000001 0.9109375 0.7906250000000001 0.9109375 0.9109375 0.990625 0.9109375
2 0.9953125 0.6546875000000002 0.8953125 0.6546875000000002 0.8953125 0.7656250000000002 0.9953125 0.7656250000000002
2 0.9953125 0.5953125000000001 0.9296875 0.5953125000000001 0.9296875 0.6453125000000002 0.9953125 0.6453125000000002
2 0.990625 0.5296875000000002 0.9359375 0.5296875000000002 0.9359375 0.6046875000000002 0.990625 0.6046875000000002
2 0.9 0.1859375000000001 0.825 0.1859375000000001 0.825 0.2609375000000001 0.9 0.2609375000000001
2 0.8796875 0.12031250000000009 0.8 0.12031250000000009 0.8 0.1906250000000001 0.8796875 0.1906250000000001
2 0.815625 0.0750000000000001 0.765625 0.0750000000000001 0.765625 0.12031250000000009 0.815625 0.12031250000000009
2 0.809375 9.3953371622086e-17 0.725 8.878689293818311e-17 0.725 0.050000000000000086 0.809375 0.050000000000000086
2 0.2796875 3.061616997868383e-17 0.2203125 2.6980499793715128e-17 0.2203125 0.05000000000000003 0.2796875 0.050000000000000044
2 0.15000000000000005 0.209375 0.07500000000000002 0.209375 0.07500000000000004 0.2953125 0.15000000000000005 0.2953125
2 0.1046875 0.045312500000000006 0.0296875 0.0453125 0.029687500000000012 0.165625 0.1046875 0.165625
2 0.2000000000000001 0.875 0.1546875000000001 0.875 0.15468750000000012 0.934375 0.2000000000000001 0.934375
2 0.15000000000000008 0.7 0.050000000000000086 0.7 0.050000000000000086 0.7796875 0.15000000000000008 0.7796875
2 0.3046875000000001 0.9203125 0.2250000000000001 0.9203125 0.2250000000000001 0.990625 0.3046875000000001 0.990625
2 0.3656250000000001 0.8859375 0.28593750000000007 0.8859375 0.28593750000000007 0.9609375 0.3656250000000001 0.9609375
2 0.4046875000000002 0.95 0.32500000000000007 0.95 0.32500000000000007 0.9953125 0.4046875000000002 0.9953125
2 0.47968750000000016 0.915625 0.3703125000000001 0.915625 0.3703125000000001 0.9953125 0.47968750000000016 0.9953125
2 0.6203125000000002 0.9453125 0.4750000000000002 0.9453125 0.4750000000000002 0.9953125 0.6203125000000002 0.9953125
2 0.6750000000000002 0.95 0.5796875000000001 0.95 0.5796875000000001 0.9953125 0.6750000000000002 0.9953125
2 0.7906250000000001 0.925 0.6703125000000002 0.925 0.6703125000000002 0.9953125 0.7906250000000001 0.9953125
2 0.834375 0.8796875 0.7250000000000002 0.8796875 0.7250000000000002 0.990625 0.834375 0.990625
2 0.890625 0.8453125 0.7906250000000001 0.8453125 0.7906250000000001 0.9453125 0.890625 0.9453125
2 0.9046875 0.7796875000000002 0.825 0.7796875000000002 0.825 0.8453125 0.9046875 0.8453125
2 0.9359375 0.3609375000000001 0.85625 0.3609375000000001 0.85625 0.45625000000000016 0.9359375 0.45625000000000016
2 0.940625 0.42500000000000016 0.890625 0.42500000000000016 0.890625 0.49531250000000016 0.940625 0.49531250000000016
2 0.8703125 0.2953125000000001 0.815625 0.2953125000000001 0.815625 0.3843750000000001 0.8703125 0.3843750000000001
2 0.14062500000000006 0.3 0.06562500000000004 0.3 0.06562500000000004 0.409375 0.14062500000000006 0.409375
2 0.10000000000000005 0.409375 0.04062500000000006 0.409375 0.04062500000000006 0.4703125 0.10000000000000005 0.4703125
2 0.15625000000000006 0.425 0.06093750000000005 0.425 0.060937500000000054 0.4953125 0.15625000000000006 0.4953125
2 0.17031250000000006 0.490625 0.07031250000000007 0.490625 0.07031250000000007 0.5859375 0.1703125000000001 0.5859375
2 0.15000000000000008 0.5796875 0.05468750000000007 0.5796875 0.054687500000000076 0.665625 0.15000000000000008 0.665625
2 0.2703125 0.11562500000000005 0.209375 0.11562500000000005 0.209375 0.240625 0.2703125 0.240625
2 0.3609375 0.05000000000000003 0.2609375 0.050000000000000024 0.2609375 0.12500000000000006 0.3609375 0.12500000000000006
2 0.375 4.1618856064773335e-17 0.3046875 3.731345716152092e-17 0.3046875 0.08437500000000005 0.375 0.08437500000000005
2 0.3703125 0.11093750000000005 0.290625 0.11093750000000005 0.290625 0.18593750000000003 0.3703125 0.18593750000000003
2 0.38125 0.17500000000000004 0.2859375 0.17500000000000004 0.2859375 0.23437500000000006 0.38125 0.23437500000000008
2 0.45 0.004687500000000051 0.3703125 0.004687500000000046 0.3703125 0.15468750000000003 0.45 0.15468750000000003
2 0.4953125 0.03593750000000005 0.434375 0.03593750000000005 0.434375 0.13593750000000004 0.4953125 0.13593750000000004
2 0.540625 6.09453133638175e-17 0.4546875 5.568315914873122e-17 0.4546875 0.09531250000000006 0.540625 0.09531250000000006
2 0.6109375 6.993881329505588e-17 0.53125 6.505936120470313e-17 0.53125 0.045312500000000075 0.6109375 0.045312500000000075
2 0.65625 7.759285578972683e-17 0.6109375 7.481826538540861e-17 0.6109375 0.02968750000000008 0.65625 0.02968750000000008
2 0.7203125 8.419446744138054e-17 0.6546875 8.017609513167828e-17 0.6546875 0.07031250000000008 0.7203125 0.07031250000000008
2 0.7046875 0.05937500000000008 0.615625 0.05937500000000007 0.615625 0.12031250000000009 0.7046875 0.12031250000000009
2 0.65 0.05000000000000008 0.559375 0.050000000000000065 0.559375 0.11562500000000009 0.65 0.11562500000000009
2 0.70625 0.11093750000000009 0.5609375 0.11093750000000009 0.5609375 0.16562500000000008 0.70625 0.16562500000000008
2 0.790625 0.09531250000000009 0.725 0.09531250000000009 0.725 0.1750000000000001 0.790625 0.1750000000000001
2 0.7546875 0.1453125000000001 0.6703125 0.1453125000000001 0.6703125 0.22031250000000008 0.7546875 0.22031250000000008
2 0.515625 0.14062500000000006 0.4109375 0.14062500000000006 0.4109375 0.19062500000000004 0.515625 0.19062500000000004
2 0.440625 0.17031250000000003 0.3703125 0.17031250000000003 0.3703125 0.2406250000000001 0.440625 0.2406250000000001
2 0.5109375 0.18437500000000004 0.4359375 0.18437500000000004 0.4359375 0.2453125000000001 0.5109375 0.2453125000000001
2 0.5796875 0.16093750000000007 0.4953125 0.16093750000000004 0.4953125 0.2406250000000001 0.5796875 0.2406250000000001
2 0.684375 0.1593750000000001 0.5703125 0.1593750000000001 0.5703125 0.2453125000000001 0.684375 0.2453125000000001
2 0.3703125 0.23125000000000004 0.284375 0.23125 0.284375 0.28593750000000007 0.3703125 0.28593750000000007
2 0.209375 0.2796875 0.15000000000000005 0.2796875 0.15000000000000005 0.3546875 0.209375 0.3546875
2 0.275 0.25 0.2 0.25 0.2 0.3296875 0.275 0.3296875
2 0.4453125 0.27031250000000007 0.2796875 0.2703125 0.27968750000000003 0.5046875 0.4453125 0.5046875
2 0.6296875 0.2453125000000001 0.390625 0.2453125000000001 0.39062500000000006 0.475 0.6296875 0.475
2 0.775 0.27031250000000007 0.615625 0.27031250000000007 0.615625 0.5093750000000001 0.775 0.5093750000000001
2 0.8 0.2000000000000001 0.665625 0.2000000000000001 0.665625 0.3750000000000001 0.8 0.3750000000000001
2 0.8796875 0.3703125000000001 0.6953125 0.3703125000000001 0.6953125 0.5906250000000001 0.8796875 0.5906250000000002
2 0.8953125 0.4359375000000002 0.8453125 0.4359375000000002 0.8453125 0.4906250000000002 0.8953125 0.4906250000000002
2 0.9203125 0.5406250000000001 0.790625 0.5406250000000001 0.790625 0.6859375000000002 0.9203125 0.6859375000000002
2 0.9 0.6062500000000001 0.7 0.60625 0.7000000000000001 0.8109375 0.9 0.8109375
2 0.7203125000000001 0.4546875 0.4796875 0.4546875 0.4796875000000001 0.75 0.7203125000000001 0.75
2 0.784375 0.690625 0.45 0.690625 0.45000000000000007 0.940625 0.7843750000000002 0.940625
2 0.5250000000000001 0.6359375 0.3000000000000001 0.6359375 0.3000000000000001 0.9359375 0.5250000000000001 0.9359375
2 0.5203125 0.4 0.2656250000000001 0.4 0.2656250000000001 0.684375 0.5203125 0.684375
2 0.25468750000000007 0.340625 0.14062500000000006 0.340625 0.14062500000000006 0.45 0.25468750000000007 0.45
2 0.2609375000000001 0.45 0.16093750000000004 0.45 0.16093750000000007 0.565625 0.2609375000000001 0.565625
2 0.2609375000000001 0.559375 0.15625000000000008 0.559375 0.15625000000000008 0.675 0.2609375000000001 0.675
2 0.3000000000000001 0.665625 0.17968750000000008 0.665625 0.17968750000000008 0.7953125 0.3000000000000001 0.7953125
2 0.28593750000000007 0.7703125 0.16562500000000008 0.7703125 0.16562500000000008 0.875 0.28593750000000007 0.875
2 0.2796875000000001 0.865625 0.19531250000000008 0.865625 0.1953125000000001 0.9453125 0.2796875000000001 0.9453125