2 0.9484375 0.2093750000000001 0.765625 0.2093750000000001 0.7656250000000001 0.859375 0.9484375 0.859375
2 0.7156250000000001 0.3453125000000001 0.571875 0.3453125000000001 0.5718750000000001 0.859375 0.7156250000000002 0.859375
2 0.5265625 0.440625 0.4109375 0.440625 0.41093750000000007 0.859375 0.5265625000000002 0.859375
2 0.3609375000000001 0.525 0.27031250000000007 0.525 0.27031250000000007 0.859375 0.3609375000000001 0.859375
2 0.2250000000000001 0.5875 0.1437500000000001 0.5875 0.1437500000000001 0.853125 0.2250000000000001 0.853125
2 0.10468750000000009 0.628125 0.04218750000000008 0.628125 0.042187500000000086 0.859375 0.10468750000000009 0.859375
3 0.8875 0.1468750000000001 0.821875 0.1468750000000001 0.821875 0.20312500000000008 0.8875 0.20312500000000008
3 0.678125 0.2828125000000001 0.6078125 0.2828125000000001 0.6078125 0.3500000000000001 0.678125 0.3500000000000001
3 0.4953125 0.3781250000000001 0.43125 0.3781250000000001 0.43125 0.446875 0.4953125 0.446875
3 0.3375000000000001 0.475 0.2875000000000001 0.475 0.2875000000000001 0.525 0.3375000000000001 0.525
3 0.2078125000000001 0.525 0.15781250000000005 0.525 0.15781250000000008 0.59375 0.2078125000000001 0.59375
3 0.08750000000000006 0.5765625 0.042187500000000065 0.5765625 0.04218750000000007 0.621875 0.08750000000000006 0.621875