2 0.925 0.3921875000000001 0.484375 0.3921875000000001 0.4843750000000001 0.81875 0.925 0.81875
2 0.5781250000000001 0.5734375 0.2218750000000001 0.5734375 0.2218750000000001 0.9328125 0.5781250000000002 0.9328125
2 0.5109375 0.18750000000000003 0.07968750000000002 0.1875 0.07968750000000005 0.671875 0.5109375 0.671875
3 0.8625 0.2890625000000001 0.546875 0.2890625000000001 0.546875 0.4093750000000001 0.8625 0.40937500000000016
3 0.4578125 0.07656250000000005 0.1375 0.07656250000000002 0.1375 0.1921875 0.4578125 0.19218750000000004
3 0.5375 0.4625 0.23593750000000008 0.4625 0.23593750000000008 0.6046875 0.5375 0.6046875
0 0.809375 0.5562500000000001 0.63125 0.55625 0.63125 0.7109375000000001 0.809375 0.7109375000000002
0 0.89375 0.4937500000000002 0.75625 0.4937500000000002 0.75625 0.6484375000000002 0.89375 0.6484375000000002
0 0.9078125 0.6312500000000002 0.8453125 0.6312500000000002 0.8453125 0.7015625000000002 0.9078125 0.7015625000000002
0 0.903125 0.6484375000000002 0.7875 0.6484375000000002 0.7875000000000001 0.7562500000000002 0.903125 0.7562500000000002
0 0.7859375000000001 0.6765625000000001 0.6359375 0.6765625 0.6359375 0.7609375 0.7859375000000002 0.7609375000000002
0 0.8 0.7328125000000001 0.6312500000000002 0.7328125 0.6312500000000002 0.7953125000000001 0.8 0.7953125000000002
0 0.8578125 0.7296875000000002 0.7781250000000002 0.7296875000000002 0.7781250000000002 0.7828125000000001 0.8578125 0.7828125000000001
0 0.6765625000000001 0.7203125 0.5921875 0.7203125 0.5921875000000001 0.778125 0.6765625000000002 0.778125
0 0.6453125000000001 0.578125 0.56875 0.578125 0.5687500000000001 0.75625 0.6453125000000002 0.75625
0 0.6796875 0.515625 0.5734375 0.515625 0.5734375 0.590625 0.6796875 0.590625
0 0.6671875 0.4890625 0.5515625 0.4890625 0.5515625 0.56875 0.6671875 0.56875
0 0.7640625 0.5015625000000001 0.6796875 0.5015625 0.6796875 0.5515625000000001 0.7640625 0.5515625000000002
0 0.50625 0.3687500000000001 0.4 0.3687500000000001 0.4 0.4578125 0.50625 0.4578125
0 0.43125 0.35156250000000006 0.3328125 0.3515625 0.33281250000000007 0.4046875 0.43125 0.4046875
0 0.36406250000000007 0.31562500000000004 0.2046875 0.315625 0.20468750000000005 0.36875 0.36406250000000007 0.3687500000000001
0 0.4125 0.39062500000000006 0.2890625000000001 0.390625 0.2890625000000001 0.4625 0.4125 0.4625
0 0.32500000000000007 0.421875 0.2218750000000001 0.421875 0.2218750000000001 0.4796875 0.32500000000000007 0.4796875
0 0.2890625000000001 0.3734375 0.15937500000000004 0.3734375 0.15937500000000004 0.421875 0.2890625000000001 0.421875
0 0.21406250000000004 0.346875 0.15625000000000006 0.346875 0.15625000000000006 0.378125 0.2140625000000001 0.378125
0 0.16562500000000005 0.3515625 0.10781250000000005 0.3515625 0.10781250000000005 0.4 0.16562500000000005 0.4
0 0.16562500000000005 0.4 0.10312500000000005 0.4 0.10312500000000005 0.5203125 0.16562500000000005 0.5203125
0 0.2406250000000001 0.4046875 0.16093750000000004 0.4046875 0.16093750000000004 0.515625 0.2406250000000001 0.515625
0 0.2500000000000001 0.49375 0.18750000000000006 0.49375 0.18750000000000006 0.609375 0.2500000000000001 0.609375
0 0.19218750000000007 0.5203125 0.10312500000000005 0.5203125 0.10312500000000006 0.5640625 0.1921875000000001 0.5640625
0 0.18281250000000007 0.525 0.10312500000000005 0.525 0.10312500000000006 0.590625 0.1828125000000001 0.590625
0 0.20468750000000008 0.5640625 0.10156250000000008 0.5640625 0.10156250000000008 0.63125 0.20468750000000008 0.63125
0 0.2093750000000001 0.5953125 0.10156250000000008 0.5953125 0.10156250000000008 0.6484375 0.2093750000000001 0.6484375