2 0.996875 6.104098889500089e-17 0 0 6.09453133638175e-17 0.9953125 0.996875 0.9953125
2 0.603125 0.4078125 0.5296875 0.4078125 0.5296875 0.5203125 0.603125 0.5203125
2 0.54375 0.5265625 0.4984375 0.5265625 0.4984375 0.609375 0.54375 0.609375
2 0.5984375 0.59375 0.540625 0.59375 0.540625 0.6453125 0.5984375 0.6453125
2 0.6953125 0.5671875 0.6328125 0.5671875 0.6328125 0.65 0.6953125 0.65
2 0.821875 0.6078125000000002 0.753125 0.6078125000000002 0.753125 0.6859375000000002 0.821875 0.6859375000000002
2 0.8265625 0.5515625000000002 0.7765625 0.5515625000000002 0.7765625 0.6343750000000001 0.8265625 0.6343750000000001
2 0.5984375 0.3046875000000001 0.50625 0.3046875000000001 0.50625 0.428125 0.5984375 0.428125
2 0.4796875 0.2828125000000001 0.4140625 0.2828125000000001 0.4140625 0.3765625000000001 0.4796875 0.3765625000000001
2 0.4984375 0.2312500000000001 0.4203125 0.2312500000000001 0.4203125 0.29375000000000007 0.4984375 0.29375000000000007
2 0.525 0.24218750000000008 0.490625 0.24218750000000008 0.490625 0.2890625000000001 0.525 0.2890625000000001
2 0.540625 0.10312500000000005 0.4828125 0.10312500000000005 0.4828125 0.2015625000000001 0.540625 0.2015625000000001
2 0.278125 0.06718750000000004 0.2125 0.06718750000000002 0.2125 0.12343750000000005 0.278125 0.12343750000000005
2 0.2578125 0.16562500000000005 0.2125 0.16562500000000005 0.2125 0.2375 0.2578125 0.2375
2 0.2703125 0.2421875 0.19687500000000005 0.2421875 0.19687500000000005 0.2734375 0.2703125 0.2734375
2 0.225 0.278125 0.15937500000000004 0.278125 0.15937500000000004 0.3296875 0.225 0.3296875
2 0.3359375000000001 0.5203125 0.25468750000000007 0.5203125 0.25468750000000007 0.61875 0.3359375000000001 0.61875
2 0.2234375000000001 0.6390625 0.1625000000000001 0.6390625 0.1625000000000001 0.721875 0.2234375000000001 0.721875
2 0.2828125000000001 0.6390625 0.2250000000000001 0.6390625 0.2250000000000001 0.7265625 0.2828125000000001 0.7265625
2 0.28593750000000007 0.7734375 0.2000000000000001 0.7734375 0.2000000000000001 0.8765625 0.28593750000000007 0.8765625
2 0.1859375000000001 0.73125 0.11250000000000009 0.73125 0.11250000000000009 0.8453125 0.1859375000000001 0.8453125
2 0.4859375000000001 0.32031250000000006 0.007812500000000038 0.3203125 0.00781250000000008 0.9953125 0.4859375000000002 0.9953125
2 0.6687500000000001 0.5625 0.31718750000000007 0.5625 0.31718750000000007 0.9953125 0.6687500000000002 0.9953125
2 0.834375 0.3453125000000001 0.5828125 0.3453125000000001 0.5828125 0.6703125000000001 0.834375 0.6703125000000002
2 0.996875 0.7328125000000001 0.7109375000000002 0.7328125 0.7109375000000002 0.9953125 0.996875 0.9953125
2 0.9265625 0.0828125000000001 0.6796875 0.0828125000000001 0.6796875 0.5203125000000001 0.9265625 0.5203125000000002
2 0.4359375 0.09375000000000003 0.1703125 0.09375000000000003 0.17031250000000003 0.38750000000000007 0.4359375 0.38750000000000007
2 0.98125 0.05156250000000008 0.4359375 0.051562500000000046 0.4359375 0.3968750000000001 0.98125 0.3968750000000001