2 0.996875 6.104098889500089e-17 0 0 6.084963783263412e-17 0.99375 0.996875 0.99375
2 0.996875 0.6015625000000002 0.7296875 0.6015625000000002 0.7296875 0.99375 0.996875 0.99375
2 0.7296875 0.5843750000000001 0.3906250000000001 0.584375 0.3906250000000001 0.9953125 0.7296875000000002 0.9953125
2 0.7875 0.2562500000000001 0.4875 0.2562500000000001 0.4875 0.7203125000000001 0.7875 0.7203125000000001
2 0.38750000000000007 0.4765625 0.16718750000000004 0.4765625 0.16718750000000007 0.8515625 0.38750000000000007 0.8515625
2 0.6109375000000001 0.25625000000000003 0.284375 0.25625 0.28437500000000004 0.821875 0.6109375000000001 0.821875
2 0.6562500000000002 0.940625 0.12343750000000013 0.940625 0.12343750000000013 0.99375 0.6562500000000002 0.99375
2 0.38750000000000007 0.6421875 0.17968750000000008 0.6421875 0.1796875000000001 0.946875 0.38750000000000007 0.946875
2 0.4 0.440625 0.10312500000000005 0.440625 0.10312500000000006 0.7203125 0.4 0.7203125
2 0.409375 0.029687500000000033 0.0671875 0.029687500000000012 0.06718750000000004 0.4640625 0.409375 0.4640625
2 0.7703125 0.11406250000000007 0.40625 0.11406250000000004 0.40625 0.4000000000000001 0.7703125 0.4000000000000002
2 0.7203125 7.146962179399006e-17 0.446875 5.472640383689735e-17 0.446875 0.30937500000000007 0.7203125 0.30937500000000007
2 0.959375 9.854579711888858e-17 0.65 7.960204194457795e-17 0.65 0.3390625000000001 0.959375 0.3390625000000001
2 0.996875 0.0718750000000001 0.853125 0.0718750000000001 0.853125 0.46406250000000016 0.996875 0.46406250000000016
2 0.996875 1.0658254173829309e-16 0.74375 9.10831056865844e-17 0.7437500000000001 0.7375000000000002 0.996875 0.7375000000000002
2 0.19062500000000007 1.1672414804373213e-17 0 0 6.084963783263412e-17 0.99375 0.19062500000000013 0.99375