2 0.39375000000000004 0.36250000000000004 0.06562500000000004 0.3625 0.06562500000000007 0.6796875 0.3937500000000001 0.6796875
2 0.94375 0.07812500000000008 0.5890625 0.07812500000000007 0.5890625 0.3734375000000001 0.94375 0.3734375000000001
2 0.6796875 0.10937500000000008 0.5953125 0.10937500000000008 0.5953125 0.27031250000000007 0.6796875 0.27031250000000007
2 0.8734375 0.4359375000000002 0.7484375 0.4359375000000002 0.7484375 0.6015625000000002 0.8734375 0.6015625000000002
2 0.6140625 0.4609375 0.3859375000000001 0.4609375 0.3859375000000001 0.6109375 0.6140625 0.6109375
2 0.534375 0.565625 0.28593750000000007 0.565625 0.28593750000000007 0.7 0.534375 0.7
2 0.32812500000000006 0.275 0.11406250000000004 0.275 0.11406250000000004 0.4140625 0.3281250000000001 0.4140625
2 0.8171875 0.3625000000000001 0.640625 0.3625000000000001 0.640625 0.4515625000000001 0.8171875 0.4515625000000002
2 0.6953125 0.3156250000000001 0.44375 0.3156250000000001 0.44375 0.471875 0.6953125 0.471875
2 0.5875 0.10937500000000007 0.396875 0.10937500000000004 0.39687500000000003 0.4140625 0.5875 0.4140625
2 0.4203125 0.3375 0.328125 0.3375 0.32812500000000006 0.4609375 0.4203125 0.4609375
2 0.5078125 0.17656250000000004 0.20625 0.17656250000000004 0.20625000000000004 0.37343750000000003 0.5078125 0.3734375000000001