2 0.6656250000000001 0.5171875 0.553125 0.5171875 0.5531250000000001 0.875 0.6656250000000001 0.875
2 0.5265625 0.5 0.415625 0.5 0.4156250000000001 0.853125 0.5265625000000002 0.853125
2 0.3890625000000001 0.478125 0.2718750000000001 0.478125 0.2718750000000001 0.834375 0.3890625000000001 0.834375
2 0.78125 0.4015625000000001 0.7234375 0.4015625 0.7234375 0.4515625000000001 0.78125 0.4515625000000002
2 0.7765625 0.3625000000000001 0.7375 0.3625000000000001 0.7375 0.40156250000000016 0.7765625 0.40156250000000016
2 0.78125 0.3312500000000001 0.740625 0.3312500000000001 0.740625 0.3625000000000001 0.78125 0.3625000000000001
2 0.678125 0.3890625000000001 0.634375 0.3890625000000001 0.634375 0.4375 0.678125 0.4375
2 0.6828125 0.3531250000000001 0.646875 0.3531250000000001 0.646875 0.3890625000000001 0.6828125 0.3890625000000001
2 0.6734375 0.3296875000000001 0.65625 0.3296875000000001 0.65625 0.3531250000000001 0.6734375 0.3531250000000001
2 0.5796875 0.3703125000000001 0.540625 0.3703125000000001 0.540625 0.4203125 0.5796875 0.4203125
2 0.59375 0.3437500000000001 0.5671875 0.3437500000000001 0.5671875 0.3843750000000001 0.59375 0.3843750000000001
2 0.603125 0.31718750000000007 0.571875 0.31718750000000007 0.571875 0.35625000000000007 0.603125 0.35625000000000007
2 0.4953125 0.31718750000000007 0.4640625 0.31718750000000007 0.4640625 0.3437500000000001 0.4953125 0.3437500000000001
2 0.478125 0.3390625000000001 0.446875 0.3390625000000001 0.446875 0.37968750000000007 0.478125 0.37968750000000007
2 0.46875 0.37968750000000007 0.4234375 0.37968750000000007 0.4234375 0.415625 0.46875 0.415625
2 0.3625000000000001 0.365625 0.3312500000000001 0.365625 0.3312500000000001 0.4015625 0.3625000000000001 0.4015625
2 0.39375000000000004 0.34375000000000006 0.3578125 0.34375 0.35781250000000003 0.37968750000000007 0.3937500000000001 0.37968750000000007
2 0.4203125 0.3125000000000001 0.384375 0.3125000000000001 0.384375 0.3750000000000001 0.4203125 0.3750000000000001
2 0.33125000000000004 0.3125 0.2953125 0.3125 0.29531250000000003 0.3921875 0.3312500000000001 0.3921875
2 0.30781250000000004 0.3359375 0.2765625 0.3359375 0.27656250000000004 0.3984375 0.3078125000000001 0.3984375
2 0.2734375000000001 0.3671875 0.2375000000000001 0.3671875 0.2375000000000001 0.3984375 0.2734375000000001 0.3984375
1 0.8 0.1781250000000001 0.5453125 0.1781250000000001 0.5453125 0.3125000000000001 0.8 0.3125000000000001
1 0.540625 0.15625000000000006 0.290625 0.15625000000000006 0.290625 0.2984375 0.540625 0.2984375000000001
1 0.27656250000000004 0.2765625 0.004687500000000034 0.2765625 0.004687500000000041 0.396875 0.2765625000000001 0.396875
1 0.45625 0.39687500000000003 0.14375000000000004 0.396875 0.14375000000000007 0.5890625 0.45625 0.5890625
1 0.8078125 0.41875000000000007 0.4828125 0.41875 0.4828125 0.6296875000000001 0.8078125 0.6296875000000002
1 0.54375 0.3078125000000001 0.4734375 0.3078125000000001 0.4734375 0.425 0.54375 0.425
1 0.27187500000000003 0.3078125 0.15156250000000004 0.3078125 0.15156250000000004 0.4109375 0.2718750000000001 0.4109375
1 0.2765625000000001 0.584375 0.1703125000000001 0.584375 0.1703125000000001 0.728125 0.2765625000000001 0.728125
1 0.4203125000000001 0.5984375 0.3843750000000001 0.5984375 0.3843750000000001 0.73125 0.4203125000000002 0.73125
1 0.5578125 0.6125 0.521875 0.6125 0.5218750000000001 0.7375 0.5578125000000002 0.7375
1 0.790625 0.6296875000000001 0.6609375 0.6296875 0.6609375 0.6656250000000001 0.790625 0.6656250000000001
1 0.9828125 0.31718750000000007 0.8 0.31718750000000007 0.8 0.46875000000000017 0.9828125 0.46875000000000017