2 0.7484375000000001 0.596875 0.58125 0.596875 0.58125 0.915625 0.7484375000000002 0.915625
2 0.5375000000000001 0.609375 0.3890625000000001 0.609375 0.3890625000000001 0.8703125 0.5375000000000002 0.8703125
2 0.3453125000000001 0.6140625 0.1921875000000001 0.6140625 0.1921875000000001 0.871875 0.3453125000000001 0.871875
2 0.1531250000000001 0.609375 0.004687500000000075 0.609375 0.004687500000000091 0.875 0.1531250000000001 0.875
2 0.3000000000000001 0.3828125 0.16250000000000003 0.3828125 0.16250000000000006 0.625 0.3000000000000001 0.625
2 0.4921875 0.38281250000000006 0.3500000000000001 0.3828125 0.3500000000000001 0.6375 0.4921875 0.6375
2 0.7 0.37968750000000007 0.5421875 0.37968750000000007 0.5421875 0.6375 0.7 0.6375
2 0.8765625 0.3750000000000001 0.7296875 0.3750000000000001 0.7296875 0.6375000000000002 0.8765625 0.6375000000000002
2 0.9859375 0.15312500000000012 0.8421875 0.1531250000000001 0.8421875 0.4078125000000002 0.9859375 0.4078125000000002
2 0.79375 0.1531250000000001 0.65 0.1531250000000001 0.65 0.4078125000000001 0.79375 0.4078125000000002
2 0.615625 0.15781250000000008 0.46875 0.15781250000000005 0.46875 0.4109375 0.615625 0.4109375
2 0.4234375 0.15000000000000005 0.2859375 0.15000000000000005 0.28593750000000007 0.4078125 0.4234375 0.4078125
5 0.8234375 0.83125 0.2375000000000001 0.83125 0.2375000000000001 0.9921875 0.8234375 0.9921875
5 0.9703125 0.6171875000000002 0.7828125 0.6171875000000002 0.7828125000000001 0.7500000000000002 0.9703125 0.7500000000000002
5 0.5125 0.4484375 0.403125 0.4484375 0.403125 0.6140625 0.5125 0.6140625
5 0.3296875000000001 0.4484375 0.21250000000000008 0.4484375 0.21250000000000008 0.609375 0.3296875000000001 0.609375
5 0.13281250000000006 0.45625 0.025000000000000057 0.45625 0.025000000000000067 0.6046875 0.13281250000000008 0.6046875
5 0.28125000000000006 0.2296875 0.18281250000000004 0.2296875 0.18281250000000004 0.3828125 0.2812500000000001 0.3828125
5 0.4734375 0.2218750000000001 0.3640625 0.2218750000000001 0.36406250000000007 0.37968750000000007 0.4734375 0.37968750000000007
5 0.6703125 0.2218750000000001 0.5671875 0.2218750000000001 0.5671875 0.37968750000000007 0.6703125 0.37968750000000007
5 0.8515625 0.2218750000000001 0.74375 0.2218750000000001 0.74375 0.3750000000000001 0.8515625 0.3750000000000001
5 0.965625 1.1222739807811292e-16 0.8671875 1.0619983961355955e-16 0.8671875 0.15312500000000012 0.965625 0.15312500000000012
5 0.778125 0.007812500000000088 0.6703125 0.007812500000000083 0.6703125 0.15000000000000008 0.778125 0.15000000000000008
5 0.590625 0.007812500000000066 0.4875 0.00781250000000006 0.4875 0.14531250000000007 0.590625 0.1453125000000001
5 0.4046875 4.353236668844107e-17 0.30625 3.750480822388769e-17 0.30625 0.15312500000000004 0.4046875 0.15312500000000004