2 0.9375 0.5421875000000002 0.7953125 0.5421875000000002 0.7953125000000001 0.8359375 0.9375 0.8359375
2 0.8578125 0.48437500000000017 0.75625 0.48437500000000017 0.7562500000000001 0.7734375000000002 0.8578125 0.7734375000000002
2 0.7515625000000001 0.48906250000000007 0.640625 0.4890625 0.6406250000000001 0.76875 0.7515625000000001 0.7687500000000002
2 0.76875 0.5390625000000001 0.6625 0.5390625 0.6625000000000001 0.81875 0.7687500000000002 0.81875
2 0.6406250000000001 0.56875 0.5296875 0.56875 0.5296875000000001 0.8140625 0.6406250000000002 0.8140625
2 0.5203125000000001 0.56875 0.4125 0.56875 0.4125000000000001 0.8171875 0.5203125000000002 0.8171875
2 0.4046875000000001 0.609375 0.2750000000000001 0.609375 0.2750000000000001 0.8171875 0.4046875000000002 0.8171875
2 0.2671875000000001 0.6265625 0.16406250000000008 0.6265625 0.16406250000000008 0.8140625 0.2671875000000001 0.8140625
2 0.15625000000000008 0.6453125 0.04843750000000008 0.6453125 0.04843750000000009 0.81875 0.15625000000000008 0.81875
2 0.925 0.3515625000000001 0.8140625 0.3515625000000001 0.8140625 0.5640625000000001 0.925 0.5640625000000001
2 0.7875 0.42656250000000007 0.6796875 0.4265625 0.6796875 0.5375000000000001 0.7875 0.5375000000000002
2 0.6703125 0.43125 0.578125 0.43125 0.578125 0.5640625 0.6703125 0.5640625
2 0.61875 0.484375 0.534375 0.484375 0.534375 0.578125 0.61875 0.578125
2 0.5015625 0.4796875 0.4046875 0.4796875 0.4046875 0.5828125 0.5015625 0.5828125
2 0.5515625 0.43125 0.4796875 0.43125 0.4796875 0.5640625 0.5515625 0.5640625
2 0.440625 0.4359375 0.3609375000000001 0.4359375 0.3609375000000001 0.5859375 0.440625 0.5859375
2 0.4 0.471875 0.2796875000000001 0.471875 0.2796875000000001 0.6 0.4 0.6
2 0.2796875000000001 0.4796875 0.16875000000000004 0.4796875 0.16875000000000007 0.609375 0.2796875000000001 0.609375
2 0.3156250000000001 0.4359375 0.2484375000000001 0.4359375 0.2484375000000001 0.515625 0.3156250000000001 0.515625
2 0.20468750000000008 0.4359375 0.12500000000000006 0.4359375 0.12500000000000006 0.6484375 0.20468750000000008 0.6484375