2 0.8765625 0.42656250000000007 0.6453125 0.4265625 0.6453125 0.6671875 0.8765625 0.6671875000000002
2 0.978125 0.4000000000000002 0.7375 0.4000000000000002 0.7375 0.6093750000000002 0.978125 0.6093750000000002
2 0.64375 0.503125 0.3781250000000001 0.503125 0.3781250000000001 0.7609375 0.6437500000000002 0.7609375
2 0.3734375000000001 0.4265625 0.12500000000000006 0.4265625 0.12500000000000006 0.6671875 0.3734375000000001 0.6671875
2 0.25468750000000007 0.3875 0.01875000000000005 0.3875 0.018750000000000062 0.609375 0.25468750000000007 0.609375
5 0.6484375 0.3781250000000001 0.3734375000000001 0.3781250000000001 0.3734375000000001 0.5015625 0.6484375 0.5015625
5 0.884375 0.3109375000000001 0.640625 0.3109375000000001 0.640625 0.4359375000000001 0.884375 0.4359375000000002
5 0.96875 0.2718750000000001 0.746875 0.2718750000000001 0.746875 0.3921875000000001 0.96875 0.3921875000000001
5 0.7296875 0.27031250000000007 0.503125 0.27031250000000007 0.503125 0.3734375000000001 0.7296875 0.3734375000000001
5 0.63125 0.3109375000000001 0.3828125 0.3109375000000001 0.38281250000000006 0.38750000000000007 0.63125 0.38750000000000007
5 0.49375 0.27187500000000003 0.2625 0.271875 0.2625 0.34218750000000003 0.49375 0.3421875000000001
5 0.37812500000000004 0.31093750000000003 0.13281250000000006 0.3109375 0.13281250000000006 0.4359375 0.3781250000000001 0.4359375
5 0.25000000000000006 0.2703125 0.018750000000000034 0.2703125 0.018750000000000037 0.378125 0.2500000000000001 0.378125