2 0.6343750000000001 0.040625000000000064 0.3703125 0.04062500000000004 0.37031250000000004 0.9734375 0.6343750000000001 0.9734375
2 0.7328125000000001 0.10156250000000008 0.5625 0.10156250000000008 0.5625000000000001 0.915625 0.7328125000000002 0.915625
2 0.83125 0.1468750000000001 0.6828125 0.1468750000000001 0.6828125 0.875 0.83125 0.875
2 0.91875 0.1953125000000001 0.7859375 0.19531250000000008 0.7859375000000001 0.83125 0.91875 0.83125
2 0.4375000000000001 0.10781250000000005 0.28125 0.10781250000000005 0.28125000000000006 0.9078125 0.43750000000000017 0.9078125
2 0.32656250000000003 0.14687500000000003 0.175 0.146875 0.17500000000000004 0.875 0.3265625000000001 0.875
2 0.20156250000000003 0.19062500000000002 0.09375000000000003 0.190625 0.09375000000000007 0.8265625 0.2015625000000001 0.8265625
3 0.5578125 0.014062500000000061 0.4375 0.014062500000000056 0.4375 0.05000000000000006 0.5578125 0.050000000000000065
3 0.65625 0.08437500000000007 0.5671875 0.08437500000000006 0.5671875 0.09843750000000008 0.65625 0.0984375000000001
3 0.759375 0.1296875000000001 0.6875 0.1296875000000001 0.6875 0.1375000000000001 0.759375 0.1375000000000001
3 0.8578125 0.1781250000000001 0.790625 0.1781250000000001 0.790625 0.1906250000000001 0.8578125 0.1906250000000001
3 0.4328125 0.08437500000000005 0.334375 0.08437500000000005 0.334375 0.10156250000000004 0.4328125 0.10156250000000004
3 0.3125 0.12968750000000004 0.2328125 0.12968750000000004 0.2328125 0.14218750000000005 0.3125 0.14218750000000005
3 0.19687500000000002 0.17343750000000002 0.134375 0.1734375 0.13437500000000002 0.18593750000000003 0.19687500000000005 0.18593750000000003