3 0.9859375 0.6046875 0.603125 0.6046875 0.6031250000000001 0.9921875 0.9859375 0.9921875
3 0.8140625 0.55 0.4265625 0.55 0.42656250000000007 0.9203125 0.8140625 0.9203125
3 0.659375 5.778802083476573e-17 0.284375 3.482589335075286e-17 0.284375 0.31093750000000003 0.659375 0.3109375000000001
3 0.925 0.14531250000000012 0.65 0.1453125000000001 0.65 0.4687500000000001 0.925 0.46875000000000017
3 0.925 0.42968750000000017 0.7484375 0.42968750000000017 0.7484375 0.6515625000000002 0.925 0.6515625000000002
3 0.7765625 0.2687500000000001 0.40625 0.2687500000000001 0.40625 0.565625 0.7765625 0.5656250000000002
3 0.7859375000000001 0.5203125000000001 0.4078125 0.5203125 0.4078125000000001 0.7625000000000001 0.7859375000000002 0.7625000000000002
3 0.37812500000000004 0.26406250000000003 3.2338329539984796e-17 0.2640625 5.233451555731267e-17 0.590625 0.3781250000000001 0.590625
3 0.3734375000000001 0.55 0.004687500000000068 0.55 0.004687500000000082 0.796875 0.3734375000000001 0.796875
3 0.4109375 0.446875 0.3781250000000001 0.446875 0.3781250000000001 0.671875 0.4109375 0.671875
3 0.40625 0.153125 0.159375 0.153125 0.15937500000000002 0.459375 0.40625 0.459375