3 0.8765625 0.37187500000000007 0.8046875 0.37187500000000007 0.8046875 0.6015625000000002 0.8765625 0.6015625000000002
3 0.8015625 0.3781250000000001 0.74375 0.3781250000000001 0.74375 0.5859375000000002 0.8015625 0.5859375000000002
3 0.73125 0.3109375000000001 0.6484375 0.3109375000000001 0.6484375 0.5578125 0.73125 0.5578125000000002
3 0.8046875 0.2734375000000001 0.70625 0.2734375000000001 0.70625 0.5625000000000001 0.8046875 0.5625000000000002
3 0.6484375 0.27812500000000007 0.6015625 0.27812500000000007 0.6015625 0.5140625 0.6484375 0.5140625
3 0.6015625 0.2671875000000001 0.5546875 0.2671875000000001 0.5546875 0.5140625 0.6015625 0.5140625
3 0.5546875 0.26250000000000007 0.4703125 0.26250000000000007 0.4703125 0.51875 0.5546875 0.51875
3 0.4921875 0.15781250000000005 0.4171875 0.15781250000000005 0.4171875 0.525 0.4921875 0.525
3 0.4375 0.22500000000000003 0.3625 0.225 0.36250000000000004 0.6078125 0.4375 0.6078125
3 0.36562500000000003 0.26875000000000004 0.29375 0.26875 0.29375000000000007 0.6078125 0.3656250000000001 0.6078125
3 0.30156250000000007 0.3609375 0.18593750000000003 0.3609375 0.18593750000000006 0.65625 0.30156250000000007 0.65625
3 0.30468750000000006 0.17500000000000004 0.1953125 0.17500000000000004 0.19531250000000003 0.371875 0.3046875000000001 0.371875
3 0.21718750000000003 0.2890625 0.11562500000000005 0.2890625 0.11562500000000006 0.65625 0.2171875000000001 0.65625
3 0.6453125000000001 0.65 0.521875 0.65 0.5218750000000001 0.7921875 0.6453125000000002 0.7921875
3 0.6671875000000002 0.7921875 0.5250000000000001 0.7921875 0.5250000000000001 0.9015625 0.6671875000000002 0.9015625
3 0.49687500000000007 0.7046875 0.18906250000000008 0.7046875 0.18906250000000008 0.9015625 0.4968750000000002 0.9015625
3 0.2218750000000001 0.69375 0.04062500000000009 0.69375 0.04062500000000009 0.8140625 0.2218750000000001 0.8140625
3 0.38750000000000007 0.6125 0.20312500000000008 0.6125 0.20312500000000008 0.7265625 0.38750000000000007 0.7265625
3 0.7171875000000001 0.525 0.39531250000000007 0.525 0.39531250000000007 0.7546875 0.7171875000000002 0.7546875
3 0.9703125 0.5578125 0.6703125 0.5578125 0.6703125000000001 0.7656250000000001 0.9703125 0.7656250000000002
3 0.9421875 0.6609375000000001 0.3296875000000001 0.6609375 0.3296875000000001 0.8578125 0.9421875 0.8578125