3 0.9453125 0.49531250000000016 0.7875 0.49531250000000016 0.7875 0.6593750000000002 0.9453125 0.6593750000000002
3 0.9921875 0.6187500000000001 0.8421875 0.6187500000000001 0.8421875 0.7828125000000001 0.9921875 0.7828125000000001
3 0.9953125 0.7375000000000002 0.884375 0.7375000000000002 0.884375 0.928125 0.9953125 0.928125
3 0.47187500000000016 0.79375 0.3781250000000001 0.79375 0.3781250000000001 0.9796875 0.47187500000000016 0.9796875
3 0.5906250000000002 0.871875 0.5093750000000001 0.871875 0.5093750000000001 0.9953125 0.5906250000000002 0.9953125
3 0.6218750000000002 0.7578125 0.5171875000000001 0.7578125 0.5171875000000001 0.959375 0.6218750000000002 0.959375
3 0.25468750000000007 0.825 0.15000000000000008 0.825 0.15000000000000008 0.9015625 0.25468750000000007 0.9015625
3 0.2515625000000001 0.6859375 0.1546875000000001 0.6859375 0.1546875000000001 0.778125 0.2515625000000001 0.778125
3 0.24375000000000008 0.55625 0.1625000000000001 0.55625 0.1625000000000001 0.6234375 0.24375000000000008 0.6234375
3 0.26250000000000007 0.9171875 0.15000000000000013 0.9171875 0.15000000000000013 0.959375 0.26250000000000007 0.959375
3 0.4359375 0.12968750000000004 0.2671875 0.12968750000000004 0.2671875 0.4328125 0.4359375 0.4328125
3 0.3171875 0.06250000000000003 0.165625 0.06250000000000003 0.16562500000000002 0.3203125 0.3171875 0.3203125
3 0.475 0.05156250000000005 0.4015625 0.051562500000000046 0.4015625 0.32500000000000007 0.475 0.32500000000000007
3 0.80625 0.09375000000000008 0.6875 0.09375000000000008 0.6875 0.3312500000000001 0.80625 0.3312500000000001
3 0.690625 0.2375000000000001 0.521875 0.2375000000000001 0.521875 0.4375 0.690625 0.4375
3 0.659375 0.1750000000000001 0.55625 0.1750000000000001 0.55625 0.2890625000000001 0.659375 0.2890625000000001
3 0.7140625 8.199393022416264e-17 0.625 7.654042494670958e-17 0.625 0.12343750000000009 0.7140625 0.12343750000000009