3 0.8265625 0.3265625000000001 0.7078125 0.3265625000000001 0.7078125000000001 0.7546875000000001 0.8265625 0.7546875000000002
3 0.8078125 0.2390625000000001 0.7328125 0.2390625000000001 0.7328125 0.3968750000000001 0.8078125 0.3968750000000001
3 0.7015625 0.05000000000000008 0.584375 0.050000000000000065 0.584375 0.440625 0.7015625 0.440625
3 0.7765625 0.46562500000000007 0.559375 0.465625 0.5593750000000001 0.8921875 0.7765625000000002 0.8921875
3 0.7734375000000002 0.8421875 0.6265625000000001 0.8421875 0.6265625000000001 0.95625 0.7734375000000002 0.95625
3 0.5796875000000001 0.6609375 0.3687500000000001 0.6609375 0.3687500000000001 0.94375 0.5796875000000001 0.94375
3 0.3671875000000001 0.584375 0.2234375000000001 0.584375 0.2234375000000001 0.95625 0.3671875000000001 0.95625
3 0.3421875000000001 0.465625 0.2328125000000001 0.465625 0.2328125000000001 0.603125 0.3421875000000001 0.603125
3 0.24218750000000008 0.409375 0.17343750000000005 0.409375 0.17343750000000008 0.7734375 0.24218750000000008 0.7734375
3 0.384375 0.05000000000000003 0.1578125 0.050000000000000024 0.15781250000000002 0.453125 0.3843750000000001 0.453125
3 0.45625 0.33906250000000004 0.2671875 0.3390625 0.2671875 0.6921875 0.45625 0.6921875
3 0.5875000000000001 0.3906250000000001 0.45 0.3906250000000001 0.45000000000000007 0.8109375 0.5875000000000001 0.8109375
3 0.6046875 0.04375000000000006 0.384375 0.043750000000000046 0.384375 0.453125 0.6046875 0.453125