3 0.99375 0.1890625000000001 0.796875 0.18906250000000008 0.796875 0.46093750000000017 0.99375 0.46093750000000017
3 0.971875 0.0171875000000001 0.6296875 0.017187500000000078 0.6296875 0.6328125000000001 0.971875 0.6328125000000002
3 0.746875 0.2171875000000001 0.5875 0.2171875000000001 0.5875 0.5171875000000001 0.746875 0.5171875000000001
3 0.8015625 0.4828125000000001 0.5015625 0.4828125 0.5015625 0.7109375000000001 0.8015625 0.7109375000000002
3 0.903125 0.6046875 0.6265625 0.6046875 0.6265625000000001 0.9390625 0.903125 0.9390625
3 0.6406250000000001 0.65 0.3906250000000001 0.65 0.3906250000000001 0.9828125 0.6406250000000002 0.9828125
3 0.4453125 0.05000000000000003 0.178125 0.050000000000000024 0.17812500000000003 0.45 0.4453125 0.45
3 0.5828125 0.22187500000000004 0.3453125 0.221875 0.3453125 0.5671875 0.5828125 0.5671875
3 0.5765625000000001 0.06718750000000004 0.2234375 0.06718750000000002 0.22343750000000004 0.778125 0.5765625000000002 0.778125
3 0.4125000000000001 0.045312500000000026 5.549180808636444e-18 0.0453125 5.2812893213229604e-17 0.8171875 0.4125000000000002 0.8171875
3 0.38750000000000007 0.4671875 0.010937500000000058 0.4671875 0.010937500000000072 0.7 0.38750000000000007 0.7
3 0.30937500000000007 0.6671875 0.09218750000000009 0.6671875 0.0921875000000001 0.921875 0.30937500000000007 0.921875