3 0.953125 0.6171875000000002 0.8328125 0.6171875000000002 0.8328125 0.934375 0.953125 0.934375
3 0.825 0.6234375000000001 0.7015625 0.6234375 0.7015625000000001 0.934375 0.825 0.934375
3 0.88125 0.3390625000000001 0.7609375 0.3390625000000001 0.7609375 0.6390625000000002 0.88125 0.6390625000000002
3 0.821875 0.04843750000000009 0.7015625 0.04843750000000009 0.7015625 0.3390625000000001 0.821875 0.3390625000000001
3 0.6921875 0.04843750000000008 0.571875 0.048437500000000064 0.571875 0.3281250000000001 0.6921875 0.3281250000000001
3 0.559375 0.04375000000000006 0.4328125 0.04375000000000005 0.4328125 0.3390625000000001 0.559375 0.3390625000000001
3 0.4265625 0.043750000000000046 0.30625 0.04375000000000003 0.30625 0.33906250000000004 0.4265625 0.3390625000000001
3 0.2953125 0.04843750000000003 0.175 0.04843750000000002 0.17500000000000002 0.3390625 0.2953125 0.3390625
3 0.7453125 0.3343750000000001 0.6296875 0.3343750000000001 0.6296875 0.6296875000000001 0.7453125 0.6296875000000002
3 0.61875 0.33281250000000007 0.4953125 0.33281250000000007 0.4953125 0.634375 0.61875 0.634375
3 0.4796875 0.3390625000000001 0.3640625 0.3390625000000001 0.36406250000000007 0.634375 0.4796875 0.634375
3 0.34843750000000007 0.3328125 0.2328125 0.3328125 0.23281250000000003 0.634375 0.34843750000000007 0.634375
3 0.21406250000000004 0.334375 0.10156250000000004 0.334375 0.10156250000000007 0.6296875 0.2140625000000001 0.6296875
3 0.6921875000000001 0.634375 0.571875 0.634375 0.5718750000000001 0.940625 0.6921875000000002 0.940625
3 0.5609375000000001 0.634375 0.440625 0.634375 0.4406250000000001 0.9453125 0.5609375000000002 0.9453125
3 0.4296875000000001 0.634375 0.3062500000000001 0.634375 0.3062500000000001 0.940625 0.42968750000000017 0.940625
3 0.30156250000000007 0.628125 0.1781250000000001 0.628125 0.17812500000000012 0.934375 0.30156250000000007 0.934375
3 0.1718750000000001 0.6234375 0.05156250000000007 0.6234375 0.05156250000000009 0.9296875 0.17187500000000014 0.9296875