3 0.8953125 0.4859375000000001 0.70625 0.4859375 0.70625 0.8640625 0.8953125 0.8640625
3 0.865625 0.14218750000000008 0.578125 0.14218750000000008 0.578125 0.721875 0.865625 0.7218750000000002
3 0.6984375 0.671875 0.49375 0.671875 0.4937500000000001 0.940625 0.6984375000000002 0.940625
3 0.578125 0.3109375000000001 0.4625 0.3109375000000001 0.4625 0.721875 0.578125 0.721875
3 0.440625 0.30625 0.2953125 0.30625 0.29531250000000003 0.65625 0.440625 0.65625
3 0.4984375000000001 0.628125 0.4328125 0.628125 0.4328125000000001 0.7984375 0.4984375000000002 0.7984375
3 0.4375000000000001 0.546875 0.3281250000000001 0.546875 0.3281250000000001 0.78125 0.43750000000000017 0.78125
3 0.3265625000000001 0.628125 0.2656250000000001 0.628125 0.2656250000000001 0.7921875 0.3265625000000001 0.7921875
3 0.2546875 0.153125 0.1703125 0.153125 0.17031250000000003 0.3171875 0.2546875 0.3171875
3 0.26562500000000006 0.2953125 0.16406250000000006 0.2953125 0.16406250000000006 0.4921875 0.2656250000000001 0.4921875
3 0.2843750000000001 0.459375 0.16093750000000004 0.459375 0.16093750000000007 0.6890625 0.2843750000000001 0.6890625
3 0.2578125000000001 0.51875 0.14531250000000004 0.51875 0.14531250000000007 0.8203125 0.2578125000000001 0.8203125