3 0.978125 0.4046875000000001 0.578125 0.4046875 0.5781250000000001 0.7640625000000001 0.978125 0.7640625000000002
3 0.42656250000000007 0.590625 0.2578125000000001 0.590625 0.2578125000000001 0.8046875 0.4265625000000002 0.8046875
3 0.3203125000000001 0.5203125 0.15156250000000004 0.5203125 0.15156250000000007 0.7015625 0.3203125000000001 0.7015625
3 0.16875000000000007 0.440625 0.0046875000000000545 0.440625 0.004687500000000065 0.609375 0.1687500000000001 0.609375
3 0.5468750000000001 0.31562500000000004 0.253125 0.315625 0.25312500000000004 0.790625 0.5468750000000002 0.790625
3 0.63125 0.4125 0.2093750000000001 0.4125 0.2093750000000001 0.6046875 0.63125 0.6046875
3 0.7828125 0.41875000000000007 0.6578125 0.41875 0.6578125 0.5921875000000001 0.7828125 0.5921875000000002
3 0.9828125 0.2312500000000001 0.5734375 0.2312500000000001 0.5734375 0.4437500000000001 0.9828125 0.4437500000000002
3 0.76875 0.15625000000000006 0.43125 0.15625000000000006 0.43125 0.4718750000000001 0.76875 0.47187500000000016
3 0.5421875 0.25781250000000006 0.10625000000000004 0.2578125 0.10625000000000004 0.453125 0.5421875 0.453125
3 0.3421875 0.209375 0.17812500000000003 0.209375 0.17812500000000003 0.3515625 0.3421875 0.3515625