3 0.96875 0.5906250000000001 0.571875 0.590625 0.5718750000000001 0.99375 0.96875 0.99375
3 0.996875 0.42187500000000017 0.846875 0.42187500000000017 0.846875 0.9953125 0.996875 0.9953125
3 0.5843750000000002 0.784375 0.1703125000000001 0.784375 0.17031250000000012 0.99375 0.5843750000000002 0.99375
3 0.7187500000000001 0.3687500000000001 0.4296875 0.3687500000000001 0.4296875000000001 0.8359375 0.7187500000000002 0.8359375
3 0.9390625 0.2453125000000001 0.6765625 0.2453125000000001 0.6765625 0.5906250000000001 0.9390625 0.5906250000000002
3 0.996875 0.1640625000000001 0.9015625 0.16406250000000008 0.9015625 0.4265625000000002 0.996875 0.4265625000000002
3 0.4359375000000001 0.4921875 0.08125000000000007 0.4921875 0.08125000000000009 0.9953125 0.4359375000000002 0.9953125
3 0.0843750000000001 0.6546875 8.017609513167828e-17 0.6546875 1.0093768539847325e-16 0.99375 0.08437500000000012 0.99375
3 0.31718750000000007 0.321875 0.04062500000000004 0.321875 0.040625000000000064 0.690625 0.31718750000000007 0.690625
3 0.54375 0.22812500000000005 0.309375 0.228125 0.30937500000000007 0.5140625 0.54375 0.5140625
3 0.7421875 0.12968750000000007 0.534375 0.12968750000000004 0.534375 0.3812500000000001 0.7421875 0.3812500000000001
3 0.928125 0.0765625000000001 0.73125 0.07656250000000009 0.73125 0.2640625000000001 0.928125 0.2640625000000001
3 0.996875 0.010937500000000117 0.9015625 0.01093750000000011 0.9015625 0.1640625000000001 0.996875 0.16406250000000014
3 0.24218750000000006 0.19843750000000002 0.02031250000000002 0.1984375 0.02031250000000004 0.45 0.24218750000000008 0.45
3 0.4390625 0.12812500000000004 0.240625 0.12812500000000004 0.24062500000000003 0.3921875 0.4390625 0.3921875000000001
3 0.615625 0.053125000000000054 0.4421875 0.05312500000000005 0.4421875 0.2750000000000001 0.615625 0.2750000000000001
3 0.7796875 8.591662700268149e-17 0.6234375 7.634907388434281e-17 0.6234375 0.1468750000000001 0.7796875 0.1468750000000001
3 0.925 1.0457335558344195e-16 0.7828125 9.586688224575374e-17 0.7828125 0.0875000000000001 0.925 0.0875000000000001