3 0.5875000000000001 0.63125 0.4578125 0.63125 0.45781250000000007 0.8234375 0.5875000000000001 0.8234375
3 0.3265625000000001 0.6359375 0.21250000000000008 0.6359375 0.21250000000000008 0.828125 0.3265625000000001 0.828125
3 0.453125 0.33281250000000007 0.3390625 0.3328125 0.33906250000000004 0.525 0.453125 0.525
3 0.528125 0.045312500000000054 0.4015625 0.04531250000000005 0.4015625 0.2328125000000001 0.528125 0.2328125000000001
3 0.771875 0.04062500000000009 0.6609375 0.04062500000000008 0.6609375 0.2328125000000001 0.771875 0.2328125000000001
3 0.66875 0.3343750000000001 0.5515625 0.3343750000000001 0.5515625 0.53125 0.66875 0.53125
3 0.984375 0.6421875000000001 0.6140625 0.6421875 0.6140625000000001 0.834375 0.984375 0.834375
3 0.984375 0.33281250000000007 0.665625 0.33281250000000007 0.665625 0.5359375000000001 0.984375 0.5359375000000002
3 0.984375 0.0453125000000001 0.621875 0.045312500000000075 0.621875 0.2328125000000001 0.984375 0.2328125000000001
3 0.3703125 0.04062500000000002 0.007812500000000005 0.040625 0.007812500000000017 0.23281250000000003 0.3703125 0.2328125000000001
3 0.37812500000000004 0.33437500000000003 0.007812500000000042 0.334375 0.007812500000000052 0.53125 0.3781250000000001 0.53125
3 0.3734375000000001 0.6359375 0.007812500000000078 0.6359375 0.00781250000000009 0.828125 0.3734375000000001 0.828125