3 0.8984375 0.40937500000000016 0.7703125 0.40937500000000016 0.7703125 0.6281250000000002 0.8984375 0.6281250000000002
3 0.9375 0.6718750000000002 0.775 0.6718750000000002 0.7750000000000001 0.875 0.9375 0.875
3 0.84375 0.5734375 0.6875 0.5734375 0.6875000000000001 0.7812500000000001 0.84375 0.7812500000000002
3 0.7593750000000001 0.6937500000000001 0.6109375 0.69375 0.6109375000000001 0.9078125 0.7593750000000001 0.9078125
3 0.6765625000000001 0.4921875 0.5375 0.4921875 0.5375000000000001 0.7765625 0.6765625000000002 0.7765625
3 0.734375 0.4203125000000001 0.603125 0.4203125 0.603125 0.6062500000000001 0.734375 0.6062500000000002
3 0.5015625 0.08125000000000006 0.33125 0.08125000000000004 0.33125000000000004 0.415625 0.5015625 0.415625
3 0.575 0.3343750000000001 0.425 0.3343750000000001 0.425 0.640625 0.575 0.640625
3 0.5484375000000001 0.6015625 0.4 0.6015625 0.4000000000000001 0.9125 0.5484375000000001 0.9125
3 0.30625 0.2296875 0.15000000000000005 0.2296875 0.15000000000000008 0.5796875 0.3062500000000001 0.5796875
3 0.4046875000000001 0.48125 0.2734375000000001 0.48125 0.2734375000000001 0.8203125 0.4046875000000002 0.8203125
3 0.403125 0.3609375 0.2984375 0.3609375 0.2984375 0.5078125 0.403125 0.5078125
3 0.2796875000000001 0.5734375 0.12343750000000009 0.5734375 0.12343750000000012 0.940625 0.2796875000000001 0.940625
3 0.18593750000000006 0.475 0.07656250000000006 0.475 0.07656250000000007 0.809375 0.1859375000000001 0.809375
3 0.46875000000000017 0.7546875 0.4078125000000002 0.7546875 0.4078125000000002 0.83125 0.46875000000000017 0.83125
3 0.21093750000000008 0.5953125 0.13437500000000008 0.5953125 0.13437500000000008 0.6453125 0.21093750000000008 0.6453125
3 0.16406250000000006 0.475 0.12031250000000004 0.475 0.12031250000000004 0.525 0.16406250000000006 0.525