3 0.9953125 0.7421875000000002 0.8796875 0.7421875000000002 0.8796875 0.8484375 0.9953125 0.8484375
3 0.9828125 0.6890625000000001 0.8671875 0.6890625000000001 0.8671875 0.7828125000000001 0.9828125 0.7828125000000001
3 0.884375 0.7375000000000002 0.7734375000000002 0.7375000000000002 0.7734375000000002 0.821875 0.884375 0.821875
3 0.9015625 0.7875000000000002 0.7734375000000002 0.7875000000000002 0.7734375000000002 0.8984375 0.9015625 0.8984375
3 0.7953125000000002 0.8 0.6796875000000002 0.8 0.6796875000000002 0.8984375 0.7953125000000002 0.8984375
3 0.675 0.715625 0.578125 0.715625 0.5781250000000001 0.8125 0.6750000000000002 0.8125
3 0.6265625000000001 0.6484375 0.5328125 0.6484375 0.5328125000000001 0.75625 0.6265625000000001 0.75625
3 0.5250000000000001 0.653125 0.440625 0.653125 0.4406250000000001 0.7515625 0.5250000000000001 0.7515625
3 0.4671875000000001 0.7078125 0.3687500000000001 0.7078125 0.3687500000000001 0.81875 0.4671875000000002 0.81875
3 0.5250000000000001 0.7734375 0.41718750000000016 0.7734375 0.41718750000000016 0.8796875 0.5250000000000001 0.8796875
3 0.6218750000000002 0.7859375 0.5296875000000002 0.7859375 0.5296875000000002 0.89375 0.6218750000000002 0.89375
3 0.2796875000000001 0.7421875 0.14218750000000008 0.7421875 0.14218750000000008 0.8890625 0.2796875000000001 0.8890625
3 0.33281250000000007 0.6578125 0.19531250000000008 0.6578125 0.19531250000000008 0.778125 0.33281250000000007 0.778125
3 0.2484375000000001 0.5953125 0.1375000000000001 0.5953125 0.1375000000000001 0.684375 0.2484375000000001 0.684375
3 0.20468750000000008 0.675 0.07031250000000008 0.675 0.07031250000000008 0.7734375 0.20468750000000008 0.7734375
3 0.14687500000000012 0.7640625 0.017187500000000095 0.7640625 0.017187500000000102 0.915625 0.14687500000000014 0.915625
3 0.0718750000000001 0.6984375 8.553392487794795e-17 0.6984375 9.309229184143553e-17 0.821875 0.0718750000000001 0.821875
3 0.1296875000000001 0.6125 0.014062500000000078 0.6125 0.01406250000000008 0.6890625 0.1296875000000001 0.6890625
3 0.75625 0.1515625000000001 0.640625 0.1515625000000001 0.640625 0.5828125000000001 0.75625 0.5828125000000002
3 0.9828125 0.33281250000000007 0.653125 0.33281250000000007 0.653125 0.5687500000000001 0.9828125 0.5687500000000002
3 0.9875 0.42656250000000007 0.7078125 0.4265625 0.7078125 0.7109375000000001 0.9875 0.7109375000000002
3 0.6625 0.3375000000000001 0.5015625 0.3375000000000001 0.5015625 0.6453125 0.6625 0.6453125
3 0.55625 0.10781250000000006 0.4265625 0.10781250000000005 0.4265625 0.534375 0.55625 0.534375
3 0.5546875 0.23593750000000008 0.43125 0.23593750000000008 0.43125 0.3375000000000001 0.5546875 0.3375000000000001
3 0.5875 0.06718750000000007 0.4984375 0.06718750000000007 0.4984375 0.4578125 0.5875 0.4578125
3 0.440625 0.08437500000000005 0.3296875 0.08437500000000005 0.3296875 0.5015625 0.440625 0.5015625
3 0.4625 0.5421875 0.3421875000000001 0.5421875 0.3421875000000001 0.6359375 0.4625 0.6359375
3 0.4140625 0.5734375 0.2843750000000001 0.5734375 0.2843750000000001 0.6703125 0.4140625 0.6703125
3 0.3296875000000001 0.55625 0.2093750000000001 0.55625 0.2093750000000001 0.6453125 0.3296875000000001 0.6453125
3 0.3296875 0.09843750000000004 0.2140625 0.09843750000000002 0.21406250000000004 0.5109375 0.3296875000000001 0.5109375
3 0.24062500000000003 0.12031250000000002 0.09375000000000003 0.1203125 0.09375000000000004 0.5375 0.2406250000000001 0.5375
3 0.18750000000000006 0.18281250000000002 0.026562500000000024 0.1828125 0.02656250000000005 0.609375 0.18750000000000008 0.609375