3 0.9921875 0.1875000000000001 0.60625 0.18750000000000008 0.60625 0.5093750000000001 0.9921875 0.5093750000000001
3 0.9921875 0.4015625000000001 0.6015625 0.4015625 0.6015625 0.6546875000000001 0.9921875 0.6546875000000002
3 0.9796875 0.5984375000000001 0.6109375 0.5984375 0.6109375000000001 0.7609375 0.9796875 0.7609375000000002
3 0.7296875 0.6265625000000001 0.3734375000000001 0.6265625 0.3734375000000001 0.90625 0.7296875000000002 0.90625
3 0.9921875 0.6453125000000001 0.63125 0.6453125 0.6312500000000001 0.9671875 0.9921875 0.9671875
3 0.3812500000000001 0.5703125 0.029687500000000068 0.5703125 0.02968750000000009 0.925 0.3812500000000001 0.925
3 0.3734375000000001 0.79375 0.0296875000000001 0.79375 0.02968750000000011 0.98125 0.3734375000000001 0.98125
3 0.5125 0.014062500000000039 0.1265625 0.014062500000000016 0.12656250000000002 0.28906250000000006 0.5125 0.2890625000000001
3 0.6359375 0.12656250000000008 0.38125 0.12656250000000005 0.38125000000000003 0.4484375 0.6359375 0.4484375
3 0.6109375 0.415625 0.3812500000000001 0.415625 0.3812500000000001 0.5984375 0.6109375 0.5984375
3 0.6109375 0.59375 0.3781250000000001 0.59375 0.3781250000000001 0.7109375 0.6109375 0.7109375
3 0.38593750000000004 0.20156250000000003 0.007812500000000024 0.2015625 0.007812500000000042 0.4859375 0.3859375000000001 0.4859375
3 0.3812500000000001 0.4484375 5.4917754899264124e-17 0.4484375 6.639881864127056e-17 0.6359375 0.3812500000000001 0.6359375
3 0.3781250000000001 0.5890625 0.009375000000000073 0.5890625 0.009375000000000081 0.75625 0.3781250000000001 0.75625