3 0.9203125 0.2671875000000001 0.75625 0.2671875000000001 0.75625 0.5156250000000002 0.9203125 0.5156250000000002
3 0.94375 0.4250000000000001 0.6921875 0.425 0.6921875000000001 0.7281250000000001 0.94375 0.7281250000000001
3 0.6890625 0.3625000000000001 0.5328125 0.3625000000000001 0.5328125 0.7140625 0.6890625 0.7140625
3 0.7359375000000001 0.534375 0.6 0.534375 0.6000000000000001 0.7625000000000001 0.7359375000000001 0.7625000000000002
3 0.759375 0.2531250000000001 0.55625 0.2531250000000001 0.55625 0.4609375000000001 0.759375 0.46093750000000017
3 0.553125 0.14375000000000007 0.3609375 0.14375000000000004 0.3609375 0.27187500000000003 0.553125 0.2718750000000001
3 0.553125 0.25312500000000004 0.325 0.253125 0.32500000000000007 0.5890625 0.553125 0.5890625
3 0.5796875000000001 0.525 0.4359375 0.525 0.4359375000000001 0.796875 0.5796875000000001 0.796875
3 0.5406250000000001 0.6734375 0.4609375 0.6734375 0.4609375000000001 0.7875 0.5406250000000001 0.7875
3 0.5046875000000002 0.746875 0.44843750000000016 0.746875 0.44843750000000016 0.846875 0.5046875000000002 0.846875
3 0.4234375000000001 0.678125 0.3281250000000001 0.678125 0.3281250000000001 0.85625 0.4234375000000002 0.85625
3 0.4593750000000001 0.609375 0.36406250000000007 0.609375 0.36406250000000007 0.7921875 0.4593750000000002 0.7921875
3 0.35625000000000007 0.6140625 0.2312500000000001 0.6140625 0.2312500000000001 0.8109375 0.35625000000000007 0.8109375
3 0.2640625000000001 0.4515625 0.05625000000000004 0.4515625 0.056250000000000064 0.778125 0.2640625000000001 0.778125
3 0.440625 0.4203125 0.2765625000000001 0.4203125 0.2765625000000001 0.61875 0.440625 0.61875
3 0.32031250000000006 0.3171875 0.11250000000000004 0.3171875 0.11250000000000004 0.4703125 0.3203125000000001 0.4703125
3 0.3515625 0.14843750000000003 0.1359375 0.1484375 0.13593750000000002 0.3265625 0.3515625 0.3265625