3 0.603125 0.30156250000000007 0.4015625 0.30156250000000007 0.4015625 0.446875 0.603125 0.446875
3 0.4921875 0.4375 0.2953125000000001 0.4375 0.2953125000000001 0.5921875 0.4921875 0.5921875
3 0.69375 0.4328125 0.496875 0.4328125 0.496875 0.5828125 0.69375 0.5828125
3 0.7953125 0.5578125 0.5984375 0.5578125 0.5984375 0.7234375000000001 0.7953125 0.7234375000000002
3 0.8890625 0.6734375000000001 0.7046875 0.6734375 0.7046875000000001 0.834375 0.8890625 0.834375
3 0.984375 0.7843750000000002 0.7953125000000002 0.7843750000000002 0.7953125000000002 0.965625 0.984375 0.965625
3 0.5859375000000001 0.5578125 0.3937500000000001 0.5578125 0.3937500000000001 0.728125 0.5859375000000002 0.728125
3 0.6843750000000001 0.7046875 0.5 0.7046875 0.5000000000000001 0.8453125 0.6843750000000002 0.8453125
3 0.7765625000000002 0.7984375000000001 0.5953125000000001 0.7984375 0.5953125000000001 0.9796875 0.7765625000000002 0.9796875
3 0.5796875000000001 0.8 0.3906250000000001 0.8 0.3906250000000001 0.9859375 0.5796875000000001 0.9859375
3 0.4921875000000001 0.6828125 0.2984375000000001 0.6828125 0.2984375000000001 0.859375 0.49218750000000017 0.859375
3 0.3859375000000001 0.5625 0.1921875000000001 0.5625 0.1921875000000001 0.7234375 0.3859375000000001 0.7234375
3 0.2906250000000001 0.6828125 0.0984375000000001 0.6828125 0.0984375000000001 0.8546875 0.2906250000000001 0.8546875
3 0.19375000000000012 0.7984375 0.007812500000000097 0.7984375 0.007812500000000108 0.9703125 0.19375000000000014 0.9703125
3 0.3812500000000001 0.8484375 0.19687500000000008 0.8484375 0.1968750000000001 0.975 0.3812500000000001 0.975