3 0.840625 0.04375000000000008 0.575 0.04375000000000007 0.575 0.6515625 0.840625 0.6515625000000002
3 0.5625 0.4421875 0.37968750000000007 0.4421875 0.37968750000000007 0.646875 0.5625 0.646875
3 0.4734375 0.09375000000000006 0.303125 0.09375000000000004 0.30312500000000003 0.634375 0.4734375 0.634375
3 0.6703125 6.764260054665459e-17 0.434375 5.319559533796316e-17 0.434375 0.546875 0.6703125 0.546875
3 0.3609375 3.463454228838608e-17 0.2046875 2.5066989170047385e-17 0.20468750000000005 0.528125 0.3609375000000001 0.528125
3 0.26562500000000006 0.3109375 0.15000000000000005 0.3109375 0.15000000000000008 0.6453125 0.2656250000000001 0.6453125
3 0.4859375000000001 0.7015625 0.16562500000000008 0.7015625 0.1656250000000001 0.975 0.4859375000000002 0.975
3 0.6390625000000002 0.8015625 0.5359375000000002 0.8015625 0.5359375000000002 0.96875 0.6390625000000002 0.96875
3 0.6812500000000001 0.9078125 0.6421875000000001 0.9078125 0.6421875000000001 0.9640625 0.6812500000000001 0.9640625
3 0.7859375000000002 0.8328125 0.6906250000000002 0.8328125 0.6906250000000002 0.9875 0.7859375000000002 0.9875
3 0.7156250000000002 0.7703125 0.6328125000000002 0.7703125 0.6328125000000002 0.8875 0.7156250000000002 0.8875
3 0.6296875000000001 0.7015625 0.553125 0.7015625 0.5531250000000001 0.8203125 0.6296875000000002 0.8203125
3 0.6546875000000001 0.6765625 0.590625 0.6765625 0.5906250000000001 0.7703125 0.6546875000000002 0.7703125
3 0.7296875 0.6765625000000001 0.665625 0.6765625 0.6656250000000001 0.7703125000000001 0.7296875000000002 0.7703125000000002
3 0.7859375000000002 0.7265625000000001 0.7156250000000002 0.7265625 0.7156250000000002 0.8203125 0.7859375000000002 0.8203125