3 0.95 0.30937500000000007 0.46875 0.30937500000000007 0.46875 0.5046875000000001 0.95 0.5046875000000002
3 0.9828125 0.51875 0.41875 0.51875 0.41875000000000007 0.965625 0.9828125 0.965625
3 0.5375000000000001 0.634375 0.2078125000000001 0.634375 0.2078125000000001 0.971875 0.5375000000000002 0.971875
3 0.2515625000000001 0.728125 0.004687500000000089 0.728125 0.004687500000000104 0.9796875 0.2515625000000001 0.9796875
3 0.4359375 0.39375000000000004 0.2406250000000001 0.39375 0.2406250000000001 0.5171875 0.4359375 0.5171875
3 0.3531250000000001 0.53125 0.17968750000000006 0.53125 0.17968750000000006 0.5890625 0.3531250000000001 0.5890625
3 0.19062500000000007 0.3234375 0.02187500000000004 0.3234375 0.021875000000000054 0.5609375 0.1906250000000001 0.5609375
3 0.4640625 0.010937500000000029 0.021875 0.010937500000000003 0.021875000000000016 0.26562500000000006 0.4640625 0.2656250000000001
3 0.709375 0.03593750000000007 0.340625 0.035937500000000046 0.340625 0.28437500000000004 0.709375 0.2843750000000001
3 0.9671875 0.10000000000000012 0.7328125 0.10000000000000009 0.7328125 0.2984375000000001 0.9671875 0.2984375000000001
3 0.815625 0.03906250000000009 0.6640625 0.039062500000000076 0.6640625 0.11718750000000008 0.815625 0.11718750000000008
3 0.6984375 7.692312707144312e-17 0.5578125 6.831232926493829e-17 0.5578125 0.12031250000000009 0.6984375 0.12031250000000009