3 0.90625 0.6468750000000002 0.8734375 0.6468750000000002 0.8734375 0.878125 0.90625 0.878125
3 0.884375 0.5828125000000002 0.8203125 0.5828125000000002 0.8203125 0.85625 0.884375 0.85625
3 0.8484375 0.5468750000000002 0.790625 0.5468750000000002 0.7906250000000001 0.8484375 0.8484375 0.8484375
3 0.784375 0.5906250000000001 0.721875 0.590625 0.721875 0.834375 0.7843750000000002 0.834375
3 0.815625 0.8421875 0.7484375000000002 0.8421875 0.7484375000000002 0.884375 0.815625 0.884375
3 0.809375 0.42500000000000016 0.7546875 0.42500000000000016 0.7546875000000001 0.8203125 0.809375 0.8203125
3 0.775 0.2734375000000001 0.65625 0.2734375000000001 0.65625 0.6625000000000001 0.775 0.6625000000000002
3 0.7609375 0.40312500000000007 0.7171875 0.403125 0.7171875 0.6187500000000001 0.7609375 0.6187500000000001
3 0.7250000000000001 0.475 0.6140625 0.475 0.6140625000000001 0.8484375 0.7250000000000002 0.8484375
3 0.6062500000000001 0.61875 0.575 0.61875 0.5750000000000001 0.8265625 0.6062500000000002 0.8265625
3 0.6390625000000001 0.14375000000000007 0.4484375 0.14375000000000004 0.4484375000000001 0.8125 0.6390625000000002 0.8125
3 0.5078125000000001 0.6609375 0.4609375 0.6609375 0.4609375000000001 0.8203125 0.5078125000000002 0.8203125
3 0.5703125000000002 0.828125 0.5203125000000002 0.828125 0.5203125000000002 0.8703125 0.5703125000000002 0.8703125
3 0.465625 0.05781250000000006 0.3578125 0.057812500000000044 0.35781250000000003 0.503125 0.465625 0.503125
3 0.4515625000000001 0.4609375 0.3531250000000001 0.4609375 0.3531250000000001 0.834375 0.4515625000000002 0.834375
3 0.3781250000000001 0.8484375 0.27031250000000007 0.8484375 0.27031250000000007 0.8921875 0.3781250000000001 0.8921875
3 0.353125 0.3609375 0.2515625 0.3609375 0.2515625 0.8140625 0.3531250000000001 0.8140625
3 0.30937500000000007 0.625 0.2531250000000001 0.625 0.2531250000000001 0.8203125 0.30937500000000007 0.8203125
3 0.27812500000000007 0.5109375 0.15937500000000004 0.5109375 0.15937500000000007 0.8265625 0.27812500000000007 0.8265625
3 0.1843750000000001 0.6984375 0.14062500000000008 0.6984375 0.14062500000000008 0.8421875 0.1843750000000001 0.8421875
3 0.16093750000000007 0.4390625 0.11406250000000004 0.4390625 0.11406250000000007 0.8265625 0.1609375000000001 0.8265625
3 0.11093750000000009 0.6265625 0.08593750000000007 0.6265625 0.08593750000000008 0.834375 0.11093750000000009 0.834375