3 0.88125 0.29375000000000007 0.7546875 0.29375000000000007 0.7546875 0.6750000000000002 0.88125 0.6750000000000002
3 0.9546875 0.6562500000000002 0.8359375 0.6562500000000002 0.8359375 0.99375 0.9546875 0.99375
3 0.8265625 0.6562500000000001 0.7 0.65625 0.7000000000000001 0.99375 0.8265625 0.99375
3 0.6937500000000001 0.6625 0.5703125 0.6625 0.5703125000000001 0.99375 0.6937500000000002 0.99375
3 0.5609375000000001 0.66875 0.4390625 0.66875 0.4390625000000001 0.99375 0.5609375000000002 0.99375
3 0.4328125000000001 0.66875 0.3062500000000001 0.66875 0.3062500000000001 0.99375 0.43281250000000016 0.99375
3 0.2968750000000001 0.675 0.1765625000000001 0.675 0.17656250000000012 0.99375 0.2968750000000001 0.99375
3 0.1671875000000001 0.66875 0.05156250000000009 0.66875 0.0515625000000001 0.99375 0.16718750000000013 0.99375
3 0.21562500000000004 0.3 0.09375000000000004 0.3 0.09375000000000007 0.675 0.2156250000000001 0.675
3 0.34843750000000007 0.29375 0.2296875 0.29375 0.22968750000000004 0.66875 0.34843750000000007 0.66875
3 0.7515625 0.29375000000000007 0.621875 0.29375000000000007 0.621875 0.6812500000000001 0.7515625 0.6812500000000001
3 0.615625 0.29375000000000007 0.49375 0.29375000000000007 0.49375 0.68125 0.615625 0.68125
3 0.48125 0.29375000000000007 0.3546875 0.29375 0.35468750000000004 0.68125 0.48125 0.68125
3 0.2890625 2.870265935501609e-17 0.1796875 2.2005372172179003e-17 0.17968750000000003 0.3 0.2890625 0.3
3 0.425 4.4584797531458325e-17 0.303125 3.7122106099154144e-17 0.303125 0.30000000000000004 0.425 0.3000000000000001
3 0.5546875 6.056261123908395e-17 0.434375 5.319559533796316e-17 0.434375 0.29375000000000007 0.5546875 0.29375000000000007
3 0.6890625 7.692312707144312e-17 0.5671875 6.946043563913895e-17 0.5671875 0.3062500000000001 0.6890625 0.3062500000000001
3 0.81875 9.309229184143553e-17 0.7015625 8.591662700268149e-17 0.7015625 0.29375000000000007 0.81875 0.29375000000000007