3 0.19218750000000004 0.1609375 0.018750000000000024 0.1609375 0.018750000000000055 0.7328125 0.1921875000000001 0.7328125
3 0.26093750000000004 0.06718750000000002 0.1578125 0.06718750000000002 0.15781250000000005 0.715625 0.2609375000000001 0.715625
3 0.24687500000000004 0.2265625 0.2125 0.2265625 0.21250000000000005 0.5875 0.2468750000000001 0.5875
3 0.3265625000000001 0.5765625 0.1921875000000001 0.5765625 0.1921875000000001 0.7375 0.3265625000000001 0.7375
3 0.4109375 0.5046875 0.3156250000000001 0.5046875 0.3156250000000001 0.6234375 0.4109375 0.6234375
3 0.4156250000000001 0.6234375 0.3265625000000001 0.6234375 0.3265625000000001 0.7265625 0.4156250000000002 0.7265625
3 0.4390625 0.4953125 0.3921875000000001 0.4953125 0.3921875000000001 0.5671875 0.4390625 0.5671875
3 0.465625 0.5671875 0.3921875000000001 0.5671875 0.3921875000000001 0.721875 0.465625 0.721875
3 0.546875 0.6390625 0.4265625 0.6390625 0.4265625 0.721875 0.546875 0.721875
3 0.584375 0.5921875 0.4765625 0.5921875 0.4765625 0.70625 0.584375 0.70625
3 0.596875 0.65 0.5625 0.65 0.5625 0.7109375 0.596875 0.7109375
3 0.63125 0.6390625 0.596875 0.6390625 0.596875 0.6859375 0.63125 0.6859375
3 0.6546875 0.665625 0.6125 0.665625 0.6125 0.70625 0.6546875 0.70625
3 0.6890625 0.6390625 0.6421875 0.6390625 0.6421875 0.70625 0.6890625 0.70625
3 0.6359375 0.5875 0.6125 0.5875 0.6125 0.64375 0.6359375 0.64375
3 0.5921875 0.55625 0.5609375 0.55625 0.5609375 0.65 0.5921875 0.65
3 0.5578125 0.2578125000000001 0.534375 0.2578125000000001 0.534375 0.603125 0.5578125 0.603125
3 0.5390625 0.4484375 0.5125 0.4484375 0.5125 0.5984375 0.5390625 0.5984375
3 0.51875 0.19531250000000006 0.4921875 0.19531250000000006 0.4921875 0.5875 0.51875 0.5875
3 0.4890625 0.4375 0.465625 0.4375 0.465625 0.5828125 0.4890625 0.5828125
3 0.4765625 0.29375000000000007 0.4390625 0.29375000000000007 0.4390625 0.603125 0.4765625 0.603125
3 0.4765625 0.18593750000000003 0.4578125 0.18593750000000003 0.4578125 0.571875 0.4765625 0.571875
3 0.4234375 0.11406250000000004 0.3921875 0.11406250000000004 0.3921875 0.5109375 0.4234375 0.5109375
3 0.4390625 0.30937500000000007 0.396875 0.30937500000000007 0.39687500000000003 0.53125 0.4390625 0.53125
3 0.38125000000000003 0.20156250000000003 0.35 0.2015625 0.35000000000000003 0.53125 0.3812500000000001 0.53125
3 0.3921875 0.2171875000000001 0.3765625 0.2171875000000001 0.3765625 0.5109375 0.3921875000000001 0.5109375
3 0.33906250000000004 0.11875000000000005 0.296875 0.11875000000000005 0.29687500000000006 0.65 0.3390625000000001 0.65
3 0.28906250000000006 0.20625 0.2578125 0.20625 0.25781250000000006 0.690625 0.2890625000000001 0.690625