3 0.4859375 4.25756113766072e-17 0.209375 2.5641042357147705e-17 0.209375 0.26093750000000004 0.4859375 0.2609375000000001
3 0.7625 0.060937500000000075 0.4890625 0.06093750000000007 0.4890625 0.17656250000000007 0.7625 0.1765625000000001
3 0.753125 0.14375000000000007 0.4859375 0.14375000000000004 0.4859375 0.39531250000000007 0.753125 0.39531250000000007
3 0.95 0.2609375000000001 0.75 0.2609375000000001 0.75 0.5296875000000002 0.95 0.5296875000000002
3 0.8375 0.3625000000000001 0.5703125 0.3625000000000001 0.5703125 0.6187500000000001 0.8375 0.6187500000000001
3 0.4890625 0.2562500000000001 0.421875 0.2562500000000001 0.421875 0.3765625000000001 0.4890625 0.3765625000000001
3 0.4296875 0.17187500000000003 0.1625 0.171875 0.16250000000000003 0.4140625 0.4296875 0.4140625
3 0.16562500000000005 0.284375 0.11093750000000005 0.284375 0.11093750000000005 0.4046875 0.16562500000000005 0.4046875
3 0.2765625000000001 0.4046875 0.00468750000000005 0.4046875 0.004687500000000067 0.6796875 0.2765625000000001 0.6796875
3 0.2718750000000001 0.6421875 0.004687500000000079 0.6421875 0.004687500000000093 0.85625 0.2718750000000001 0.85625
3 0.55 0.38125000000000003 0.2906250000000001 0.38125 0.2906250000000001 0.646875 0.55 0.646875
3 0.55 0.6140625 0.28593750000000007 0.6140625 0.28593750000000007 0.8234375 0.5500000000000002 0.8234375
3 0.8640625 0.6093750000000001 0.5875 0.609375 0.5875000000000001 0.934375 0.8640625 0.934375
3 0.996875 0.6609375000000001 0.7203125 0.6609375 0.7203125000000001 0.990625 0.996875 0.990625
3 0.9453125 0.4984375000000002 0.775 0.4984375000000002 0.775 0.6890625000000001 0.9453125 0.6890625000000001
3 0.5703125 0.2609375000000001 0.4296875 0.2609375000000001 0.4296875 0.5390625 0.5703125 0.5390625