3 0.965625 0.6859375000000001 0.6828125 0.6859375 0.6828125 0.9734375 0.965625 0.9734375
3 0.6343750000000001 0.671875 0.04375000000000008 0.671875 0.043750000000000094 0.9453125 0.6343750000000001 0.9453125
3 0.5562500000000001 0.5484375 0.1921875000000001 0.5484375 0.1921875000000001 0.7484375 0.5562500000000001 0.7484375
3 0.4781250000000001 0.5796875 0.3390625000000001 0.5796875 0.3390625000000001 0.74375 0.4781250000000002 0.74375
3 0.8390625 0.5578125 0.6875 0.5578125 0.6875 0.6765625000000001 0.8390625 0.6765625000000002
3 0.7359375 0.6125 0.5921875 0.6125 0.5921875 0.6984375 0.7359375 0.6984375000000002
3 0.8609375 0.0734375000000001 0.6875 0.07343750000000009 0.6875 0.1468750000000001 0.8609375 0.1468750000000001
3 0.821875 0.023437500000000094 0.734375 0.02343750000000009 0.734375 0.3890625000000001 0.821875 0.3890625000000001
3 0.865625 0.3890625000000001 0.7 0.3890625000000001 0.7 0.4625000000000001 0.865625 0.4625000000000002
3 0.578125 0.11875000000000006 0.409375 0.11875000000000005 0.409375 0.3203125000000001 0.578125 0.3203125000000001
3 0.5703125 0.3890625000000001 0.4140625 0.3890625000000001 0.4140625 0.4625 0.5703125 0.4625
3 0.26562500000000006 0.02812500000000003 0.178125 0.02812500000000002 0.17812500000000003 0.3890625 0.2656250000000001 0.3890625
3 0.3046875000000001 0.3875 0.13906250000000003 0.3875 0.13906250000000003 0.465625 0.3046875000000001 0.465625
3 0.865625 0.0328125000000001 0.7 0.03281250000000009 0.7 0.4609375000000001 0.865625 0.46093750000000017
3 0.30937500000000007 0.014062500000000028 0.1390625 0.014062500000000016 0.13906250000000003 0.4609375 0.30937500000000007 0.4609375