3 0.9421875 0.10468750000000011 0.715625 0.10468750000000009 0.7156250000000001 0.853125 0.9421875 0.853125
3 0.8375 0.10312500000000009 0.728125 0.10312500000000009 0.728125 0.3281250000000001 0.8375 0.3281250000000001
3 0.709375 0.060937500000000075 0.5234375 0.06093750000000007 0.5234375 0.3453125000000001 0.709375 0.3453125000000001
3 0.7125000000000001 0.30156250000000007 0.4875 0.30156250000000007 0.4875000000000001 0.8859375 0.7125000000000001 0.8859375
3 0.775 0.2671875000000001 0.6984375 0.2671875000000001 0.6984375 0.3062500000000001 0.775 0.3062500000000001
3 0.5640625 0.07656250000000006 0.3859375 0.07656250000000005 0.3859375 0.2953125000000001 0.5640625 0.2953125000000001
3 0.4796875000000001 0.321875 0.2328125 0.321875 0.23281250000000003 0.9125 0.47968750000000016 0.9125
3 0.378125 0.09218750000000003 0.2359375 0.09218750000000002 0.2359375 0.32812500000000006 0.378125 0.3281250000000001
3 0.4953125000000001 0.3109375000000001 0.46875 0.3109375000000001 0.4687500000000001 0.8578125 0.49531250000000016 0.8578125
3 0.25781250000000006 0.284375 0.06562500000000004 0.284375 0.06562500000000007 0.8359375 0.2578125000000001 0.8359375
3 0.2984375 0.09375000000000003 0.203125 0.09375000000000003 0.203125 0.3125 0.2984375 0.3125