3 0.7468750000000001 0.2468750000000001 0.51875 0.2468750000000001 0.51875 0.8640625 0.7468750000000002 0.8640625
3 0.8765625 0.2140625000000001 0.746875 0.2140625000000001 0.746875 0.5093750000000001 0.8765625 0.5093750000000001
3 0.996875 1.1299280232758e-16 0.8484375 1.0390362686515824e-16 0.8484375 0.6062500000000002 0.996875 0.6062500000000002
3 0.996875 0.5031250000000002 0.7421875 0.5031250000000002 0.7421875000000001 0.7984375000000001 0.996875 0.7984375000000001
3 0.9671875 0.7593750000000001 0.7796875000000002 0.7593750000000001 0.7796875000000002 0.9953125 0.9671875 0.9953125
3 0.84375 0.8859375 0.6921875000000002 0.8859375 0.6921875000000002 0.9953125 0.84375 0.9953125
3 0.6734375000000001 0.590625 0.1703125000000001 0.590625 0.17031250000000012 0.9953125 0.6734375000000001 0.9953125
3 0.23593750000000008 0.6171875 0.025000000000000078 0.6171875 0.025000000000000095 0.9015625 0.23593750000000008 0.9015625
3 0.1484375000000001 0.6828125 8.362041425428021e-17 0.6828125 1.0275552049095762e-16 0.9953125 0.14843750000000014 0.9953125
3 0.19218750000000007 0.2890625 3.539994653785318e-17 0.2890625 5.587451021109799e-17 0.6234375 0.1921875000000001 0.6234375
3 0.4640625 0.32812500000000006 0.2421875 0.328125 0.24218750000000006 0.6015625 0.4640625 0.6015625
3 0.584375 0.37187500000000007 0.4609375 0.37187500000000007 0.4609375 0.6234375 0.584375 0.6234375
3 0.5828125 0.3765625 0.10156250000000004 0.3765625 0.10156250000000007 0.715625 0.5828125 0.715625
3 0.45 0.028125000000000046 0.2546875 0.028125000000000032 0.25468750000000007 0.421875 0.45 0.421875
3 0.26093750000000004 0.2796875 0.15937500000000004 0.2796875 0.15937500000000007 0.553125 0.2609375000000001 0.553125
3 0.296875 1.8178350924843523e-17 0 0 1.8082675393660138e-17 0.2953125 0.296875 0.2953125
3 0.771875 6.745124948428782e-17 0.3296875 4.0375074159389303e-17 0.3296875 0.27812500000000007 0.771875 0.27812500000000007