3 0.8921875 0.7625000000000001 0.5875000000000001 0.7625 0.5875000000000001 0.9953125 0.8921875 0.9953125
3 0.996875 0.7421875000000002 0.7953125000000002 0.7421875000000002 0.7953125000000002 0.984375 0.996875 0.984375
3 0.4984375000000002 0.8140625 0.2593750000000001 0.8140625 0.2593750000000001 0.9953125 0.4984375000000002 0.9953125
3 0.25468750000000007 0.7265625 0.07031250000000008 0.7265625 0.0703125000000001 0.9953125 0.25468750000000007 0.9953125
3 0.0734375000000001 0.7734375 9.47187758715531e-17 0.7734375 1.0830470129959405e-16 0.9953125 0.07343750000000011 0.9953125
3 0.2156250000000001 0.4890625 5.989288252080025e-17 0.4890625 7.72101536649933e-17 0.771875 0.2156250000000001 0.771875
3 0.28593750000000007 0.5984375 0.21250000000000008 0.5984375 0.21250000000000008 0.8140625 0.28593750000000007 0.8140625
3 0.6140625000000001 0.53125 0.2812500000000001 0.53125 0.2812500000000001 0.896875 0.6140625000000002 0.896875
3 0.5953125000000001 0.778125 0.49531250000000016 0.778125 0.49531250000000016 0.9953125 0.5953125000000001 0.9953125
3 0.996875 0.43281250000000016 0.76875 0.43281250000000016 0.76875 0.7171875000000002 0.996875 0.7171875000000002
3 0.996875 0.6812500000000001 0.8890625 0.6812500000000001 0.8890625 0.7640625000000002 0.996875 0.7640625000000002
3 0.865625 0.7062500000000002 0.76875 0.7062500000000002 0.76875 0.7468750000000002 0.865625 0.7468750000000002
3 0.9953125 1.0677389280065986e-16 0.7484375 9.165715887368473e-17 0.7484375 0.2984375000000001 0.9953125 0.2984375000000001
3 0.996875 0.21093750000000008 0.9078125 0.21093750000000008 0.9078125 0.4593750000000002 0.996875 0.4593750000000002
3 0.9453125 0.2578125000000001 0.621875 0.2578125000000001 0.621875 0.5312500000000001 0.9453125 0.5312500000000002
3 0.7640625000000001 0.5062500000000001 0.55625 0.50625 0.5562500000000001 0.76875 0.7640625000000002 0.7687500000000002
3 0.33281250000000007 0.5625 0.2390625000000001 0.5625 0.2390625000000001 0.70625 0.33281250000000007 0.70625
3 0.66875 0.15937500000000007 0.3828125 0.15937500000000004 0.38281250000000006 0.6234375 0.66875 0.6234375
3 0.4984375 0.428125 0.4328125 0.428125 0.4328125 0.6078125 0.4984375 0.6078125
3 0.81875 8.936094612528342e-17 0.640625 7.845393557037732e-17 0.640625 0.2890625000000001 0.81875 0.2890625000000001
3 0.6609375 7.290475476174086e-17 0.5296875 6.486801014233636e-17 0.5296875 0.3046875000000001 0.6609375 0.3046875000000001
3 0.5640625 4.8507494309977197e-17 0.228125 2.7937255105548996e-17 0.228125 0.19062500000000007 0.5640625 0.1906250000000001
3 0.44375 0.18593750000000003 0.2546875 0.18593750000000003 0.25468750000000007 0.55625 0.44375 0.55625
3 0.2828125 0.17500000000000002 0.043750000000000025 0.175 0.043750000000000046 0.5875 0.2828125000000001 0.5875
3 0.08437500000000002 0.004687500000000005 5.740531871003218e-19 0.0046875 2.516266470123077e-17 0.40625 0.08437500000000005 0.40625
3 0.3125 2.2005372172179003e-17 0.046875 5.7405318710032185e-18 0.046875000000000014 0.18593750000000003 0.3125 0.18593750000000003
3 0.06562500000000006 0.3609375 4.420209540672478e-17 0.3609375 5.367397299388009e-17 0.515625 0.06562500000000007 0.515625