3 0.99375 0.5218750000000002 0.8671875 0.5218750000000002 0.8671875 0.89375 0.99375 0.89375
3 0.8703125 0.6031250000000001 0.746875 0.6031250000000001 0.7468750000000001 0.9625 0.8703125 0.9625
3 0.9015625 0.7234375000000002 0.8390625 0.7234375000000002 0.8390625 0.95625 0.9015625 0.95625
3 0.8640625 0.3031250000000001 0.6640625 0.3031250000000001 0.6640625000000001 0.825 0.8640625 0.825
3 0.7312500000000001 0.4593750000000001 0.6046875 0.459375 0.6046875 0.8484375 0.7312500000000002 0.8484375
3 0.6515625 0.3031250000000001 0.484375 0.3031250000000001 0.4843750000000001 0.85 0.6515625000000002 0.85
3 0.6359375 0.057812500000000065 0.3953125 0.057812500000000044 0.39531250000000007 0.85625 0.6359375000000002 0.85625
3 0.5468750000000001 0.6921875 0.465625 0.6921875 0.46562500000000007 0.89375 0.5468750000000002 0.89375
3 0.5859375000000002 0.7484375 0.5250000000000001 0.7484375 0.5250000000000001 0.89375 0.5859375000000002 0.89375
3 0.4531250000000001 0.6171875 0.3515625000000001 0.6171875 0.3515625000000001 0.88125 0.45312500000000017 0.88125
3 0.4218750000000001 0.27656250000000004 0.3046875 0.2765625 0.30468750000000006 0.7984375 0.42187500000000017 0.7984375
3 0.3296875000000001 0.546875 0.2156250000000001 0.546875 0.2156250000000001 0.875 0.3296875000000001 0.875
3 0.2000000000000001 0.478125 0.05156250000000007 0.478125 0.05156250000000009 0.8796875 0.2000000000000001 0.8796875
3 0.30625 0.18281250000000002 0.09218750000000002 0.1828125 0.09218750000000006 0.7796875 0.3062500000000001 0.7796875