3 0.9421875 0.4984375000000002 0.75625 0.4984375000000002 0.75625 0.6187500000000001 0.9421875 0.6187500000000001
3 0.9421875 0.6000000000000002 0.7515625 0.6000000000000002 0.7515625 0.6796875000000002 0.9421875 0.6796875000000002
3 0.9375 0.6625000000000002 0.75625 0.6625000000000002 0.7562500000000001 0.7328125000000002 0.9375 0.7328125000000002
3 0.9375 0.7109375000000002 0.75625 0.7109375000000002 0.7562500000000001 0.7875000000000002 0.9375 0.7875000000000002
3 0.9328125 0.7640625000000002 0.7515625000000001 0.7640625000000002 0.7515625000000001 0.8359375 0.9328125 0.8359375
3 0.6843750000000002 0.7828125 0.4890625000000002 0.7828125 0.4890625000000002 0.925 0.6843750000000002 0.925
3 0.8 0.7781250000000001 0.6484375000000002 0.778125 0.6484375000000002 0.9015625 0.8 0.9015625
3 0.7390625 0.5296875000000001 0.5609375 0.5296875 0.5609375 0.6453125000000001 0.7390625 0.6453125000000002
3 0.734375 0.6312500000000001 0.565625 0.63125 0.565625 0.7015625000000001 0.734375 0.7015625000000002
3 0.7421875000000001 0.6843750000000001 0.5640625 0.684375 0.5640625000000001 0.7515625000000001 0.7421875000000002 0.7515625000000001
3 0.7343750000000002 0.7281250000000001 0.5656250000000002 0.728125 0.5656250000000002 0.8 0.7343750000000002 0.8
3 0.5015625 0.503125 0.3156250000000001 0.503125 0.3156250000000001 0.6234375 0.5015625 0.6234375
3 0.4984375 0.6046875 0.3156250000000001 0.6046875 0.3156250000000001 0.6796875 0.4984375 0.6796875
3 0.4937500000000001 0.6578125 0.3156250000000001 0.6578125 0.3156250000000001 0.7375 0.4937500000000002 0.7375
3 0.4937500000000001 0.715625 0.3062500000000001 0.715625 0.3062500000000001 0.7828125 0.4937500000000002 0.7828125
3 0.4890625000000002 0.76875 0.3109375000000001 0.76875 0.3109375000000001 0.8359375 0.4890625000000002 0.8359375
3 0.23593750000000008 0.790625 0.0484375000000001 0.790625 0.048437500000000105 0.9203125 0.23593750000000008 0.9203125
3 0.35625000000000007 0.7828125 0.21875000000000008 0.7828125 0.21875000000000008 0.903125 0.35625000000000007 0.903125
3 0.29375000000000007 0.5296875 0.12500000000000006 0.5296875 0.12500000000000006 0.65 0.29375000000000007 0.65
3 0.29375000000000007 0.63125 0.12031250000000009 0.63125 0.12031250000000009 0.696875 0.29375000000000007 0.696875
3 0.29375000000000007 0.684375 0.1296875000000001 0.684375 0.1296875000000001 0.7515625 0.29375000000000007 0.7515625
3 0.29375000000000007 0.7421875 0.1296875000000001 0.7421875 0.1296875000000001 0.809375 0.29375000000000007 0.809375
3 0.4890625 0.32500000000000007 0.296875 0.325 0.29687500000000006 0.4625 0.4890625 0.4625
3 0.6171875 0.3156250000000001 0.4578125 0.3156250000000001 0.4578125 0.44375 0.6171875 0.44375
3 0.75625 0.03593750000000008 0.56875 0.03593750000000007 0.56875 0.15625000000000008 0.75625 0.15625000000000008
3 0.7515625 0.14218750000000008 0.5640625 0.14218750000000008 0.5640625 0.2171875000000001 0.7515625 0.2171875000000001
3 0.746875 0.2000000000000001 0.56875 0.2000000000000001 0.56875 0.2718750000000001 0.746875 0.2718750000000001
3 0.746875 0.2578125000000001 0.56875 0.2578125000000001 0.56875 0.3203125000000001 0.746875 0.3203125000000001
3 0.746875 0.3109375000000001 0.56875 0.3109375000000001 0.56875 0.3781250000000001 0.746875 0.3781250000000001
3 0.5515625 0.07187500000000005 0.36875 0.07187500000000005 0.36875 0.18281250000000007 0.5515625 0.1828125000000001
3 0.546875 0.17343750000000008 0.378125 0.17343750000000005 0.378125 0.2406250000000001 0.546875 0.2406250000000001
3 0.5515625 0.22656250000000008 0.3828125 0.22656250000000008 0.3828125 0.2890625000000001 0.5515625 0.2890625000000001
3 0.546875 0.2718750000000001 0.378125 0.2718750000000001 0.378125 0.3296875000000001 0.546875 0.3296875000000001