3 0.7609375 0.4593750000000001 0.59375 0.459375 0.5937500000000001 0.9875 0.7609375000000002 0.9875
3 0.5437500000000001 0.459375 0.3812500000000001 0.459375 0.3812500000000001 0.975 0.5437500000000002 0.975
3 0.3234375000000001 0.446875 0.15781250000000005 0.446875 0.15781250000000008 0.98125 0.3234375000000001 0.98125
0 0.7984375 0.2765625000000001 0.6828125 0.2765625000000001 0.6828125 0.49687500000000007 0.7984375 0.4968750000000002
0 0.88125 0.22031250000000008 0.7640625 0.22031250000000008 0.7640625 0.44062500000000016 0.88125 0.44062500000000016
0 0.7734375 0.1140625000000001 0.6390625 0.1140625000000001 0.6390625 0.3343750000000001 0.7734375 0.3343750000000001
0 0.8359375 0.3968750000000001 0.7453125 0.3968750000000001 0.7453125 0.4968750000000002 0.8359375 0.4968750000000002
0 0.6546875 0.11250000000000009 0.5625 0.11250000000000009 0.5625 0.2453125000000001 0.6546875 0.2453125000000001
0 0.621875 0.15156250000000007 0.4875 0.15156250000000004 0.4875 0.34062500000000007 0.621875 0.34062500000000007
0 0.534375 0.2890625000000001 0.41875 0.2890625000000001 0.41875 0.446875 0.534375 0.446875
0 0.453125 0.17656250000000004 0.3296875 0.17656250000000004 0.3296875 0.35156250000000006 0.453125 0.3515625000000001
0 0.49375 0.24531250000000004 0.3484375 0.2453125 0.34843750000000007 0.36406250000000007 0.49375 0.36406250000000007
0 0.50625 0.2515625000000001 0.46875 0.2515625000000001 0.46875 0.2953125000000001 0.50625 0.2953125000000001
0 0.32031250000000006 0.2453125 0.19531250000000006 0.2453125 0.19531250000000006 0.428125 0.3203125000000001 0.428125
0 0.384375 0.32031250000000006 0.2734375 0.3203125 0.27343750000000006 0.446875 0.3843750000000001 0.446875
0 0.2796875 0.06875000000000003 0.1359375 0.06875000000000002 0.13593750000000002 0.2640625 0.2796875 0.2640625
0 0.20468750000000005 0.19531250000000003 0.02812500000000002 0.1953125 0.02812500000000004 0.440625 0.20468750000000008 0.440625
0 0.20468750000000005 0.3453125 0.11875000000000005 0.3453125 0.11875000000000005 0.484375 0.20468750000000008 0.484375