3 0.2171875000000001 0.6390625 0.0828125000000001 0.6390625 0.0828125000000001 0.875 0.2171875000000001 0.875
3 0.5906250000000002 0.7265625 0.4593750000000002 0.7265625 0.4593750000000002 0.9515625 0.5906250000000002 0.9515625
3 0.628125 0.628125 0.49375 0.628125 0.4937500000000001 0.7875 0.6281250000000002 0.7875
3 0.8515625 0.7765625 0.7250000000000002 0.7765625 0.7250000000000002 0.984375 0.8515625 0.984375
3 0.996875 0.7156250000000002 0.8984375 0.7156250000000002 0.8984375 0.9515625 0.996875 0.9515625
3 0.4125 0.459375 0.2468750000000001 0.459375 0.2468750000000001 0.678125 0.4125 0.678125
3 0.16718750000000002 0.1703125 0.018750000000000024 0.1703125 0.01875000000000003 0.334375 0.16718750000000004 0.334375
3 0.05000000000000006 0.3046875 3.731345716152092e-17 0.3046875 4.7072361342226394e-17 0.4640625 0.050000000000000065 0.4640625
3 0.10468750000000007 0.4046875 4.955992515299445e-17 0.4046875 6.056261123908394e-17 0.584375 0.10468750000000009 0.584375
3 0.8328125 8.314203659836328e-17 0.525 6.429395695523604e-17 0.525 0.3984375000000001 0.8328125 0.3984375000000001
3 0.5296875 4.152318053358994e-17 0.1484375 1.8178350924843523e-17 0.1484375 0.16406250000000003 0.5296875 0.16406250000000006
3 0.996875 0.1375000000000001 0.23125 0.13750000000000004 0.23125000000000004 0.6453125000000001 0.996875 0.6453125000000002