3 0.8546875 0.6140625000000001 0.5875 0.6140625 0.5875000000000001 0.9953125 0.8546875 0.9953125
3 0.996875 0.4734375000000002 0.871875 0.4734375000000002 0.871875 0.9953125 0.996875 0.9953125
3 0.8765625 0.5000000000000001 0.6390625 0.5 0.6390625000000001 0.9453125 0.8765625 0.9453125
3 0.6421875000000001 0.559375 0.4234375 0.559375 0.4234375000000001 0.9953125 0.6421875000000001 0.9953125
3 0.48906250000000007 0.63125 0.2296875000000001 0.63125 0.2296875000000001 0.9953125 0.4890625000000002 0.9953125
3 0.2156250000000001 0.5703125 6.984313776387249e-17 0.5703125 9.586688224575374e-17 0.9953125 0.2156250000000001 0.9953125
3 0.4453125000000001 0.50625 0.2156250000000001 0.50625 0.2156250000000001 0.9953125 0.44531250000000017 0.9953125
3 0.7078125 0.4078125 0.48125 0.4078125 0.48125 0.6140625 0.7078125 0.6140625
3 0.915625 0.37968750000000007 0.69375 0.37968750000000007 0.69375 0.5328125000000001 0.915625 0.5328125000000001
3 0.996875 0.34843750000000007 0.915625 0.34843750000000007 0.915625 0.4781250000000002 0.996875 0.4781250000000002
3 0.9671875 0.2609375000000001 0.7734375 0.2609375000000001 0.7734375 0.3968750000000001 0.9671875 0.3968750000000001
3 0.996875 0.2062500000000001 0.9453125 0.2062500000000001 0.9453125 0.3531250000000001 0.996875 0.3531250000000001
3 0.996875 0.11406250000000011 0.871875 0.1140625000000001 0.871875 0.22812500000000008 0.996875 0.22812500000000008
3 0.996875 0.02812500000000011 0.8609375 0.0281250000000001 0.8609375 0.13125000000000012 0.996875 0.13125000000000014
3 0.9015625 1.005549832737397e-16 0.740625 9.070040356185083e-17 0.740625 0.0656250000000001 0.9015625 0.06562500000000011
3 0.565625 0.15781250000000008 0.390625 0.15781250000000005 0.390625 0.3375000000000001 0.565625 0.3375000000000001
3 0.7234375 0.1140625000000001 0.5765625 0.1140625000000001 0.5765625 0.2828125000000001 0.7234375 0.2828125000000001
3 0.890625 0.1687500000000001 0.71875 0.1687500000000001 0.71875 0.3156250000000001 0.890625 0.3156250000000001
3 0.3953125 0.15781250000000005 0.2125 0.15781250000000005 0.2125 0.32031250000000006 0.3953125 0.3203125000000001
3 0.2296875 0.2125 0.03281250000000002 0.2125 0.032812500000000036 0.353125 0.2296875 0.353125
3 0.39062500000000006 0.27187500000000003 0.2078125 0.271875 0.20781250000000004 0.4015625 0.3906250000000001 0.4015625
3 0.5734375 0.3156250000000001 0.3875 0.3156250000000001 0.38750000000000007 0.5703125 0.5734375 0.5703125
3 0.778125 0.2765625000000001 0.5765625 0.2765625000000001 0.5765625 0.4781250000000001 0.778125 0.4781250000000002
3 0.14531250000000007 0.4453125 5.4535052774530576e-17 0.4453125 6.582476545417024e-17 0.6296875 0.1453125000000001 0.6296875
3 0.20781250000000004 0.3203125 3.922696778518866e-17 0.3203125 5.759666977239896e-17 0.6203125 0.2078125000000001 0.6203125