3 0.996875 0.7546875000000001 0.6906250000000002 0.7546875 0.6906250000000002 0.99375 0.996875 0.99375
3 0.6906250000000002 0.7671875 0.3359375000000001 0.7671875 0.3359375000000001 0.9953125 0.6906250000000002 0.9953125
3 0.3437500000000001 0.7546875 9.242256312315182e-17 0.7546875 1.0706091939421002e-16 0.99375 0.3437500000000001 0.99375
3 0.6703125000000001 0.5609375 0.3265625000000001 0.5609375 0.3265625000000001 0.8015625 0.6703125000000002 0.8015625
3 0.996875 0.5328125000000001 0.6671875 0.5328125 0.6671875 0.7781250000000001 0.996875 0.7781250000000002
3 0.9625 0.3343750000000001 0.646875 0.3343750000000001 0.646875 0.5859375000000001 0.9625 0.5859375000000002
3 0.996875 0.3390625000000001 0.965625 0.3390625000000001 0.965625 0.6031250000000001 0.996875 0.6031250000000001
3 0.965625 0.14687500000000012 0.653125 0.1468750000000001 0.653125 0.3984375000000001 0.965625 0.3984375000000001
3 0.9625 0.006250000000000098 0.659375 0.00625000000000008 0.659375 0.2156250000000001 0.9625 0.2156250000000001
3 0.61875 0.010937500000000058 0.3296875 0.010937500000000041 0.3296875 0.20468750000000005 0.61875 0.20468750000000008
3 0.3265625 2.1909696640995614e-17 0.03125 3.827021247335479e-18 0.031250000000000014 0.228125 0.3265625 0.228125
3 0.026562500000000034 0.1984375 2.430158492058029e-17 0.1984375 3.645237738087043e-17 0.396875 0.026562500000000044 0.396875
3 0.33593750000000006 0.15156250000000002 0.017187500000000015 0.1515625 0.017187500000000033 0.415625 0.3359375000000001 0.415625
3 0.31562500000000004 0.35 4.286263797015736e-17 0.35 5.788369636594911e-17 0.5953125 0.3156250000000001 0.5953125
3 0.3203125000000001 0.55625 6.812097820257152e-17 0.55625 8.275933447362974e-17 0.7953125 0.3203125000000001 0.7953125
3 0.64375 0.35625000000000007 0.3140625 0.35625 0.3140625 0.6203125 0.64375 0.6203125
3 0.65 0.16406250000000006 0.34375 0.16406250000000006 0.34375000000000006 0.403125 0.65 0.403125