3 0.8703125 0.3343750000000001 0.7671875 0.3343750000000001 0.7671875 0.6437500000000002 0.8703125 0.6437500000000002
3 0.8734375 0.6125000000000002 0.75 0.6125000000000002 0.7500000000000001 0.934375 0.8734375 0.934375
3 0.7500000000000001 0.5296875000000001 0.6296875 0.5296875 0.6296875000000001 0.934375 0.7500000000000002 0.934375
3 0.746875 0.26250000000000007 0.646875 0.26250000000000007 0.646875 0.5593750000000001 0.746875 0.5593750000000002
3 0.8140625 0.1546875000000001 0.7140625 0.1546875000000001 0.7140625 0.6671875 0.8140625 0.6671875000000002
3 0.7 0.20312500000000008 0.5796875 0.20312500000000008 0.5796875 0.2921875000000001 0.7 0.2921875000000001
3 0.646875 0.2921875000000001 0.5828125 0.2921875000000001 0.5828125 0.578125 0.646875 0.578125
3 0.6296875 0.3453125000000001 0.5234375 0.3453125000000001 0.5234375 0.6484375 0.6296875 0.6484375
3 0.6265625000000001 0.6484375 0.5140625 0.6484375 0.5140625000000001 0.940625 0.6265625000000001 0.940625
3 0.5140625 0.3046875000000001 0.39375 0.3046875000000001 0.39375000000000004 0.65 0.5140625 0.65
3 0.5140625000000001 0.6375 0.4 0.6375 0.4000000000000001 0.946875 0.5140625000000002 0.946875
3 0.4000000000000001 0.5296875 0.2796875000000001 0.5296875 0.2796875000000001 0.8625 0.4000000000000002 0.8625
3 0.4000000000000002 0.8453125 0.2734375000000001 0.8453125 0.2734375000000001 0.934375 0.4000000000000002 0.934375
3 0.2734375000000001 0.5359375 0.14062500000000006 0.5359375 0.14062500000000008 0.940625 0.2734375000000001 0.940625
3 0.27031250000000007 0.2328125 0.14375000000000004 0.2328125 0.14375000000000007 0.5484375 0.27031250000000007 0.5484375
3 0.3296875 0.02968750000000004 0.2375 0.029687500000000033 0.2375 0.315625 0.3296875 0.315625
3 0.28750000000000003 0.315625 0.2609375 0.315625 0.26093750000000004 0.5125 0.2875000000000001 0.5125
3 0.39062500000000006 0.2671875 0.2875 0.2671875 0.28750000000000003 0.565625 0.3906250000000001 0.565625
3 0.4671875 0.13125000000000003 0.359375 0.13125000000000003 0.359375 0.30937500000000007 0.4671875 0.30937500000000007
3 0.5765625 0.04218750000000006 0.4703125 0.04218750000000006 0.4703125 0.3281250000000001 0.5765625 0.3281250000000001