3 0.8859375 0.5250000000000001 0.778125 0.5250000000000001 0.7781250000000001 0.871875 0.8859375 0.871875
3 0.85 0.2812500000000001 0.628125 0.2812500000000001 0.628125 0.6468750000000001 0.85 0.6468750000000002
3 0.7828125000000001 0.6468750000000001 0.7046875 0.646875 0.7046875000000001 0.909375 0.7828125000000001 0.909375
3 0.7078125000000002 0.7921875 0.5906250000000002 0.7921875 0.5906250000000002 0.9453125 0.7078125000000002 0.9453125
3 0.7140625 0.49375 0.5640625 0.49375 0.5640625000000001 0.8234375 0.7140625000000002 0.8234375
3 0.6390625 0.2312500000000001 0.4625 0.2312500000000001 0.4625 0.7078125 0.6390625 0.7078125
3 0.55 0.5734375 0.45625 0.5734375 0.45625 0.7015625 0.55 0.7015625
3 0.5921875000000001 0.6953125 0.4890625 0.6953125 0.48906250000000007 0.9015625 0.5921875000000002 0.9015625
3 0.5046875000000001 0.6765625 0.3156250000000001 0.6765625 0.3156250000000001 0.9265625 0.5046875000000002 0.9265625
3 0.4828125 0.4265625 0.3687500000000001 0.4265625 0.3687500000000001 0.7078125 0.4828125 0.7078125
3 0.465625 0.3359375000000001 0.375 0.3359375000000001 0.37500000000000006 0.4390625 0.465625 0.4390625
3 0.471875 0.12812500000000004 0.36875 0.12812500000000004 0.36875 0.3468750000000001 0.471875 0.3468750000000001
3 0.38750000000000007 0.29218750000000004 0.2765625 0.2921875 0.27656250000000004 0.4640625 0.38750000000000007 0.4640625
3 0.3593750000000001 0.4703125 0.27812500000000007 0.4703125 0.27812500000000007 0.6765625 0.3593750000000001 0.6765625
3 0.3125000000000001 0.51875 0.18906250000000005 0.51875 0.18906250000000008 0.890625 0.3125000000000001 0.890625