3 0.88125 0.5203125000000002 0.79375 0.5203125000000002 0.7937500000000001 0.9921875 0.88125 0.9921875
3 0.84375 0.0812500000000001 0.759375 0.08125000000000009 0.759375 0.5609375000000002 0.84375 0.5609375000000002
3 0.7875000000000001 0.5046875000000001 0.7078125 0.5046875 0.7078125000000001 0.9765625 0.7875000000000002 0.9765625
3 0.734375 0.08125000000000009 0.6484375 0.08125000000000009 0.6484375 0.5453125000000001 0.734375 0.5453125000000002
3 0.6984375 0.496875 0.6203125 0.496875 0.6203125 0.96875 0.6984375000000002 0.96875
3 0.5906250000000001 0.4875 0.5125 0.4875 0.5125000000000001 0.959375 0.5906250000000002 0.959375
3 0.5687500000000001 0.24375000000000008 0.4390625 0.24375000000000008 0.4390625000000001 0.8625 0.5687500000000002 0.8625
3 0.4218750000000001 0.5859375 0.34843750000000007 0.5859375 0.34843750000000007 0.9265625 0.42187500000000017 0.9265625
3 0.3546875000000001 0.5765625 0.2765625000000001 0.5765625 0.2765625000000001 0.9515625 0.3546875000000001 0.9515625
3 0.290625 0.2125 0.2421875 0.2125 0.24218750000000006 0.61875 0.2906250000000001 0.61875
3 0.2687500000000001 0.59375 0.1859375000000001 0.59375 0.18593750000000012 0.9671875 0.2687500000000001 0.9671875
3 0.21562500000000004 0.26875 0.12812500000000004 0.26875 0.12812500000000007 0.6421875 0.2156250000000001 0.6421875
3 0.1828125000000001 0.6015625 0.09218750000000006 0.6015625 0.09218750000000009 0.9921875 0.18281250000000013 0.9921875
0 0.9984375 0.12968750000000012 0.85 0.1296875000000001 0.85 0.9515625 0.9984375 0.9515625
0 0.85 0.015625000000000097 0.7328125 0.01562500000000009 0.7328125 0.0812500000000001 0.85 0.08125000000000011
0 0.8734375 0.09843750000000011 0.846875 0.09843750000000011 0.846875 0.17968750000000008 0.8734375 0.17968750000000008
0 0.7578125 0.07343750000000009 0.7390625 0.07343750000000009 0.7390625 0.5046875000000002 0.7578125 0.5046875000000002
0 0.12031250000000007 0.284375 0.007812500000000036 0.284375 0.007812500000000064 0.75625 0.12031250000000009 0.75625
0 0.0875000000000001 0.7390625 0.007812500000000092 0.7390625 0.007812500000000108 0.9921875 0.0875000000000001 0.9921875
0 0.0640625000000001 0.6828125 8.362041425428021e-17 0.6828125 1.0256416942859084e-16 0.9921875 0.0640625000000001 0.9921875
0 0.04375000000000007 0.3421875 4.190588265832349e-17 0.3421875 6.429395695523604e-17 0.7078125 0.04375000000000009 0.7078125
0 0.12656250000000005 0.334375 0.10468750000000004 0.334375 0.10468750000000004 0.4484375 0.12656250000000005 0.4484375
0 0.23906250000000004 0.3015625 0.2140625 0.3015625 0.21406250000000004 0.5453125 0.2390625000000001 0.5453125
0 0.3687500000000001 0.43125 0.2906250000000001 0.43125 0.2906250000000001 0.59375 0.3687500000000001 0.59375