0 0.69375 0.1593750000000001 0.6578125 0.1593750000000001 0.6578125 0.2140625000000001 0.69375 0.2140625000000001
0 0.7609375 0.15000000000000008 0.725 0.15000000000000008 0.725 0.20468750000000008 0.7609375 0.20468750000000008
0 0.7734375 0.1390625000000001 0.753125 0.1390625000000001 0.753125 0.2140625000000001 0.7734375 0.2140625000000001
0 0.8171875 0.13437500000000008 0.7890625 0.13437500000000008 0.7890625 0.1984375000000001 0.8171875 0.1984375000000001
0 0.8453125 0.1140625000000001 0.8203125 0.1140625000000001 0.8203125 0.17968750000000008 0.8453125 0.17968750000000008
0 0.86875 0.1296875000000001 0.84375 0.1296875000000001 0.84375 0.17968750000000008 0.86875 0.17968750000000008
0 0.884375 0.1437500000000001 0.86875 0.1437500000000001 0.86875 0.18906250000000008 0.884375 0.18906250000000008
0 0.678125 0.10000000000000009 0.6625 0.10000000000000009 0.6625 0.1390625000000001 0.678125 0.1390625000000001
0 0.6453125 0.10000000000000009 0.625 0.10000000000000009 0.625 0.1437500000000001 0.6453125 0.1437500000000001
0 0.625 0.12343750000000009 0.59375 0.12343750000000009 0.59375 0.1593750000000001 0.625 0.1593750000000001
0 0.5984375 0.13437500000000008 0.5734375 0.13437500000000008 0.5734375 0.17968750000000008 0.5984375 0.17968750000000008
0 0.5703125 0.10937500000000007 0.5375 0.10937500000000004 0.5375 0.15468750000000006 0.5703125 0.1546875000000001
0 0.5703125 0.18437500000000007 0.534375 0.18437500000000004 0.534375 0.2234375000000001 0.5703125 0.2234375000000001
0 0.5375 0.18906250000000005 0.4984375 0.18906250000000005 0.4984375 0.2484375000000001 0.5375 0.2484375000000001