5 0.996875 0.5250000000000001 0.7859375 0.5250000000000001 0.7859375000000001 0.825 0.996875 0.825
3 0.996875 0.3062500000000001 0.934375 0.3062500000000001 0.934375 0.5296875000000002 0.996875 0.5296875000000002
5 0.9640625 1.0514740877054227e-16 0.753125 9.223121206078505e-17 0.753125 0.31718750000000007 0.9640625 0.31718750000000007
3 0.7750000000000001 0.6890625000000001 0.5859375 0.6890625 0.5859375000000001 0.9953125 0.7750000000000001 0.9953125
3 0.9421875 0.2796875000000001 0.7375 0.2796875000000001 0.7375 0.8859375 0.9421875 0.8859375
3 0.996875 0.7000000000000002 0.7921875 0.7000000000000002 0.7921875 0.9953125 0.996875 0.9953125
3 0.7421875000000001 0.09375000000000008 0.553125 0.09375000000000007 0.5531250000000001 0.846875 0.7421875000000002 0.846875
3 0.5703125000000001 0.3609375000000001 0.4078125 0.3609375000000001 0.4078125000000001 0.9234375 0.5703125000000002 0.9234375
3 0.6109375 6.371990376813574e-17 0.4296875 5.262154215086284e-17 0.4296875 0.459375 0.6109375 0.459375
3 0.4765625 4.9464249621811065e-17 0.33125 4.0566425221756075e-17 0.33125000000000004 0.475 0.4765625 0.475
3 0.33437500000000003 0.07656250000000003 0.128125 0.07656250000000002 0.12812500000000004 0.8578125 0.3343750000000001 0.8578125
5 0.41093750000000007 0.475 0.3234375000000001 0.475 0.3234375000000001 0.8140625 0.4109375000000002 0.8140625
5 0.3921875000000001 0.3765625 0.3203125000000001 0.3765625 0.3203125000000001 0.546875 0.3921875000000001 0.546875
3 0.14218750000000008 0.203125 0.025000000000000022 0.203125 0.025000000000000057 0.721875 0.14218750000000008 0.721875
3 0.09062500000000008 0.3 3.6739403974420595e-17 0.3 6.955611117032232e-17 0.8359375 0.09062500000000011 0.8359375
3 0.11562500000000002 7.079989307570636e-18 0 0 2.076159026679497e-17 0.3390625 0.11562500000000005 0.3390625