3 0.996875 0.3046875000000001 0.64375 0.3046875000000001 0.64375 0.9953125 0.996875 0.9953125
3 0.996875 0.23437500000000008 0.80625 0.23437500000000008 0.80625 0.3203125000000001 0.996875 0.3203125000000001
3 0.7312500000000001 0.2156250000000001 0.3859375 0.2156250000000001 0.38593750000000004 0.9359375 0.7312500000000002 0.9359375
3 0.4796875000000001 0.31562500000000004 0.06406250000000005 0.315625 0.06406250000000008 0.9953125 0.47968750000000016 0.9953125
3 0.11562500000000006 0.265625 3.2529680602351567e-17 0.265625 5.912747827133314e-17 0.7 0.11562500000000009 0.7
3 0.4015625 2.803293063673238e-17 0.05625 6.888638245203862e-18 0.05625000000000002 0.31562500000000004 0.4015625 0.3156250000000001
3 0.6109375 0.15000000000000008 0.4125 0.15000000000000005 0.4125 0.23437500000000008 0.6109375 0.23437500000000008
3 0.984375 0.16093750000000012 0.853125 0.1609375000000001 0.853125 0.23593750000000008 0.984375 0.23593750000000008
3 0.9203125 9.156148334250133e-17 0.575 7.041719095097281e-17 0.575 0.2750000000000001 0.9203125 0.2750000000000001
0 0.5125000000000002 0.8703125 0.21875000000000008 0.8703125 0.21875000000000008 0.9953125 0.5125000000000002 0.9953125
0 0.13906250000000012 0.8203125 1.0045930774255631e-16 0.8203125 1.1117496723509566e-16 0.9953125 0.13906250000000014 0.9953125
0 0.0718750000000001 0.6546875 8.017609513167828e-17 0.6546875 9.089175462421762e-17 0.8296875 0.0718750000000001 0.8296875