3 0.9015625 0.2890625000000001 0.478125 0.2890625000000001 0.4781250000000001 0.8671875 0.9015625 0.8671875
3 0.771875 0.11875000000000006 0.4484375 0.11875000000000005 0.4484375 0.3765625000000001 0.771875 0.3765625000000001
3 0.4953125000000001 0.2984375 0.12968750000000004 0.2984375 0.12968750000000007 0.8296875 0.49531250000000016 0.8296875
0 0.04687500000000003 0.2140625 2.6215095544248028e-17 0.2140625 2.9085361479749636e-17 0.2609375 0.046875000000000035 0.2609375
0 0.056250000000000036 0.2625 3.214697847761802e-17 0.2625 3.6356701849687046e-17 0.33125 0.05625000000000004 0.33125
0 0.13906250000000003 0.2703125 0.06562500000000002 0.2703125 0.06562500000000003 0.353125 0.13906250000000003 0.353125
0 0.18125000000000005 0.3390625 0.13281250000000006 0.3390625 0.13281250000000006 0.371875 0.18125000000000005 0.371875
0 0.04687500000000004 0.3203125 3.922696778518866e-17 0.3203125 4.200155818950688e-17 0.365625 0.04687500000000004 0.365625
0 0.2890625 0.12031250000000004 0.1890625 0.12031250000000004 0.18906250000000002 0.18906250000000005 0.2890625 0.18906250000000005
0 0.3671875 0.08750000000000005 0.29375 0.08750000000000005 0.29375 0.23437500000000006 0.3671875 0.23437500000000008
0 0.4140625 0.050000000000000044 0.3140625 0.050000000000000044 0.3140625 0.13750000000000004 0.4140625 0.13750000000000004
0 0.4703125 0.02343750000000005 0.384375 0.023437500000000045 0.384375 0.10156250000000004 0.4703125 0.10156250000000004
0 0.5125 0.07812500000000006 0.409375 0.07812500000000004 0.409375 0.16562500000000005 0.5125 0.16562500000000005
0 0.3796875 3.4347515694835924e-17 0.18125 2.2196723234545777e-17 0.18125 0.08750000000000004 0.3796875 0.08750000000000005
0 0.4578125 5.185613790139574e-17 0.3890625 4.7646414529326714e-17 0.3890625 0.03281250000000005 0.4578125 0.03281250000000006
0 0.1375 0.014062500000000009 0.0046875000000000016 0.0140625 0.004687500000000009 0.1375 0.1375 0.1375