3 0.8578125 0.5781250000000001 0.590625 0.578125 0.5906250000000001 0.8359375 0.8578125 0.8359375
3 0.8921875 0.3500000000000001 0.725 0.3500000000000001 0.725 0.6343750000000001 0.8921875 0.6343750000000001
3 0.903125 0.10312500000000009 0.6484375 0.10312500000000009 0.6484375 0.48906250000000007 0.903125 0.4890625000000002
3 0.7265625 0.29375000000000007 0.603125 0.29375000000000007 0.603125 0.4750000000000001 0.7265625 0.4750000000000002
3 0.7328125 0.4234375000000001 0.55625 0.4234375 0.55625 0.675 0.7328125 0.6750000000000002
3 0.5593750000000001 0.5828125 0.3906250000000001 0.5828125 0.3906250000000001 0.8296875 0.5593750000000002 0.8296875
3 0.3671875000000001 0.6390625 0.16562500000000008 0.6390625 0.1656250000000001 0.928125 0.3671875000000001 0.928125
3 0.40625 0.484375 0.2250000000000001 0.484375 0.2250000000000001 0.665625 0.40625 0.665625
3 0.290625 0.3203125 0.08593750000000004 0.3203125 0.08593750000000006 0.634375 0.2906250000000001 0.634375
3 0.425 0.3296875 0.3046875 0.3296875 0.30468750000000006 0.5359375 0.425 0.5359375
3 0.603125 0.07187500000000005 0.3984375 0.07187500000000005 0.39843750000000006 0.4171875 0.603125 0.4171875
3 0.35937500000000006 0.08750000000000004 0.15 0.08750000000000002 0.15000000000000002 0.4640625 0.3593750000000001 0.4640625