3 0.990625 0.5046875000000002 0.78125 0.5046875000000002 0.78125 0.7218750000000002 0.990625 0.7218750000000002
3 0.90625 0.35625000000000007 0.7046875 0.35625000000000007 0.7046875 0.5562500000000001 0.90625 0.5562500000000001
3 0.78125 0.4765625000000001 0.5921875 0.4765625 0.5921875 0.6484375000000001 0.78125 0.6484375000000002
3 0.7078125 0.3187500000000001 0.5234375 0.3187500000000001 0.5234375 0.5046875 0.7078125 0.5046875
3 0.6015625 0.19843750000000007 0.403125 0.19843750000000004 0.403125 0.3843750000000001 0.6015625 0.3843750000000001
3 0.4 0.22187500000000004 0.19843750000000004 0.221875 0.19843750000000004 0.4125 0.4 0.4125
3 0.48125 0.37500000000000006 0.3000000000000001 0.375 0.3000000000000001 0.5140625 0.48125 0.5140625
3 0.5890625 0.4359375 0.4171875 0.4359375 0.4171875 0.6015625 0.5890625 0.6015625
3 0.6562500000000001 0.5734375 0.4765625 0.5734375 0.4765625000000001 0.7640625 0.6562500000000002 0.7640625
3 0.4984375000000001 0.5703125 0.2828125000000001 0.5703125 0.2828125000000001 0.796875 0.4984375000000002 0.796875
3 0.39531250000000007 0.36562500000000003 0.19687500000000005 0.365625 0.19687500000000008 0.5609375 0.39531250000000007 0.5609375
3 0.39531250000000007 0.528125 0.21093750000000008 0.528125 0.21093750000000008 0.6625 0.39531250000000007 0.6625
3 0.2875000000000001 0.365625 0.08125000000000004 0.365625 0.08125000000000006 0.565625 0.2875000000000001 0.565625
3 0.2062500000000001 0.509375 6.23804463315683e-17 0.509375 7.539231857250894e-17 0.721875 0.2062500000000001 0.721875