3 0.6781250000000001 0.21406250000000004 0.3 0.2140625 0.30000000000000004 0.759375 0.6781250000000002 0.759375
3 0.996875 0.2250000000000001 0.6890625 0.2250000000000001 0.6890625000000001 0.7703125000000001 0.996875 0.7703125000000002
3 0.30000000000000004 0.23125 2.8319957230282545e-17 0.23125 6.104098889500089e-17 0.765625 0.3000000000000001 0.765625
3 0.1109375000000001 0.7171875 8.783013762634924e-17 0.7171875 1.0486038217699212e-16 0.9953125 0.11093750000000013 0.9953125
3 0.48906250000000007 0.684375 0.1140625000000001 0.684375 0.11406250000000011 0.9953125 0.4890625000000002 0.9953125
3 0.8671875 0.6953125000000001 0.4921875 0.6953125 0.4921875000000001 0.99375 0.8671875 0.99375
3 0.996875 0.7062500000000002 0.8703125 0.7062500000000002 0.8703125 0.9953125 0.996875 0.9953125
3 0.9953125 1.139495576394139e-16 0.865625 1.0600848855119278e-16 0.865625 0.2453125000000001 0.9953125 0.2453125000000001
3 0.8703125 8.323771212954667e-17 0.4890625 5.989288252080025e-17 0.4890625 0.29375000000000007 0.8703125 0.29375000000000007
3 0.484375 3.664372844323721e-17 0.1140625 1.3968627552774498e-17 0.11406250000000002 0.2828125 0.484375 0.2828125000000001
3 0.12656250000000002 7.749718025854346e-18 0 0 1.6360515832359172e-17 0.2671875 0.12656250000000005 0.2671875