3 0.88125 0.5421875000000002 0.75625 0.5421875000000002 0.7562500000000001 0.7812500000000002 0.88125 0.7812500000000002
3 0.83125 0.3546875000000001 0.70625 0.3546875000000001 0.70625 0.5828125000000001 0.83125 0.5828125000000002
3 0.79375 0.1359375000000001 0.6640625 0.1359375000000001 0.6640625 0.3703125000000001 0.79375 0.3703125000000001
3 0.7515625 8.438581850374731e-17 0.6265625 7.673177600907635e-17 0.6265625 0.1515625000000001 0.7515625 0.1515625000000001
3 0.6328125 0.13593750000000007 0.515625 0.13593750000000004 0.515625 0.3546875000000001 0.6328125 0.3546875000000001
3 0.6875 0.3546875000000001 0.565625 0.3546875000000001 0.565625 0.5671875 0.6875 0.5671875
3 0.7296875 0.5515625000000001 0.6140625 0.5515625 0.6140625000000001 0.7765625 0.7296875000000002 0.7765625000000002
3 0.5875000000000001 0.5625 0.4703125 0.5625 0.4703125000000001 0.7703125 0.5875000000000001 0.7703125
3 0.534375 0.34843750000000007 0.415625 0.34843750000000007 0.415625 0.5734375 0.534375 0.5734375
3 0.4734375 0.14531250000000004 0.359375 0.14531250000000004 0.359375 0.35468750000000004 0.4734375 0.3546875000000001
3 0.56875 6.190206867565137e-17 0.4421875 5.415235064979703e-17 0.4421875 0.14062500000000006 0.56875 0.14062500000000008
3 0.375 3.8461563535721567e-17 0.253125 3.099887210341738e-17 0.253125 0.15156250000000004 0.375 0.15156250000000004
3 0.309375 0.14531250000000004 0.1828125 0.14531250000000004 0.18281250000000002 0.359375 0.309375 0.359375
3 0.37812500000000004 0.35468750000000004 0.2625 0.3546875 0.26250000000000007 0.5671875 0.3781250000000001 0.5671875
3 0.22968750000000004 0.3484375 0.10312500000000005 0.3484375 0.10312500000000006 0.5734375 0.2296875000000001 0.5734375
3 0.30156250000000007 0.5671875 0.1828125000000001 0.5671875 0.1828125000000001 0.78125 0.30156250000000007 0.78125
3 0.17187500000000008 0.5625 0.04531250000000007 0.5625 0.04531250000000008 0.7765625 0.17187500000000008 0.7765625