3 0.32343750000000004 0.29375 0.09531250000000005 0.29375 0.09531250000000008 0.915625 0.3234375000000001 0.915625
3 0.2125 0.14218750000000002 0.103125 0.1421875 0.10312500000000002 0.3515625 0.2125 0.3515625
3 0.32812500000000006 0.14687500000000003 0.09218750000000002 0.146875 0.09218750000000006 0.9046875 0.3281250000000001 0.9046875
3 0.3984375 0.05156250000000003 0.221875 0.051562500000000025 0.221875 0.25468750000000007 0.3984375 0.25468750000000007
3 0.4328125000000001 0.22656250000000006 0.225 0.2265625 0.22500000000000003 0.8078125 0.43281250000000016 0.8078125
3 0.4296875000000001 0.056250000000000036 0.225 0.05625000000000002 0.22500000000000003 0.8078125 0.42968750000000017 0.8078125
3 0.5593750000000001 0.6109375 0.3343750000000001 0.6109375 0.3343750000000001 0.909375 0.5593750000000002 0.909375
3 0.5109375 0.4359375 0.3421875000000001 0.4359375 0.3421875000000001 0.6390625 0.5109375 0.6390625
3 0.5921875 0.24375000000000008 0.4546875 0.24375000000000008 0.4546875 0.475 0.5921875 0.475
3 0.7359375 0.25468750000000007 0.6015625 0.25468750000000007 0.6015625 0.503125 0.7359375 0.5031250000000002
3 0.6546875 0.35625000000000007 0.46875 0.35625000000000007 0.46875 0.553125 0.6546875 0.553125
3 0.6406250000000001 0.5375 0.46875 0.5375 0.4687500000000001 0.803125 0.6406250000000002 0.803125
3 0.8234375 0.4687500000000001 0.5703125 0.46875 0.5703125000000001 0.83125 0.8234375 0.83125
3 0.890625 0.2828125000000001 0.6796875 0.2828125000000001 0.6796875 0.7171875000000001 0.890625 0.7171875000000002
3 0.909375 0.6609375000000001 0.575 0.6609375 0.5750000000000001 0.9265625 0.909375 0.9265625