3 0.7109375000000001 0.6703125 0.5734375 0.6703125 0.5734375 0.7734375 0.7109375000000002 0.7734375
3 0.7062500000000002 0.7515625 0.5734375000000002 0.7515625 0.5734375000000002 0.8140625 0.7062500000000002 0.8140625
3 0.7109375000000002 0.778125 0.5734375000000002 0.778125 0.5734375000000002 0.8984375 0.7109375000000002 0.8984375
3 0.6000000000000002 0.790625 0.5015625000000001 0.790625 0.5015625000000001 0.8890625 0.6000000000000002 0.8890625
3 0.5640625 0.621875 0.4265625 0.621875 0.4265625 0.7203125 0.5640625 0.7203125
3 0.5640625000000001 0.7109375 0.4359375 0.7109375 0.4359375000000001 0.7734375 0.5640625000000001 0.7734375
3 0.5593750000000002 0.75625 0.4312500000000002 0.75625 0.4312500000000002 0.81875 0.5593750000000002 0.81875
3 0.4140625 0.5734375 0.2765625000000001 0.5734375 0.2765625000000001 0.6671875 0.4140625 0.6671875
3 0.41875 0.6625 0.2812500000000001 0.6625 0.2812500000000001 0.7203125 0.41875 0.7203125
3 0.4140625000000001 0.715625 0.2843750000000001 0.715625 0.2843750000000001 0.76875 0.41406250000000017 0.76875
3 0.41718750000000016 0.7515625 0.2843750000000001 0.7515625 0.2843750000000001 0.809375 0.41718750000000016 0.809375
3 0.559375 0.33281250000000007 0.409375 0.33281250000000007 0.409375 0.4625 0.559375 0.4625
3 0.63125 0.32500000000000007 0.5203125 0.32500000000000007 0.5203125 0.421875 0.63125 0.421875
3 0.7109375 0.1828125000000001 0.5734375 0.1828125000000001 0.5734375 0.29375000000000007 0.7109375 0.29375000000000007
3 0.7109375 0.2843750000000001 0.5734375 0.2843750000000001 0.5734375 0.3515625000000001 0.7109375 0.3515625000000001
3 0.5640625 0.12031250000000007 0.421875 0.12031250000000004 0.421875 0.2218750000000001 0.5640625 0.2218750000000001
3 0.5640625 0.2140625000000001 0.43125 0.2140625000000001 0.43125 0.2843750000000001 0.5640625 0.2843750000000001
3 0.559375 0.2843750000000001 0.43125 0.2843750000000001 0.43125 0.3375000000000001 0.559375 0.3375000000000001
3 0.41875 0.06250000000000004 0.28125 0.06250000000000004 0.28125 0.14687500000000003 0.41875 0.14687500000000003
3 0.4234375 0.14687500000000003 0.2765625 0.14687500000000003 0.2765625 0.22187500000000004 0.4234375 0.2218750000000001
3 0.4171875 0.22656250000000006 0.284375 0.2265625 0.284375 0.28906250000000006 0.4171875 0.2890625000000001
3 0.421875 0.28437500000000004 0.2796875 0.284375 0.2796875 0.35156250000000006 0.421875 0.3515625000000001