3 0.934375 9.931120136835567e-17 0.6875 8.419446744138054e-17 0.6875 0.5562500000000001 0.934375 0.5562500000000001
3 0.6953125 6.859935585848846e-17 0.425 5.204748896376251e-17 0.425 0.5921875 0.6953125 0.5921875
3 0.44375 3.4538866757202695e-17 0.1203125 1.4734031802241592e-17 0.12031250000000004 0.665625 0.44375 0.665625
3 0.1234375 7.55836696348757e-18 0 0 7.271340369937409e-18 0.11875 0.1234375 0.11875
3 0.98125 0.5468750000000002 0.8296875 0.5468750000000002 0.8296875 0.9328125 0.98125 0.9328125
3 0.9265625 0.690625 0.671875 0.690625 0.6718750000000001 0.9953125 0.9265625 0.9953125
3 0.7218750000000002 0.8921875 0.4671875000000002 0.8921875 0.4671875000000002 0.9953125 0.7218750000000002 0.9953125
3 0.7296875 0.5312500000000001 0.509375 0.53125 0.5093750000000001 0.8921875 0.7296875000000002 0.8921875
3 0.5484375000000001 0.65 0.3046875000000001 0.65 0.3046875000000001 0.9953125 0.5484375000000001 0.9953125
3 0.34062500000000007 0.8453125 0.0468750000000001 0.8453125 0.04687500000000011 0.9953125 0.34062500000000007 0.9953125
3 0.21250000000000008 0.634375 7.768853132091022e-17 0.634375 9.978957902427261e-17 0.9953125 0.21250000000000008 0.9953125
3 0.10000000000000006 0.46875 5.740531871003217e-17 0.46875 6.907773351440539e-17 0.659375 0.10000000000000009 0.659375
3 0.18906250000000008 0.365625 0.08437500000000005 0.365625 0.08437500000000006 0.659375 0.18906250000000008 0.659375