3 0.9953125 0.4984375000000002 0.8453125 0.4984375000000002 0.8453125 0.81875 0.9953125 0.81875
3 0.840625 0.5328125000000001 0.6625 0.5328125 0.6625000000000001 0.840625 0.840625 0.840625
3 0.5609375000000002 0.7953125 0.3656250000000001 0.7953125 0.3656250000000001 0.9109375 0.5609375000000002 0.9109375
3 0.6531250000000001 0.5328125 0.4625 0.5328125 0.4625000000000001 0.8359375 0.6531250000000002 0.8359375
3 0.4765625000000001 0.5921875 0.16562500000000008 0.5921875 0.16562500000000008 0.85 0.47656250000000017 0.85
3 0.2796875000000001 0.525 0.09843750000000007 0.525 0.0984375000000001 0.8265625 0.2796875000000001 0.8265625
3 0.4671875000000001 0.525 0.2890625000000001 0.525 0.2890625000000001 0.809375 0.4671875000000002 0.809375
3 0.1515625000000001 0.6140625 7.520096751014216e-17 0.6140625 8.983932378120036e-17 0.853125 0.1515625000000001 0.853125
3 0.15156250000000007 0.503125 0.014062500000000061 0.503125 0.01406250000000007 0.653125 0.1515625000000001 0.653125
3 0.32031250000000006 0.2625 0.15156250000000004 0.2625 0.15156250000000004 0.528125 0.3203125000000001 0.528125
3 0.4453125 0.24531250000000004 0.303125 0.2453125 0.30312500000000003 0.4984375 0.4453125 0.4984375
3 0.7328125 0.3375000000000001 0.4359375 0.3375000000000001 0.4359375 0.5421875 0.7328125 0.5421875000000002
3 0.7828125 0.2578125000000001 0.6265625 0.2578125000000001 0.6265625 0.5156250000000001 0.7828125 0.5156250000000002
3 0.9203125 0.5015625000000001 0.7859375 0.5015625000000001 0.7859375000000001 0.7734375000000002 0.9203125 0.7734375000000002
3 0.55625 0.5015625 0.41875 0.5015625 0.41875 0.5421875 0.55625 0.5421875