3 0.934375 0.4953125000000001 0.45 0.4953125 0.45000000000000007 0.96875 0.934375 0.96875
3 0.7171875000000001 0.403125 0.3515625000000001 0.403125 0.3515625000000001 0.9953125 0.7171875000000002 0.9953125
3 0.8265625 0.5265625 0.3656250000000001 0.5265625 0.3656250000000001 0.9953125 0.8265625 0.9953125
3 0.8640625 9.175283440486812e-17 0.634375 7.768853132091022e-17 0.634375 0.2953125000000001 0.8640625 0.2953125000000001
3 0.9953125 1.1509766401361455e-16 0.884375 1.0830470129959405e-16 0.884375 0.6875000000000002 0.9953125 0.6875000000000002
3 0.3546875000000001 0.790625 0.1625000000000001 0.790625 0.16250000000000012 0.9953125 0.3546875000000001 0.9953125
3 0.1812500000000001 0.6609375 0.0031250000000000804 0.6609375 0.0031250000000001012 0.9953125 0.18125000000000013 0.9953125
3 0.27656250000000004 0.07500000000000002 9.184850993605149e-18 0.075 4.77420900605101e-17 0.7046875 0.2765625000000001 0.7046875
3 0.525 0.032812500000000036 0.1078125 0.03281250000000001 0.10781250000000005 0.6015625 0.525 0.6015625
3 0.634375 0.05468750000000004 0.14375 0.05468750000000002 0.14375000000000002 0.4578125 0.634375 0.4578125
3 0.7562500000000001 0.24218750000000006 0.2578125 0.2421875 0.25781250000000006 0.7640625000000001 0.7562500000000002 0.7640625000000002
3 0.934375 0.0859375000000001 0.675 0.08593750000000008 0.675 0.6015625000000001 0.934375 0.6015625000000002
3 0.6859375 6.553773886062008e-17 0.384375 4.7072361342226394e-17 0.384375 0.15625000000000006 0.6859375 0.15625000000000008
3 0.996875 0.6875000000000002 0.8671875 0.6875000000000002 0.8671875 0.9140625 0.996875 0.9140625