3 0.9390625 0.2453125000000001 0.7609375 0.2453125000000001 0.7609375 0.8359375 0.9390625 0.8359375
3 0.93125 0.09843750000000011 0.8328125 0.09843750000000011 0.8328125 0.3281250000000001 0.93125 0.3281250000000001
3 0.8140625 9.299661631025212e-17 0.7046875 8.629932912741505e-17 0.7046875 0.27812500000000007 0.8140625 0.27812500000000007
3 0.7859375000000001 0.16406250000000008 0.6515625 0.16406250000000008 0.6515625 0.7875000000000001 0.7859375000000002 0.7875000000000002
3 0.6578125000000001 0.6671875 0.4984375 0.6671875 0.4984375000000001 0.9515625 0.6578125000000001 0.9515625
3 0.6796875 0.5296875 0.484375 0.5296875 0.484375 0.6890625 0.6796875 0.6890625
3 0.5640625 0.26250000000000007 0.509375 0.26250000000000007 0.509375 0.3984375000000001 0.5640625 0.3984375000000001
3 0.6296875 0.1687500000000001 0.5859375 0.1687500000000001 0.5859375 0.3937500000000001 0.6296875 0.3937500000000001
3 0.578125 0.09843750000000007 0.5125 0.09843750000000007 0.5125 0.38750000000000007 0.578125 0.38750000000000007
3 0.640625 0.37187500000000007 0.5015625 0.37187500000000007 0.5015625 0.546875 0.640625 0.546875
3 0.7453125 0.04843750000000008 0.509375 0.048437500000000064 0.509375 0.3828125000000001 0.7453125 0.3828125000000001
3 0.5015625 0.12500000000000006 0.44375 0.12500000000000006 0.44375 0.3500000000000001 0.5015625 0.3500000000000001
3 0.509375 0.2906250000000001 0.4109375 0.2906250000000001 0.4109375 0.553125 0.509375 0.553125
3 0.490625 0.4375 0.4140625 0.4375 0.4140625 0.7109375 0.490625 0.7109375
3 0.4906250000000001 0.634375 0.2796875000000001 0.634375 0.2796875000000001 0.853125 0.4906250000000002 0.853125
3 0.4140625 0.39843750000000006 0.30156250000000007 0.3984375 0.30156250000000007 0.715625 0.4140625 0.715625
3 0.415625 0.24531250000000004 0.2953125 0.2453125 0.29531250000000003 0.4265625 0.415625 0.4265625
3 0.4 0.07656250000000005 0.3484375 0.07656250000000005 0.3484375 0.14687500000000003 0.4 0.14687500000000003
3 0.4140625 0.14218750000000005 0.35625 0.14218750000000005 0.35625 0.34375000000000006 0.4140625 0.3437500000000001
3 0.3265625 0.006250000000000028 0.13125 0.006250000000000017 0.13125 0.09375000000000003 0.3265625 0.09375000000000004
3 0.3375 0.09218750000000003 0.09843750000000002 0.09218750000000002 0.09843750000000002 0.12031250000000002 0.3375 0.12031250000000004
3 0.31250000000000006 0.12500000000000003 0.109375 0.125 0.10937500000000003 0.3828125 0.3125000000000001 0.3828125
3 0.14218750000000002 0.153125 0.07968750000000002 0.153125 0.07968750000000004 0.3546875 0.14218750000000005 0.3546875
3 0.16406250000000003 0.153125 0.1421875 0.153125 0.14218750000000002 0.3609375 0.16406250000000006 0.3609375
3 0.18593750000000003 0.14843750000000003 0.1640625 0.1484375 0.16406250000000003 0.3453125 0.18593750000000003 0.3453125
3 0.2 0.15312500000000004 0.1859375 0.15312500000000004 0.18593750000000003 0.3328125 0.2 0.3328125
3 0.28750000000000003 0.2296875 0.2296875 0.2296875 0.22968750000000004 0.4265625 0.2875000000000001 0.4265625
3 0.3062500000000001 0.409375 0.2156250000000001 0.409375 0.2156250000000001 0.7875 0.3062500000000001 0.7875
3 0.27656250000000004 0.35 0.050000000000000044 0.35 0.050000000000000065 0.78125 0.2765625000000001 0.78125
3 0.2796875000000001 0.7265625 0.14218750000000008 0.7265625 0.1421875000000001 0.9296875 0.2796875000000001 0.9296875