3 0.8984375 0.6609375000000001 0.3968750000000001 0.6609375 0.3968750000000001 0.9953125 0.8984375 0.9953125
3 0.3968750000000001 0.7046875 8.629932912741505e-17 0.7046875 1.0409497792752504e-16 0.9953125 0.3968750000000001 0.9953125
3 0.58125 0.421875 0.13437500000000005 0.421875 0.13437500000000008 0.9625 0.5812500000000002 0.9625
3 0.98125 0.4046875000000001 0.5671875 0.4046875 0.5671875000000001 0.9125 0.98125 0.9125
3 0.996875 0.6343750000000001 0.8984375 0.6343750000000001 0.8984375 0.9953125 0.996875 0.9953125
3 0.13750000000000007 0.490625 6.008423358316702e-17 0.490625 7.615772282197604e-17 0.753125 0.1375000000000001 0.753125
3 0.2984375 0.278125 3.406048910128576e-17 0.278125 5.788369636594911e-17 0.6671875 0.2984375000000001 0.6671875
3 0.6796875 0.23437500000000006 0.3015625 0.234375 0.30156250000000007 0.65625 0.6796875 0.65625
3 0.996875 0.21250000000000008 0.6734375 0.21250000000000008 0.6734375 0.5796875000000001 0.996875 0.5796875000000001
3 0.996875 0.0703125000000001 0.7921875 0.07031250000000008 0.7921875 0.26250000000000007 0.996875 0.26250000000000007
3 0.7828125 0.08750000000000008 0.4703125 0.08750000000000006 0.4703125 0.3984375000000001 0.7828125 0.3984375000000001
3 0.446875 0.09843750000000004 0.1125 0.09843750000000002 0.11250000000000002 0.4046875 0.446875 0.4046875
3 0.11250000000000002 0.1421875 1.741294667537643e-17 0.1421875 2.6406446606614805e-17 0.2890625 0.11250000000000004 0.2890625