3 0.996875 0.26250000000000007 0.721875 0.26250000000000007 0.721875 0.5359375000000001 0.996875 0.5359375000000002
3 0.9125 1.0065065880492308e-16 0.73125 8.955229718765019e-17 0.73125 0.1906250000000001 0.9125 0.19062500000000013
3 0.996875 1.1069658957917873e-16 0.8109375 9.931120136835567e-17 0.8109375 0.0656250000000001 0.996875 0.06562500000000011
3 0.8734375 1.0514740877054227e-16 0.84375 1.0332957367805792e-16 0.84375 0.06562500000000011 0.8734375 0.06562500000000011
3 0.8953125 0.05468750000000011 0.8703125 0.05468750000000011 0.8703125 0.12031250000000009 0.8953125 0.12031250000000009
3 0.9203125 0.07031250000000011 0.8984375 0.07031250000000011 0.8984375 0.1421875000000001 0.9203125 0.14218750000000013
3 0.9609375 0.08125000000000011 0.859375 0.08125000000000011 0.859375 0.1421875000000001 0.9609375 0.14218750000000013
3 0.996875 0.06562500000000011 0.9671875 0.06562500000000011 0.9671875 0.16406250000000014 0.996875 0.16406250000000014
3 0.9671875 0.048437500000000105 0.7359375 0.04843750000000009 0.7359375 0.2515625000000001 0.9671875 0.2515625000000001
3 0.996875 0.2296875000000001 0.8953125 0.2296875000000001 0.8953125 0.3281250000000001 0.996875 0.3281250000000001
3 0.890625 0.1531250000000001 0.815625 0.1531250000000001 0.815625 0.3281250000000001 0.890625 0.3281250000000001
3 0.928125 0.1578125000000001 0.8484375 0.15781250000000008 0.8484375 0.3937500000000001 0.928125 0.3937500000000001
3 0.9671875 0.3765625000000001 0.9453125 0.3765625000000001 0.9453125 0.4156250000000002 0.9671875 0.4156250000000002
3 0.8078125 0.21250000000000008 0.6953125 0.21250000000000008 0.6953125 0.3281250000000001 0.8078125 0.3281250000000001
3 0.6734375 0.2406250000000001 0.3734375 0.2406250000000001 0.37343750000000003 0.4046875 0.6734375 0.4046875
3 0.6203125 0.07031250000000007 0.5875 0.07031250000000007 0.5875 0.26250000000000007 0.6203125 0.26250000000000007
3 0.728125 0.010937500000000083 0.6375 0.010937500000000077 0.6375 0.10937500000000008 0.728125 0.10937500000000008
3 0.7359375 0.07187500000000008 0.6234375 0.07187500000000006 0.6234375 0.2578125000000001 0.7359375 0.2578125000000001
3 0.8625 0.4859375000000002 0.8375 0.4859375000000002 0.8375 0.5687500000000002 0.8625 0.5687500000000002
3 0.8875 0.49218750000000017 0.8625 0.49218750000000017 0.8625 0.5734375000000002 0.8875 0.5734375000000002
3 0.99375 0.49218750000000017 0.8234375 0.49218750000000017 0.8234375 0.5906250000000002 0.99375 0.5906250000000002
3 0.996875 0.3937500000000001 0.8109375 0.3937500000000001 0.8109375 0.5906250000000002 0.996875 0.5906250000000002
3 0.8125 0.5187500000000002 0.7328125 0.5187500000000002 0.7328125 0.6062500000000002 0.8125 0.6062500000000002
3 0.996875 0.5796875000000001 0.8109375 0.5796875000000001 0.8109375 0.7375000000000002 0.996875 0.7375000000000002
3 0.996875 0.6234375000000002 0.9421875 0.6234375000000002 0.9421875 0.6718750000000002 0.996875 0.6718750000000002
3 0.9640625 0.5796875000000001 0.865625 0.5796875000000001 0.865625 0.6609375000000002 0.9640625 0.6609375000000002
3 0.8328125 0.6453125000000001 0.68125 0.6453125 0.6812500000000001 0.9953125 0.8328125 0.9953125
3 0.88125 0.7484375000000001 0.6640625000000002 0.7484375 0.6640625000000002 0.8359375 0.88125 0.8359375
3 0.996875 0.7921875000000002 0.840625 0.7921875000000002 0.840625 0.9953125 0.996875 0.9953125
3 0.9171875 0.940625 0.8046875 0.940625 0.8046875 0.9953125 0.9171875 0.9953125
3 0.8484375 0.86875 0.7609375000000002 0.86875 0.7609375000000002 0.9953125 0.8484375 0.9953125
3 0.7359375 0.3500000000000001 0.4234375 0.3500000000000001 0.4234375 0.6125 0.7359375 0.6125000000000002
3 0.728125 0.4375000000000001 0.68125 0.4375 0.68125 0.5406250000000001 0.728125 0.5406250000000001
3 0.6671875 0.3281250000000001 0.5078125 0.3281250000000001 0.5078125 0.4921875 0.6671875 0.4921875
3 0.571875 0.3343750000000001 0.5328125 0.3343750000000001 0.5328125 0.4109375 0.571875 0.4109375
3 0.590625 0.3453125000000001 0.5546875 0.3453125000000001 0.5546875 0.421875 0.590625 0.421875
3 0.6234375 0.3765625000000001 0.5875 0.3765625000000001 0.5875 0.4484375 0.6234375 0.4484375
3 0.79375 0.31718750000000007 0.5609375 0.31718750000000007 0.5609375 0.4703125000000001 0.79375 0.4703125000000002
3 0.6515625 0.05937500000000008 0.5109375 0.05937500000000007 0.5109375 0.26250000000000007 0.6515625 0.26250000000000007
3 0.5796875000000001 0.6890625 0.23593750000000008 0.6890625 0.23593750000000008 0.9953125 0.5796875000000001 0.9953125
3 0.3046875000000001 0.7546875 0.1671875000000001 0.7546875 0.1671875000000001 0.934375 0.3046875000000001 0.934375
3 0.2828125000000001 0.8140625 0.22031250000000008 0.8140625 0.22031250000000008 0.9125 0.2828125000000001 0.9125
3 0.22031250000000008 0.8734375 1.0696524386302664e-16 0.8734375 1.1404523317059726e-16 0.9890625 0.22031250000000008 0.9890625
3 0.1953125000000001 0.8578125 1.0505173323935891e-16 0.8578125 1.1079226511036212e-16 0.9515625 0.19531250000000014 0.9515625
3 0.6015625000000001 0.634375 0.40625 0.634375 0.4062500000000001 0.91875 0.6015625000000002 0.91875
3 0.6062500000000002 0.7984375 0.41406250000000017 0.7984375 0.41406250000000017 0.896875 0.6062500000000002 0.896875
3 0.18125 1.1098361617272889e-17 0 0 1.071565949253934e-17 0.175 0.18125 0.175
3 0.09843750000000001 0.07031250000000001 0.0578125 0.0703125 0.05781250000000001 0.153125 0.09843750000000002 0.153125
3 0.06875000000000002 0.125 0.029687500000000012 0.125 0.029687500000000016 0.1859375 0.06875000000000002 0.1859375
3 0.2390625 0.006250000000000026 0.184375 0.006250000000000022 0.184375 0.09375000000000003 0.2390625 0.09375000000000003
3 0.2828125 0.03906250000000003 0.1984375 0.03906250000000002 0.1984375 0.13750000000000004 0.2828125 0.13750000000000004
3 0.409375 4.142750500240656e-17 0.2671875 3.2721031664718344e-17 0.2671875 0.08125000000000003 0.409375 0.08125000000000004
3 0.453125 0.01718750000000005 0.3765625 0.017187500000000043 0.3765625 0.06093750000000005 0.453125 0.06093750000000005
3 0.05781250000000003 0.21875 2.6789148731348354e-17 0.21875 3.243400507116819e-17 0.3109375 0.057812500000000044 0.3109375
3 0.3078125 0.30625 3.750480822388769e-17 0.30625 4.047074969057269e-17 0.3546875 0.3078125 0.3546875
3 0.05000000000000006 0.34375 4.209723372069027e-17 0.34375 5.482207936808073e-17 0.5515625 0.050000000000000065 0.5515625
3 0.4125000000000002 0.940625 0.3843750000000001 0.940625 0.3843750000000001 0.9953125 0.4125000000000002 0.9953125
3 0.4234375000000002 0.86875 0.39531250000000007 0.86875 0.39531250000000007 0.9953125 0.4234375000000002 0.9953125
3 0.45625000000000016 0.896875 0.4281250000000002 0.896875 0.4281250000000002 0.9953125 0.45625000000000016 0.9953125
3 0.7000000000000002 0.8578125 0.6453125000000002 0.8578125 0.6453125000000002 0.9015625 0.7000000000000002 0.9015625
3 0.7000000000000002 0.890625 0.6453125000000002 0.890625 0.6453125000000002 0.940625 0.7000000000000002 0.940625
3 0.6953125000000001 0.7046875 0.6453125 0.7046875 0.6453125000000001 0.9734375 0.6953125000000002 0.9734375
3 0.6515625000000002 0.846875 0.6234375000000002 0.846875 0.6234375000000002 0.95625 0.6515625000000002 0.95625
3 0.6062500000000002 0.803125 0.41406250000000017 0.803125 0.41406250000000017 0.8796875 0.6062500000000002 0.8796875
3 0.4062500000000001 0.628125 0.3296875000000001 0.628125 0.3296875000000001 0.78125 0.40625000000000017 0.78125
3 0.3515625000000001 0.6453125 0.2828125000000001 0.6453125 0.2828125000000001 0.7265625 0.3515625000000001 0.7265625
3 0.3546875000000001 0.5140625 0.12343750000000005 0.5140625 0.12343750000000006 0.69375 0.3546875000000001 0.69375
3 0.684375 0.56875 0.28593750000000007 0.56875 0.28593750000000007 0.65625 0.684375 0.65625
3 0.06562500000000011 0.825 1.0103336092965664e-16 0.825 1.0476470664580872e-16 0.8859375 0.06562500000000011 0.8859375
3 0.11250000000000009 0.83125 0.0718750000000001 0.83125 0.0718750000000001 0.8640625 0.11250000000000009 0.8640625
3 0.1703125000000001 0.7875 9.644093543285407e-17 0.7875 9.978957902427261e-17 0.8421875 0.1703125000000001 0.8421875
3 0.1593750000000001 0.7265625 0.11562500000000009 0.7265625 0.11562500000000009 0.7984375 0.1593750000000001 0.7984375
3 0.11250000000000011 0.7375 0.06562500000000009 0.7375 0.0656250000000001 0.9890625 0.11250000000000013 0.9890625
3 0.1781250000000001 0.65625 0.06562500000000009 0.65625 0.06562500000000009 0.759375 0.1781250000000001 0.759375
3 0.2500000000000001 0.634375 0.1921875000000001 0.634375 0.1921875000000001 0.7328125 0.2500000000000001 0.7328125
3 0.35625000000000007 0.525 0.17500000000000004 0.525 0.17500000000000007 0.6609375 0.35625000000000007 0.6609375
3 0.6234375000000001 0.3828125000000001 0.4421875 0.3828125000000001 0.44218750000000007 0.7328125 0.6234375000000002 0.7328125
3 0.49375 0.4 0.2765625000000001 0.4 0.2765625000000001 0.4984375 0.49375 0.4984375
3 0.3296875 0.3453125 0.10468750000000004 0.3453125 0.10468750000000004 0.509375 0.3296875000000001 0.509375
3 0.4671875 0.15312500000000004 0.26875 0.15312500000000004 0.26875 0.31093750000000003 0.4671875 0.3109375000000001
3 0.5359375 5.367397299388009e-17 0.340625 4.171453159595672e-17 0.340625 0.17968750000000006 0.5359375 0.17968750000000006
3 0.721875 7.902798875747764e-17 0.56875 6.965178670150572e-17 0.56875 0.06562500000000007 0.721875 0.06562500000000009
3 0.2171875 0.21875 0.16250000000000003 0.21875 0.16250000000000003 0.3 0.2171875 0.3
3 0.18906250000000005 0.328125 0.051562500000000046 0.328125 0.051562500000000046 0.409375 0.18906250000000005 0.409375
3 0.27968750000000003 0.35 0.10937500000000004 0.35 0.10937500000000004 0.503125 0.2796875000000001 0.503125
3 0.21406250000000004 0.3609375 0.19218750000000004 0.3609375 0.19218750000000004 0.409375 0.2140625000000001 0.409375
3 0.8109375 0.5250000000000001 0.7390625 0.5250000000000001 0.7390625 0.6343750000000001 0.8109375 0.6343750000000001
3 0.996875 0.3937500000000001 0.8078125 0.3937500000000001 0.8078125 0.5734375000000002 0.996875 0.5734375000000002
3 0.996875 6.104098889500089e-17 0 0 6.09453133638175e-17 0.9953125 0.996875 0.9953125