3 0.93125 0.2515625000000001 0.6828125 0.2515625000000001 0.6828125 0.803125 0.93125 0.803125
3 0.934375 0.13125000000000012 0.778125 0.1312500000000001 0.778125 0.3828125000000001 0.934375 0.3828125000000001
3 0.934375 0.13125000000000012 0.6875 0.1312500000000001 0.6875000000000001 0.7984375000000001 0.934375 0.7984375000000001
3 0.7125000000000001 0.3062500000000001 0.46875 0.3062500000000001 0.4687500000000001 0.90625 0.7125000000000001 0.90625
3 0.709375 0.30156250000000007 0.5015625 0.30156250000000007 0.5015625 0.509375 0.709375 0.509375
3 0.4984375000000001 0.19687500000000005 0.2875 0.19687500000000005 0.28750000000000003 0.7375 0.4984375000000002 0.7375
3 0.4 0.07656250000000003 0.265625 0.07656250000000002 0.265625 0.33281250000000007 0.4 0.33281250000000007
3 0.4984375000000001 0.08281250000000004 0.2578125 0.08281250000000002 0.25781250000000006 0.7484375 0.4984375000000002 0.7484375
3 0.22968750000000004 0.2078125 0.06250000000000003 0.2078125 0.06250000000000004 0.475 0.2296875000000001 0.475
3 0.29531250000000003 0.2953125 0.057812500000000044 0.2953125 0.05781250000000008 0.86875 0.2953125000000001 0.86875
3 0.290625 0.19687500000000002 0.057812500000000024 0.196875 0.057812500000000065 0.8625 0.2906250000000001 0.8625
3 0.6578125 0.3000000000000001 0.5890625 0.3000000000000001 0.5890625 0.459375 0.6578125 0.459375