3 0.8109375 0.7046875000000001 0.578125 0.7046875 0.5781250000000001 0.9953125 0.8109375 0.9953125
3 0.996875 0.6828125000000002 0.8546875 0.6828125000000002 0.8546875 0.984375 0.996875 0.984375
3 0.9609375 0.4484375000000001 0.684375 0.4484375 0.6843750000000001 0.7375 0.9609375 0.7375000000000002
3 0.9375 0.15312500000000012 0.64375 0.1531250000000001 0.64375 0.4312500000000001 0.9375 0.4312500000000002
3 0.6328125 0.015625000000000062 0.35625 0.015625000000000045 0.35625000000000007 0.37187500000000007 0.6328125 0.37187500000000007
3 0.7234375 0.2453125000000001 0.5421875 0.2453125000000001 0.5421875 0.546875 0.7234375 0.546875
3 0.6765625 0.475 0.5453125 0.475 0.5453125 0.6828125 0.6765625 0.6828125
3 0.6140625000000001 0.51875 0.4515625 0.51875 0.4515625000000001 0.74375 0.6140625000000002 0.74375
3 0.5703125000000002 0.7875 0.3781250000000001 0.7875 0.3781250000000001 0.9953125 0.5703125000000002 0.9953125
3 0.534375 0.6671875 0.3203125000000001 0.6671875 0.3203125000000001 0.934375 0.5343750000000002 0.934375
3 0.5171875000000001 0.35000000000000003 0.2953125 0.35 0.29531250000000003 0.7546875 0.5171875000000001 0.7546875
3 0.38593750000000004 0.21406250000000004 0.284375 0.2140625 0.28437500000000004 0.38906250000000003 0.3859375000000001 0.3890625000000001
3 0.3421875 2.3440505139929808e-17 0.040625 4.975127621536122e-18 0.04062500000000001 0.2078125 0.3421875 0.2078125
3 0.3890625 0.03750000000000004 0.2875 0.03750000000000003 0.2875 0.20781250000000004 0.3890625 0.2078125000000001
3 0.06875 0.010937500000000005 1.3394574365674175e-18 0.0109375 1.1672414804373211e-17 0.1796875 0.06875000000000002 0.1796875
3 0.265625 0.03281250000000002 0.05 0.03281250000000001 0.050000000000000024 0.3 0.265625 0.3
3 0.12343750000000006 0.196875 2.4110233858213517e-17 0.196875 4.7837765591693485e-17 0.584375 0.12343750000000009 0.584375
3 0.33125000000000004 0.2734375 0.11562500000000005 0.2734375 0.11562500000000006 0.5625 0.3312500000000001 0.5625
3 0.3234375000000001 0.4640625 0.18125000000000005 0.4640625 0.18125000000000008 0.7265625 0.3234375000000001 0.7265625
3 0.19687500000000008 0.48125 5.893612720896637e-17 0.48125 8.132420150587892e-17 0.846875 0.19687500000000008 0.846875
3 0.2078125000000001 0.765625 0.0031250000000000943 0.765625 0.003125000000000108 0.9953125 0.2078125000000001 0.9953125
3 0.3859375000000001 0.8578125 0.16406250000000008 0.8578125 0.1640625000000001 0.9953125 0.3859375000000001 0.9953125
3 0.3265625000000001 0.7265625 0.2000000000000001 0.7265625 0.2000000000000001 0.8859375 0.3265625000000001 0.8859375
3 0.8625 0.7375000000000002 0.8140625 0.7375000000000002 0.8140625 0.9890625 0.8625 0.9890625
3 0.996875 0.5031250000000002 0.9421875 0.5031250000000002 0.9421875 0.7109375000000002 0.996875 0.7109375000000002
3 0.996875 0.2562500000000001 0.9390625 0.2562500000000001 0.9390625 0.44843750000000016 0.996875 0.44843750000000016