3 0.49375 0.07031250000000004 0.221875 0.07031250000000003 0.221875 0.28906250000000006 0.49375 0.2890625000000001
3 0.75625 0.12968750000000007 0.49375 0.12968750000000004 0.49375 0.3078125000000001 0.75625 0.3078125000000001
3 0.746875 0.19687500000000008 0.484375 0.19687500000000005 0.484375 0.41875000000000007 0.746875 0.4187500000000002
3 0.9375 0.3031250000000001 0.746875 0.3031250000000001 0.746875 0.5390625000000002 0.9375 0.5390625000000002
3 0.83125 0.3968750000000001 0.5734375 0.3968750000000001 0.5734375 0.6187500000000001 0.83125 0.6187500000000001
3 0.9390625 0.4984375000000002 0.81875 0.4984375000000002 0.81875 0.6796875000000002 0.9390625 0.6796875000000002
3 0.83125 0.5906250000000001 0.56875 0.590625 0.5687500000000001 0.7734375000000001 0.83125 0.7734375000000002
3 0.853125 0.6140625000000001 0.590625 0.6140625 0.5906250000000001 0.884375 0.853125 0.884375
3 0.978125 0.6531250000000001 0.715625 0.653125 0.7156250000000001 0.9421875 0.978125 0.9421875
3 0.4359375 0.21875000000000006 0.17812500000000003 0.21875 0.17812500000000003 0.45 0.4359375 0.45
3 0.6265625 0.3031250000000001 0.43125 0.3031250000000001 0.43125 0.534375 0.6265625 0.534375
3 0.55625 0.39531250000000007 0.2984375000000001 0.3953125 0.2984375000000001 0.6265625 0.55625 0.6265625
3 0.36562500000000003 0.32031250000000006 0.12968750000000004 0.3203125 0.12968750000000007 0.55625 0.3656250000000001 0.55625
3 0.2843750000000001 0.43125 0.031250000000000056 0.43125 0.03125000000000007 0.6625 0.2843750000000001 0.6625
3 0.2796875000000001 0.6359375 0.03593750000000008 0.6359375 0.03593750000000009 0.821875 0.2796875000000001 0.821875
3 0.5515625000000001 0.6 0.2984375000000001 0.6 0.2984375000000001 0.8 0.5515625000000002 0.8