3 0.21875 0.02656250000000001 0.0453125 0.0265625 0.04531250000000002 0.3578125 0.21875 0.3578125
3 0.4 0.02187500000000004 0.21875 0.021875000000000026 0.21875 0.33593750000000006 0.4 0.3359375000000001
3 0.5953125 0.02187500000000006 0.4046875 0.02187500000000005 0.4046875 0.3281250000000001 0.5953125 0.3281250000000001
3 0.7640625 0.03125000000000008 0.5953125 0.031250000000000076 0.5953125 0.3187500000000001 0.7640625 0.3187500000000001
3 0.940625 0.031250000000000104 0.778125 0.0312500000000001 0.778125 0.3187500000000001 0.940625 0.3187500000000001
3 0.95 0.3281250000000001 0.78125 0.3281250000000001 0.78125 0.6250000000000002 0.95 0.6250000000000002
3 0.76875 0.3234375000000001 0.590625 0.3234375000000001 0.590625 0.6468750000000001 0.76875 0.6468750000000002
3 0.590625 0.3375000000000001 0.4140625 0.3375000000000001 0.4140625 0.6296875 0.590625 0.6296875
3 0.4046875 0.32812500000000006 0.221875 0.328125 0.22187500000000004 0.625 0.4046875 0.625
3 0.21875000000000006 0.35 0.04062500000000004 0.35 0.040625000000000064 0.6328125 0.21875000000000008 0.6328125
3 0.9640625 0.6296875000000002 0.7859375 0.6296875000000002 0.7859375000000001 0.94375 0.9640625 0.94375
3 0.7812500000000001 0.6515625 0.5953125 0.6515625 0.5953125000000001 0.965625 0.7812500000000002 0.965625
3 0.5906250000000001 0.6375 0.4140625 0.6375 0.4140625000000001 0.965625 0.5906250000000002 0.965625
3 0.4093750000000001 0.6296875 0.23593750000000008 0.6296875 0.23593750000000008 0.93125 0.40937500000000016 0.93125
3 0.2312500000000001 0.6421875 0.045312500000000075 0.6421875 0.045312500000000096 0.9515625 0.2312500000000001 0.9515625