3 0.9203125 0.6453125000000002 0.825 0.6453125000000002 0.825 0.7765625000000002 0.9203125 0.7765625000000002
3 0.8078125 0.6609375000000001 0.7171875 0.6609375 0.7171875000000001 0.7812500000000001 0.8078125 0.7812500000000002
3 0.8375 0.4968750000000002 0.7609375 0.4968750000000002 0.7609375 0.6500000000000001 0.8375 0.6500000000000001
3 0.8 0.2515625000000001 0.5125 0.2515625000000001 0.5125 0.4531250000000001 0.8 0.45312500000000017
3 0.28437500000000004 0.203125 0.09531250000000002 0.203125 0.09531250000000005 0.6078125 0.2843750000000001 0.6078125
3 0.2218750000000001 0.5515625 0.12656250000000008 0.5515625 0.12656250000000008 0.671875 0.2218750000000001 0.671875
3 0.18906250000000005 0.43125 0.12343750000000005 0.43125 0.12343750000000005 0.5359375 0.18906250000000005 0.5359375
3 0.36406250000000007 0.525 0.2687500000000001 0.525 0.2687500000000001 0.65625 0.36406250000000007 0.65625
3 0.3453125000000001 0.60625 0.30156250000000007 0.60625 0.30156250000000007 0.7375 0.3453125000000001 0.7375
3 0.4546875000000001 0.6125 0.36406250000000007 0.6125 0.36406250000000007 0.759375 0.4546875000000002 0.759375
3 0.31250000000000006 0.2453125 0.07343750000000002 0.2453125 0.07343750000000003 0.415625 0.3125000000000001 0.415625
3 0.7046875000000001 0.715625 0.621875 0.715625 0.6218750000000001 0.7921875 0.7046875000000001 0.7921875
3 0.7046875 0.56875 0.6109375 0.56875 0.6109375 0.7 0.7046875 0.7
3 0.7671875 0.5468750000000001 0.6796875 0.546875 0.6796875 0.6609375000000001 0.7671875 0.6609375000000002
3 0.5859375 0.6171875 0.5125 0.6171875 0.5125 0.721875 0.5859375 0.721875
3 0.6296875000000001 0.6390625 0.5609375 0.6390625 0.5609375000000001 0.7375 0.6296875000000002 0.7375
3 0.4921875 0.2234375000000001 0.3828125 0.2234375000000001 0.38281250000000006 0.4046875 0.4921875 0.4046875
3 0.5171875 0.2843750000000001 0.3828125 0.2843750000000001 0.38281250000000006 0.475 0.5171875 0.475
3 0.5890625 0.4484375 0.5234375 0.4484375 0.5234375 0.546875 0.5890625 0.546875
3 0.734375 0.48125000000000007 0.4625 0.48125 0.4625 0.6718750000000001 0.734375 0.6718750000000002
3 0.665625 0.4046875 0.596875 0.4046875 0.596875 0.525 0.665625 0.525
3 0.7390625 0.42656250000000007 0.6703125 0.4265625 0.6703125 0.5140625000000001 0.7390625 0.5140625000000002
3 0.575 0.3281250000000001 0.3921875 0.3281250000000001 0.3921875 0.6015625 0.575 0.6015625
3 0.4578125 0.38750000000000007 0.3859375000000001 0.38750000000000007 0.3859375000000001 0.48125 0.4578125 0.48125
3 0.3281250000000001 0.3890625 0.2296875000000001 0.3890625 0.2296875000000001 0.53125 0.3281250000000001 0.53125
3 0.35625 0.203125 0.2078125 0.203125 0.2078125 0.35625 0.35625 0.35625
3 0.35625000000000007 0.3171875 0.2984375 0.3171875 0.2984375 0.4046875 0.35625000000000007 0.4046875
3 0.4140625 0.3453125 0.353125 0.3453125 0.353125 0.44375 0.4140625 0.44375