3 0.890625 0.7671875000000001 0.7171875000000002 0.7671875 0.7171875000000002 0.9703125 0.890625 0.9703125
3 0.9171875 0.46406250000000016 0.79375 0.46406250000000016 0.7937500000000001 0.7796875000000002 0.9171875 0.7796875000000002
3 0.90625 0.3937500000000001 0.840625 0.3937500000000001 0.840625 0.5546875000000002 0.90625 0.5546875000000002
3 0.85 0.19687500000000008 0.6859375 0.19687500000000008 0.6859375 0.3218750000000001 0.85 0.3218750000000001
3 0.859375 0.20312500000000008 0.6765625 0.20312500000000008 0.6765625 0.6796875000000001 0.859375 0.6796875000000002
3 0.7437500000000001 0.3218750000000001 0.553125 0.3218750000000001 0.5531250000000001 0.8328125 0.7437500000000001 0.8328125
3 0.6 0.012500000000000063 0.459375 0.012500000000000056 0.459375 0.30937500000000007 0.6 0.30937500000000007
3 0.64375 0.2015625000000001 0.4796875 0.2015625000000001 0.4796875 0.63125 0.64375 0.63125
3 0.4906250000000001 0.29218750000000004 0.3 0.2921875 0.30000000000000004 0.803125 0.4906250000000002 0.803125
3 0.359375 0.19062500000000004 0.2 0.19062500000000004 0.2 0.296875 0.359375 0.296875
3 0.36718750000000006 0.19062500000000004 0.18750000000000006 0.19062500000000004 0.18750000000000006 0.6484375 0.3671875000000001 0.6484375
3 0.2640625000000001 0.4515625 0.13437500000000005 0.4515625 0.13437500000000008 0.75625 0.2640625000000001 0.75625
3 0.2078125000000001 0.36875 0.13750000000000004 0.36875 0.13750000000000004 0.5234375 0.2078125000000001 0.5234375
3 0.34062500000000007 0.7390625 0.1671875000000001 0.7390625 0.1671875000000001 0.953125 0.34062500000000007 0.953125
3 0.19375000000000003 0.10781250000000002 0.153125 0.1078125 0.153125 0.303125 0.19375000000000003 0.303125