3 0.996875 0.5062500000000002 0.7578125 0.5062500000000002 0.7578125000000001 0.8515625 0.996875 0.8515625
3 0.965625 0.1656250000000001 0.71875 0.16562500000000008 0.71875 0.5000000000000001 0.965625 0.5000000000000002
3 0.996875 1.154803661383481e-16 0.8890625 1.0887875448669438e-16 0.8890625 0.2531250000000001 0.996875 0.2531250000000001
3 0.7609375 7.807123344564377e-17 0.5140625 6.295449951866863e-17 0.5140625 0.17031250000000006 0.7609375 0.1703125000000001
3 0.925 1.0294687155332439e-16 0.75625 9.26139141855186e-17 0.75625 0.0562500000000001 0.925 0.05625000000000011
3 0.83125 0.04687500000000009 0.6265625 0.046875000000000076 0.6265625 0.32500000000000007 0.83125 0.32500000000000007
3 0.7578125 0.3046875000000001 0.6765625 0.3046875000000001 0.6765625 0.4953125000000001 0.7578125 0.49531250000000016
3 0.996875 0.7937500000000002 0.7765625000000002 0.7937500000000002 0.7765625000000002 0.9953125 0.996875 0.9953125
3 0.7796875000000002 0.753125 0.5640625000000001 0.753125 0.5640625000000001 0.9953125 0.7796875000000002 0.9953125
3 0.6984375000000002 0.8453125 0.4359375000000002 0.8453125 0.4359375000000002 0.9953125 0.6984375000000002 0.9953125
3 0.7187500000000001 0.50625 0.4640625 0.50625 0.4640625000000001 0.8359375 0.7187500000000002 0.8359375
3 0.8375 0.4953125000000001 0.6796875 0.4953125 0.6796875000000001 0.7625000000000001 0.8375 0.7625000000000002
3 0.9953125 0.2375000000000001 0.9421875 0.2375000000000001 0.9421875 0.5046875000000002 0.9953125 0.5046875000000002
3 0.6875 0.16562500000000008 0.4359375 0.16562500000000005 0.4359375 0.490625 0.6875 0.490625
3 0.5718750000000001 0.5421875 0.3671875000000001 0.5421875 0.3671875000000001 0.8515625 0.5718750000000001 0.8515625
3 0.4093750000000001 0.7171875 0.17343750000000008 0.7171875 0.1734375000000001 0.9953125 0.40937500000000016 0.9953125
3 0.4484375 0.36718750000000006 0.18906250000000005 0.3671875 0.18906250000000008 0.696875 0.4484375 0.696875
3 0.4875 0.29375000000000007 0.2671875 0.29375 0.2671875 0.546875 0.4875 0.546875
3 0.4828125 4.353236668844107e-17 0.228125 2.7937255105548996e-17 0.228125 0.22187500000000004 0.4828125 0.2218750000000001
3 0.5953125 0.026562500000000065 0.4328125 0.026562500000000055 0.4328125 0.3046875000000001 0.5953125 0.3046875000000001
3 0.3546875 0.026562500000000034 0.1390625 0.026562500000000024 0.13906250000000003 0.3203125 0.3546875 0.3203125
3 0.17343750000000005 0.1859375 2.27707764216461e-17 0.1859375 4.0375074159389303e-17 0.4734375 0.17343750000000005 0.4734375
3 0.2593750000000001 0.4328125 0.06250000000000004 0.4328125 0.06250000000000007 0.746875 0.2593750000000001 0.746875
3 0.17031250000000012 0.7015625 8.591662700268149e-17 0.7015625 1.0390362686515826e-16 0.9953125 0.17031250000000014 0.9953125
3 0.2515625 1.798699986247675e-17 0.0421875 5.1664786839028965e-18 0.0421875 0.06250000000000001 0.2515625 0.06250000000000003