3 0.8375 0.5734375 0.55 0.5734375 0.55 0.91875 0.8375 0.91875
3 0.8109375 0.5250000000000001 0.5703125 0.525 0.5703125 0.7000000000000001 0.8109375 0.7000000000000002
3 0.84375 0.33281250000000007 0.6328125 0.33281250000000007 0.6328125 0.7109375000000001 0.84375 0.7109375000000002
3 0.6187500000000001 0.3765625000000001 0.4078125 0.3765625000000001 0.4078125000000001 0.7875 0.6187500000000001 0.7875
3 0.6 0.2953125000000001 0.425 0.2953125000000001 0.425 0.4640625 0.6 0.4640625
3 0.3890625000000001 0.4203125 0.2328125000000001 0.4203125 0.2328125000000001 0.525 0.3890625000000001 0.525
3 0.4296875000000001 0.459375 0.2140625000000001 0.459375 0.2140625000000001 0.875 0.42968750000000017 0.875
3 0.26875000000000004 0.3390625 0.13437500000000005 0.3390625 0.13437500000000008 0.678125 0.2687500000000001 0.678125
3 0.28750000000000003 0.2625 0.14843750000000006 0.2625 0.14843750000000006 0.3828125 0.2875000000000001 0.3828125
3 0.75 0.19687500000000008 0.55 0.19687500000000008 0.55 0.3500000000000001 0.75 0.3500000000000001
3 0.8109375 0.18125000000000008 0.6875 0.18125000000000008 0.6875 0.3671875000000001 0.8109375 0.3671875000000001
3 0.39687500000000003 0.27343750000000006 0.203125 0.2734375 0.20312500000000006 0.48125 0.3968750000000001 0.48125