3 0.996875 0.6250000000000002 0.8203125 0.6250000000000002 0.8203125 0.99375 0.996875 0.99375
3 0.840625 0.6609375000000001 0.5328125 0.6609375 0.5328125000000001 0.99375 0.840625 0.99375
3 0.6296875000000002 0.828125 0.5031250000000002 0.828125 0.5031250000000002 0.99375 0.6296875000000002 0.99375
3 0.5703125000000001 0.709375 0.31718750000000007 0.709375 0.31718750000000007 0.9953125 0.5703125000000002 0.9953125
3 0.4375000000000001 0.459375 0.20312500000000008 0.459375 0.20312500000000008 0.8046875 0.43750000000000017 0.8046875
3 0.3140625000000001 0.6484375 0.037500000000000075 0.6484375 0.0375000000000001 0.99375 0.3140625000000001 0.99375
3 0.22968750000000004 0.2625 3.214697847761802e-17 0.2625 7.692312707144312e-17 0.99375 0.2296875000000001 0.99375
3 0.4296875 0.16718750000000002 0.10625 0.1671875 0.10625000000000004 0.553125 0.4296875 0.553125
3 0.4671875 0.012500000000000044 0.290625 0.012500000000000034 0.290625 0.4171875 0.4671875 0.4171875
3 0.3375 0.05937500000000003 0.1671875 0.059375000000000025 0.16718750000000002 0.2140625 0.3375 0.2140625
3 0.1765625 0.09531250000000001 1.1672414804373211e-17 0.0953125 3.1668600821701084e-17 0.421875 0.17656250000000004 0.421875
3 0.1859375 1.138538821082305e-17 0 0 9.089175462421763e-18 0.14843750000000003 0.1859375 0.14843750000000006
3 0.29375 2.86069838238327e-17 0.1734375 2.1239967922711906e-17 0.1734375 0.10156250000000003 0.29375 0.10156250000000004
3 0.5140625 5.2334515557312676e-17 0.340625 4.171453159595672e-17 0.340625 0.19687500000000005 0.5140625 0.19687500000000005
3 0.7390625 7.749718025854343e-17 0.5265625 6.448530801760282e-17 0.5265625 0.2375000000000001 0.7390625 0.2375000000000001
3 0.996875 0.38750000000000007 0.8796875 0.38750000000000007 0.8796875 0.5531250000000002 0.996875 0.5531250000000002
3 0.996875 0.45312500000000017 0.94375 0.45312500000000017 0.94375 0.5781250000000002 0.996875 0.5781250000000002
3 0.996875 0.5062500000000002 0.84375 0.5062500000000002 0.84375 0.7203125000000001 0.996875 0.7203125000000001
3 0.84375 0.4281250000000001 0.659375 0.428125 0.659375 0.6968750000000001 0.84375 0.6968750000000001
3 0.8765625 0.3812500000000001 0.809375 0.3812500000000001 0.809375 0.5062500000000002 0.8765625 0.5062500000000002
3 0.9296875 0.20312500000000008 0.8234375 0.20312500000000008 0.8234375 0.4343750000000002 0.9296875 0.4343750000000002
3 0.996875 0.19062500000000013 0.9203125 0.19062500000000013 0.9203125 0.4046875000000002 0.996875 0.4046875000000002
3 0.8234375 0.2312500000000001 0.6703125 0.2312500000000001 0.6703125 0.4406250000000001 0.8234375 0.44062500000000016
3 0.690625 0.30937500000000007 0.5296875 0.30937500000000007 0.5296875 0.5953125 0.690625 0.5953125
3 0.5468750000000001 0.571875 0.4328125 0.571875 0.4328125000000001 0.815625 0.5468750000000002 0.815625
3 0.609375 0.2390625000000001 0.446875 0.2390625000000001 0.446875 0.5546875 0.609375 0.5546875
3 0.9203125 0.04218750000000011 0.8234375 0.0421875000000001 0.8234375 0.20312500000000008 0.9203125 0.20312500000000008
3 0.7734375 0.1546875000000001 0.609375 0.1546875000000001 0.609375 0.26250000000000007 0.7734375 0.26250000000000007
3 0.853125 0.1609375000000001 0.7109375 0.1609375000000001 0.7109375 0.2562500000000001 0.853125 0.2562500000000001
3 0.8765625 9.921552583717228e-17 0.74375 9.10831056865844e-17 0.74375 0.0718750000000001 0.8765625 0.0718750000000001
3 0.9734375 0.006250000000000114 0.8734375 0.006250000000000108 0.8734375 0.1968750000000001 0.9734375 0.19687500000000013
3 0.996875 0.04218750000000012 0.9671875 0.04218750000000012 0.9671875 0.19062500000000013 0.996875 0.19062500000000013
3 0.996875 6.104098889500089e-17 0 0 6.084963783263412e-17 0.99375 0.996875 0.99375