3 0.0953125 5.836207402186606e-18 0 0 1.7221595613009659e-18 0.028125000000000004 0.0953125 0.02812500000000001
3 0.9953125 1.1806360548029952e-16 0.9328125 1.1423658423296405e-16 0.9328125 0.01718750000000012 0.9953125 0.017187500000000123
3 0.53125 0.3343750000000001 0.475 0.3343750000000001 0.475 0.478125 0.53125 0.478125
3 0.5828125 0.2875000000000001 0.5203125 0.2875000000000001 0.5203125 0.4390625 0.5828125 0.4390625
3 0.7234375 0.2765625000000001 0.6328125 0.2765625000000001 0.6328125 0.3265625000000001 0.7234375 0.3265625000000001
3 0.6671875 0.2500000000000001 0.565625 0.2500000000000001 0.565625 0.3062500000000001 0.6671875 0.3062500000000001
3 0.978125 0.021875000000000113 0.8421875 0.021875000000000106 0.8421875 0.0640625000000001 0.978125 0.0640625000000001
3 0.89375 1.0323389814687454e-16 0.7921875 9.701498861995439e-17 0.7921875 0.031250000000000104 0.89375 0.03125000000000011
3 0.203125 1.9709159423777714e-17 0.11875 1.4542680739874818e-17 0.11875 0.04218750000000002 0.203125 0.042187500000000024
3 0.2484375 2.7363201918448673e-17 0.1984375 2.430158492058029e-17 0.1984375 0.02812500000000003 0.2484375 0.028125000000000032
3 0.3625 3.7122106099154144e-17 0.24375 2.985076572921674e-17 0.24375 0.03125000000000004 0.3625 0.03125000000000004
3 0.3671875 0.02187500000000004 0.328125 0.02187500000000004 0.328125 0.07343750000000004 0.3671875 0.07343750000000004
3 0.4859375 0.020312500000000053 0.3671875 0.020312500000000046 0.3671875 0.07031250000000006 0.4859375 0.07031250000000007
3 0.475 5.262154215086284e-17 0.384375 4.7072361342226394e-17 0.384375 0.02031250000000005 0.475 0.020312500000000056
3 0.5765625 6.505936120470315e-17 0.4859375 5.95101803960667e-17 0.4859375 0.06718750000000007 0.5765625 0.06718750000000007
3 0.7125 7.443556326067506e-17 0.503125 6.161504208210122e-17 0.503125 0.06718750000000008 0.7125 0.0671875000000001
3 0.7515625 0.032812500000000085 0.671875 0.03281250000000008 0.671875 0.07812500000000008 0.7515625 0.07812500000000008
3 0.7734375 0.05937500000000009 0.6953125 0.05937500000000009 0.6953125 0.11562500000000009 0.7734375 0.11562500000000009
3 0.8421875 0.0312500000000001 0.7453125 0.03125000000000009 0.7453125 0.10156250000000008 0.8421875 0.10156250000000008
3 0.9546875 0.08437500000000012 0.8359375 0.08437500000000012 0.8359375 0.1406250000000001 0.9546875 0.14062500000000014
3 0.9890625 0.07031250000000011 0.8703125 0.07031250000000011 0.8703125 0.09843750000000011 0.9890625 0.09843750000000011
3 0.9953125 0.10156250000000014 0.9390625 0.10156250000000014 0.9390625 0.12968750000000012 0.9953125 0.12968750000000012
3 0.5765625 0.06718750000000005 0.3609375 0.06718750000000004 0.3609375 0.10937500000000007 0.5765625 0.10937500000000008
3 0.59375 0.09218750000000006 0.3734375 0.09218750000000005 0.3734375 0.13750000000000007 0.59375 0.1375000000000001
3 0.9953125 0.8671875 0.9046875 0.8671875 0.9046875 0.9234375 0.9953125 0.9234375
3 0.2375000000000001 0.853125 0.1531250000000001 0.853125 0.15312500000000012 0.9125 0.2375000000000001 0.9125
3 0.40156250000000016 0.825 0.31718750000000007 0.825 0.31718750000000007 0.8875 0.40156250000000016 0.8875
3 0.99375 0.7828125000000001 0.915625 0.7828125000000001 0.915625 0.8421875 0.99375 0.8421875
3 0.8703125 0.8734375 0.7234375000000002 0.8734375 0.7234375000000002 0.9234375 0.8703125 0.9234375
3 0.825 0.8359375 0.6828125000000002 0.8359375 0.6828125000000002 0.8875 0.825 0.8875
3 0.94375 0.7328125000000002 0.875 0.7328125000000002 0.875 0.825 0.94375 0.825
3 0.8921875 0.7765625000000002 0.8140625 0.7765625000000002 0.8140625 0.8640625 0.8921875 0.8640625
3 0.8765625 0.7484375000000002 0.7921875000000002 0.7484375000000002 0.7921875000000002 0.8328125 0.8765625 0.8328125
3 0.8140625 0.8109375 0.6671875000000002 0.8109375 0.6671875000000002 0.8484375 0.8140625 0.8484375
3 0.825 0.76875 0.6890625000000001 0.76875 0.6890625000000001 0.8109375 0.825 0.8109375
3 0.859375 0.7296875 0.6109375000000001 0.7296875 0.6109375000000001 0.7796875000000001 0.859375 0.7796875000000002
3 0.7171875000000001 0.715625 0.6046875 0.715625 0.6046875 0.8703125 0.7171875000000002 0.8703125
3 0.6671875000000002 0.878125 0.5531250000000002 0.878125 0.5531250000000002 0.9375 0.6671875000000002 0.9375
3 0.7281250000000001 0.8953125 0.6609375000000002 0.8953125 0.6609375000000002 0.9296875 0.7281250000000001 0.9296875
3 0.5421875000000002 0.8703125 0.42968750000000017 0.8703125 0.42968750000000017 0.9328125 0.5421875000000002 0.9328125
3 0.5703125000000002 0.8078125 0.3734375000000001 0.8078125 0.3734375000000001 0.9203125 0.5703125000000002 0.9203125
3 0.6218750000000002 0.8 0.40625000000000017 0.8 0.40625000000000017 0.9015625 0.6218750000000002 0.9015625
3 0.5937500000000002 0.771875 0.3843750000000001 0.771875 0.3843750000000001 0.8484375 0.5937500000000002 0.8484375
3 0.5984375000000002 0.7375 0.4187500000000002 0.7375 0.4187500000000002 0.859375 0.5984375000000002 0.859375
3 0.6093750000000002 0.7515625 0.4859375000000002 0.7515625 0.4859375000000002 0.821875 0.6093750000000002 0.821875
3 0.6437500000000002 0.7328125 0.5031250000000002 0.7328125 0.5031250000000002 0.8 0.6437500000000002 0.8
3 0.9265625 0.5687500000000001 0.6953125 0.56875 0.6953125 0.6312500000000001 0.9265625 0.6312500000000002
3 0.5875 0.5546875 0.5078125 0.5546875 0.5078125 0.603125 0.5875 0.603125
3 0.5984375 0.6046875 0.5140625 0.6046875 0.5140625 0.6640625 0.5984375 0.6640625
3 0.3906250000000001 0.5578125 0.3000000000000001 0.5578125 0.3000000000000001 0.6078125 0.3906250000000001 0.6078125
3 0.22656250000000008 0.6453125 0.15781250000000008 0.6453125 0.15781250000000008 0.6875 0.22656250000000008 0.6875
3 0.3218750000000001 0.4203125 0.2375000000000001 0.4203125 0.2375000000000001 0.484375 0.3218750000000001 0.484375
3 0.17500000000000004 0.3796875 0.08437500000000005 0.3796875 0.08437500000000005 0.4359375 0.17500000000000004 0.4359375
3 0.2828125 0.2078125 0.209375 0.2078125 0.209375 0.259375 0.2828125 0.259375
3 0.4515625 0.23593750000000005 0.2828125 0.2359375 0.2828125 0.3375 0.4515625 0.3375000000000001
3 0.1296875000000001 0.6140625 7.520096751014216e-17 0.6140625 8.591662700268149e-17 0.7890625 0.1296875000000001 0.7890625
3 0.1359375000000001 0.7125 0.07968750000000009 0.7125 0.07968750000000009 0.7546875 0.1359375000000001 0.7546875
3 0.1359375000000001 0.7546875 0.04531250000000009 0.7546875 0.045312500000000096 0.803125 0.1359375000000001 0.803125
3 0.3390625000000001 0.628125 0.2484375000000001 0.628125 0.2484375000000001 0.7234375 0.3390625000000001 0.7234375
3 0.1921875 0.11250000000000002 0.006250000000000014 0.1125 0.006250000000000019 0.20625 0.19218750000000004 0.20625
3 0.23125 0.14375000000000002 0.017187500000000015 0.14375 0.017187500000000022 0.225 0.23125 0.225
3 0.2484375 0.18906250000000002 0.006250000000000022 0.1890625 0.006250000000000026 0.259375 0.2484375 0.259375
3 0.46875 0.16093750000000004 0.29375 0.16093750000000004 0.29375 0.259375 0.46875 0.2593750000000001
3 0.5984375 0.2062500000000001 0.4015625 0.2062500000000001 0.4015625 0.2984375000000001 0.5984375 0.2984375000000001
3 0.8421875 0.2453125000000001 0.76875 0.2453125000000001 0.76875 0.3156250000000001 0.8421875 0.3156250000000001
3 0.790625 0.2000000000000001 0.6328125 0.2000000000000001 0.6328125 0.34062500000000007 0.790625 0.34062500000000007
3 0.978125 0.2875000000000001 0.89375 0.2875000000000001 0.89375 0.3468750000000001 0.978125 0.3468750000000001
3 0.9953125 0.2562500000000001 0.9109375 0.2562500000000001 0.9109375 0.2984375000000001 0.9953125 0.2984375000000001
3 0.740625 0.1375000000000001 0.6046875 0.1375000000000001 0.6046875 0.2000000000000001 0.740625 0.2000000000000001
3 0.565625 0.12968750000000007 0.4921875 0.12968750000000004 0.4921875 0.2078125000000001 0.565625 0.2078125000000001
3 0.4578125 0.09531250000000005 0.2375 0.09531250000000002 0.2375 0.15781250000000005 0.4578125 0.15781250000000005
3 0.1234375 0.07031250000000001 0.04531250000000001 0.0703125 0.04531250000000001 0.1296875 0.1234375 0.1296875
3 0.8875 0.3515625000000001 0.796875 0.3515625000000001 0.796875 0.4312500000000002 0.8875 0.4312500000000002
3 0.76875 0.3750000000000001 0.684375 0.3750000000000001 0.684375 0.4250000000000001 0.76875 0.42500000000000016
3 0.70625 0.3515625000000001 0.6328125 0.3515625000000001 0.6328125 0.4140625 0.70625 0.4140625
3 0.6890625 0.3828125000000001 0.5984375 0.3828125000000001 0.5984375 0.453125 0.6890625 0.453125
3 0.728125 0.45000000000000007 0.5765625 0.45 0.5765625 0.4921875000000001 0.728125 0.49218750000000017
3 0.775 0.4062500000000001 0.7125 0.40625 0.7125 0.4984375000000001 0.775 0.4984375000000002
3 0.8484375 0.4312500000000002 0.775 0.4312500000000002 0.775 0.48750000000000016 0.8484375 0.48750000000000016
3 0.9265625 0.4359375000000002 0.853125 0.4359375000000002 0.853125 0.4812500000000002 0.9265625 0.4812500000000002
3 0.909375 0.47656250000000017 0.825 0.47656250000000017 0.825 0.5296875000000002 0.909375 0.5296875000000002
3 0.9828125 0.4671875000000002 0.915625 0.4671875000000002 0.915625 0.5265625000000002 0.9828125 0.5265625000000002
3 0.9953125 0.5125000000000002 0.9390625 0.5125000000000002 0.9390625 0.5718750000000001 0.9953125 0.5718750000000001
3 0.7171875 0.48125 0.64375 0.48125 0.64375 0.51875 0.7171875 0.51875
3 0.615625 0.4953125 0.5140625 0.4953125 0.5140625 0.56875 0.615625 0.56875
3 0.5421875 0.4921875 0.440625 0.4921875 0.440625 0.5625 0.5421875 0.5625
3 0.434375 0.428125 0.3281250000000001 0.428125 0.3281250000000001 0.490625 0.434375 0.490625
3 0.22031250000000008 0.434375 0.09531250000000005 0.434375 0.09531250000000005 0.4703125 0.22031250000000008 0.4703125
3 0.11250000000000004 0.3125 0.05625000000000004 0.3125 0.05625000000000004 0.3921875 0.11250000000000004 0.3921875
3 0.20937500000000003 0.3234375 0.13593750000000004 0.3234375 0.13593750000000004 0.396875 0.2093750000000001 0.396875
3 0.32812500000000006 0.3625 0.18125000000000005 0.3625 0.18125000000000005 0.4046875 0.3281250000000001 0.4046875
3 0.41875 0.36562500000000003 0.3343750000000001 0.365625 0.3343750000000001 0.4140625 0.41875 0.4140625
3 0.496875 0.2984375000000001 0.390625 0.2984375000000001 0.39062500000000006 0.3750000000000001 0.496875 0.3750000000000001
3 0.05625000000000009 0.6640625 8.132420150587893e-17 0.6640625 8.448149403493069e-17 0.715625 0.05625000000000009 0.715625
3 0.07343750000000007 0.625 7.654042494670958e-17 0.625 7.93150153510278e-17 0.6703125 0.07343750000000009 0.6703125
3 0.10156250000000008 0.853125 0.010937500000000105 0.853125 0.010937500000000109 0.9046875 0.10156250000000008 0.9046875
3 0.11875000000000009 0.8328125 0.0281250000000001 0.8328125 0.028125000000000105 0.8640625 0.11875000000000009 0.8640625
3 0.1750000000000001 0.825 0.10156250000000008 0.825 0.10156250000000008 0.8484375 0.1750000000000001 0.8484375
3 0.2375000000000001 0.7828125 0.0906250000000001 0.7828125 0.0906250000000001 0.8140625 0.2375000000000001 0.8140625
3 0.8765625 0.6000000000000001 0.6671875 0.6 0.6671875 0.7234375000000001 0.8765625 0.7234375000000002
3 0.859375 0.5921875000000002 0.740625 0.5921875000000002 0.7406250000000001 0.7546875000000002 0.859375 0.7546875000000002
3 0.8921875 0.5968750000000002 0.796875 0.5968750000000002 0.796875 0.7234375000000002 0.8921875 0.7234375000000002
3 0.971875 0.6078125000000002 0.846875 0.6078125000000002 0.846875 0.7343750000000002 0.971875 0.7343750000000002
3 0.9953125 0.6000000000000002 0.921875 0.6000000000000002 0.921875 0.6593750000000002 0.9953125 0.6593750000000002
3 0.7015625 0.653125 0.5828125 0.653125 0.5828125 0.7015625 0.7015625 0.7015625
3 0.6609375000000001 0.6953125 0.434375 0.6953125 0.43437500000000007 0.740625 0.6609375000000002 0.740625
3 0.5250000000000001 0.6734375 0.3000000000000001 0.6734375 0.3000000000000001 0.7890625 0.5250000000000001 0.7890625
3 0.44062500000000016 0.7265625 0.3218750000000001 0.7265625 0.3218750000000001 0.80625 0.44062500000000016 0.80625
3 0.2312500000000001 0.4921875 0.15781250000000005 0.4921875 0.15781250000000008 0.5796875 0.2312500000000001 0.5796875
3 0.2765625000000001 0.4953125 0.2093750000000001 0.4953125 0.2093750000000001 0.5515625 0.2765625000000001 0.5515625
3 0.3843750000000001 0.5125 0.20312500000000008 0.5125 0.20312500000000008 0.5828125 0.3843750000000001 0.5828125
3 0.03437500000000006 0.365625 4.4776148593825096e-17 0.365625 5.424802618098041e-17 0.5203125 0.034375000000000065 0.5203125
3 0.056250000000000064 0.565625 6.926908457677216e-17 0.565625 7.185232391872362e-17 0.6078125 0.056250000000000064 0.6078125
3 0.11875000000000006 0.509375 0.04531250000000007 0.509375 0.04531250000000007 0.5578125 0.11875000000000009 0.5578125
3 0.271875 0.2625 3.214697847761802e-17 0.2625 3.5208595475486407e-17 0.3125 0.271875 0.3125
3 0.99375 6.084963783263412e-17 0 0 5.711829211648202e-17 0.9328125 0.99375 0.9328125