3 0.17031250000000003 0.08125000000000002 9.950255243072244e-18 0.08125 3.099887210341737e-17 0.425 0.17031250000000003 0.425
3 0.259375 0.25 0.14218750000000005 0.25 0.14218750000000005 0.46875 0.2593750000000001 0.46875
3 0.11250000000000007 0.4734375 0.014062500000000056 0.4734375 0.01406250000000007 0.6921875 0.11250000000000009 0.6921875
3 0.28593750000000007 0.571875 0.1921875000000001 0.571875 0.1921875000000001 0.8078125 0.28593750000000007 0.8078125
3 0.31718750000000007 0.509375 0.12968750000000004 0.509375 0.12968750000000007 0.625 0.31718750000000007 0.625
3 0.4015625 0.4640625 0.2812500000000001 0.4640625 0.2812500000000001 0.665625 0.4015625 0.665625
3 0.4921875 0.3703125000000001 0.3937500000000001 0.3703125000000001 0.3937500000000001 0.5359375 0.4921875 0.5359375
3 0.425 0.22343750000000004 0.3078125 0.2234375 0.30781250000000004 0.428125 0.425 0.428125
3 0.3609375 0.303125 0.228125 0.303125 0.22812500000000005 0.4953125 0.3609375000000001 0.4953125
3 0.321875 0.11093750000000005 0.196875 0.11093750000000005 0.19687500000000002 0.321875 0.321875 0.321875
3 0.4515625 0.10312500000000002 0.115625 0.103125 0.11562500000000002 0.24531250000000004 0.4515625 0.2453125000000001
3 0.4109375 3.3103733789451887e-17 0.1296875 1.5882138176442238e-17 0.1296875 0.12500000000000003 0.4109375 0.12500000000000006
3 0.5359375 0.08437500000000006 0.4109375 0.08437500000000005 0.4109375 0.37968750000000007 0.5359375 0.37968750000000007
3 0.6703125 0.08593750000000007 0.40625 0.08593750000000004 0.40625 0.7109375 0.6703125 0.7109375
3 0.7859375000000001 0.13906250000000006 0.4953125 0.13906250000000003 0.4953125000000001 0.7406250000000001 0.7859375000000002 0.7406250000000002
3 0.8484375 0.2812500000000001 0.4734375 0.2812500000000001 0.47343750000000007 0.96875 0.8484375 0.96875
3 0.915625 0.3125000000000001 0.6109375 0.3125000000000001 0.6109375000000001 0.9828125 0.915625 0.9828125
3 0.9953125 0.3218750000000001 0.75 0.3218750000000001 0.7500000000000001 0.9734375 0.9953125 0.9734375