4 0.8921875 0.7671875000000001 0.7687500000000002 0.7671875000000001 0.7687500000000002 0.9125 0.8921875 0.9125
4 0.8375 0.6656250000000001 0.7375 0.6656250000000001 0.7375 0.7937500000000002 0.8375 0.7937500000000002
4 0.7531250000000002 0.7484375000000001 0.6484375000000002 0.7484375 0.6484375000000002 0.903125 0.7531250000000002 0.903125
4 0.6843750000000001 0.665625 0.5765625 0.665625 0.5765625000000001 0.7890625 0.6843750000000002 0.7890625
4 0.721875 0.603125 0.6453125 0.603125 0.6453125 0.721875 0.721875 0.721875
4 0.66875 0.5265625 0.5796875 0.5265625 0.5796875 0.6453125 0.66875 0.6453125
4 0.575 0.540625 0.425 0.540625 0.425 0.70625 0.575 0.70625
4 0.5453125000000001 0.6609375 0.421875 0.6609375 0.4218750000000001 0.8359375 0.5453125000000002 0.8359375
4 0.6406250000000002 0.8140625 0.5250000000000001 0.8140625 0.5250000000000001 0.9796875 0.6406250000000002 0.9796875
4 0.4015625 0.59375 0.3046875000000001 0.59375 0.3046875000000001 0.7125 0.4015625 0.7125
4 0.3203125 0.04218750000000004 0.24375 0.04218750000000003 0.24375 0.12500000000000006 0.3203125 0.12500000000000006
4 0.246875 0.08281250000000002 0.1703125 0.08281250000000002 0.17031250000000003 0.18593750000000003 0.246875 0.18593750000000003
4 0.4328125 0.16093750000000004 0.3671875 0.16093750000000004 0.3671875 0.3000000000000001 0.4328125 0.3000000000000001
4 0.3703125 0.15468750000000003 0.2671875 0.15468750000000003 0.2671875 0.30468750000000006 0.3703125 0.3046875000000001
4 0.259375 0.20625 0.2015625 0.20625 0.2015625 0.309375 0.259375 0.309375
4 0.3046875000000001 0.4171875 0.2312500000000001 0.4171875 0.2312500000000001 0.53125 0.3046875000000001 0.53125
4 0.35625000000000007 0.5046875 0.2906250000000001 0.5046875 0.2906250000000001 0.5875 0.35625000000000007 0.5875
4 0.4140625 0.4796875 0.35625000000000007 0.4796875 0.35625000000000007 0.5625 0.4140625 0.5625
4 0.3859375000000001 0.4125 0.3046875000000001 0.4125 0.3046875000000001 0.5109375 0.3859375000000001 0.5109375
4 0.2890625000000001 0.5046875 0.21250000000000008 0.5046875 0.21250000000000008 0.603125 0.2890625000000001 0.603125
4 0.2390625000000001 0.484375 0.18593750000000003 0.484375 0.18593750000000006 0.5671875 0.2390625000000001 0.5671875
4 0.24375000000000008 0.4015625 0.18125000000000005 0.4015625 0.18125000000000005 0.484375 0.24375000000000008 0.484375
4 0.425 0.3500000000000001 0.3703125 0.3500000000000001 0.37031250000000004 0.4328125 0.425 0.4328125
4 0.35625000000000007 0.325 0.2984375 0.325 0.2984375 0.4171875 0.35625000000000007 0.4171875
4 0.30468750000000006 0.3 0.2390625 0.3 0.23906250000000004 0.403125 0.3046875000000001 0.403125
4 0.22031250000000005 0.3203125 0.16562500000000005 0.3203125 0.16562500000000005 0.4171875 0.22031250000000008 0.4171875