4 0.878125 0.5296875000000001 0.6765625 0.5296875 0.6765625 0.7109375000000001 0.878125 0.7109375000000002
4 0.959375 0.5593750000000002 0.746875 0.5593750000000002 0.746875 0.7125000000000001 0.959375 0.7125000000000001
4 0.875 0.5875000000000001 0.8171875 0.5875000000000001 0.8171875 0.7296875000000002 0.875 0.7296875000000002
4 0.871875 0.6421875000000001 0.7265625 0.6421875000000001 0.7265625000000001 0.8421875 0.871875 0.8421875
4 0.9890625 0.6234375000000002 0.871875 0.6234375000000002 0.871875 0.8828125 0.9890625 0.8828125
4 0.6859375000000001 0.69375 0.54375 0.69375 0.5437500000000001 0.8296875 0.6859375000000002 0.8296875
4 0.996875 0.6593750000000002 0.921875 0.6593750000000002 0.921875 0.9171875 0.996875 0.9171875
4 0.840625 0.7890625000000001 0.7093750000000002 0.7890625 0.7093750000000002 0.9703125 0.840625 0.9703125
4 0.8109375 0.7765625 0.4390625000000002 0.7765625 0.4390625000000002 0.99375 0.8109375 0.99375
4 0.5343750000000002 0.8296875 0.3218750000000001 0.8296875 0.3218750000000001 0.99375 0.5343750000000002 0.99375
4 0.7734375 0.2656250000000001 0.7234375 0.2656250000000001 0.7234375 0.4125000000000001 0.7734375 0.4125000000000002
4 0.74375 0.2828125000000001 0.625 0.2828125000000001 0.625 0.4062500000000001 0.74375 0.40625000000000017
4 0.83125 0.2765625000000001 0.7703125 0.2765625000000001 0.7703125 0.45312500000000017 0.83125 0.45312500000000017
4 0.8859375 0.2828125000000001 0.825 0.2828125000000001 0.825 0.47656250000000017 0.8859375 0.47656250000000017
4 0.953125 0.29375000000000007 0.8859375 0.29375000000000007 0.8859375 0.5062500000000002 0.953125 0.5062500000000002
4 0.996875 0.3062500000000001 0.953125 0.3062500000000001 0.953125 0.5296875000000002 0.996875 0.5296875000000002
4 0.6687500000000001 5.893612720896638e-17 0.29375 3.59739997249535e-17 0.29375000000000007 0.840625 0.6687500000000002 0.840625
4 0.7671875 0.3359375000000001 0.621875 0.3359375000000001 0.621875 0.5359375000000001 0.7671875 0.5359375000000002
4 0.30468750000000006 0.16406250000000006 0.2234375 0.16406250000000006 0.22343750000000004 0.8 0.3046875000000001 0.8
4 0.659375 0.440625 0.5578125 0.440625 0.5578125 0.6234375 0.659375 0.6234375
4 0.7734375 0.4703125000000001 0.6046875 0.4703125 0.6046875 0.6531250000000001 0.7734375 0.6531250000000002
4 0.8046875 0.5062500000000001 0.6484375 0.50625 0.6484375 0.6359375 0.8046875 0.6359375000000002