4 0.996875 0.6781250000000002 0.8546875 0.6781250000000002 0.8546875 0.9953125 0.996875 0.9953125
4 0.8625 0.6562500000000001 0.6953125 0.65625 0.6953125000000001 0.9953125 0.8625 0.9953125
4 0.7890625000000002 0.875 0.5562500000000001 0.875 0.5562500000000001 0.9953125 0.7890625000000002 0.9953125
4 0.7640625000000002 0.809375 0.5265625000000002 0.809375 0.5265625000000002 0.9953125 0.7640625000000002 0.9953125
4 0.70625 0.6390625 0.5609375 0.6390625 0.5609375000000001 0.846875 0.7062500000000002 0.846875
4 0.734375 0.4531250000000001 0.596875 0.453125 0.596875 0.6500000000000001 0.734375 0.6500000000000001
4 0.8578125 0.43750000000000017 0.73125 0.43750000000000017 0.73125 0.6718750000000002 0.8578125 0.6718750000000002
4 0.996875 0.4046875000000002 0.8515625 0.4046875000000002 0.8515625 0.6890625000000001 0.996875 0.6890625000000001
4 0.996875 0.43750000000000017 0.8875 0.43750000000000017 0.8875 0.7000000000000002 0.996875 0.7000000000000002
4 0.996875 0.19687500000000013 0.909375 0.19687500000000013 0.909375 0.40937500000000016 0.996875 0.40937500000000016
4 0.9953125 1.1481063742006435e-16 0.8796875 1.0773064811249373e-16 0.8796875 0.21250000000000008 0.9953125 0.21250000000000008
4 0.996875 0.1796875000000001 0.8359375 0.17968750000000008 0.8359375 0.43750000000000017 0.996875 0.43750000000000017
4 0.840625 0.27812500000000007 0.7390625 0.27812500000000007 0.7390625 0.4265625000000002 0.840625 0.4265625000000002
4 0.909375 0.004687500000000104 0.7921875 0.004687500000000097 0.7921875 0.26250000000000007 0.909375 0.26250000000000007
4 0.8 0.07187500000000009 0.715625 0.07187500000000009 0.715625 0.2796875000000001 0.8 0.2796875000000001
4 0.778125 0.2687500000000001 0.709375 0.2687500000000001 0.709375 0.4218750000000001 0.778125 0.42187500000000017
4 0.728125 0.4531250000000001 0.6296875 0.453125 0.6296875 0.6453125000000001 0.728125 0.6453125000000002
4 0.5281250000000002 0.7921875 0.4703125000000002 0.7921875 0.4703125000000002 0.9515625 0.5281250000000002 0.9515625
4 0.4515625000000002 0.875 0.36406250000000007 0.875 0.36406250000000007 0.9953125 0.4515625000000002 0.9953125
4 0.5343750000000002 0.9015625 0.4437500000000002 0.9015625 0.4437500000000002 0.9953125 0.5343750000000002 0.9953125
4 0.4734375000000002 0.7484375 0.3828125000000001 0.7484375 0.3828125000000001 0.9234375 0.4734375000000002 0.9234375
4 0.5421875000000002 0.7875 0.4656250000000002 0.7875 0.4656250000000002 0.8859375 0.5421875000000002 0.8859375
4 0.5531250000000001 0.715625 0.41875 0.715625 0.41875000000000007 0.809375 0.5531250000000002 0.809375
4 0.37187500000000007 0.8140625 0.31718750000000007 0.8140625 0.31718750000000007 0.9953125 0.37187500000000007 0.9953125
4 0.36406250000000007 0.7765625 0.30156250000000007 0.7765625 0.30156250000000007 0.846875 0.36406250000000007 0.846875
4 0.34843750000000007 0.7 0.2875000000000001 0.7 0.2875000000000001 0.7765625 0.34843750000000007 0.7765625
4 0.2984375000000001 0.65625 0.2500000000000001 0.65625 0.2500000000000001 0.721875 0.2984375000000001 0.721875
4 0.2515625000000001 0.6890625 0.2000000000000001 0.6890625 0.2000000000000001 0.9234375 0.2515625000000001 0.9234375
4 0.4406250000000001 0.7 0.35625000000000007 0.7 0.35625000000000007 0.7765625 0.44062500000000016 0.7765625
4 0.46562500000000007 0.65625 0.3750000000000001 0.65625 0.3750000000000001 0.7328125 0.4656250000000002 0.7328125
4 0.5015625000000001 0.590625 0.41875 0.590625 0.41875000000000007 0.7265625 0.5015625000000001 0.7265625
4 0.6109375000000001 0.60625 0.484375 0.60625 0.4843750000000001 0.7984375 0.6109375000000001 0.7984375
4 0.6140625 0.4703125 0.509375 0.4703125 0.509375 0.60625 0.6140625 0.60625
4 0.7484375 0.2796875000000001 0.6109375 0.2796875000000001 0.6109375 0.4546875000000001 0.7484375 0.4546875000000002
4 0.734375 0.12031250000000009 0.665625 0.12031250000000009 0.665625 0.3062500000000001 0.734375 0.3062500000000001
4 0.684375 0.16406250000000008 0.6046875 0.16406250000000008 0.6046875 0.3281250000000001 0.684375 0.3281250000000001
4 0.6109375 0.19218750000000007 0.5375 0.19218750000000004 0.5375 0.3453125000000001 0.6109375 0.3453125000000001
4 0.55625 0.3281250000000001 0.4796875 0.3281250000000001 0.4796875 0.48125 0.55625 0.48125
4 0.6078125 0.3453125000000001 0.528125 0.3453125000000001 0.528125 0.4765625 0.6078125 0.4765625
4 0.490625 0.415625 0.440625 0.415625 0.440625 0.503125 0.490625 0.503125
4 0.5015625 0.4859375 0.4296875 0.4859375 0.4296875 0.6125 0.5015625 0.6125
4 0.44375 0.496875 0.3812500000000001 0.496875 0.3812500000000001 0.5953125 0.44375 0.5953125
4 0.4375 0.590625 0.37187500000000007 0.590625 0.37187500000000007 0.671875 0.4375 0.671875
4 0.3859375000000001 0.60625 0.3281250000000001 0.60625 0.3281250000000001 0.671875 0.3859375000000001 0.671875
4 0.3781250000000001 0.5078125 0.3421875000000001 0.5078125 0.3421875000000001 0.5796875 0.3781250000000001 0.5796875
4 0.403125 0.453125 0.35625000000000007 0.453125 0.35625000000000007 0.525 0.403125 0.525
4 0.4546875 0.4265625 0.403125 0.4265625 0.403125 0.503125 0.4546875 0.503125
4 0.41875 0.39375000000000004 0.3609375000000001 0.39375 0.3609375000000001 0.475 0.41875 0.475
4 0.4796875 0.3234375000000001 0.4109375 0.3234375000000001 0.4109375 0.44375 0.4796875 0.44375
4 0.553125 0.2562500000000001 0.484375 0.2562500000000001 0.484375 0.37187500000000007 0.553125 0.37187500000000007
4 0.5859375 0.17500000000000007 0.484375 0.17500000000000004 0.484375 0.3000000000000001 0.5859375 0.3000000000000001
4 0.6546875 0.026562500000000072 0.5703125 0.026562500000000065 0.5703125 0.21875000000000008 0.6546875 0.21875000000000008
4 0.6765625 7.988906853812813e-17 0.628125 7.692312707144312e-17 0.628125 0.1859375000000001 0.6765625 0.1859375000000001
4 0.8 8.926527059410005e-17 0.6578125 8.055879725641184e-17 0.6578125 0.1531250000000001 0.8 0.1531250000000001
4 0.6328125 7.146962179399006e-17 0.534375 6.544206332943669e-17 0.534375 0.08125000000000007 0.6328125 0.08125000000000007
4 0.6 0.03281250000000007 0.5015625 0.032812500000000064 0.5015625 0.18593750000000006 0.6 0.1859375000000001
4 0.534375 0.02187500000000006 0.4734375 0.021875000000000054 0.4734375 0.11406250000000004 0.534375 0.11406250000000004
4 0.5015625 0.12656250000000005 0.4296875 0.12656250000000005 0.4296875 0.2140625000000001 0.5015625 0.2140625000000001
4 0.509375 0.18593750000000003 0.4328125 0.18593750000000003 0.4328125 0.3109375000000001 0.509375 0.3109375000000001
4 0.459375 0.26250000000000007 0.415625 0.26250000000000007 0.415625 0.33281250000000007 0.459375 0.33281250000000007
4 0.4375 0.20781250000000004 0.3609375 0.2078125 0.3609375 0.39843750000000006 0.4375 0.3984375000000001
4 0.4 0.10937500000000004 0.353125 0.10937500000000004 0.353125 0.20781250000000004 0.4 0.2078125000000001
4 0.44375 5.013397834009478e-17 0.375 4.592425496802575e-17 0.375 0.15312500000000004 0.44375 0.15312500000000004
4 0.48125 0.02812500000000005 0.4046875 0.028125000000000046 0.4046875 0.20312500000000008 0.48125 0.20312500000000008
4 0.571875 6.247612186275169e-17 0.4484375 5.4917754899264124e-17 0.4484375 0.07656250000000006 0.571875 0.07656250000000006
4 0.3421875000000001 0.525 0.30156250000000007 0.525 0.30156250000000007 0.590625 0.3421875000000001 0.590625
4 0.3203125000000001 0.5140625 0.2875000000000001 0.5140625 0.2875000000000001 0.5515625 0.3203125000000001 0.5515625
4 0.3203125000000001 0.5953125 0.2687500000000001 0.5953125 0.2687500000000001 0.65 0.3203125000000001 0.65
4 0.35 0.18125000000000005 0.2625 0.18125000000000005 0.2625 0.35625 0.35 0.35625