4 0.39531250000000007 0.5296875 0.2500000000000001 0.5296875 0.2500000000000001 0.7921875 0.39531250000000007 0.7921875
4 0.6890625000000001 0.6234375 0.6203125 0.6234375 0.6203125 0.7546875 0.6890625000000001 0.7546875
4 0.859375 0.5359375000000002 0.7578125 0.5359375000000002 0.7578125 0.6781250000000002 0.859375 0.6781250000000002
4 0.890625 0.4421875000000002 0.81875 0.4421875000000002 0.81875 0.5625000000000002 0.890625 0.5625000000000002
4 0.7609375 0.4593750000000001 0.6671875 0.459375 0.6671875 0.6453125000000001 0.7609375 0.6453125000000002
4 0.6703125 0.475 0.54375 0.475 0.54375 0.65 0.6703125 0.65
4 0.5765625 0.3609375000000001 0.4921875 0.3609375000000001 0.4921875 0.5078125 0.5765625 0.5078125
4 0.6703125 0.3437500000000001 0.5765625 0.3437500000000001 0.5765625 0.525 0.6703125 0.525
4 0.81875 0.2515625000000001 0.678125 0.2515625000000001 0.678125 0.4531250000000001 0.81875 0.45312500000000017
4 0.703125 0.3765625000000001 0.6515625 0.3765625000000001 0.6515625 0.4703125 0.703125 0.4703125
4 0.8734375 0.2578125000000001 0.79375 0.2578125000000001 0.79375 0.42187500000000017 0.8734375 0.42187500000000017
4 0.884375 0.1468750000000001 0.7890625 0.1468750000000001 0.7890625 0.2734375000000001 0.884375 0.2734375000000001
4 0.6921875 0.21250000000000008 0.590625 0.21250000000000008 0.590625 0.3609375000000001 0.6921875 0.3609375000000001
4 0.6125 0.2015625000000001 0.496875 0.2015625000000001 0.496875 0.3828125000000001 0.6125 0.3828125000000001
4 0.5359375 0.12031250000000004 0.45625 0.12031250000000004 0.45625 0.2890625000000001 0.5359375 0.2890625000000001
4 0.6421875 0.060937500000000075 0.5375 0.06093750000000007 0.5375 0.23593750000000008 0.6421875 0.23593750000000008
4 0.796875 0.10312500000000009 0.6703125 0.10312500000000009 0.6703125 0.2843750000000001 0.796875 0.2843750000000001