4 0.9953125 0.8765625 0.6937500000000002 0.8765625 0.6937500000000002 0.996875 0.9953125 0.996875
4 0.9953125 0.6734375000000001 0.765625 0.6734375000000001 0.7656250000000001 0.9453125 0.9953125 0.9453125
4 0.7375000000000002 0.8 0.11562500000000009 0.8 0.11562500000000012 0.996875 0.7375000000000002 0.996875
4 0.2578125000000001 0.8140625 0.0062500000000001 0.8140625 0.006250000000000111 0.996875 0.2578125000000001 0.996875
4 0.14687500000000012 0.6640625 8.132420150587893e-17 0.6640625 9.672796202640423e-17 0.915625 0.14687500000000014 0.915625
4 0.38750000000000007 0.6625 0.04375000000000008 0.6625 0.04375000000000008 0.75 0.38750000000000007 0.75
4 0.3343750000000001 0.665625 0.1921875000000001 0.665625 0.1921875000000001 0.8140625 0.3343750000000001 0.8140625
4 0.803125 0.6406250000000001 0.4640625 0.640625 0.4640625000000001 0.7890625000000001 0.803125 0.7890625000000002
4 0.86875 0.534375 0.5734375 0.534375 0.5734375 0.6734375000000001 0.86875 0.6734375000000001
4 0.7656250000000001 0.6578125000000001 0.33281250000000007 0.6578125 0.33281250000000007 0.90625 0.7656250000000002 0.90625
4 0.9953125 0.2328125000000001 0.853125 0.2328125000000001 0.853125 0.4984375000000002 0.9953125 0.4984375000000002
4 0.9953125 0.47968750000000016 0.8859375 0.47968750000000016 0.8859375 0.5781250000000002 0.9953125 0.5781250000000002
4 0.83125 0.4843750000000001 0.65 0.484375 0.65 0.6000000000000001 0.83125 0.6000000000000002
4 0.9671875 0.4937500000000002 0.809375 0.4937500000000002 0.809375 0.6218750000000002 0.9671875 0.6218750000000002
4 0.825 0.15000000000000008 0.6390625 0.15000000000000008 0.6390625 0.3281250000000001 0.825 0.3281250000000001
4 0.9296875 0.0843750000000001 0.6671875 0.08437500000000009 0.6671875 0.2406250000000001 0.9296875 0.2406250000000001
4 0.9953125 0.05468750000000011 0.9078125 0.05468750000000011 0.9078125 0.14531250000000012 0.9953125 0.14531250000000012
4 0.9953125 0.14531250000000012 0.8203125 0.1453125000000001 0.8203125 0.24375000000000008 0.9953125 0.24375000000000008
4 0.6015625 0.2296875000000001 0.4703125 0.2296875000000001 0.4703125 0.3312500000000001 0.6015625 0.3312500000000001
4 0.69375 0.17187500000000008 0.5578125 0.17187500000000008 0.5578125 0.27031250000000007 0.69375 0.27031250000000007
4 0.9078125 0.0578125000000001 0.65625 0.057812500000000086 0.65625 0.18593750000000012 0.9078125 0.18593750000000014
4 0.9296875 0.029687500000000106 0.846875 0.0296875000000001 0.846875 0.0875000000000001 0.9296875 0.0875000000000001
4 0.8421875 9.711066415113777e-17 0.74375 9.10831056865844e-17 0.74375 0.0734375000000001 0.8421875 0.07343750000000011
4 0.765625 0.007812500000000087 0.6671875 0.00781250000000008 0.6671875 0.06250000000000008 0.765625 0.06250000000000008
4 0.74375 8.103717491232877e-17 0.5796875 7.099124413807313e-17 0.5796875 0.04062500000000008 0.74375 0.04062500000000009
4 0.7 0.021875000000000068 0.3984375 0.02187500000000005 0.3984375 0.14218750000000008 0.7 0.14218750000000008
4 0.465625 0.0031250000000000487 0.3234375 0.00312500000000004 0.3234375 0.08750000000000005 0.465625 0.08750000000000006
4 0.5734375 5.683126552293186e-17 0.3546875 4.343669115725768e-17 0.3546875 0.10468750000000007 0.5734375 0.10468750000000009
4 0.4328125 0.07343750000000003 0.26875 0.07343750000000002 0.26875 0.29531250000000003 0.4328125 0.2953125000000001
4 0.2625 0.04687500000000002 0.125 0.046875000000000014 0.12500000000000003 0.240625 0.2625 0.240625
4 0.3484375 3.032914338513367e-17 0.146875 1.798699986247675e-17 0.146875 0.11562500000000002 0.3484375 0.11562500000000005
4 0.16875 1.0332957367805793e-17 0 0 6.888638245203862e-18 0.1125 0.16875 0.1125
4 0.15781250000000002 0.07187500000000001 8.802148868871602e-18 0.071875 1.9709159423777717e-17 0.25 0.15781250000000005 0.25
4 0.09843750000000004 0.2609375 0.004687500000000032 0.2609375 0.0046875000000000345 0.309375 0.09843750000000004 0.309375
4 0.11406250000000004 0.271875 3.329508485181867e-17 0.271875 4.1810207127140106e-17 0.4109375 0.11406250000000004 0.4109375
4 0.2453125 0.2359375 0.09843750000000002 0.2359375 0.09843750000000004 0.3125 0.2453125 0.3125
4 0.415625 0.28750000000000003 0.17968750000000006 0.2875 0.17968750000000006 0.37031250000000004 0.415625 0.3703125000000001
4 0.540625 0.3453125 0.3390625 0.3453125 0.33906250000000004 0.4875 0.540625 0.4875
4 0.35625000000000007 0.353125 0.15937500000000004 0.353125 0.15937500000000004 0.4875 0.35625000000000007 0.4875
4 0.23437500000000008 0.4359375 5.338694640032993e-17 0.4359375 5.960585592725007e-17 0.5375 0.23437500000000008 0.5375
4 0.2734375000000001 0.509375 0.02187500000000006 0.509375 0.02187500000000007 0.6609375 0.2734375000000001 0.6609375
4 0.33281250000000007 0.4984375 0.18593750000000003 0.4984375 0.18593750000000006 0.603125 0.33281250000000007 0.603125
4 0.51875 0.490625 0.31718750000000007 0.490625 0.31718750000000007 0.6546875 0.51875 0.6546875
4 0.6390625 0.465625 0.475 0.465625 0.475 0.575 0.6390625 0.575
4 0.875 0.3593750000000001 0.5515625 0.3593750000000001 0.5515625 0.5203125000000001 0.875 0.5203125000000002
4 0.7375 0.3062500000000001 0.5796875 0.3062500000000001 0.5796875 0.3781250000000001 0.7375 0.3781250000000001
4 0.7875 0.3343750000000001 0.6453125 0.3343750000000001 0.6453125 0.45781250000000007 0.7875 0.4578125000000002
4 0.9953125 6.09453133638175e-17 0 0 6.104098889500089e-17 0.996875 0.9953125 0.996875