4 0.9 0.6609375000000001 0.484375 0.6609375 0.4843750000000001 0.99375 0.9 0.99375
4 0.996875 1.0428632898989181e-16 0.70625 8.649068018978182e-17 0.70625 0.8515625 0.996875 0.8515625
4 0.996875 0.8453125 0.85625 0.8453125 0.85625 0.99375 0.996875 0.99375
4 0.996875 1.1758522782438259e-16 0.9234375 1.130884778587634e-16 0.9234375 0.17187500000000014 0.996875 0.17187500000000014
4 0.8765625 0.4406250000000001 0.6546875 0.440625 0.6546875000000001 0.9046875 0.8765625 0.9046875
4 0.7359375 0.1312500000000001 0.6359375 0.1312500000000001 0.6359375 0.45781250000000007 0.7359375 0.4578125000000002
4 0.759375 6.984313776387249e-17 0.38125 4.6689659217492845e-17 0.38125 0.2375000000000001 0.759375 0.2375000000000001
4 0.4546875 0.025000000000000043 0.2875 0.025000000000000033 0.28750000000000003 0.36406250000000007 0.4546875 0.36406250000000007
4 0.6859375000000001 0.16093750000000007 0.3140625 0.16093750000000004 0.3140625 0.99375 0.6859375000000002 0.99375
4 0.3437500000000001 0.63125 0.04375000000000008 0.63125 0.0437500000000001 0.99375 0.3437500000000001 0.99375
4 0.33125000000000004 2.028321261087804e-17 0 0 4.008804756583914e-17 0.6546875 0.3312500000000001 0.6546875
4 0.3421875 0.006250000000000033 0.2046875 0.006250000000000025 0.2046875 0.19062500000000004 0.3421875 0.19062500000000004
4 0.41875 0.32812500000000006 0.2609375 0.328125 0.26093750000000004 0.6546875 0.41875 0.6546875
4 0.0640625000000001 0.6484375 7.941069088221118e-17 0.6484375 1.005549832737397e-16 0.99375 0.0640625000000001 0.99375