4 0.6468750000000001 0.6546875 0.3781250000000001 0.6546875 0.3781250000000001 0.99375 0.6468750000000002 0.99375
4 0.9453125 0.1421875000000001 0.6609375 0.14218750000000008 0.6609375000000001 0.99375 0.9453125 0.99375
4 0.78125 0.08125000000000007 0.5546875 0.08125000000000007 0.5546875 0.4640625000000001 0.78125 0.46406250000000016
4 0.7781250000000001 0.07968750000000008 0.5515625 0.07968750000000006 0.5515625000000001 0.8765625 0.7781250000000002 0.8765625
4 0.5734375 0.18593750000000006 0.3203125 0.18593750000000003 0.32031250000000006 0.58125 0.5734375 0.58125
4 0.5640625000000001 0.17968750000000006 0.3203125 0.17968750000000006 0.32031250000000006 0.815625 0.5640625000000001 0.815625
4 0.5546875 5.922315380251653e-17 0.4125 5.051668046482832e-17 0.4125 0.2531250000000001 0.5546875 0.2531250000000001
4 0.38125000000000003 0.07968750000000004 0.1609375 0.07968750000000002 0.1609375 0.4140625 0.3812500000000001 0.4140625
4 0.37500000000000006 0.08750000000000004 0.1640625 0.08750000000000002 0.16406250000000006 0.56875 0.3750000000000001 0.56875
4 0.3750000000000001 0.50625 0.12187500000000004 0.50625 0.1218750000000001 0.99375 0.3750000000000001 0.99375
4 0.2312500000000001 0.3765625 0.08593750000000004 0.3765625 0.08593750000000008 0.95 0.2312500000000001 0.95