4 0.996875 0.6171875000000001 0.6984375 0.6171875 0.6984375 0.99375 0.996875 0.99375
4 0.721875 0.5203125 0.4140625 0.5203125 0.4140625000000001 0.99375 0.7218750000000002 0.99375
4 0.4593750000000001 0.5 0.17187500000000006 0.5 0.17187500000000008 0.99375 0.4593750000000002 0.99375
4 0.22031250000000008 0.5609375 6.869503138967185e-17 0.5609375 9.510147799628666e-17 0.9921875 0.22031250000000008 0.9921875
4 0.35156250000000006 0.11562500000000002 0.003125000000000014 0.115625 0.003125000000000042 0.56875 0.3515625000000001 0.56875
4 0.6421875 0.15781250000000008 0.340625 0.15781250000000005 0.34062500000000007 0.5953125 0.6421875 0.5953125
4 0.99375 0.3359375000000001 0.66875 0.3359375000000001 0.66875 0.6296875000000001 0.99375 0.6296875000000002
4 0.996875 9.978957902427261e-17 0.6328125 7.749718025854345e-17 0.6328125 0.5953125000000001 0.996875 0.5953125000000001
4 0.63125 6.821665373375491e-17 0.4828125 5.912747827133314e-17 0.4828125 0.17187500000000006 0.63125 0.17187500000000008
4 0.4828125 2.956373913566657e-17 0 0 2.516266470123077e-17 0.4109375 0.4828125 0.4109375
4 0.996875 6.104098889500089e-17 0 0 6.084963783263412e-17 0.99375 0.996875 0.99375