4 0.9609375 0.534375 0.58125 0.534375 0.58125 0.99375 0.9609375 0.99375
4 0.996875 0.2640625000000001 0.80625 0.2640625000000001 0.80625 0.99375 0.996875 0.99375
4 0.6390625000000002 0.840625 0.46093750000000017 0.840625 0.46093750000000017 0.99375 0.6390625000000002 0.99375
4 0.4515625000000001 0.503125 0.19062500000000004 0.503125 0.1906250000000001 0.99375 0.4515625000000002 0.99375
4 0.6453125000000001 0.25781250000000006 0.29375 0.2578125 0.29375000000000007 0.95625 0.6453125000000002 0.95625
4 0.840625 8.065447278759521e-17 0.4765625 5.836207402186604e-17 0.4765625 0.7171875000000001 0.840625 0.7171875000000002
4 0.996875 1.0275552049095762e-16 0.68125 8.342906319191344e-17 0.68125 0.4484375000000001 0.996875 0.44843750000000016
4 0.2968750000000001 0.65 7.960204194457795e-17 0.65 1.0065065880492308e-16 0.99375 0.2968750000000001 0.99375
4 0.29687500000000006 0.006250000000000018 7.654042494670958e-19 0.00625 4.353236668844107e-17 0.7046875 0.2968750000000001 0.7046875
4 0.11562500000000006 0.3796875 4.649830815512607e-17 0.3796875 7.692312707144313e-17 0.8765625 0.11562500000000009 0.8765625
4 0.490625 3.89399411916385e-17 0.1453125 1.7795648800109975e-17 0.1453125 0.459375 0.490625 0.459375
4 0.6734375 6.668584523482072e-17 0.415625 5.089938258956187e-17 0.415625 0.2140625000000001 0.6734375 0.2140625000000001