4 0.84375 0.48125000000000007 0.2078125000000001 0.48125 0.2078125000000001 0.7156250000000001 0.84375 0.7156250000000002
4 0.996875 0.4640625000000001 0.6875 0.4640625 0.6875 0.6671875 0.996875 0.6671875000000002
4 0.996875 0.4593750000000001 0.21093750000000008 0.459375 0.21093750000000008 0.7484375000000001 0.996875 0.7484375000000002
4 0.996875 0.6781250000000001 0.5390625 0.678125 0.5390625000000001 0.7656250000000001 0.996875 0.7656250000000002
4 0.996875 0.721875 0.3890625000000001 0.721875 0.3890625000000001 0.9296875 0.996875 0.9296875
4 0.996875 0.05937500000000011 0.9703125 0.05937500000000011 0.9703125 0.5031250000000002 0.996875 0.5031250000000002
4 0.975 0.03281250000000012 0.9015625 0.03281250000000011 0.9015625 0.49218750000000017 0.975 0.49218750000000017
4 0.9046875 0.07031250000000011 0.865625 0.07031250000000011 0.865625 0.4812500000000002 0.9046875 0.4812500000000002
4 0.86875 0.0593750000000001 0.775 0.05937500000000009 0.775 0.4703125000000002 0.86875 0.4703125000000002
4 0.775 0.05937500000000009 0.7265625 0.05937500000000009 0.7265625 0.4593750000000002 0.775 0.4593750000000002
4 0.73125 0.06093750000000009 0.6875 0.06093750000000009 0.6875 0.46562500000000007 0.73125 0.4656250000000002
4 0.684375 0.05937500000000008 0.6296875 0.05937500000000007 0.6296875 0.48125 0.684375 0.48125
4 0.6328125 0.06562500000000007 0.578125 0.06562500000000007 0.578125 0.475 0.6328125 0.475
4 0.575 0.05937500000000007 0.50625 0.05937500000000007 0.50625 0.48125 0.575 0.48125
4 0.509375 0.060937500000000054 0.44375 0.06093750000000005 0.44375 0.509375 0.509375 0.509375
4 0.4515625 0.059375000000000046 0.3828125 0.059375000000000046 0.38281250000000006 0.525 0.4515625 0.525
4 0.38593750000000004 0.06093750000000005 0.33125 0.06093750000000005 0.33125000000000004 0.5421875 0.3859375000000001 0.5421875
4 0.3375 0.054687500000000035 0.2328125 0.05468750000000002 0.23281250000000003 0.6453125 0.3375000000000001 0.6453125
4 0.24687500000000004 0.03281250000000003 0.1890625 0.03281250000000002 0.18906250000000005 0.65625 0.2468750000000001 0.65625
4 0.18906250000000005 0.06093750000000002 0.115625 0.06093750000000002 0.11562500000000005 0.65 0.18906250000000008 0.65
4 0.13125000000000003 0.054687500000000014 0.03593750000000001 0.0546875 0.035937500000000046 0.65 0.1312500000000001 0.65
4 0.04687500000000004 0.0546875 6.6972871828370884e-18 0.0546875 4.343669115725768e-17 0.6546875 0.046875000000000076 0.6546875