4 0.9640625 0.5953125000000001 0.4984375 0.5953125 0.4984375000000001 0.9953125 0.9640625 0.9953125
4 0.996875 0.7218750000000002 0.9234375 0.7218750000000002 0.9234375 0.9953125 0.996875 0.9953125
4 0.996875 0.6015625000000002 0.9125 0.6015625000000002 0.9125 0.7546875000000002 0.996875 0.7546875000000002
4 0.996875 0.4312500000000002 0.8953125 0.4312500000000002 0.8953125 0.6125000000000002 0.996875 0.6125000000000002
4 0.996875 0.35625000000000007 0.8796875 0.35625000000000007 0.8796875 0.5859375000000002 0.996875 0.5859375000000002
4 0.996875 0.1968750000000001 0.8765625 0.19687500000000008 0.8765625 0.4046875000000002 0.996875 0.4046875000000002
4 0.996875 0.11406250000000011 0.8578125 0.1140625000000001 0.8578125 0.2843750000000001 0.996875 0.2843750000000001
4 0.9953125 1.1194037148456274e-16 0.8328125 1.019901162414905e-16 0.8328125 0.3109375000000001 0.9953125 0.3109375000000001
4 0.9953125 1.0859172789314422e-16 0.778125 9.529282905865343e-17 0.778125 0.27812500000000007 0.9953125 0.27812500000000007
4 0.871875 0.503125 0.4765625 0.503125 0.4765625 0.6890625000000001 0.871875 0.6890625000000001
4 0.8546875 0.3890625000000001 0.4765625 0.3890625000000001 0.4765625 0.5531250000000001 0.8546875 0.5531250000000002
4 0.7859375 0.2843750000000001 0.4734375 0.2843750000000001 0.4734375 0.4312500000000001 0.7859375 0.4312500000000002
4 0.825 0.17031250000000006 0.4546875 0.17031250000000003 0.4546875 0.4546875000000001 0.825 0.4546875000000002
4 0.7859375 0.08125000000000007 0.4546875 0.08125000000000007 0.4546875 0.19687500000000008 0.7859375 0.19687500000000008
4 0.778125 7.500961644777538e-17 0.446875 5.472640383689735e-17 0.446875 0.09843750000000007 0.778125 0.0984375000000001
4 0.5015625000000001 0.6125 0.014062500000000078 0.6125 0.014062500000000097 0.9515625 0.5015625000000001 0.9515625
4 0.4984375000000002 0.8421875 1.0313822261569115e-16 0.8421875 1.1251442467166307e-16 0.9953125 0.4984375000000002 0.9953125
4 0.4734375 0.51875 0.05156250000000007 0.51875 0.05156250000000008 0.6671875 0.4734375 0.6671875
4 0.4578125 0.453125 0.057812500000000044 0.453125 0.05781250000000006 0.5359375 0.4578125 0.5359375
4 0.4609375 0.3765625 0.06562500000000004 0.3765625 0.06562500000000006 0.48125 0.4609375 0.48125
4 0.465625 0.31093750000000003 0.06562500000000004 0.3109375 0.06562500000000004 0.4484375 0.465625 0.4484375
4 0.4578125 0.24687500000000004 0.06875000000000002 0.246875 0.06875000000000003 0.36718750000000006 0.4578125 0.3671875000000001
4 0.44375 0.20781250000000004 0.07187500000000002 0.2078125 0.07187500000000004 0.321875 0.44375 0.3218750000000001
4 0.446875 0.16406250000000003 0.09531250000000002 0.1640625 0.09531250000000002 0.2515625 0.446875 0.2515625000000001
4 0.45 0.10937500000000003 0.09843750000000002 0.109375 0.09843750000000002 0.21875000000000006 0.45 0.21875000000000008
4 0.44375 0.054687500000000035 0.115625 0.05468750000000002 0.115625 0.12031250000000002 0.44375 0.12031250000000004
4 0.44375 3.3390760383002056e-17 0.1015625 1.2437819053840305e-17 0.1015625 0.13593750000000002 0.44375 0.13593750000000004
4 0.05156250000000009 0.60625 7.424421219830829e-17 0.60625 8.897824400054988e-17 0.846875 0.05156250000000011 0.846875
4 0.05781250000000006 0.3875 4.7455063466959936e-17 0.3875 6.151936655091782e-17 0.6171875 0.057812500000000065 0.6171875
4 0.09843750000000004 0.1140625 1.3968627552774498e-17 0.1140625 3.1094547634600764e-17 0.39375 0.09843750000000004 0.39375
4 0.109375 6.6972871828370884e-18 0 0 6.984313776387249e-18 0.1140625 0.109375 0.1140625
4 0.996875 6.104098889500089e-17 0 0 6.09453133638175e-17 0.9953125 0.996875 0.9953125