4 0.984375 0.503125 0.4640625 0.503125 0.4640625000000001 0.9953125 0.984375 0.9953125
4 0.4671875000000001 0.4828125 5.912747827133314e-17 0.4828125 8.802148868871601e-17 0.9546875 0.4671875000000002 0.9546875
4 0.9265625 0.2718750000000001 0.490625 0.2718750000000001 0.490625 0.5328125000000001 0.9265625 0.5328125000000001
4 0.5359375 0.4609375 0.425 0.4609375 0.425 0.6 0.5359375 0.6
4 0.490625 0.35468750000000004 0.08437500000000005 0.3546875 0.08437500000000006 0.4984375 0.490625 0.4984375
4 0.490625 0.22656250000000006 0.10781250000000005 0.2265625 0.10781250000000005 0.35468750000000004 0.490625 0.3546875000000001
4 0.8890625 0.17968750000000006 0.4953125 0.17968750000000006 0.4953125 0.2875000000000001 0.8890625 0.2875000000000001
4 0.8765625 0.07656250000000009 0.49375 0.07656250000000006 0.49375 0.18437500000000007 0.8765625 0.1843750000000001
4 0.8578125 8.275933447362974e-17 0.49375 6.046693570790056e-17 0.49375 0.0828125000000001 0.8578125 0.08281250000000011
4 0.490625 0.12343750000000002 0.134375 0.1234375 0.13437500000000002 0.22500000000000003 0.490625 0.2250000000000001
4 0.490625 0.00625000000000004 0.165625 0.006250000000000019 0.165625 0.11875000000000002 0.490625 0.11875000000000005