4 0.6921875 0.51875 0.18125000000000005 0.51875 0.18125000000000008 0.590625 0.6921875 0.590625
4 0.7796875 0.5718750000000001 0.2375000000000001 0.571875 0.2375000000000001 0.6312500000000001 0.7796875 0.6312500000000002
4 0.6953125 0.621875 0.17187500000000008 0.621875 0.17187500000000008 0.6796875 0.6953125 0.6796875
4 0.6828125 0.6765625 0.08437500000000009 0.6765625 0.08437500000000009 0.74375 0.6828125000000002 0.74375
4 0.5546875000000002 0.734375 0.1765625000000001 0.734375 0.1765625000000001 0.815625 0.5546875000000002 0.815625
4 0.6125000000000002 0.79375 0.17968750000000008 0.79375 0.17968750000000008 0.8609375 0.6125000000000002 0.8609375
4 0.6171875000000002 0.8390625 0.1765625000000001 0.8390625 0.17656250000000012 0.9109375 0.6171875000000002 0.9109375
4 0.6171875000000002 0.865625 0.1843750000000001 0.865625 0.18437500000000012 0.946875 0.6171875000000002 0.946875
4 0.5640625000000001 0.91875 0.18437500000000012 0.91875 0.18437500000000012 0.96875 0.5640625000000001 0.96875
4 0.5593750000000002 0.9421875 0.17187500000000014 0.9421875 0.17187500000000014 0.9953125 0.5593750000000002 0.9953125
4 0.94375 0.35625000000000007 0.035937500000000046 0.35625 0.03593750000000005 0.5718750000000001 0.94375 0.5718750000000001