4 0.98125 1.0476470664580872e-16 0.7296875 8.936094612528342e-17 0.7296875 0.1265625000000001 0.98125 0.12656250000000013
4 0.990625 0.10468750000000011 0.74375 0.10468750000000009 0.74375 0.3062500000000001 0.990625 0.3062500000000001
4 0.98125 0.26250000000000007 0.759375 0.26250000000000007 0.759375 0.45625000000000016 0.98125 0.45625000000000016
4 0.9765625 0.41718750000000016 0.7671875 0.41718750000000016 0.7671875 0.6421875000000001 0.9765625 0.6421875000000001
4 0.98125 0.5750000000000002 0.76875 0.5750000000000002 0.76875 0.84375 0.98125 0.84375
4 0.7484375000000001 0.26875000000000004 0.018750000000000034 0.26875 0.018750000000000072 0.9109375 0.7484375000000002 0.9109375
4 0.7734375 5.95101803960667e-17 0.1984375 2.430158492058029e-17 0.19843750000000004 0.6187500000000001 0.7734375 0.6187500000000001
4 0.09062500000000001 5.549180808636445e-18 0 0 1.4638356271058207e-17 0.2390625 0.09062500000000002 0.2390625
4 0.07187500000000005 0.2234375 2.7363201918448673e-17 0.2234375 4.2958313501340745e-17 0.478125 0.07187500000000006 0.478125
4 0.07656250000000006 0.4484375 5.4917754899264124e-17 0.4484375 7.175664838754022e-17 0.7234375 0.07656250000000009 0.7234375
4 0.07968750000000009 0.634375 7.768853132091022e-17 0.634375 9.596255777693713e-17 0.9328125 0.0796875000000001 0.9328125
4 0.996875 0.6578125000000001 0.0906250000000001 0.6578125 0.0906250000000001 0.99375 0.996875 0.99375
4 0.4609375 0.051562500000000046 0.2390625 0.051562500000000025 0.23906250000000004 0.4109375 0.4609375 0.4109375
4 0.7453125 7.539231857250894e-17 0.4859375 5.95101803960667e-17 0.4859375 0.4484375000000001 0.7453125 0.44843750000000016
4 0.478125 0.11250000000000004 0.190625 0.11250000000000004 0.19062500000000002 0.35781250000000003 0.478125 0.3578125000000001