4 0.996875 0.3203125000000001 0.6171875 0.3203125000000001 0.6171875000000001 0.99375 0.996875 0.99375
4 0.7140625 0.43125 0.2328125000000001 0.43125 0.2328125000000001 0.9953125 0.7140625000000002 0.9953125
4 0.2484375000000001 0.5625 6.888638245203862e-17 0.5625 9.529282905865343e-17 0.99375 0.2484375000000001 0.99375
4 0.515625 0.07031250000000003 0.08125 0.0703125 0.08125000000000003 0.5640625 0.515625 0.5640625
4 0.8734375 0.07031250000000008 0.446875 0.07031250000000004 0.446875 0.5234375000000001 0.8734375 0.5234375000000002
4 0.996875 0.012500000000000113 0.8734375 0.012500000000000105 0.8734375 0.4125000000000002 0.996875 0.4125000000000002
4 0.996875 1.1222739807811292e-16 0.8359375 1.0237281836622405e-16 0.8359375 0.1515625000000001 0.996875 0.15156250000000013
4 0.85 9.337931843498567e-17 0.675 8.266365894244634e-17 0.675 0.13437500000000008 0.85 0.13437500000000008
4 0.6765625 5.922315380251653e-17 0.290625 3.559129760021995e-17 0.290625 0.16875000000000007 0.6765625 0.1687500000000001
4 0.296875 0.006250000000000019 0.028125 0.006250000000000003 0.028125000000000018 0.3078125 0.296875 0.3078125
4 0.22187500000000004 1.3585925428040953e-17 0 0 3.4921568881936244e-17 0.5703125 0.2218750000000001 0.5703125
4 0.996875 6.104098889500089e-17 0 0 6.084963783263412e-17 0.99375 0.996875 0.99375