4 0.9953125 0.8296875 0.5843750000000002 0.8296875 0.5843750000000002 0.996875 0.9953125 0.996875
4 0.9953125 0.6656250000000001 0.7875 0.6656250000000001 0.7875000000000001 0.8609375 0.9953125 0.8609375
4 0.9953125 0.4515625000000001 0.678125 0.4515625 0.678125 0.7171875000000001 0.9953125 0.7171875000000002
4 0.9953125 0.1421875000000001 0.671875 0.14218750000000008 0.671875 0.3781250000000001 0.9953125 0.3781250000000001
4 0.99375 1.1433225976414744e-16 0.8734375 1.0696524386302664e-16 0.8734375 0.11562500000000012 0.99375 0.11562500000000013
4 0.8140625 7.759285578972683e-17 0.453125 5.5491808086364444e-17 0.453125 0.12031250000000007 0.8140625 0.12031250000000009
4 0.628125 0.12343750000000006 0.196875 0.12343750000000005 0.19687500000000002 0.403125 0.628125 0.403125
4 0.7 0.37031250000000004 0.3546875000000001 0.3703125 0.3546875000000001 0.6 0.7 0.6
4 0.6609375 0.553125 0.43125 0.553125 0.43125 0.709375 0.6609375 0.709375
4 0.5578125 0.5640625 0.1750000000000001 0.5640625 0.1750000000000001 0.8109375 0.5578125000000002 0.8109375
4 0.5312500000000002 0.753125 0.11562500000000009 0.753125 0.11562500000000012 0.996875 0.5312500000000002 0.996875
4 0.1578125000000001 0.740625 9.070040356185083e-17 0.740625 1.0524308430172568e-16 0.978125 0.15781250000000013 0.978125
4 0.25625000000000003 0.340625 4.171453159595672e-17 0.340625 5.663991446056509e-17 0.584375 0.2562500000000001 0.584375
4 0.16875 0.0031250000000000106 3.827021247335479e-19 0.003125 1.7508622206559815e-17 0.2828125 0.16875000000000004 0.2828125