4 0.846875 0.08125000000000007 0.284375 0.08125000000000004 0.284375 0.18750000000000006 0.846875 0.18750000000000008
4 0.8640625 0.15625000000000006 0.275 0.15625000000000006 0.275 0.25000000000000006 0.8640625 0.2500000000000001
4 0.8234375 0.20312500000000006 0.2546875 0.203125 0.2546875 0.32500000000000007 0.8234375 0.32500000000000007
4 0.7859375 0.27812500000000007 0.2640625 0.278125 0.26406250000000003 0.4062500000000001 0.7859375 0.40625000000000017
4 0.821875 0.34843750000000007 0.2484375 0.3484375 0.24843750000000003 0.4609375000000001 0.821875 0.46093750000000017
4 0.796875 0.4218750000000001 0.19843750000000004 0.421875 0.19843750000000004 0.5281250000000001 0.796875 0.5281250000000002
4 0.8171875 0.49687500000000007 0.22812500000000008 0.496875 0.22812500000000008 0.6062500000000001 0.8171875 0.6062500000000002
4 0.8078125 0.5734375 0.1984375000000001 0.5734375 0.1984375000000001 0.6640625000000001 0.8078125 0.6640625000000002
4 0.7921875 0.6406250000000001 0.21250000000000008 0.640625 0.21250000000000008 0.7500000000000001 0.7921875000000002 0.7500000000000002
4 0.8171875 0.7187500000000001 0.21250000000000008 0.71875 0.21250000000000008 0.8359375 0.8171875 0.8359375
4 0.7968750000000002 0.7656250000000001 0.17343750000000008 0.765625 0.17343750000000008 0.89375 0.7968750000000002 0.89375
4 0.8125 0.825 0.20312500000000008 0.825 0.20312500000000008 0.9578125 0.8125 0.9578125