4 0.9953125 0.1968750000000001 0.8109375 0.19687500000000008 0.8109375 0.6656250000000001 0.9953125 0.6656250000000001
4 0.81875 0.22656250000000008 0.5484375 0.22656250000000008 0.5484375 0.70625 0.81875 0.7062500000000002
4 0.5718750000000001 0.23125000000000004 0.2859375 0.23125 0.28593750000000007 0.7375 0.5718750000000001 0.7375
4 0.30156250000000007 0.253125 3.099887210341738e-17 0.253125 6.38155792993191e-17 0.7890625 0.30156250000000007 0.7890625
4 0.4640625 0.09843750000000004 0.19375 0.09843750000000002 0.19375000000000003 0.30937500000000007 0.4640625 0.30937500000000007
4 0.703125 0.09375000000000007 0.4515625 0.09375000000000004 0.4515625 0.3203125000000001 0.703125 0.3203125000000001
4 0.921875 0.0718750000000001 0.6875 0.07187500000000009 0.6875 0.2843750000000001 0.921875 0.2843750000000001
4 0.996875 0.05156250000000011 0.9109375 0.05156250000000011 0.9109375 0.2062500000000001 0.996875 0.2062500000000001
4 0.2078125 0.10156250000000003 1.2437819053840305e-17 0.1015625 2.3536180671113197e-17 0.2828125 0.2078125 0.2828125
4 0.3828125 3.243400507116819e-17 0.146875 1.798699986247675e-17 0.146875 0.10312500000000002 0.3828125 0.10312500000000005
4 0.5984375 5.931882933369991e-17 0.3703125 4.5350201780925416e-17 0.3703125 0.10312500000000006 0.5984375 0.10312500000000009
4 0.803125 8.51512227532144e-17 0.5875 7.1947999449907e-17 0.5875 0.10312500000000009 0.803125 0.10312500000000009
4 0.996875 1.1021821192326179e-16 0.803125 9.83544460565218e-17 0.803125 0.0875000000000001 0.996875 0.0875000000000001
4 0.1421875 8.706473337688215e-18 0 0 7.271340369937409e-18 0.11875 0.1421875 0.11875