4 0.996875 0.3671875000000001 0.6796875 0.3671875000000001 0.6796875000000001 0.7734375000000001 0.996875 0.7734375000000002
4 0.996875 0.6625000000000002 0.771875 0.6625000000000002 0.7718750000000001 0.9953125 0.996875 0.9953125
4 0.6125000000000002 0.7984375 0.1859375000000001 0.7984375 0.18593750000000012 0.9953125 0.6125000000000002 0.9953125
4 0.7703125000000001 0.5828125000000001 0.4109375 0.5828125 0.41093750000000007 0.9953125 0.7703125000000002 0.9953125
4 0.20468750000000008 0.603125 0.11875000000000009 0.603125 0.11875000000000009 0.76875 0.20468750000000008 0.76875
4 0.4078125000000001 0.5375 0.08750000000000006 0.5375 0.08750000000000009 0.9703125 0.4078125000000002 0.9703125
4 0.17812500000000012 0.678125 8.304636106717989e-17 0.678125 1.0246849389740744e-16 0.9953125 0.17812500000000014 0.9953125
4 0.13437500000000008 0.4671875 5.72139676476654e-17 0.4671875 7.663610047789296e-17 0.784375 0.13437500000000008 0.784375
4 0.4828125 0.36250000000000004 0.2609375 0.3625 0.26093750000000004 0.61875 0.4828125 0.61875
4 0.746875 0.3515625000000001 0.5015625 0.3515625000000001 0.5015625 0.6687500000000001 0.746875 0.6687500000000002
4 0.8546875 0.11093750000000006 0.5421875 0.11093750000000005 0.5421875 0.4328125000000001 0.8546875 0.43281250000000016
4 0.996875 1.1194037148456274e-16 0.83125 1.0179876517912373e-16 0.83125 0.38750000000000007 0.996875 0.38750000000000007
4 0.5375 0.20156250000000003 0.2484375 0.2015625 0.24843750000000003 0.4875 0.5375 0.4875
4 0.32031250000000006 0.35625 0.010937500000000044 0.35625 0.01093750000000006 0.6078125 0.3203125000000001 0.6078125
4 0.27343750000000006 0.12031250000000002 1.4734031802241592e-17 0.1203125 3.2338329539984796e-17 0.4078125 0.2734375000000001 0.4078125
4 0.58125 0.11093750000000006 0.3484375 0.11093750000000005 0.3484375 0.34218750000000003 0.58125 0.3421875000000001
4 0.85 8.400311637901375e-17 0.521875 6.39112548305025e-17 0.521875 0.18593750000000006 0.85 0.1859375000000001
4 0.3875 0.010937500000000034 0.1734375 0.010937500000000022 0.17343750000000002 0.20156250000000003 0.3875 0.2015625000000001
4 0.1890625 1.1576739273189824e-17 0 0 7.941069088221119e-18 0.1296875 0.1890625 0.12968750000000004