4 0.659375 0.70625 0.1937500000000001 0.70625 0.19375000000000012 0.99375 0.6593750000000002 0.99375
4 0.996875 0.70625 0.659375 0.70625 0.659375 0.99375 0.996875 0.99375
4 0.996875 0.4687500000000001 0.63125 0.46875 0.63125 0.6984375 0.996875 0.6984375000000002
4 0.996875 0.0921875000000001 0.665625 0.09218750000000009 0.665625 0.4765625000000001 0.996875 0.47656250000000017
4 0.3375000000000001 0.3765625 4.6115606030392526e-17 0.3765625 8.381176531664698e-17 0.9921875 0.3375000000000001 0.9921875
4 0.31250000000000006 0.09062500000000002 1.1098361617272889e-17 0.090625 3.300805825826851e-17 0.4484375 0.3125000000000001 0.4484375
4 0.6140625000000001 0.08437500000000006 0.30625 0.08437500000000005 0.30625 0.7484375 0.6140625000000002 0.7484375
4 0.6 5.4535052774530576e-17 0.290625 3.559129760021995e-17 0.290625 0.14062500000000006 0.6 0.14062500000000008
4 0.975 9.672796202640423e-17 0.6046875 7.405286113594152e-17 0.6046875 0.1406250000000001 0.975 0.14062500000000014
4 0.2890625 1.769997326892659e-17 0 0 6.792962714020476e-18 0.11093750000000002 0.2890625 0.11093750000000005
1 0.996875 6.104098889500089e-17 0 0 6.084963783263412e-17 0.99375 0.996875 0.99375