4 0.8359375 0.4046875000000001 0.7234375 0.4046875 0.7234375 0.6015625000000001 0.8359375 0.6015625000000002
4 0.996875 0.3500000000000001 0.8765625 0.3500000000000001 0.8765625 0.5578125000000002 0.996875 0.5578125000000002
4 0.996875 0.6562500000000002 0.9171875 0.6562500000000002 0.9171875 0.8421875 0.996875 0.8421875
4 0.9171875 0.6015625000000002 0.75625 0.6015625000000002 0.7562500000000001 0.8359375 0.9171875 0.8359375
4 0.9703125 0.8421875 0.8546875 0.8421875 0.8546875 0.9953125 0.9703125 0.9953125
4 0.93125 0.1031250000000001 0.81875 0.10312500000000009 0.81875 0.2734375000000001 0.93125 0.2734375000000001
4 0.996875 1.1404523317059726e-16 0.865625 1.0600848855119278e-16 0.865625 0.12031250000000011 0.996875 0.12031250000000013
4 0.7484375 8.295068553599651e-17 0.60625 7.424421219830829e-17 0.60625 0.17968750000000008 0.7484375 0.17968750000000008
4 0.54375 5.663991446056509e-17 0.38125 4.6689659217492845e-17 0.38125 0.17968750000000006 0.54375 0.17968750000000006
4 0.11250000000000002 0.03281250000000001 4.018372309702252e-18 0.0328125 1.6360515832359172e-17 0.234375 0.11250000000000004 0.234375
4 0.04687500000000007 0.46875 5.740531871003217e-17 0.46875 7.013016435742265e-17 0.6765625 0.046875000000000076 0.6765625
4 0.5234375000000001 0.4375 0.3750000000000001 0.4375 0.3750000000000001 0.74375 0.5234375000000002 0.74375
4 0.821875 0.19218750000000004 0.09062500000000002 0.1921875 0.09062500000000007 0.9953125 0.821875 0.9953125