4 0.6796875000000001 0.6765625 0.60625 0.6765625 0.6062500000000001 0.775 0.6796875000000002 0.775
4 0.5531250000000001 0.6515625 0.4796875 0.6515625 0.4796875000000001 0.76875 0.5531250000000002 0.76875
4 0.9109375 0.040625000000000105 0.834375 0.0406250000000001 0.834375 0.13906250000000012 0.9109375 0.13906250000000014
4 0.9734375 0.1031250000000001 0.8921875 0.10312500000000009 0.8921875 0.18437500000000012 0.9734375 0.18437500000000012
4 0.996875 0.05625000000000011 0.946875 0.05625000000000011 0.946875 0.11250000000000013 0.996875 0.11250000000000013
4 0.996875 0.11875000000000013 0.98125 0.11875000000000013 0.98125 0.18437500000000012 0.996875 0.18437500000000012
4 0.871875 0.11250000000000009 0.7953125 0.11250000000000009 0.7953125 0.19531250000000008 0.871875 0.19531250000000008
4 0.9390625 0.3750000000000001 0.853125 0.3750000000000001 0.853125 0.49218750000000017 0.9390625 0.49218750000000017
4 0.9625 0.4781250000000002 0.8890625 0.4781250000000002 0.8890625 0.5546875000000002 0.9625 0.5546875000000002
4 0.965625 0.5546875000000002 0.8953125 0.5546875000000002 0.8953125 0.6562500000000002 0.965625 0.6562500000000002
4 0.996875 0.6312500000000002 0.934375 0.6312500000000002 0.934375 0.7390625000000002 0.996875 0.7390625000000002
4 0.93125 0.6359375000000002 0.85 0.6359375000000002 0.85 0.7281250000000001 0.93125 0.7281250000000001
4 0.86875 0.6000000000000002 0.821875 0.6000000000000002 0.821875 0.6765625000000002 0.86875 0.6765625000000002
4 0.884375 0.5343750000000002 0.8375 0.5343750000000002 0.8375 0.6265625000000001 0.884375 0.6265625000000001
4 0.996875 0.4312500000000002 0.965625 0.4312500000000002 0.965625 0.5031250000000002 0.996875 0.5031250000000002
4 0.996875 0.48750000000000016 0.965625 0.48750000000000016 0.965625 0.5390625000000002 0.996875 0.5390625000000002
4 0.996875 0.5390625000000002 0.965625 0.5390625000000002 0.965625 0.5843750000000002 0.996875 0.5843750000000002
4 0.8609375 0.5031250000000002 0.81875 0.5031250000000002 0.81875 0.5906250000000002 0.8609375 0.5906250000000002
4 0.8609375 0.4265625000000002 0.8265625 0.4265625000000002 0.8265625 0.4781250000000002 0.8609375 0.4781250000000002
4 0.996875 0.2921875000000001 0.965625 0.2921875000000001 0.965625 0.33281250000000007 0.996875 0.33281250000000007
4 0.996875 0.3281250000000001 0.9546875 0.3281250000000001 0.9546875 0.37968750000000007 0.996875 0.37968750000000007
4 0.9234375 0.2921875000000001 0.8765625 0.2921875000000001 0.8765625 0.3687500000000001 0.9234375 0.3687500000000001
4 0.953125 0.3031250000000001 0.9265625 0.3031250000000001 0.9265625 0.3593750000000001 0.953125 0.3593750000000001
4 0.98125 0.22656250000000008 0.91875 0.22656250000000008 0.91875 0.2984375000000001 0.98125 0.2984375000000001
4 0.9078125 0.2312500000000001 0.81875 0.2312500000000001 0.81875 0.2968750000000001 0.9078125 0.2968750000000001
4 0.8640625 0.3187500000000001 0.81875 0.3187500000000001 0.81875 0.3703125000000001 0.8640625 0.3703125000000001
4 0.85 0.3843750000000001 0.821875 0.3843750000000001 0.821875 0.4265625000000002 0.85 0.4265625000000002