4 0.996875 1.0686956833184325e-16 0.7484375 9.165715887368473e-17 0.7484375 0.0875000000000001 0.996875 0.0875000000000001
4 0.996875 0.04375000000000011 0.7484375 0.04375000000000009 0.7484375 0.1796875000000001 0.996875 0.17968750000000014
4 0.959375 0.1484375000000001 0.778125 0.14843750000000008 0.778125 0.23593750000000008 0.959375 0.23593750000000008
4 0.996875 0.10312500000000013 0.93125 0.10312500000000013 0.93125 0.17500000000000013 0.996875 0.17500000000000013
4 0.996875 0.19062500000000013 0.95625 0.19062500000000013 0.95625 0.21875000000000008 0.996875 0.21875000000000008
4 0.996875 0.2296875000000001 0.953125 0.2296875000000001 0.953125 0.2953125000000001 0.996875 0.2953125000000001
4 0.996875 0.30156250000000007 0.953125 0.30156250000000007 0.953125 0.35625000000000007 0.996875 0.35625000000000007
4 0.996875 0.3609375000000001 0.9484375 0.3609375000000001 0.9484375 0.4046875000000002 0.996875 0.4046875000000002
4 0.996875 0.40937500000000016 0.978125 0.40937500000000016 0.978125 0.4593750000000002 0.996875 0.4593750000000002
4 0.996875 0.4593750000000002 0.9640625 0.4593750000000002 0.9640625 0.5359375000000002 0.996875 0.5359375000000002
4 0.996875 0.5359375000000002 0.9453125 0.5359375000000002 0.9453125 0.6281250000000002 0.996875 0.6281250000000002
4 0.996875 0.6281250000000002 0.959375 0.6281250000000002 0.959375 0.6609375000000002 0.996875 0.6609375000000002
4 0.95625 0.2515625000000001 0.7390625 0.2515625000000001 0.7390625 0.3281250000000001 0.95625 0.3281250000000001
4 0.95625 0.3218750000000001 0.7203125 0.3218750000000001 0.7203125 0.4156250000000001 0.95625 0.4156250000000002
4 0.975 0.4203125000000002 0.7375 0.4203125000000002 0.7375 0.5031250000000002 0.975 0.5031250000000002
4 0.9640625 0.4968750000000002 0.753125 0.4968750000000002 0.753125 0.5953125000000001 0.9640625 0.5953125000000001
4 0.95 0.5734375000000002 0.7609375 0.5734375000000002 0.7609375 0.7109375000000002 0.95 0.7109375000000002
4 0.959375 0.6671875000000002 0.75625 0.6671875000000002 0.7562500000000001 0.7984375000000001 0.959375 0.7984375000000001
4 0.09531250000000005 0.3390625 4.152318053358994e-17 0.3390625 5.0229653871278156e-17 0.48125 0.09531250000000006 0.48125
4 0.08750000000000006 0.48125 5.893612720896637e-17 0.48125 6.697287182837088e-17 0.6125 0.08750000000000006 0.6125
4 0.07968750000000008 0.5953125 7.290475476174086e-17 0.5953125 8.161122809942908e-17 0.7375 0.07968750000000009 0.7375
4 0.0796875000000001 0.69375 8.495987169084762e-17 0.69375 9.471877587155309e-17 0.853125 0.0796875000000001 0.853125
4 0.1859375 1.138538821082305e-17 0 0 5.357829746269671e-18 0.08750000000000001 0.1859375 0.08750000000000002
4 0.18125 0.04843750000000001 5.931882933369992e-18 0.0484375 1.262917011620708e-17 0.1578125 0.18125 0.1578125
4 0.1921875 0.12500000000000003 1.5308084989341915e-17 0.125 2.0952941329161746e-17 0.2171875 0.19218750000000004 0.2171875
4 0.18906250000000005 0.19687500000000002 2.4110233858213517e-17 0.196875 2.9468063604483184e-17 0.284375 0.18906250000000005 0.284375
4 0.17812500000000003 0.26875 3.2912382727085115e-17 0.26875 3.760048375507108e-17 0.3453125 0.17812500000000003 0.3453125
4 0.19687500000000005 0.3328125 4.075777628412285e-17 0.3328125 4.5158850718558645e-17 0.4046875 0.19687500000000005 0.4046875
4 0.2000000000000001 0.3984375 0.08750000000000005 0.3984375 0.08750000000000005 0.48125 0.2000000000000001 0.48125
4 0.17500000000000007 0.48125 0.08750000000000006 0.48125 0.08750000000000006 0.5734375 0.1750000000000001 0.5734375
4 0.9921875 0.7156250000000001 0.07656250000000009 0.715625 0.0765625000000001 0.9453125 0.9921875 0.9453125
4 0.7421875000000001 0.5078125000000001 0.040625000000000064 0.5078125 0.040625000000000085 0.8421875 0.7421875000000002 0.8421875
4 0.7609375 0.31718750000000007 0.2046875 0.3171875 0.20468750000000005 0.628125 0.7609375 0.6281250000000002