4 0.9578125 0.24218750000000008 0.36875 0.24218750000000008 0.36875 0.8046875 0.9578125 0.8046875
4 0.9953125 0.17343750000000013 0.93125 0.17343750000000013 0.93125 0.4937500000000002 0.9953125 0.4937500000000002
4 0.9953125 0.1250000000000001 0.8890625 0.12500000000000008 0.8890625 0.29375000000000007 0.9953125 0.29375000000000007
4 0.9953125 0.06093750000000011 0.8890625 0.06093750000000011 0.8890625 0.14687500000000012 0.9953125 0.14687500000000014
4 0.9953125 0.021875000000000117 0.8890625 0.02187500000000011 0.8890625 0.09062500000000011 0.9953125 0.09062500000000011
4 0.9953125 1.144279352953308e-16 0.8734375 1.0696524386302664e-16 0.8734375 0.042187500000000114 0.9953125 0.04218750000000012
4 0.9 0.17031250000000006 0.4046875 0.17031250000000003 0.4046875 0.2828125000000001 0.9 0.2828125000000001
4 0.8796875 0.11406250000000007 0.453125 0.11406250000000004 0.453125 0.19687500000000008 0.8796875 0.19687500000000008
4 0.8890625 0.07187500000000009 0.5 0.07187500000000006 0.5 0.12031250000000007 0.8890625 0.12031250000000009
4 0.86875 0.034375000000000086 0.5375 0.034375000000000065 0.5375 0.07968750000000009 0.86875 0.0796875000000001
4 0.8796875 8.897824400054988e-17 0.5734375 7.022583988860603e-17 0.5734375 0.04531250000000009 0.8796875 0.04531250000000011
4 0.546875 4.860316984116058e-17 0.246875 3.023346785395028e-17 0.246875 0.04843750000000005 0.546875 0.048437500000000064
4 0.5 0.034375000000000044 0.16875 0.034375000000000024 0.16875 0.09062500000000004 0.5 0.09062500000000007
4 0.4953125 0.07187500000000005 0.1265625 0.07187500000000002 0.1265625 0.13906250000000003 0.4953125 0.13906250000000003
4 0.4421875 0.10937500000000003 0.02031250000000001 0.109375 0.020312500000000018 0.1921875 0.4421875 0.19218750000000004
4 0.3890625 0.14687500000000003 1.798699986247675e-17 0.146875 2.5832393419514485e-17 0.275 0.3890625 0.2750000000000001
4 0.36875 0.22343750000000004 2.7363201918448673e-17 0.2234375 5.970153145843348e-17 0.7515625 0.3687500000000001 0.7515625
4 0.031250000000000014 0.1171875 1.4351329677508044e-17 0.1171875 1.6169164769992398e-17 0.146875 0.03125000000000002 0.146875
4 0.1109375 0.06406250000000001 7.845393557037732e-18 0.0640625 1.0907010554906114e-17 0.1140625 0.1109375 0.1140625
4 0.153125 0.029687500000000012 3.6356701849687045e-18 0.0296875 6.888638245203862e-18 0.08281250000000001 0.153125 0.08281250000000002
4 0.2375 0.007812500000000014 9.567553118338697e-19 0.0078125 3.4443191226019317e-18 0.048437500000000015 0.2375 0.048437500000000036