4 0.978125 0.37968750000000007 0.865625 0.37968750000000007 0.865625 0.7390625000000002 0.978125 0.7390625000000002
4 0.9171875 0.4781250000000002 0.803125 0.4781250000000002 0.803125 0.7578125000000002 0.9171875 0.7578125000000002
4 0.803125 0.6531250000000001 0.7109375 0.653125 0.7109375000000001 0.8890625 0.803125 0.8890625
4 0.7906250000000001 0.5531250000000001 0.6921875 0.553125 0.6921875000000001 0.8078125 0.7906250000000001 0.8078125
4 0.7015625000000001 0.603125 0.60625 0.603125 0.6062500000000001 0.8765625 0.7015625000000002 0.8765625
4 0.5640625000000001 0.709375 0.490625 0.709375 0.4906250000000001 0.9140625 0.5640625000000001 0.9140625
4 0.5640625000000001 0.621875 0.48125 0.621875 0.48125000000000007 0.7453125 0.5640625000000001 0.7453125
4 0.5156250000000001 0.471875 0.4140625 0.471875 0.4140625000000001 0.7328125 0.5156250000000002 0.7328125
4 0.4437500000000001 0.709375 0.36406250000000007 0.709375 0.36406250000000007 0.9140625 0.4437500000000002 0.9140625
4 0.29375000000000007 0.634375 0.1984375000000001 0.634375 0.1984375000000001 0.9015625 0.29375000000000007 0.9015625
4 0.1937500000000001 0.603125 0.08906250000000007 0.603125 0.08906250000000009 0.8765625 0.1937500000000001 0.8765625
4 0.11093750000000006 0.509375 0.012500000000000061 0.509375 0.01250000000000008 0.8140625 0.11093750000000009 0.8140625
4 0.15312500000000007 0.3046875 0.040625000000000036 0.3046875 0.04062500000000005 0.584375 0.1531250000000001 0.584375
4 0.27343750000000006 0.18593750000000003 0.13750000000000004 0.1859375 0.13750000000000004 0.471875 0.2734375000000001 0.471875
4 0.36875 0.34843750000000007 0.2359375 0.3484375 0.23593750000000005 0.640625 0.3687500000000001 0.640625
4 0.2515625000000001 0.528125 0.14687500000000003 0.528125 0.14687500000000006 0.8078125 0.2515625000000001 0.8078125
4 0.4046875 0.503125 0.3031250000000001 0.503125 0.3031250000000001 0.7140625 0.4046875 0.7140625
4 0.484375 0.3234375000000001 0.375 0.3234375000000001 0.37500000000000006 0.503125 0.484375 0.503125
4 0.628125 0.2984375000000001 0.521875 0.2984375000000001 0.521875 0.559375 0.628125 0.559375
4 0.7015625 0.421875 0.603125 0.421875 0.603125 0.609375 0.7015625 0.609375
4 0.7640625 0.3296875000000001 0.6625 0.3296875000000001 0.6625 0.565625 0.7640625 0.5656250000000002
4 0.8625 0.2921875000000001 0.7609375 0.2921875000000001 0.7609375 0.5281250000000002 0.8625 0.5281250000000002
4 0.7484375 0.07500000000000008 0.6140625 0.07500000000000007 0.6140625 0.4218750000000001 0.7484375 0.42187500000000017
4 0.5953125 0.19218750000000007 0.471875 0.19218750000000004 0.471875 0.471875 0.5953125 0.471875
4 0.4265625 0.2671875 0.30625 0.2671875 0.30625 0.384375 0.4265625 0.3843750000000001