4 0.996875 0.17656250000000012 0.803125 0.1765625000000001 0.803125 0.6109375000000001 0.996875 0.6109375000000001
4 0.996875 0.050000000000000114 0.9125 0.050000000000000114 0.9125 0.18281250000000013 0.996875 0.18281250000000013
4 0.9953125 1.0983550979852825e-16 0.7984375 9.778039286942148e-17 0.7984375 0.0984375000000001 0.9953125 0.09843750000000011
4 0.9109375 0.0750000000000001 0.68125 0.0750000000000001 0.68125 0.2375000000000001 0.9109375 0.2375000000000001
4 0.8234375 0.2062500000000001 0.55625 0.2062500000000001 0.55625 0.6453125000000001 0.8234375 0.6453125000000002
4 0.58125 0.20625000000000004 0.2828125 0.20625 0.2828125 0.675 0.58125 0.675
4 0.29375000000000007 0.2265625 2.7745904043182222e-17 0.2265625 5.663991446056509e-17 0.6984375 0.29375000000000007 0.6984375
4 0.20156250000000003 0.09843750000000001 1.2055116929106758e-17 0.0984375 3.922696778518866e-17 0.5421875 0.2015625000000001 0.5421875
4 0.45625 0.09375000000000004 0.1984375 0.09375000000000003 0.19843750000000002 0.290625 0.45625 0.2906250000000001
4 0.7015625 0.07343750000000007 0.446875 0.07343750000000004 0.446875 0.2562500000000001 0.7015625 0.2562500000000001
4 0.7984375 8.467284509729747e-17 0.584375 7.156529732517345e-17 0.584375 0.11875000000000009 0.7984375 0.11875000000000009
4 0.5890625 5.931882933369991e-17 0.3796875 4.649830815512607e-17 0.3796875 0.13281250000000006 0.5890625 0.13281250000000008
4 0.3734375 3.147724975933432e-17 0.140625 1.7221595613009655e-17 0.140625 0.1375 0.3734375 0.13750000000000004
4 0.1453125 8.897824400054987e-18 0 0 7.271340369937409e-18 0.11875 0.1453125 0.11875