4 0.9546875 0.11093750000000009 0.2390625 0.11093750000000005 0.23906250000000004 0.828125 0.9546875 0.828125
4 0.9578125 0.7484375000000001 9.165715887368473e-17 0.7484375 1.0514740877054227e-16 0.96875 0.9578125 0.96875
4 0.2734375000000001 0.60625 7.424421219830829e-17 0.60625 8.295068553599651e-17 0.7484375 0.2734375000000001 0.7484375
4 0.996875 0.16562500000000013 0.9125 0.16562500000000013 0.9125 0.3437500000000001 0.996875 0.3437500000000001
4 0.996875 0.3437500000000001 0.8671875 0.3437500000000001 0.8671875 0.4906250000000002 0.996875 0.4906250000000002
4 0.996875 0.4906250000000002 0.8765625 0.4906250000000002 0.8765625 0.6375000000000002 0.996875 0.6375000000000002
4 0.996875 0.6140625000000002 0.8640625 0.6140625000000002 0.8640625 0.7921875000000002 0.996875 0.7921875000000002
4 0.996875 0.7796875000000002 0.915625 0.7796875000000002 0.915625 0.9453125 0.996875 0.9453125
4 0.996875 0.006250000000000115 0.890625 0.006250000000000108 0.890625 0.18437500000000012 0.996875 0.18437500000000012
4 0.9828125 1.1347117998349694e-16 0.8703125 1.0658254173829309e-16 0.8703125 0.06093750000000011 0.9828125 0.06093750000000011
4 0.8734375 1.0208579177267389e-16 0.79375 9.720633968232116e-17 0.79375 0.0734375000000001 0.8734375 0.07343750000000011
4 0.89375 0.048437500000000105 0.8 0.0484375000000001 0.8 0.16562500000000008 0.89375 0.16562500000000008
4 0.915625 0.1656250000000001 0.803125 0.16562500000000008 0.803125 0.2640625000000001 0.915625 0.2640625000000001
4 0.9140625 0.2765625000000001 0.8140625 0.2765625000000001 0.8140625 0.3921875000000001 0.9140625 0.3921875000000001
4 0.3031250000000001 0.4359375 0.10625000000000004 0.4359375 0.10625000000000007 0.6015625 0.3031250000000001 0.6015625
4 0.10937500000000007 0.4171875 0.04843750000000006 0.4171875 0.048437500000000064 0.6375 0.10937500000000008 0.6375
4 0.09062500000000001 9.089175462421763e-18 0.0578125 7.079989307570636e-18 0.05781250000000001 0.178125 0.09062500000000002 0.178125
4 0.1125 1.2437819053840305e-17 0.090625 1.1098361617272889e-17 0.09062500000000001 0.178125 0.1125 0.178125
4 0.1484375 1.6169164769992398e-17 0.115625 1.4159978615141272e-17 0.115625 0.165625 0.1484375 0.165625
4 0.178125 2.0187537079694652e-17 0.1515625 1.8561053049577072e-17 0.1515625 0.159375 0.178125 0.159375
4 0.203125 2.3344829608746417e-17 0.178125 2.181402110981223e-17 0.178125 0.15937500000000002 0.203125 0.15937500000000004
4 0.2359375 2.688482426253174e-17 0.203125 2.487563810768061e-17 0.203125 0.16562500000000005 0.2359375 0.16562500000000005
4 0.2609375 3.0042116791583504e-17 0.2296875 2.812860616791577e-17 0.2296875 0.17812500000000003 0.2609375 0.17812500000000003
4 0.296875 3.4156164632469147e-17 0.2609375 3.195562741525125e-17 0.2609375 0.16562500000000005 0.296875 0.16562500000000005
4 0.3296875 3.8365888004538175e-17 0.296875 3.6356701849687046e-17 0.296875 0.15312500000000004 0.3296875 0.15312500000000004
4 0.3578125 4.190588265832349e-17 0.3265625 3.999237203465575e-17 0.3265625 0.17812500000000003 0.3578125 0.17812500000000003
4 0.396875 4.621128156157591e-17 0.3578125 4.3819393281991234e-17 0.3578125 0.17812500000000003 0.396875 0.17812500000000003
4 0.425 4.9942627277728e-17 0.390625 4.7837765591693485e-17 0.390625 0.17812500000000003 0.425 0.17812500000000003
4 0.4546875 5.415235064979703e-17 0.4296875 5.262154215086284e-17 0.4296875 0.15937500000000004 0.4546875 0.15937500000000004
4 0.496875 5.845774955304943e-17 0.4578125 5.606586127346476e-17 0.4578125 0.17812500000000003 0.496875 0.17812500000000003
4 0.5296875 6.285882398748523e-17 0.496875 6.084963783263412e-17 0.496875 0.19062500000000004 0.5296875 0.19062500000000004
4 0.5609375 6.659016970363734e-17 0.5265625 6.448530801760282e-17 0.5265625 0.17187500000000006 0.5609375 0.17187500000000008
4 0.796875 9.003067484356715e-17 0.6734375 8.247230788007957e-17 0.6734375 0.1781250000000001 0.796875 0.1781250000000001
4 0.678125 7.606204729079264e-17 0.5640625 6.907773351440539e-17 0.5640625 0.1843750000000001 0.678125 0.1843750000000001