4 0.8765625 0.3906250000000001 0.6140625 0.3906250000000001 0.6140625 0.6093750000000001 0.8765625 0.6093750000000002
4 0.946875 0.11562500000000012 0.6703125 0.11562500000000009 0.6703125 0.3593750000000001 0.946875 0.3593750000000001
4 0.653125 0.10156250000000007 0.378125 0.10156250000000004 0.37812500000000004 0.3734375000000001 0.653125 0.3734375000000001
4 0.8 0.6531250000000001 0.6046875 0.653125 0.6046875 0.8625 0.8 0.8625
4 0.56875 0.39062500000000006 0.3062500000000001 0.390625 0.3062500000000001 0.640625 0.56875 0.640625
4 0.5562500000000001 0.6484375 0.3921875000000001 0.6484375 0.3921875000000001 0.8265625 0.5562500000000001 0.8265625
4 0.35937500000000006 0.11562500000000002 0.06718750000000002 0.115625 0.06718750000000004 0.4 0.3593750000000001 0.4
4 0.32500000000000007 0.6 0.17343750000000008 0.6 0.17343750000000008 0.7421875 0.32500000000000007 0.7421875
4 0.3421875000000001 0.746875 0.2171875000000001 0.746875 0.2171875000000001 0.875 0.3421875000000001 0.875
4 0.18281250000000007 0.534375 0.03125000000000007 0.534375 0.031250000000000076 0.68125 0.1828125000000001 0.68125
4 0.17343750000000008 0.69375 0.03125000000000009 0.69375 0.0312500000000001 0.83125 0.17343750000000008 0.83125