4 0.996875 0.5906250000000001 0.3609375000000001 0.590625 0.3609375000000001 0.9953125 0.996875 0.9953125
4 0.9953125 0.7203125000000001 0.7296875 0.7203125000000001 0.7296875 0.9953125 0.9953125 0.9953125
4 0.4000000000000001 0.7109375 0.3203125000000001 0.7109375 0.3203125000000001 0.9953125 0.4000000000000002 0.9953125
4 0.1859375000000001 0.4125 5.051668046482832e-17 0.4125 8.620365359623165e-17 0.9953125 0.18593750000000014 0.9953125
4 0.19531250000000008 0.4765625 0.12968750000000004 0.4765625 0.1296875000000001 0.996875 0.19531250000000014 0.996875
4 0.56875 0.32031250000000006 0.2984375 0.3203125 0.2984375 0.70625 0.56875 0.70625
4 0.9203125 0.38750000000000007 0.5640625 0.38750000000000007 0.5640625000000001 0.7515625000000001 0.9203125 0.7515625000000001
4 0.9203125 0.32031250000000006 0.2171875 0.3203125 0.21718750000000003 0.9375 0.9203125 0.9375
4 0.9953125 0.16875000000000012 0.9515625 0.16875000000000012 0.9515625 0.3906250000000001 0.9953125 0.3906250000000001
4 0.9953125 0.16875000000000012 0.9375 0.16875000000000012 0.9375 0.7375000000000002 0.9953125 0.7375000000000002
4 0.9015625 0.10625000000000007 0.2359375 0.10625000000000004 0.23593750000000005 0.4406250000000001 0.9015625 0.44062500000000016
4 0.2171875 1.329889883449079e-17 0 0 1.2246467991473533e-17 0.2 0.2171875 0.2
4 0.25312500000000004 0.15625000000000003 1.9135106236677395e-17 0.15625 3.731345716152092e-17 0.453125 0.2531250000000001 0.453125
4 0.9953125 1.131841533899468e-16 0.853125 1.0447768005225856e-16 0.853125 0.2718750000000001 0.9953125 0.2718750000000001
4 0.83125 0.009375000000000067 0.240625 0.009375000000000031 0.240625 0.20937500000000003 0.83125 0.2093750000000001