4 0.8421875 0.7203125000000001 0.3375000000000001 0.7203125 0.3375000000000001 0.9953125 0.8421875 0.9953125
4 0.996875 0.6718750000000001 0.69375 0.671875 0.6937500000000001 0.9953125 0.996875 0.9953125
4 0.91875 0.4875000000000001 0.409375 0.4875 0.4093750000000001 0.89375 0.91875 0.89375
4 0.996875 0.46093750000000017 0.790625 0.46093750000000017 0.7906250000000001 0.8578125 0.996875 0.8578125
4 0.9546875 0.2593750000000001 0.471875 0.2593750000000001 0.471875 0.6562500000000001 0.9546875 0.6562500000000002
4 0.996875 0.2171875000000001 0.71875 0.2171875000000001 0.71875 0.534375 0.996875 0.5343750000000002
4 0.996875 0.0796875000000001 0.7234375 0.07968750000000009 0.7234375 0.2750000000000001 0.996875 0.2750000000000001
4 0.9953125 1.0399930239634162e-16 0.703125 8.610797806504827e-17 0.703125 0.33281250000000007 0.9953125 0.33281250000000007
4 0.4156250000000001 0.6828125 0.04062500000000009 0.6828125 0.040625000000000105 0.9953125 0.4156250000000002 0.9953125
4 0.43125 0.4859375 0.12343750000000005 0.4859375 0.12343750000000006 0.725 0.43125 0.725
4 0.13906250000000006 0.4875 5.970153145843348e-17 0.4875 7.520096751014216e-17 0.740625 0.1390625000000001 0.740625
4 0.040625000000000105 0.75 9.18485099360515e-17 0.75 1.0677389280065986e-16 0.99375 0.04062500000000012 0.99375
4 0.4765625 0.275 0.14218750000000005 0.275 0.14218750000000005 0.4875 0.4765625 0.4875
4 0.14218750000000005 0.2859375 3.501724441311963e-17 0.2859375 4.831614324761042e-17 0.503125 0.14218750000000005 0.503125
4 0.4796875 0.05312500000000005 0.1453125 0.05312500000000002 0.1453125 0.27031250000000007 0.4796875 0.27031250000000007
4 0.1453125 0.1109375 1.358592542804095e-17 0.1109375 2.3918882795846743e-17 0.2796875 0.14531250000000004 0.2796875
4 0.15 9.184850993605149e-18 0 0 6.792962714020475e-18 0.1109375 0.15 0.1109375
4 0.4265625 3.530427100666979e-17 0.15 1.8369701987210297e-17 0.15 0.06875000000000003 0.4265625 0.06875000000000005
4 0.7078125 6.97474622326891e-17 0.43125 5.281289321322961e-17 0.43125 0.12187500000000007 0.7078125 0.1218750000000001
4 0.7 0.06875000000000007 0.4796875 0.06875000000000006 0.4796875 0.3500000000000001 0.7 0.3500000000000001
4 0.996875 6.104098889500089e-17 0 0 6.09453133638175e-17 0.9953125 0.996875 0.9953125