4 0.9953125 0.5468750000000001 0.5859375 0.546875 0.5859375000000001 0.9453125 0.9953125 0.9453125
4 0.9765625 0.2093750000000001 0.76875 0.2093750000000001 0.76875 0.44843750000000016 0.9765625 0.44843750000000016
4 0.9875 0.03906250000000012 0.928125 0.03906250000000011 0.928125 0.13437500000000013 0.9875 0.13437500000000013
4 0.88125 0.0593750000000001 0.7609375 0.05937500000000009 0.7609375 0.1687500000000001 0.88125 0.1687500000000001
4 0.7453125 0.04531250000000008 0.6578125 0.045312500000000075 0.6578125 0.13437500000000008 0.7453125 0.13437500000000008
4 0.5859375000000002 0.73125 0.3265625000000001 0.73125 0.3265625000000001 0.9546875 0.5859375000000002 0.9546875
4 0.2234375000000001 0.671875 8.22809568177128e-17 0.671875 1.0112903646084002e-16 0.9796875 0.2234375000000001 0.9796875
4 0.4156250000000001 0.33906250000000004 0.14843750000000006 0.3390625 0.14843750000000006 0.7765625 0.4156250000000002 0.7765625
4 0.784375 0.2640625000000001 0.4109375 0.2640625000000001 0.4109375 0.6468750000000001 0.784375 0.6468750000000002
4 0.6578125 0.13437500000000008 0.3390625 0.13437500000000005 0.3390625 0.36250000000000004 0.6578125 0.3625000000000001
4 0.32343750000000004 0.15468750000000003 0.00468750000000002 0.1546875 0.004687500000000034 0.3828125 0.3234375000000001 0.3828125
4 0.634375 0.050000000000000065 0.5546875 0.050000000000000065 0.5546875 0.12500000000000008 0.634375 0.12500000000000008
4 0.5296875 0.040625000000000064 0.41875 0.04062500000000006 0.41875 0.12500000000000006 0.5296875 0.12500000000000006
4 0.3984375 0.015625000000000045 0.31875 0.015625000000000038 0.31875 0.13437500000000005 0.3984375 0.13437500000000005
4 0.2953125 0.05000000000000003 0.21875 0.050000000000000024 0.21875 0.11875000000000005 0.2953125 0.11875000000000005
4 0.20625 0.04531250000000002 0.1078125 0.04531250000000001 0.1078125 0.12031250000000002 0.20625 0.12031250000000004
4 0.0921875 0.054687500000000014 0.007812500000000005 0.0546875 0.00781250000000001 0.14375 0.09218750000000002 0.14375