4 0.8875 0.7734375000000002 0.7765625000000002 0.7734375000000002 0.7765625000000002 0.9078125 0.8875 0.9078125
4 0.8390625 0.6593750000000002 0.7421875 0.6593750000000002 0.7421875000000001 0.8046875 0.8390625 0.8046875
4 0.7531250000000002 0.7421875000000001 0.6484375000000002 0.7421875 0.6484375000000002 0.88125 0.7531250000000002 0.88125
4 0.6406250000000002 0.8046875 0.5296875000000002 0.8046875 0.5296875000000002 0.96875 0.6406250000000002 0.96875
4 0.6843750000000001 0.665625 0.584375 0.665625 0.5843750000000001 0.8046875 0.6843750000000002 0.8046875
4 0.721875 0.6078125 0.6453125 0.6078125 0.6453125 0.721875 0.721875 0.721875
4 0.6609375 0.5359375 0.575 0.5359375 0.575 0.6390625 0.6609375 0.6390625
4 0.5796875 0.546875 0.4484375 0.546875 0.4484375 0.68125 0.5796875 0.68125
4 0.5515625000000001 0.6546875 0.409375 0.6546875 0.4093750000000001 0.834375 0.5515625000000002 0.834375
4 0.40625 0.603125 0.3062500000000001 0.603125 0.3062500000000001 0.7171875 0.40625 0.7171875
4 0.3484375 0.03593750000000004 0.259375 0.03593750000000003 0.259375 0.13906250000000003 0.3484375 0.13906250000000003
4 0.39375 0.08750000000000005 0.328125 0.08750000000000005 0.328125 0.18125000000000005 0.39375 0.18125000000000005
4 0.259375 0.09375000000000003 0.1734375 0.09375000000000003 0.17343750000000002 0.2171875 0.259375 0.2171875
4 0.359375 0.17656250000000004 0.2734375 0.17656250000000004 0.2734375 0.3 0.359375 0.3
4 0.428125 0.19062500000000004 0.3671875 0.19062500000000004 0.3671875 0.30937500000000007 0.428125 0.30937500000000007
4 0.428125 0.2890625000000001 0.390625 0.2890625000000001 0.39062500000000006 0.3859375000000001 0.428125 0.3859375000000001
4 0.38593750000000004 0.32500000000000007 0.2890625 0.325 0.28906250000000006 0.4375 0.3859375000000001 0.4375
4 0.30937500000000007 0.2890625 0.2234375 0.2890625 0.22343750000000004 0.4078125 0.30937500000000007 0.4078125
4 0.2625 0.2109375 0.19375000000000003 0.2109375 0.19375000000000003 0.325 0.2625 0.325
4 0.4296875 0.4890625 0.36406250000000007 0.4890625 0.36406250000000007 0.5828125 0.4296875 0.5828125
4 0.3937500000000001 0.4125 0.31718750000000007 0.4125 0.31718750000000007 0.525 0.3937500000000001 0.525
4 0.30937500000000007 0.4171875 0.2312500000000001 0.4171875 0.2312500000000001 0.515625 0.30937500000000007 0.515625
4 0.3515625000000001 0.5109375 0.2890625000000001 0.5109375 0.2890625000000001 0.5984375 0.3515625000000001 0.5984375
4 0.2890625000000001 0.5203125 0.21250000000000008 0.5203125 0.21250000000000008 0.5984375 0.2890625000000001 0.5984375
4 0.22812500000000008 0.4546875 0.18593750000000003 0.4546875 0.18593750000000003 0.5265625 0.22812500000000008 0.5265625
4 0.2312500000000001 0.371875 0.18125000000000005 0.371875 0.18125000000000005 0.459375 0.2312500000000001 0.459375