4 0.9390625 0.503125 0.6125 0.503125 0.6125 0.9953125 0.9390625 0.9953125
4 0.996875 0.5031250000000002 0.928125 0.5031250000000002 0.928125 0.9953125 0.996875 0.9953125
4 0.6484375000000001 0.528125 0.3343750000000001 0.528125 0.3343750000000001 0.9953125 0.6484375000000002 0.9953125
4 0.4093750000000001 0.5234375 0.16093750000000004 0.5234375 0.1609375000000001 0.9953125 0.40937500000000016 0.9953125
4 0.2296875000000001 0.528125 6.467665907996959e-17 0.528125 9.32836429038023e-17 0.9953125 0.2296875000000001 0.9953125
4 0.996875 0.004687500000000115 0.8859375 0.004687500000000108 0.8859375 0.5031250000000002 0.996875 0.5031250000000002
4 0.878125 0.02031250000000009 0.6140625 0.020312500000000077 0.6140625 0.503125 0.878125 0.5031250000000002
4 0.6671875 0.07812500000000007 0.3984375 0.07812500000000004 0.39843750000000006 0.5125 0.6671875 0.5125
4 0.4171875 0.10937500000000004 0.21875 0.10937500000000004 0.21875000000000006 0.5234375 0.4171875 0.5234375
4 0.2828125 0.1453125 0.07656250000000002 0.1453125 0.07656250000000005 0.528125 0.2828125000000001 0.528125
4 0.14218750000000002 0.165625 2.0283212610878037e-17 0.165625 4.1236153940039786e-17 0.5078125 0.14218750000000005 0.5078125