4 0.9546875 0.6343750000000001 0.734375 0.6343750000000001 0.7343750000000001 0.834375 0.9546875 0.834375
4 0.996875 0.5781250000000001 0.6484375 0.578125 0.6484375000000001 0.9953125 0.996875 0.9953125
4 0.7843750000000002 0.840625 0.47968750000000016 0.840625 0.47968750000000016 0.9953125 0.7843750000000002 0.9953125
4 0.35625000000000007 0.7015625 0.2171875000000001 0.7015625 0.2171875000000001 0.85625 0.35625000000000007 0.85625
4 0.3937500000000001 0.484375 5.931882933369991e-17 0.484375 9.060472803066747e-17 0.9953125 0.3937500000000001 0.9953125
4 0.03437500000000011 0.7265625 8.897824400054988e-17 0.7265625 1.0543443536409245e-16 0.9953125 0.03437500000000012 0.9953125
4 0.3906250000000001 0.46875 0.17031250000000003 0.46875 0.17031250000000006 0.88125 0.3906250000000001 0.88125
4 0.6484375000000001 0.4171875 0.2234375000000001 0.4171875 0.2234375000000001 0.9953125 0.6484375000000002 0.9953125
4 0.6562500000000001 0.3921875 0.3125000000000001 0.3921875 0.3125000000000001 0.9953125 0.6562500000000002 0.9953125
4 0.7296875 0.34062500000000007 0.375 0.34062500000000007 0.37500000000000006 0.7781250000000001 0.7296875000000002 0.7781250000000002
4 0.7765625 0.3140625000000001 0.459375 0.3140625000000001 0.459375 0.7109375000000001 0.7765625 0.7109375000000002
4 0.821875 0.2890625000000001 0.50625 0.2890625000000001 0.50625 0.6546875000000001 0.821875 0.6546875000000002
4 0.8890625 0.2468750000000001 0.5453125 0.2468750000000001 0.5453125 0.6187500000000001 0.8890625 0.6187500000000001
4 0.9375 0.2218750000000001 0.60625 0.2218750000000001 0.60625 0.5250000000000001 0.9375 0.5250000000000001
4 0.9890625 0.1968750000000001 0.6453125 0.19687500000000008 0.6453125 0.5062500000000001 0.9890625 0.5062500000000002
4 0.996875 0.17031250000000012 0.721875 0.1703125000000001 0.721875 0.4078125000000001 0.996875 0.4078125000000002
4 0.996875 0.2015625000000001 0.9078125 0.2015625000000001 0.9078125 0.32500000000000007 0.996875 0.32500000000000007
4 0.6953125 0.11875000000000009 0.5484375 0.11875000000000009 0.5484375 0.2375000000000001 0.6953125 0.2375000000000001
4 0.88125 0.004687500000000094 0.653125 0.0046875000000000805 0.653125 0.1703125000000001 0.88125 0.1703125000000001
4 0.6375 0.15937500000000007 0.425 0.15937500000000004 0.425 0.27812500000000007 0.6375 0.27812500000000007
4 0.5640625 0.20156250000000003 0.2703125 0.2015625 0.27031250000000007 0.38750000000000007 0.5640625 0.38750000000000007
4 0.33593750000000006 0.2890625 0.10000000000000005 0.2890625 0.10000000000000005 0.459375 0.3359375000000001 0.459375
4 0.22031250000000005 0.2890625 3.539994653785318e-17 0.2890625 5.43437017121638e-17 0.5984375 0.22031250000000008 0.5984375
4 0.275 0.2421875 0.17812500000000003 0.2421875 0.17812500000000003 0.3296875 0.275 0.3296875
4 0.1625 9.950255243072244e-18 0 0 7.271340369937409e-18 0.11875 0.1625 0.11875
4 0.34375 3.099887210341738e-17 0.1625 1.990051048614449e-17 0.1625 0.05156250000000003 0.34375 0.051562500000000046
4 0.15781250000000002 0.14375 1.7604297737743203e-17 0.14375 2.985076572921673e-17 0.34375 0.15781250000000005 0.34375
4 0.375 0.031250000000000035 0.1421875 0.03125000000000002 0.14218750000000002 0.23750000000000004 0.375 0.2375000000000001
4 0.571875 5.750099424121557e-17 0.3671875 4.4967499656191874e-17 0.3671875 0.17500000000000007 0.571875 0.1750000000000001
4 0.703125 7.778420685209361e-17 0.5671875 6.946043563913895e-17 0.5671875 0.05156250000000008 0.703125 0.05156250000000009
4 0.9 1.0189444071030711e-16 0.7640625 9.357066949735246e-17 0.7640625 0.0718750000000001 0.9 0.0718750000000001
4 0.996875 1.1825495654266628e-16 0.934375 1.144279352953308e-16 0.934375 0.06250000000000011 0.996875 0.06250000000000011
4 0.996875 0.046875000000000125 0.9625 0.046875000000000125 0.9625 0.2218750000000001 0.996875 0.2218750000000001