4 0.95625 0.7453125 0.09218750000000009 0.7453125 0.0921875000000001 0.9953125 0.95625 0.9953125
4 0.996875 0.7046875000000001 0.8796875 0.7046875000000001 0.8796875 0.9953125 0.996875 0.9953125
4 0.996875 0.24375000000000008 0.5140625 0.24375000000000008 0.5140625000000001 0.83125 0.996875 0.83125
4 0.6234375000000001 0.459375 5.625721233583154e-17 0.459375 8.897824400054988e-17 0.99375 0.6234375000000002 0.99375
4 0.19218750000000007 0.425 5.204748896376251e-17 0.425 6.553773886062007e-17 0.6453125 0.1921875000000001 0.6453125
4 0.6203125 0.24375000000000005 2.985076572921674e-17 0.24375 5.692694105411524e-17 0.6859375 0.6203125 0.6859375
4 0.996875 0.18125000000000008 0.4 0.18125000000000005 0.4 0.4140625000000001 0.996875 0.41406250000000017
4 0.753125 0.053125000000000054 0.1578125 0.05312500000000002 0.15781250000000002 0.4078125000000001 0.753125 0.4078125000000002
4 0.996875 0.023437500000000108 0.78125 0.023437500000000094 0.78125 0.14531250000000012 0.996875 0.14531250000000012
4 0.7796875 4.77420900605101e-17 0 0 2.1335643453895297e-17 0.34843750000000007 0.7796875 0.34843750000000007
4 0.996875 6.104098889500089e-17 0 0 6.084963783263412e-17 0.99375 0.996875 0.99375