4 0.9953125 0.3703125000000001 0.9359375 0.3703125000000001 0.9359375 0.9453125 0.9953125 0.9453125
4 0.9234375 0.3218750000000001 0.8859375 0.3218750000000001 0.8859375 0.9453125 0.9234375 0.9453125
4 0.88125 0.3703125000000001 0.8453125 0.3703125000000001 0.8453125 0.9390625 0.88125 0.9390625
4 0.8375 0.36406250000000007 0.7875 0.36406250000000007 0.7875000000000001 0.9390625 0.8375 0.9390625
4 0.7812500000000001 0.2531250000000001 0.75 0.2531250000000001 0.7500000000000001 0.93125 0.7812500000000002 0.93125
4 0.7406250000000001 0.2953125000000001 0.66875 0.2953125000000001 0.6687500000000001 0.9390625 0.7406250000000002 0.9390625
4 0.6859375000000001 0.3359375000000001 0.6453125 0.3359375000000001 0.6453125000000001 0.925 0.6859375000000002 0.925
4 0.6453125000000001 0.3421875000000001 0.590625 0.3421875000000001 0.5906250000000001 0.925 0.6453125000000002 0.925
4 0.6000000000000001 0.3765625000000001 0.5734375 0.3765625000000001 0.5734375 0.9171875 0.6000000000000002 0.9171875
4 0.5734375 0.3359375000000001 0.4953125 0.3359375000000001 0.4953125000000001 0.925 0.5734375000000002 0.925
4 0.5000000000000001 0.3500000000000001 0.4546875 0.3500000000000001 0.4546875000000001 0.925 0.5000000000000002 0.925
4 0.4640625000000001 0.3359375000000001 0.4359375 0.3359375000000001 0.4359375000000001 0.9171875 0.46406250000000016 0.9171875
4 0.4453125000000001 0.3828125000000001 0.4140625 0.3828125000000001 0.4140625000000001 0.925 0.44531250000000017 0.925
4 0.4093750000000001 0.3359375000000001 0.371875 0.3359375000000001 0.37187500000000007 0.93125 0.40937500000000016 0.93125
4 0.37343750000000003 0.35000000000000003 0.328125 0.35 0.32812500000000006 0.93125 0.3734375000000001 0.93125
4 0.33125000000000004 0.2609375 0.3 0.2609375 0.30000000000000004 0.925 0.3312500000000001 0.925
4 0.3140625 0.2671875 0.2734375 0.2671875 0.27343750000000006 0.93125 0.3140625000000001 0.93125
4 0.28125000000000006 0.2609375 0.2453125 0.2609375 0.24531250000000004 0.93125 0.2812500000000001 0.93125
4 0.25468750000000007 0.3421875 0.209375 0.3421875 0.20937500000000003 0.925 0.25468750000000007 0.925
4 0.2140625000000001 0.3765625 0.18125000000000005 0.3765625 0.18125000000000008 0.93125 0.2140625000000001 0.93125
4 0.1906250000000001 0.3703125 0.15937500000000004 0.3703125 0.1593750000000001 0.9390625 0.19062500000000013 0.9390625
4 0.16406250000000008 0.35 0.10000000000000005 0.35 0.10000000000000009 0.9390625 0.16406250000000014 0.9390625
4 0.10937500000000008 0.2875 0.026562500000000034 0.2875 0.026562500000000072 0.93125 0.10937500000000014 0.93125
4 0.045312500000000075 0.35625 4.362804221962446e-17 0.35625 7.845393557037732e-17 0.925 0.04531250000000011 0.925