4 0.5281250000000002 0.7828125 0.2171875000000001 0.7828125 0.2171875000000001 0.9953125 0.5281250000000002 0.9953125
4 0.4156250000000002 0.9 0.2093750000000001 0.9 0.2093750000000001 0.9953125 0.4156250000000002 0.9953125
4 0.2171875000000001 0.69375 0.018750000000000083 0.69375 0.0187500000000001 0.953125 0.2171875000000001 0.953125
4 0.16562500000000013 0.9265625 0.034375000000000114 0.9265625 0.034375000000000114 0.9953125 0.16562500000000013 0.9953125
4 0.2578125000000001 0.58125 0.026562500000000065 0.58125 0.02656250000000008 0.7671875 0.2578125000000001 0.7671875
4 0.3078125000000001 0.640625 0.2656250000000001 0.640625 0.2656250000000001 0.7828125 0.3078125000000001 0.7828125
4 0.5953125000000001 0.6453125 0.3109375000000001 0.6453125 0.3109375000000001 0.953125 0.5953125000000001 0.953125
4 0.9296875 0.7296875 0.5390625000000002 0.7296875 0.5390625000000002 0.9953125 0.9296875 0.9953125
4 0.996875 0.6718750000000001 0.5921875 0.671875 0.5921875000000001 0.9953125 0.996875 0.9953125
4 0.5921875000000001 0.58125 0.2921875000000001 0.58125 0.2921875000000001 0.79375 0.5921875000000002 0.79375
4 0.2765625000000001 0.5296875 0.026562500000000065 0.5296875 0.026562500000000072 0.640625 0.2765625000000001 0.640625
4 0.09062500000000005 0.3921875 4.802911665406026e-17 0.3921875 5.606586127346476e-17 0.5234375 0.09062500000000007 0.5234375
4 0.2968750000000001 0.4078125 0.07968750000000005 0.4078125 0.07968750000000005 0.5921875 0.2968750000000001 0.5921875
4 0.621875 0.4234375 0.3000000000000001 0.4234375 0.3000000000000001 0.6671875 0.621875 0.6671875
4 0.996875 0.46562500000000007 0.621875 0.465625 0.6218750000000001 0.7562500000000001 0.996875 0.7562500000000002
4 0.996875 0.2750000000000001 0.675 0.2750000000000001 0.675 0.5140625000000001 0.996875 0.5140625000000002
4 0.6671875 0.259375 0.3375 0.259375 0.3375 0.4765625 0.6671875 0.4765625
4 0.3375 0.2546875 0.11250000000000004 0.2546875 0.11250000000000004 0.41875 0.3375000000000001 0.41875
4 0.12031250000000004 0.2640625 3.2338329539984796e-17 0.2640625 3.951399437873882e-17 0.38125 0.12031250000000004 0.38125
4 0.11562500000000002 0.153125 1.8752404111943846e-17 0.153125 2.516266470123077e-17 0.2578125 0.11562500000000005 0.2578125
4 0.3640625 0.12187500000000002 0.1203125 0.121875 0.12031250000000002 0.259375 0.3640625 0.2593750000000001
4 0.6890625 0.10625000000000007 0.3703125 0.10625000000000004 0.3703125 0.27031250000000007 0.6890625 0.27031250000000007
4 0.996875 0.10000000000000012 0.6890625 0.10000000000000009 0.6890625 0.28593750000000007 0.996875 0.28593750000000007
4 0.8953125 9.864147265007197e-17 0.715625 8.763878656398247e-17 0.715625 0.0953125000000001 0.8953125 0.0953125000000001
4 0.7140625 6.821665373375491e-17 0.4 4.898587196589413e-17 0.4 0.10000000000000006 0.7140625 0.10000000000000009
4 0.4015625 3.654805291205382e-17 0.1953125 2.3918882795846743e-17 0.1953125 0.11093750000000005 0.4015625 0.11093750000000005
4 0.1828125 0.03750000000000001 0.0265625 0.0375 0.02656250000000001 0.1375 0.1828125 0.13750000000000004