4 0.934375 0.7328125000000002 0.7687500000000002 0.7328125000000002 0.7687500000000002 0.91875 0.934375 0.91875
4 0.996875 0.5781250000000002 0.8609375 0.5781250000000002 0.8609375 0.815625 0.996875 0.815625
4 0.865625 0.5421875 0.721875 0.5421875 0.721875 0.7281250000000001 0.865625 0.7281250000000001
4 0.6953125000000002 0.7734375 0.5750000000000002 0.7734375 0.5750000000000002 0.984375 0.6953125000000002 0.984375
4 0.7265625 0.4953125000000001 0.5984375 0.4953125 0.5984375 0.659375 0.7265625 0.6593750000000002
4 0.70625 0.6859375 0.540625 0.6859375 0.5406250000000001 0.871875 0.7062500000000002 0.871875
4 0.5531250000000002 0.778125 0.42968750000000017 0.778125 0.42968750000000017 0.959375 0.5531250000000002 0.959375
4 0.5328125000000001 0.6390625 0.4125 0.6390625 0.4125000000000001 0.7984375 0.5328125000000001 0.7984375
4 0.6109375000000001 0.578125 0.503125 0.578125 0.503125 0.7640625 0.6109375000000001 0.7640625
4 0.5953125 0.41875 0.4515625 0.41875 0.4515625 0.6453125 0.5953125 0.6453125
4 0.70625 0.35625000000000007 0.603125 0.35625000000000007 0.603125 0.5203125 0.70625 0.5203125
4 0.8 0.4125000000000001 0.703125 0.4125 0.703125 0.5468750000000001 0.8 0.5468750000000002
4 0.934375 0.3703125000000001 0.80625 0.3703125000000001 0.80625 0.5671875000000002 0.934375 0.5671875000000002
4 0.42968750000000017 0.778125 0.33281250000000007 0.778125 0.33281250000000007 0.9796875 0.42968750000000017 0.9796875
4 0.4140625000000001 0.68125 0.2984375000000001 0.68125 0.2984375000000001 0.8296875 0.41406250000000017 0.8296875
4 0.4484375 0.525 0.33281250000000007 0.525 0.33281250000000007 0.721875 0.4484375 0.721875
4 0.4515625 0.38593750000000004 0.3359375000000001 0.3859375 0.3359375000000001 0.5828125 0.4515625 0.5828125
4 0.5359375 0.2687500000000001 0.4171875 0.2687500000000001 0.4171875 0.4078125 0.5359375 0.4078125
4 0.621875 0.15937500000000007 0.4984375 0.15937500000000004 0.4984375 0.34062500000000007 0.621875 0.34062500000000007
4 0.7375 0.1296875000000001 0.5953125 0.1296875000000001 0.5953125 0.3000000000000001 0.7375 0.3000000000000001
4 0.85 0.0578125000000001 0.7140625 0.057812500000000086 0.7140625 0.21250000000000008 0.85 0.21250000000000008
4 0.996875 0.11406250000000011 0.8890625 0.1140625000000001 0.8890625 0.34062500000000007 0.996875 0.34062500000000007
4 0.9 0.2218750000000001 0.7953125 0.2218750000000001 0.7953125 0.3453125000000001 0.9 0.3453125000000001
4 0.8265625 0.22656250000000008 0.70625 0.22656250000000008 0.70625 0.4015625000000001 0.8265625 0.40156250000000016
4 0.378125 0.12343750000000005 0.24375 0.12343750000000005 0.24375 0.32500000000000007 0.378125 0.32500000000000007
4 0.4328125 0.23750000000000004 0.278125 0.2375 0.27812500000000007 0.4234375 0.4328125 0.4234375
4 0.509375 0.13906250000000003 0.390625 0.13906250000000003 0.390625 0.26250000000000007 0.509375 0.26250000000000007
4 0.2015625000000001 0.3859375 0.06250000000000004 0.3859375 0.06250000000000006 0.5984375 0.2015625000000001 0.5984375
4 0.3203125000000001 0.4796875 0.2093750000000001 0.4796875 0.2093750000000001 0.665625 0.3203125000000001 0.665625
4 0.3359375000000001 0.61875 0.24375000000000008 0.61875 0.24375000000000008 0.753125 0.3359375000000001 0.753125
4 0.23593750000000008 0.721875 0.1312500000000001 0.721875 0.1312500000000001 0.8703125 0.23593750000000008 0.8703125
4 0.2234375000000001 0.59375 0.11250000000000009 0.59375 0.11250000000000009 0.7328125 0.2234375000000001 0.7328125
4 0.10000000000000009 0.721875 8.840419081344957e-17 0.721875 9.883282371243874e-17 0.8921875 0.10000000000000009 0.8921875
4 0.11562500000000009 0.55625 6.812097820257152e-17 0.55625 7.85496111015607e-17 0.7265625 0.11562500000000009 0.7265625
4 0.10000000000000006 0.35 4.286263797015736e-17 0.35 5.740531871003217e-17 0.5875 0.10000000000000009 0.5875
4 0.2515625 0.10781250000000002 0.1203125 0.1078125 0.12031250000000002 0.29375 0.2515625 0.29375
4 0.2828125 0.29375 0.13593750000000004 0.29375 0.13593750000000004 0.44375 0.2828125000000001 0.44375