4 0.996875 0.6109375000000001 0.803125 0.6109375000000001 0.803125 0.9953125 0.996875 0.9953125
4 0.8203125 0.4859375000000001 0.3906250000000001 0.4859375 0.3906250000000001 0.99375 0.8203125 0.99375
4 0.4859375000000002 0.95 0.3593750000000001 0.95 0.3593750000000001 0.9953125 0.4859375000000002 0.9953125
4 0.3593750000000001 0.825 1.0103336092965664e-16 0.825 1.1136631829746244e-16 0.99375 0.3593750000000001 0.99375
4 0.4156250000000001 0.27656250000000004 3.386913803891899e-17 0.2765625 7.433988772949167e-17 0.9375 0.4156250000000002 0.9375
4 0.996875 0.17031250000000012 0.60625 0.1703125000000001 0.60625 0.6156250000000001 0.996875 0.6156250000000002
4 0.5390625 5.2430191088496056e-17 0.3171875 3.884426566045511e-17 0.3171875 0.09062500000000005 0.5390625 0.09062500000000007
4 0.996875 1.0246849389740744e-16 0.6765625 8.285501000481311e-17 0.6765625 0.2718750000000001 0.996875 0.2718750000000001
4 0.8765625 8.926527059410005e-17 0.58125 7.11825952004399e-17 0.58125 0.1750000000000001 0.8765625 0.1750000000000001
4 0.384375 2.3536180671113197e-17 0 0 2.0091861548511266e-17 0.32812500000000006 0.384375 0.3281250000000001
4 0.7328125 0.02812500000000006 0.3171875 0.028125000000000032 0.31718750000000007 0.5250000000000001 0.7328125 0.5250000000000001