5 0.996875 0.5421875000000002 0.9015625 0.5421875000000002 0.9015625 0.9953125 0.996875 0.9953125
5 0.94375 0.7062500000000002 0.7375 0.7062500000000002 0.7375 0.9953125 0.94375 0.9953125
5 0.5296875000000002 0.8015625 9.816309499415503e-17 0.8015625 1.1002686086089502e-16 0.9953125 0.5296875000000002 0.9953125
5 0.47343750000000007 0.68125 8.342906319191344e-17 0.68125 9.9885254555456e-17 0.95 0.4734375000000002 0.95
5 0.3265625000000001 0.5875 7.1947999449907e-17 0.5875 8.505554722203101e-17 0.8015625 0.3265625000000001 0.8015625
5 0.4984375000000001 0.2984375 0.12343750000000005 0.2984375 0.12343750000000006 0.7859375 0.4984375000000002 0.7859375
5 0.7093750000000001 0.528125 0.4015625 0.528125 0.4015625000000001 0.9109375 0.7093750000000002 0.9109375
5 0.7578125000000002 0.875 0.4109375000000002 0.875 0.4109375000000002 0.9953125 0.7578125000000002 0.9953125
5 0.996875 0.5421875000000002 0.7734375 0.5421875000000002 0.7734375000000001 0.9953125 0.996875 0.9953125
5 0.9953125 0.27812500000000007 0.68125 0.27812500000000007 0.68125 0.5078125000000001 0.9953125 0.5078125000000002
5 0.996875 0.18437500000000012 0.88125 0.1843750000000001 0.88125 0.6265625000000001 0.996875 0.6265625000000001
5 0.996875 9.567553118338697e-17 0.565625 6.926908457677216e-17 0.565625 0.29375000000000007 0.996875 0.29375000000000007
5 0.9125 0.23437500000000008 0.534375 0.23437500000000008 0.534375 0.6015625000000001 0.9125 0.6015625000000002
5 0.7171875 0.21875000000000008 0.4265625 0.21875000000000008 0.4265625 0.5421875 0.7171875 0.5421875
5 0.33125000000000004 2.028321261087804e-17 0 0 4.11404784088564e-17 0.671875 0.3312500000000001 0.671875
5 0.15156250000000007 0.2984375 0.059375000000000046 0.2984375 0.05937500000000005 0.5515625 0.1515625000000001 0.5515625
5 0.5609375 4.6019930499209134e-17 0.190625 2.3344829608746423e-17 0.19062500000000002 0.521875 0.5609375 0.521875
5 0.534375 0.44375 0.3906250000000001 0.44375 0.3906250000000001 0.5828125 0.534375 0.5828125
5 0.9953125 6.09453133638175e-17 0 0 6.09453133638175e-17 0.9953125 0.9953125 0.9953125