5 0.996875 0.5140625000000002 0.8421875 0.5140625000000002 0.8421875 0.9953125 0.996875 0.9953125
5 0.8640625 0.3515625000000001 0.625 0.3515625000000001 0.6250000000000001 0.99375 0.8640625 0.99375
5 0.6953125000000001 0.540625 0.4453125 0.540625 0.4453125000000001 0.99375 0.6953125000000002 0.99375
5 0.48125000000000007 0.36250000000000004 0.2609375 0.3625 0.26093750000000004 0.9953125 0.4812500000000002 0.9953125
5 0.3531250000000001 0.5140625 0.014062500000000061 0.5140625 0.014062500000000092 0.9953125 0.3531250000000001 0.9953125
5 0.6171875 0.2171875000000001 0.4265625 0.2171875000000001 0.4265625 0.725 0.6171875 0.725
5 0.9671875 0.2000000000000001 0.75 0.2000000000000001 0.7500000000000001 0.7562500000000002 0.9671875 0.7562500000000002
5 0.996875 0.1031250000000001 0.871875 0.10312500000000009 0.871875 0.5078125000000002 0.996875 0.5078125000000002
5 0.996875 1.1863765866739982e-16 0.940625 1.1519333954479792e-16 0.940625 0.2593750000000001 0.996875 0.2593750000000001
5 0.9125 1.0313822261569117e-16 0.771875 9.452742480918633e-17 0.771875 0.21093750000000008 0.9125 0.21093750000000008
5 0.809375 9.098743015540102e-17 0.6765625 8.285501000481311e-17 0.6765625 0.3671875000000001 0.809375 0.3671875000000001
5 0.7328125 0.09687500000000007 0.5671875 0.09687500000000007 0.5671875 0.5625000000000001 0.7328125 0.5625000000000002
5 0.4453125 0.10312500000000005 0.25 0.10312500000000005 0.25000000000000006 0.5453125 0.4453125 0.5453125
5 0.32031250000000006 0.2109375 0.06562500000000002 0.2109375 0.06562500000000006 0.68125 0.3203125000000001 0.68125
5 0.1218750000000001 0.3625 4.4393446469091554e-17 0.3625 8.314203659836328e-17 0.9953125 0.12187500000000014 0.9953125
5 0.13906250000000003 0.1125 1.3777276490407724e-17 0.1125 3.731345716152092e-17 0.496875 0.13906250000000003 0.496875
5 0.28750000000000003 0.010937500000000024 0.0953125 0.010937500000000011 0.09531250000000002 0.4109375 0.2875000000000001 0.4109375
5 0.396875 3.8748590129271723e-17 0.2359375 2.8894010417382865e-17 0.2359375 0.25468750000000007 0.396875 0.25468750000000007
5 0.5734375 5.912747827133314e-17 0.3921875 4.802911665406026e-17 0.3921875 0.35625000000000007 0.5734375 0.35625000000000007
5 0.6578125 7.089556860688975e-17 0.5 6.123233995736766e-17 0.5 0.2593750000000001 0.6578125 0.2593750000000001
5 0.15000000000000002 9.18485099360515e-18 0 0 1.3872952021591111e-17 0.2265625 0.15000000000000005 0.2265625