5 0.9765625 0.4203125000000002 0.871875 0.4203125000000002 0.871875 0.9578125 0.9765625 0.9578125
5 0.953125 0.41406250000000017 0.903125 0.41406250000000017 0.903125 0.4906250000000002 0.953125 0.4906250000000002
5 0.8484375 0.2609375000000001 0.7984375 0.2609375000000001 0.7984375 0.3203125000000001 0.8484375 0.3203125000000001
5 0.8796875 0.2609375000000001 0.765625 0.2609375000000001 0.7656250000000001 0.953125 0.8796875 0.953125
5 0.7453125 0.30156250000000007 0.690625 0.30156250000000007 0.690625 0.3609375000000001 0.7453125 0.3609375000000001
5 0.76875 0.2953125000000001 0.6640625 0.2953125000000001 0.6640625000000001 0.9765625 0.7687500000000002 0.9765625
5 0.6171875 0.04687500000000007 0.5578125 0.04687500000000007 0.5578125 0.1359375000000001 0.6171875 0.1359375000000001
5 0.6609375000000001 0.053125000000000075 0.5140625 0.05312500000000007 0.5140625000000001 0.9703125 0.6609375000000002 0.9703125
5 0.45625 0.03593750000000005 0.4 0.035937500000000046 0.4 0.10625000000000004 0.45625 0.10625000000000004
5 0.5093750000000001 0.03593750000000005 0.359375 0.035937500000000046 0.35937500000000006 0.9703125 0.5093750000000001 0.9703125
5 0.6609375000000001 0.4859375 0.5109375 0.4859375 0.5109375 0.8703125 0.6609375000000002 0.8703125
5 0.503125 0.5734375 0.3625000000000001 0.5734375 0.3625000000000001 0.8109375 0.5031250000000002 0.8109375
5 0.871875 0.7109375000000002 0.76875 0.7109375000000002 0.76875 0.8828125 0.871875 0.8828125
5 0.325 0.19531250000000006 0.271875 0.19531250000000006 0.271875 0.325 0.325 0.325
5 0.36250000000000004 0.19531250000000006 0.2421875 0.19531250000000006 0.24218750000000006 0.9640625 0.3625000000000001 0.9640625
5 0.3625000000000001 0.5796875 0.2453125000000001 0.5796875 0.2453125000000001 0.8703125 0.3625000000000001 0.8703125
5 0.21093750000000006 0.3140625 0.15468750000000003 0.3140625 0.15468750000000003 0.384375 0.21093750000000008 0.384375
5 0.24531250000000004 0.3140625 0.13125000000000003 0.3140625 0.1312500000000001 0.9765625 0.2453125000000001 0.9765625
5 0.24218750000000008 0.4859375 0.13437500000000005 0.4859375 0.13437500000000008 0.6390625 0.24218750000000008 0.6390625
5 0.10468750000000004 0.4375 0.050000000000000044 0.4375 0.05000000000000006 0.503125 0.10468750000000004 0.503125
5 0.13437500000000008 0.4375 0.023437500000000056 0.4375 0.023437500000000087 0.9703125 0.13437500000000013 0.9703125
5 0.1375000000000001 0.65 0.02656250000000008 0.65 0.026562500000000093 0.8640625 0.1375000000000001 0.8640625