5 0.9125 0.4109375000000002 0.828125 0.4109375000000002 0.828125 0.8546875 0.9125 0.8546875
5 0.8359375 0.20468750000000008 0.7296875 0.20468750000000008 0.7296875 0.8703125 0.8359375 0.8703125
5 0.7500000000000001 0.18906250000000008 0.6265625 0.18906250000000008 0.6265625000000001 0.8859375 0.7500000000000002 0.8859375
5 0.6328125000000001 0.3843750000000001 0.53125 0.3843750000000001 0.5312500000000001 0.859375 0.6328125000000002 0.859375
5 0.5750000000000001 0.17343750000000008 0.365625 0.17343750000000005 0.36562500000000003 0.8375 0.5750000000000002 0.8375
5 0.3921875000000001 0.4375 0.3109375000000001 0.4375 0.3109375000000001 0.8546875 0.3921875000000001 0.8546875
5 0.31562500000000004 0.18437500000000004 0.2125 0.18437500000000004 0.21250000000000005 0.821875 0.3156250000000001 0.821875
5 0.22031250000000005 0.184375 0.10312500000000005 0.184375 0.10312500000000006 0.8484375 0.22031250000000008 0.8484375
5 0.13906250000000006 0.4171875 0.04843750000000006 0.4171875 0.048437500000000085 0.865625 0.1390625000000001 0.865625
5 0.89375 0.4109375000000002 0.85 0.4109375000000002 0.85 0.4593750000000002 0.89375 0.4593750000000002
5 0.7953125 0.20468750000000008 0.746875 0.20468750000000008 0.746875 0.27031250000000007 0.7953125 0.27031250000000007
5 0.725 0.1843750000000001 0.6703125 0.1843750000000001 0.6703125 0.2375000000000001 0.725 0.2375000000000001
5 0.6078125 0.3843750000000001 0.5640625 0.3843750000000001 0.5640625 0.4859375 0.6078125 0.4859375
5 0.5640625 0.16718750000000007 0.428125 0.16718750000000004 0.428125 0.25468750000000007 0.5640625 0.25468750000000007
5 0.3781250000000001 0.4328125 0.3343750000000001 0.4328125 0.3343750000000001 0.4859375 0.3781250000000001 0.4859375
5 0.2828125 0.17812500000000003 0.2390625 0.17812500000000003 0.2390625 0.24375 0.2828125 0.24375
5 0.19531250000000006 0.184375 0.14375000000000004 0.184375 0.14375000000000004 0.2375 0.19531250000000006 0.2375
5 0.11406250000000004 0.4109375 0.06562500000000004 0.4109375 0.06562500000000006 0.459375 0.11406250000000004 0.459375