5 0.3828125000000001 0.75625 0.3078125000000001 0.75625 0.3078125000000001 0.8625 0.3828125000000001 0.8625
5 0.3671875000000001 0.8484375 0.2765625000000001 0.8484375 0.2765625000000001 0.9703125 0.3671875000000001 0.9703125
5 0.27812500000000007 0.8578125 0.1843750000000001 0.8578125 0.18437500000000012 0.9796875 0.27812500000000007 0.9796875
5 0.18437500000000012 0.84375 0.09843750000000011 0.84375 0.09843750000000011 0.95 0.18437500000000012 0.95
5 0.10156250000000011 0.8375 0.007812500000000102 0.8375 0.007812500000000108 0.9390625 0.10156250000000014 0.9390625
5 0.1531250000000001 0.7109375 0.06250000000000008 0.7109375 0.0625000000000001 0.8328125 0.1531250000000001 0.8328125
5 0.22656250000000008 0.7265625 0.14843750000000008 0.7265625 0.14843750000000008 0.8328125 0.22656250000000008 0.8328125
5 0.3046875000000001 0.73125 0.22656250000000008 0.73125 0.22656250000000008 0.8328125 0.3046875000000001 0.8328125
5 0.8859375 0.1515625000000001 0.6953125 0.1515625000000001 0.6953125000000001 0.8125 0.8859375 0.8125
5 0.98125 0.08593750000000011 0.8484375 0.08593750000000011 0.8484375 0.7312500000000002 0.98125 0.7312500000000002
5 0.871875 0.0296875000000001 0.7625 0.02968750000000009 0.7625 0.2640625000000001 0.871875 0.2640625000000001
5 0.784375 0.08125000000000009 0.671875 0.08125000000000009 0.671875 0.3296875000000001 0.784375 0.3296875000000001
5 0.6875000000000001 0.13750000000000007 0.5390625 0.13750000000000004 0.5390625000000001 0.8125 0.6875000000000002 0.8125
5 0.5437500000000001 0.12656250000000005 0.375 0.12656250000000005 0.37500000000000006 0.7875 0.5437500000000002 0.7875
5 0.6171875 0.07656250000000006 0.5046875 0.07656250000000006 0.5046875 0.3140625000000001 0.6171875 0.3140625000000001
5 0.703125 0.010937500000000079 0.59375 0.010937500000000072 0.59375 0.23437500000000008 0.703125 0.23437500000000008
5 0.5390625 0.02031250000000006 0.4296875 0.02031250000000005 0.4296875 0.22812500000000008 0.5390625 0.22812500000000008
5 0.434375 0.06562500000000004 0.325 0.06562500000000004 0.32500000000000007 0.6859375 0.434375 0.6859375