5 0.9609375 1.0993118532971162e-16 0.834375 1.0218146730385728e-16 0.834375 0.878125 0.9609375 0.878125
5 0.8015625 0.0671875000000001 0.66875 0.0671875000000001 0.6687500000000001 0.878125 0.8015625 0.878125
5 0.6359375 0.19531250000000006 0.50625 0.19531250000000006 0.5062500000000001 0.878125 0.6359375000000002 0.878125
5 0.4843750000000001 0.14687500000000003 0.3609375 0.14687500000000003 0.3609375 0.884375 0.48437500000000017 0.884375
5 0.32812500000000006 0.10312500000000005 0.1984375 0.10312500000000005 0.19843750000000004 0.884375 0.3281250000000001 0.884375
5 0.16250000000000003 0.103125 0.03593750000000001 0.103125 0.03593750000000006 0.884375 0.1625000000000001 0.884375
5 0.9546875 1.1012253639207839e-16 0.84375 1.0332957367805792e-16 0.84375 0.1890625000000001 0.9546875 0.18906250000000013
5 0.771875 0.0671875000000001 0.7046875 0.0671875000000001 0.7046875 0.1468750000000001 0.771875 0.1468750000000001
5 0.6078125 0.19531250000000006 0.5421875 0.19531250000000006 0.5421875 0.2796875000000001 0.6078125 0.2796875000000001
5 0.4546875 0.14687500000000003 0.3921875 0.14687500000000003 0.3921875 0.2375000000000001 0.4546875 0.2375000000000001
5 0.2953125 0.10312500000000005 0.234375 0.10312500000000005 0.234375 0.19531250000000006 0.2953125 0.19531250000000006
5 0.1296875 0.09843750000000001 0.07187500000000002 0.0984375 0.07187500000000002 0.1828125 0.12968750000000004 0.1828125