5 0.9453125 0.3343750000000001 0.8265625 0.3343750000000001 0.8265625 0.9453125 0.9453125 0.9453125
5 0.9140625 0.3296875000000001 0.859375 0.3296875000000001 0.859375 0.39531250000000007 0.9140625 0.39531250000000007
5 0.7609375 0.3343750000000001 0.703125 0.3343750000000001 0.703125 0.4562500000000001 0.7609375 0.45625000000000016
5 0.7890625000000001 0.3359375000000001 0.6703125 0.3359375000000001 0.6703125000000001 0.940625 0.7890625000000002 0.940625
5 0.6375000000000001 0.3234375000000001 0.525 0.3234375000000001 0.5250000000000001 0.9453125 0.6375000000000002 0.9453125
5 0.6046875 0.32500000000000007 0.5546875 0.32500000000000007 0.5546875 0.40625 0.6046875 0.40625
5 0.4609375 0.3296875000000001 0.403125 0.3296875000000001 0.403125 0.4234375 0.4609375 0.4234375
5 0.4859375000000001 0.3343750000000001 0.3734375 0.3343750000000001 0.37343750000000003 0.9453125 0.4859375000000002 0.9453125
5 0.2828125 0.3359375 0.23125 0.3359375 0.23125000000000004 0.40625 0.2828125000000001 0.40625
5 0.31875000000000003 0.334375 0.203125 0.334375 0.20312500000000006 0.934375 0.3187500000000001 0.934375
5 0.12656250000000005 0.325 0.07656250000000005 0.325 0.07656250000000005 0.41875 0.12656250000000005 0.41875
5 0.1593750000000001 0.325 0.04687500000000004 0.325 0.046875000000000076 0.940625 0.15937500000000013 0.940625