5 0.41718750000000016 0.80625 0.3531250000000001 0.80625 0.3531250000000001 0.890625 0.41718750000000016 0.890625
5 0.3531250000000001 0.8046875 0.2968750000000001 0.8046875 0.2968750000000001 0.86875 0.3531250000000001 0.86875
5 0.29375000000000007 0.80625 0.2218750000000001 0.80625 0.2218750000000001 0.890625 0.29375000000000007 0.890625
5 0.2328125000000001 0.8375 0.1921875000000001 0.8375 0.1921875000000001 0.8734375 0.2328125000000001 0.8734375
5 0.9671875 0.4625000000000002 0.734375 0.4625000000000002 0.7343750000000001 0.9109375 0.9671875 0.9109375
5 0.871875 0.6000000000000001 0.421875 0.6 0.4218750000000001 0.8796875 0.871875 0.8796875
5 0.7328125000000001 0.5468750000000001 0.4140625 0.546875 0.4140625000000001 0.784375 0.7328125000000002 0.7843750000000002
5 0.853125 0.04218750000000009 0.7140625 0.042187500000000086 0.7140625 0.6734375000000001 0.853125 0.6734375000000001
5 0.5218750000000001 0.08437500000000006 0.3984375 0.08437500000000005 0.39843750000000006 0.778125 0.5218750000000002 0.778125
5 0.4062500000000001 0.05781250000000003 0.2515625 0.057812500000000024 0.2515625 0.8046875 0.40625000000000017 0.8046875
5 0.275 0.03281250000000002 0.09375 0.03281250000000001 0.09375000000000006 0.8640625 0.2750000000000001 0.8640625