5 0.9765625 0.8390625 0.89375 0.8390625 0.89375 0.99375 0.9765625 0.99375
5 0.996875 0.6484375000000002 0.9265625 0.6484375000000002 0.9265625 0.99375 0.996875 0.99375
5 0.9703125 0.6421875000000001 0.9296875 0.6421875000000001 0.9296875 0.6968750000000001 0.9703125 0.6968750000000001
5 0.996875 0.5890625000000002 0.909375 0.5890625000000002 0.909375 0.7437500000000001 0.996875 0.7437500000000001
5 0.8796875 0.5953125000000001 0.8328125 0.5953125000000001 0.8328125 0.6671875000000002 0.8796875 0.6671875000000002
5 0.996875 0.5234375000000002 0.946875 0.5234375000000002 0.946875 0.6312500000000002 0.996875 0.6312500000000002
5 0.996875 0.4234375000000002 0.9328125 0.4234375000000002 0.9328125 0.5296875000000002 0.996875 0.5296875000000002
5 0.990625 0.30937500000000007 0.953125 0.30937500000000007 0.953125 0.4109375000000002 0.990625 0.4109375000000002
5 0.996875 0.15000000000000013 0.9203125 0.15000000000000013 0.9203125 0.3343750000000001 0.996875 0.3343750000000001
5 0.996875 0.017187500000000116 0.9234375 0.017187500000000112 0.9234375 0.19687500000000013 0.996875 0.19687500000000013
5 0.9296875 0.017187500000000112 0.85625 0.017187500000000105 0.85625 0.22031250000000008 0.9296875 0.22031250000000008
5 0.9359375 0.22656250000000008 0.8734375 0.22656250000000008 0.8734375 0.3218750000000001 0.9359375 0.3218750000000001
5 0.946875 0.2796875000000001 0.8796875 0.2796875000000001 0.8796875 0.4343750000000002 0.946875 0.4343750000000002
5 0.9171875 0.3750000000000001 0.8359375 0.3750000000000001 0.8359375 0.4937500000000002 0.9171875 0.4937500000000002
5 0.946875 0.4890625000000002 0.853125 0.4890625000000002 0.853125 0.6140625000000002 0.946875 0.6140625000000002
5 0.9140625 0.6125000000000002 0.8171875 0.6125000000000002 0.8171875 0.7203125000000001 0.9140625 0.7203125000000001
5 0.9203125 0.7031250000000002 0.8125 0.7031250000000002 0.8125 0.9234375 0.9203125 0.9234375
5 0.9375 0.7203125000000001 0.89375 0.7203125000000001 0.89375 0.803125 0.9375 0.803125
5 0.8921875 0.88125 0.80625 0.88125 0.80625 0.99375 0.8921875 0.99375
5 0.8359375 0.953125 0.7765625000000002 0.953125 0.7765625000000002 0.99375 0.8359375 0.99375
5 0.85 0.7328125000000001 0.6890625000000001 0.7328125 0.6890625000000001 0.99375 0.85 0.99375
5 0.81875 0.4765625000000001 0.665625 0.4765625 0.665625 0.6375000000000001 0.81875 0.6375000000000002
5 0.7625000000000001 0.6078125000000001 0.525 0.6078125 0.5250000000000001 0.803125 0.7625000000000002 0.803125
5 0.815625 0.6250000000000002 0.753125 0.6250000000000002 0.753125 0.7375000000000002 0.815625 0.7375000000000002
5 0.8703125 0.3390625000000001 0.6953125 0.3390625000000001 0.6953125 0.6078125000000001 0.8703125 0.6078125000000002
5 0.903125 0.22656250000000008 0.6625 0.22656250000000008 0.6625 0.4937500000000001 0.903125 0.4937500000000002
5 0.8625 8.409879191019715e-17 0.5109375 6.257179739393508e-17 0.5109375 0.3031250000000001 0.8625 0.3031250000000001
5 0.9109375 9.577120671457036e-17 0.653125 7.99847440693115e-17 0.653125 0.22656250000000008 0.9109375 0.22656250000000008
5 0.8734375 1.0103336092965665e-16 0.7765625 9.510147799628666e-17 0.7765625 0.04218750000000011 0.8734375 0.042187500000000114
5 0.5390625 0.012500000000000063 0.5078125 0.012500000000000061 0.5078125 0.08281250000000007 0.5390625 0.08281250000000007
5 0.709375 0.3921875000000001 0.6625 0.3921875000000001 0.6625 0.4765625 0.709375 0.4765625
5 0.6328125 0.428125 0.5984375 0.428125 0.5984375 0.5125 0.6328125 0.5125
5 0.66875 0.559375 0.621875 0.559375 0.621875 0.63125 0.66875 0.63125
5 0.665625 0.5 0.5625 0.5 0.5625 0.6546875 0.665625 0.6546875
5 0.6328125 0.4234375 0.32500000000000007 0.4234375 0.32500000000000007 0.696875 0.6328125 0.696875
5 0.70625 0.3812500000000001 0.625 0.3812500000000001 0.625 0.5296875 0.70625 0.5296875
5 0.8203125 0.3343750000000001 0.6734375 0.3343750000000001 0.6734375 0.48906250000000007 0.8203125 0.4890625000000002
5 0.60625 0.3578125000000001 0.5625 0.3578125000000001 0.5625 0.434375 0.60625 0.434375
5 0.609375 0.33281250000000007 0.4109375 0.33281250000000007 0.4109375 0.4765625 0.609375 0.4765625
5 0.459375 0.35625000000000007 0.31875 0.35625 0.31875000000000003 0.5359375 0.459375 0.5359375
5 0.465625 0.4171875 0.421875 0.4171875 0.421875 0.5 0.465625 0.5
5 0.665625 0.18437500000000007 0.4578125 0.18437500000000004 0.4578125 0.3687500000000001 0.665625 0.3687500000000001
5 0.7015625 0.08906250000000007 0.521875 0.08906250000000007 0.521875 0.2921875000000001 0.7015625 0.2921875000000001
5 0.17031250000000012 0.828125 1.0141606305439018e-16 0.828125 1.115576693598292e-16 0.99375 0.17031250000000014 0.99375
5 0.2671875000000001 0.934375 0.17031250000000014 0.934375 0.17031250000000014 0.99375 0.2671875000000001 0.99375
5 0.3218750000000001 0.7390625 0.2312500000000001 0.7390625 0.2312500000000001 0.9953125 0.3218750000000001 0.9953125
5 0.3750000000000001 0.940625 0.30156250000000007 0.940625 0.30156250000000007 0.99375 0.3750000000000001 0.99375
5 0.4015625000000001 0.696875 0.3140625000000001 0.696875 0.3140625000000001 0.9703125 0.40156250000000016 0.9703125
5 0.48437500000000017 0.8515625 0.3812500000000001 0.8515625 0.3812500000000001 0.99375 0.48437500000000017 0.99375
5 0.5625000000000002 0.9171875 0.4750000000000002 0.9171875 0.4750000000000002 0.99375 0.5625000000000002 0.99375
5 0.6218750000000002 0.9109375 0.5828125000000002 0.9109375 0.5828125000000002 0.99375 0.6218750000000002 0.99375
5 0.6515625000000002 0.953125 0.5953125000000001 0.953125 0.5953125000000001 0.99375 0.6515625000000002 0.99375
5 0.6390625000000001 0.709375 0.4984375 0.709375 0.4984375000000001 0.9 0.6390625000000002 0.9
5 0.6953125000000002 0.7984375 0.6218750000000002 0.7984375 0.6218750000000002 0.99375 0.6953125000000002 0.99375
5 0.7593750000000001 0.7921875 0.6656250000000001 0.7921875 0.6656250000000001 0.89375 0.7593750000000001 0.89375
5 0.5828125000000001 0.696875 0.41875 0.696875 0.41875000000000007 0.99375 0.5828125000000002 0.99375
5 0.565625 0.571875 0.27812500000000007 0.571875 0.27812500000000007 0.7796875 0.5656250000000002 0.7796875
5 0.2078125000000001 0.5484375 0.07343750000000007 0.5484375 0.07343750000000009 0.959375 0.2078125000000001 0.959375
5 0.1437500000000001 0.6125 0.0031250000000000748 0.6125 0.003125000000000087 0.809375 0.1437500000000001 0.809375
5 0.15781250000000008 0.4640625 0.10468750000000004 0.4640625 0.10468750000000007 0.5828125 0.15781250000000008 0.5828125
5 0.07968750000000005 0.446875 0.026562500000000055 0.446875 0.026562500000000062 0.5234375 0.07968750000000006 0.5234375
5 0.2515625 0.2015625 0.2078125 0.2015625 0.2078125 0.2859375 0.2515625 0.2859375
5 0.05781250000000001 0.035937500000000004 0.03125 0.0359375 0.03125000000000001 0.125 0.057812500000000024 0.125
5 0.0828125 7.749718025854345e-18 0.04375 5.35782974626967e-18 0.043750000000000004 0.065625 0.0828125 0.065625
5 0.1640625 0.05312500000000002 0.09375 0.05312500000000002 0.09375000000000001 0.1546875 0.1640625 0.1546875
5 0.3375 0.16718750000000004 0.290625 0.16718750000000004 0.290625 0.2375 0.3375 0.2375
5 0.41875 4.8411818778793805e-17 0.371875 4.55415528432922e-17 0.371875 0.07812500000000004 0.41875 0.07812500000000004
5 0.2609375000000001 0.4765625 5.836207402186604e-17 0.4765625 7.003448882623926e-17 0.6671875 0.2609375000000001 0.6671875
5 0.3609375 0.328125 0.2375 0.328125 0.23750000000000004 0.5546875 0.3609375000000001 0.5546875
5 0.39843750000000006 0.25000000000000006 0.321875 0.25 0.321875 0.38125000000000003 0.3984375000000001 0.3812500000000001
5 0.4484375 0.2390625000000001 0.3953125 0.2390625000000001 0.39531250000000007 0.3703125000000001 0.4484375 0.3703125000000001
5 0.5046875 5.94145048648833e-17 0.465625 5.702261658529863e-17 0.465625 0.02343750000000006 0.5046875 0.023437500000000062
5 0.515625 0.012500000000000053 0.340625 0.012500000000000044 0.340625 0.33906250000000004 0.515625 0.3390625000000001
5 0.3953125 0.012500000000000042 0.2640625 0.012500000000000034 0.2640625 0.19062500000000004 0.3953125 0.19062500000000004
5 0.3375 3.358211144536883e-17 0.2109375 2.583239341951448e-17 0.2109375 0.24375 0.3375 0.24375
5 0.2640625 2.5641042357147705e-17 0.1546875 1.894375517431062e-17 0.15468750000000003 0.2859375 0.2640625 0.2859375
5 0.21093750000000006 0.23125 0.026562500000000034 0.23125 0.02656250000000005 0.5359375 0.21093750000000008 0.5359375
5 0.17031250000000003 0.1546875 1.894375517431062e-17 0.1546875 3.386913803891899e-17 0.3984375 0.17031250000000003 0.3984375
5 0.08125000000000002 0.1140625 0.004687500000000014 0.1140625 0.0046875000000000215 0.2390625 0.08125000000000002 0.2390625
5 0.2109375 1.3968627552774498e-17 0.0171875 2.1048616860345133e-18 0.01718750000000001 0.13125000000000003 0.2109375 0.13125000000000003
5 0.37500000000000006 0.23281250000000003 0.19062500000000004 0.2328125 0.19062500000000004 0.428125 0.3750000000000001 0.428125
5 0.2312500000000001 0.38125 0.13750000000000004 0.38125 0.13750000000000004 0.50625 0.2312500000000001 0.50625
5 0.996875 6.104098889500089e-17 0 0 6.084963783263412e-17 0.99375 0.996875 0.99375