5 0.996875 0.8359375 0.8078125 0.8359375 0.8078125 0.953125 0.996875 0.953125
5 0.996875 0.9421875 0.8171875 0.9421875 0.8171875 0.9953125 0.996875 0.9953125
5 0.996875 0.803125 0.9078125 0.803125 0.9078125 0.8296875 0.996875 0.8296875
5 0.9953125 0.6906250000000002 0.9484375 0.6906250000000002 0.9484375 0.8140625 0.9953125 0.8140625
5 0.9203125 0.7500000000000002 0.8234375 0.7500000000000002 0.8234375 0.8453125 0.9203125 0.8453125
5 0.828125 0.925 0.6953125000000002 0.925 0.6953125000000002 0.9953125 0.828125 0.9953125
5 0.815625 0.809375 0.6203125000000002 0.809375 0.6203125000000002 0.9953125 0.815625 0.9953125
5 0.884375 0.3359375000000001 0.7 0.3359375000000001 0.7000000000000001 0.7937500000000001 0.884375 0.7937500000000002
5 0.996875 0.42500000000000016 0.9046875 0.42500000000000016 0.9046875 0.7343750000000002 0.996875 0.7343750000000002
5 0.9953125 0.6171875000000002 0.884375 0.6171875000000002 0.884375 0.7343750000000002 0.9953125 0.7343750000000002
5 0.940625 0.46406250000000016 0.84375 0.46406250000000016 0.84375 0.7031250000000002 0.940625 0.7031250000000002
5 0.8875 0.1593750000000001 0.7203125 0.1593750000000001 0.7203125 0.5484375000000001 0.8875 0.5484375000000001
5 0.996875 0.3031250000000001 0.86875 0.3031250000000001 0.86875 0.4578125000000002 0.996875 0.4578125000000002
5 0.996875 0.25468750000000007 0.8171875 0.25468750000000007 0.8171875 0.3671875000000001 0.996875 0.3671875000000001
5 0.996875 0.042187500000000114 0.840625 0.0421875000000001 0.840625 0.2500000000000001 0.996875 0.2500000000000001
5 0.971875 1.036166002716081e-16 0.7203125 8.82128397510828e-17 0.7203125 0.1656250000000001 0.971875 0.16562500000000013
5 0.996875 0.03281250000000011 0.8609375 0.0328125000000001 0.8609375 0.30937500000000007 0.996875 0.30937500000000007
5 0.7890625 8.438581850374731e-17 0.5890625 7.213935051227377e-17 0.5890625 0.2500000000000001 0.7890625 0.2500000000000001
5 0.7609375 0.2078125000000001 0.625 0.2078125000000001 0.625 0.5484375000000001 0.7609375 0.5484375000000001
5 0.7359375000000001 0.5375000000000001 0.6125 0.5375 0.6125 0.946875 0.7359375000000001 0.946875
5 0.6640625000000001 0.56875 0.5078125 0.56875 0.5078125000000001 0.9953125 0.6640625000000002 0.9953125
5 0.5000000000000002 0.9046875 0.37968750000000007 0.9046875 0.37968750000000007 0.9953125 0.5000000000000002 0.9953125
5 0.5515625000000001 0.6171875 0.4203125 0.6171875 0.4203125000000001 0.946875 0.5515625000000002 0.946875
5 0.55625 0.2609375000000001 0.403125 0.2609375000000001 0.403125 0.6328125 0.55625 0.6328125
5 0.6484375 0.21250000000000008 0.471875 0.21250000000000008 0.471875 0.6125 0.6484375 0.6125
5 0.6359375 0.10625000000000007 0.5125 0.10625000000000004 0.5125 0.425 0.6359375 0.425
5 0.625 6.993881329505588e-17 0.5171875 6.333720164340217e-17 0.5171875 0.07968750000000006 0.625 0.07968750000000006
5 0.571875 0.03281250000000005 0.24375 0.032812500000000036 0.24375 0.32500000000000007 0.571875 0.32500000000000007
5 0.496875 0.17031250000000003 0.24375 0.17031250000000003 0.24375000000000005 0.39375000000000004 0.496875 0.3937500000000001
5 0.19687500000000002 0.05312500000000001 0.004687500000000007 0.053125 0.004687500000000023 0.325 0.19687500000000005 0.325
5 0.2875 2.152699451626207e-17 0.0640625 7.845393557037732e-18 0.06406250000000001 0.2390625 0.2875 0.2390625
5 0.259375 2.659779766898158e-17 0.175 2.143131898507868e-17 0.175 0.08437500000000002 0.259375 0.08437500000000002
5 0.353125 3.7122106099154144e-17 0.253125 3.099887210341738e-17 0.253125 0.07968750000000004 0.353125 0.07968750000000005
5 0.3609375 0.059375000000000046 0.2765625 0.059375000000000046 0.2765625 0.19218750000000004 0.3609375 0.19218750000000004
5 0.1046875 6.410260589286926e-18 0 0 6.218909526920153e-18 0.1015625 0.1046875 0.1015625
5 0.08750000000000001 0.0734375 8.993499931238374e-18 0.0734375 2.1048616860345134e-17 0.2703125 0.08750000000000002 0.2703125
5 0.24375 0.21875 0.10781250000000005 0.21875 0.10781250000000005 0.2921875 0.24375 0.2921875
5 0.24843750000000003 0.2765625 0.04375000000000003 0.2765625 0.043750000000000046 0.415625 0.2484375000000001 0.415625
5 0.04843750000000004 0.303125 3.7122106099154144e-17 0.303125 4.496749965619188e-17 0.43125 0.04843750000000006 0.43125
5 0.17968750000000008 0.43125 5.281289321322961e-17 0.43125 8.505554722203101e-17 0.9578125 0.17968750000000014 0.9578125
5 0.1640625000000001 0.8671875 0.0046875000000001065 0.8671875 0.004687500000000114 0.99375 0.16406250000000014 0.99375
5 0.4843750000000001 0.6390625 0.15625000000000008 0.6390625 0.1562500000000001 0.9421875 0.48437500000000017 0.9421875
5 0.38750000000000007 0.8140625 0.2640625000000001 0.8140625 0.2640625000000001 0.99375 0.38750000000000007 0.99375
5 0.2875000000000001 0.85625 0.16406250000000008 0.85625 0.1640625000000001 0.9953125 0.2875000000000001 0.9953125
5 0.2765625000000001 0.4421875 0.07968750000000005 0.4421875 0.07968750000000006 0.75625 0.2765625000000001 0.75625
5 0.4484375 0.4203125 0.2000000000000001 0.4203125 0.2000000000000001 0.64375 0.4484375 0.64375
5 0.4921875 0.18125000000000005 0.2515625 0.18125000000000005 0.2515625 0.4421875 0.4921875 0.4421875
5 0.18437500000000012 0.5796875 0.07656250000000006 0.5796875 0.07656250000000009 0.9578125 0.18437500000000012 0.9578125
5 0.9953125 6.09453133638175e-17 0 0 6.084963783263412e-17 0.99375 0.9953125 0.99375