5 0.8953125 0.4265625000000002 0.8 0.4265625000000002 0.8 0.803125 0.8953125 0.803125
5 0.9171875 0.3656250000000001 0.8625 0.3656250000000001 0.8625 0.7593750000000001 0.9171875 0.7593750000000001
5 0.934375 0.3546875000000001 0.884375 0.3546875000000001 0.884375 0.7593750000000001 0.934375 0.7593750000000001
5 0.915625 0.3500000000000001 0.8875 0.3500000000000001 0.8875 0.3984375000000001 0.915625 0.3984375000000001
5 0.8984375 0.37187500000000007 0.86875 0.37187500000000007 0.86875 0.4046875000000002 0.8984375 0.4046875000000002
5 0.86875 0.4265625000000002 0.8296875 0.4265625000000002 0.8296875 0.4593750000000002 0.86875 0.4593750000000002
5 0.840625 0.3453125000000001 0.7921875 0.3453125000000001 0.7921875 0.4437500000000002 0.840625 0.4437500000000002
5 0.8140625 0.3609375000000001 0.7671875 0.3609375000000001 0.7671875 0.4421875000000002 0.8140625 0.4421875000000002
5 0.8328125 0.4265625000000002 0.7375 0.4265625000000002 0.7375 0.7812500000000002 0.8328125 0.7812500000000002
5 0.7421875000000001 0.4375000000000001 0.6578125 0.4375 0.6578125000000001 0.7812500000000001 0.7421875000000002 0.7812500000000002
5 0.7015625 0.4 0.6578125 0.4 0.6578125 0.4984375 0.7015625 0.4984375
5 0.7484375 0.3453125000000001 0.6875 0.3453125000000001 0.6875 0.4875000000000001 0.7484375 0.48750000000000016
5 0.6578125 0.3390625000000001 0.596875 0.3390625000000001 0.596875 0.4859375 0.6578125 0.4859375
5 0.6625000000000001 0.409375 0.5859375 0.409375 0.5859375000000001 0.7765625 0.6625000000000002 0.7765625
5 0.5937500000000001 0.4375 0.5171875 0.4375 0.5171875000000001 0.8140625 0.5937500000000002 0.8140625
5 0.578125 0.4375 0.5265625 0.4375 0.5265625 0.4859375 0.578125 0.4859375
5 0.640625 0.415625 0.596875 0.415625 0.596875 0.4703125 0.640625 0.4703125
5 0.7015625 0.4046875 0.665625 0.4046875 0.665625 0.453125 0.7015625 0.453125
5 0.7265625 0.4328125000000001 0.6765625 0.4328125 0.6765625 0.4875000000000001 0.7265625 0.48750000000000016
5 0.73125 0.3390625000000001 0.69375 0.3390625000000001 0.69375 0.3828125000000001 0.73125 0.3828125000000001
5 0.8 0.3656250000000001 0.7671875 0.3656250000000001 0.7671875 0.4046875000000002 0.8 0.4046875000000002
5 0.825 0.3437500000000001 0.7890625 0.3437500000000001 0.7890625 0.3828125000000001 0.825 0.3828125000000001
5 0.640625 0.3390625000000001 0.6078125 0.3390625000000001 0.6078125 0.3765625000000001 0.640625 0.3765625000000001
5 0.6109375 0.37187500000000007 0.5703125 0.37187500000000007 0.5703125 0.453125 0.6109375 0.453125
5 0.61875 0.3671875000000001 0.5703125 0.3671875000000001 0.5703125 0.4875 0.61875 0.4875
5 0.5703125 0.38750000000000007 0.534375 0.38750000000000007 0.534375 0.4265625 0.5703125 0.4265625
5 0.5671875 0.31718750000000007 0.53125 0.31718750000000007 0.53125 0.3609375000000001 0.5671875 0.3609375000000001
5 0.575 0.3125000000000001 0.5265625 0.3125000000000001 0.5265625 0.3890625000000001 0.575 0.3890625000000001
5 0.5390625 0.3500000000000001 0.490625 0.3500000000000001 0.490625 0.4859375 0.5390625 0.4859375
5 0.5046875 0.48125 0.465625 0.48125 0.465625 0.5359375 0.5046875 0.5359375
5 0.5156250000000001 0.4859375 0.44375 0.4859375 0.4437500000000001 0.7921875 0.5156250000000002 0.7921875
5 0.5046875 0.3500000000000001 0.44375 0.3500000000000001 0.44375 0.715625 0.5046875 0.715625
5 0.490625 0.3500000000000001 0.4625 0.3500000000000001 0.4625 0.3937500000000001 0.490625 0.3937500000000001
5 0.4843750000000001 0.31718750000000007 0.4 0.31718750000000007 0.4000000000000001 0.765625 0.48437500000000017 0.765625
5 0.46875 0.3218750000000001 0.4078125 0.3218750000000001 0.4078125 0.459375 0.46875 0.459375
5 0.4546875 0.2140625000000001 0.41875 0.2140625000000001 0.41875 0.2578125000000001 0.4546875 0.2578125000000001
5 0.3453125 0.19218750000000004 0.3015625 0.19218750000000004 0.3015625 0.2359375 0.3453125 0.2359375
5 0.240625 0.19687500000000005 0.19687500000000005 0.19687500000000005 0.19687500000000005 0.240625 0.240625 0.240625
5 0.14218750000000005 0.2078125 0.09375000000000003 0.2078125 0.09375000000000003 0.25625 0.14218750000000005 0.25625
5 0.14531250000000004 0.409375 0.08750000000000005 0.409375 0.08750000000000005 0.503125 0.14531250000000004 0.503125
5 0.19687500000000005 0.4046875 0.15312500000000004 0.4046875 0.15312500000000004 0.4421875 0.19687500000000005 0.4421875
5 0.2000000000000001 0.5140625 0.16406250000000006 0.5140625 0.16406250000000006 0.56875 0.2000000000000001 0.56875
5 0.2796875000000001 0.546875 0.2406250000000001 0.546875 0.2406250000000001 0.60625 0.2796875000000001 0.60625
5 0.32343750000000004 0.3390625 0.2796875 0.3390625 0.27968750000000003 0.3828125 0.3234375000000001 0.3828125
5 0.421875 0.4265625 0.3859375000000001 0.4265625 0.3859375000000001 0.475 0.421875 0.475
5 0.4437500000000001 0.43125 0.3671875000000001 0.43125 0.3671875000000001 0.7765625 0.4437500000000002 0.7765625
5 0.37812500000000004 0.33906250000000004 0.221875 0.3390625 0.22187500000000004 0.7765625 0.3781250000000001 0.7765625
5 0.2984375000000001 0.546875 0.2250000000000001 0.546875 0.2250000000000001 0.7875 0.2984375000000001 0.7875
5 0.2140625000000001 0.51875 0.15625000000000006 0.51875 0.15625000000000006 0.78125 0.2140625000000001 0.78125
5 0.21093750000000008 0.409375 0.14843750000000006 0.409375 0.14843750000000006 0.78125 0.21093750000000008 0.78125
5 0.15312500000000007 0.4203125 0.08437500000000005 0.4203125 0.08437500000000006 0.765625 0.1531250000000001 0.765625
5 0.16718750000000007 0.2125 0.06875000000000002 0.2125 0.06875000000000006 0.7109375 0.1671875000000001 0.7109375
5 0.26562500000000006 0.19687500000000002 0.16718750000000004 0.196875 0.16718750000000004 0.4859375 0.2656250000000001 0.4859375
5 0.37500000000000006 0.19687500000000005 0.2765625 0.19687500000000005 0.27656250000000004 0.4265625 0.3750000000000001 0.4265625
5 0.4875 0.21875000000000008 0.378125 0.21875000000000008 0.37812500000000004 0.4265625 0.4875 0.4265625