5 0.9734375 0.3906250000000001 0.7859375 0.3906250000000001 0.7859375000000001 0.8625 0.9734375 0.8625
5 0.8140625 0.5296875000000001 0.725 0.5296875 0.7250000000000001 0.853125 0.8140625 0.853125
5 0.7296875 0.5203125000000001 0.6265625 0.5203125 0.6265625000000001 0.8578125 0.7296875000000002 0.8578125
5 0.7109375 0.525 0.6484375 0.525 0.6484375 0.5609375 0.7109375 0.5609375
5 0.7859375 0.5250000000000001 0.7421875 0.5250000000000001 0.7421875 0.5562500000000001 0.7859375 0.5562500000000001
5 0.915625 0.3906250000000001 0.83125 0.3906250000000001 0.83125 0.4359375000000002 0.915625 0.4359375000000002
5 0.578125 0.2812500000000001 0.484375 0.2812500000000001 0.484375 0.3343750000000001 0.578125 0.3343750000000001
5 0.6890625 0.02656250000000008 0.5828125 0.026562500000000065 0.5828125 0.08906250000000007 0.6890625 0.08906250000000009
5 0.359375 0.10156250000000004 0.2359375 0.10156250000000004 0.2359375 0.17343750000000005 0.359375 0.17343750000000005
5 0.19531250000000006 0.271875 0.09843750000000002 0.271875 0.09843750000000004 0.3375 0.19531250000000006 0.3375
5 0.3734375 0.30625 0.30625 0.30625 0.30625 0.35625000000000007 0.3734375 0.35625000000000007
5 0.8125 0.031250000000000076 0.4625 0.031250000000000056 0.4625000000000001 0.7953125000000001 0.8125 0.7953125000000002
5 0.6984375 0.2765625000000001 0.4140625 0.2765625000000001 0.4140625000000001 0.85 0.6984375000000002 0.85
5 0.4218750000000001 0.30781250000000004 0.2625 0.3078125 0.26250000000000007 0.85 0.42187500000000017 0.85
5 0.27968750000000003 0.275 0.031250000000000035 0.275 0.03125000000000007 0.8625 0.2796875000000001 0.8625
5 0.4578125 0.11093750000000005 0.1859375 0.11093750000000005 0.18593750000000003 0.4671875 0.4578125 0.4671875