5 0.9609375 0.8578125 0.7734375000000002 0.8578125 0.7734375000000002 0.99375 0.9609375 0.99375
5 0.996875 0.7796875000000002 0.94375 0.7796875000000002 0.94375 0.99375 0.996875 0.99375
5 0.98125 0.809375 0.890625 0.809375 0.890625 0.9234375 0.98125 0.9234375
5 0.9296875 0.6421875000000001 0.7359375 0.6421875000000001 0.7359375000000001 0.815625 0.9296875 0.815625
5 0.9296875 0.7562500000000002 0.909375 0.7562500000000002 0.909375 0.7968750000000002 0.9296875 0.7968750000000002
5 0.859375 0.6312500000000002 0.8234375 0.6312500000000002 0.8234375 0.6968750000000001 0.859375 0.6968750000000001
5 0.8875 0.6078125000000002 0.84375 0.6078125000000002 0.84375 0.6781250000000002 0.8875 0.6781250000000002
5 0.9859375 0.6484375000000002 0.8796875 0.6484375000000002 0.8796875 0.7328125000000002 0.9859375 0.7328125000000002
5 0.984375 0.6968750000000001 0.9640625 0.6968750000000001 0.9640625 0.7265625000000002 0.984375 0.7265625000000002
5 0.8796875 0.3453125000000001 0.815625 0.3453125000000001 0.815625 0.5125000000000002 0.8796875 0.5125000000000002
5 0.81875 0.38750000000000007 0.75625 0.38750000000000007 0.75625 0.5187500000000002 0.81875 0.5187500000000002
5 0.7765625 0.5062500000000002 0.7265625 0.5062500000000002 0.7265625 0.6312500000000002 0.7765625 0.6312500000000002
5 0.7765625 0.3984375000000001 0.709375 0.3984375000000001 0.709375 0.4937500000000001 0.7765625 0.4937500000000002
5 0.7953125 0.30937500000000007 0.6890625 0.30937500000000007 0.6890625 0.41093750000000007 0.7953125 0.4109375000000002
5 0.7359375 0.36406250000000007 0.6890625 0.36406250000000007 0.6890625 0.4531250000000001 0.7359375 0.45312500000000017
5 0.6921875 0.2562500000000001 0.6125 0.2562500000000001 0.6125 0.4875 0.6921875 0.4875
5 0.715625 0.4234375 0.5890625 0.4234375 0.5890625 0.571875 0.715625 0.571875
5 0.7265625 0.5296875000000001 0.6921875 0.5296875 0.6921875 0.565625 0.7265625 0.5656250000000002
5 0.6765625000000001 0.7140625 0.65 0.7140625 0.6500000000000001 0.76875 0.6765625000000002 0.76875
5 0.7500000000000002 0.9171875 0.7234375000000002 0.9171875 0.7234375000000002 0.9703125 0.7500000000000002 0.9703125
5 0.7328125000000002 0.9703125 0.7093750000000002 0.9703125 0.7093750000000002 0.99375 0.7328125000000002 0.99375
5 0.7296875000000002 0.953125 0.6656250000000001 0.953125 0.6656250000000001 0.99375 0.7296875000000002 0.99375
5 0.7500000000000001 0.6484375000000001 0.4890625 0.6484375 0.48906250000000007 0.9640625 0.7500000000000002 0.9640625
5 0.4281250000000001 0.684375 0.16406250000000008 0.684375 0.16406250000000008 0.8625 0.4281250000000002 0.8625
5 0.4109375 0.5546875 0.20468750000000008 0.5546875 0.20468750000000008 0.703125 0.4109375 0.703125
5 0.425 0.6609375 0.38750000000000007 0.6609375 0.38750000000000007 0.7078125 0.425 0.7078125
5 0.4921875000000001 0.51875 0.3281250000000001 0.51875 0.3281250000000001 0.809375 0.49218750000000017 0.809375
5 0.1968750000000001 0.88125 0.1703125000000001 0.88125 0.17031250000000012 0.928125 0.19687500000000013 0.928125
5 0.34843750000000007 0.88125 0.1671875000000001 0.88125 0.1671875000000001 0.99375 0.34843750000000007 0.99375
5 0.1984375000000001 0.8328125 0.1750000000000001 0.8328125 0.1750000000000001 0.88125 0.1984375000000001 0.88125
5 0.3109375000000001 0.828125 0.1781250000000001 0.828125 0.17812500000000012 0.9234375 0.3109375000000001 0.9234375
5 0.37187500000000007 0.75 0.2312500000000001 0.75 0.2312500000000001 0.946875 0.37187500000000007 0.946875
5 0.4281250000000002 0.8984375 0.3515625000000001 0.8984375 0.3515625000000001 0.99375 0.4281250000000002 0.99375
5 0.1296875000000001 0.7375 9.031770143711729e-17 0.7375 1.0017228114900615e-16 0.8984375 0.1296875000000001 0.8984375
5 0.18125000000000008 0.61875 7.577502069724248e-17 0.61875 8.524689828439779e-17 0.7734375 0.18125000000000008 0.7734375
5 0.20468750000000008 0.5421875 0.07343750000000007 0.5421875 0.07343750000000007 0.7078125 0.20468750000000008 0.7078125
5 0.3046875000000001 0.4234375 0.16406250000000006 0.4234375 0.16406250000000006 0.61875 0.3046875000000001 0.61875
5 0.3750000000000001 0.4171875 0.3046875000000001 0.4171875 0.3046875000000001 0.5421875 0.3750000000000001 0.5421875
5 0.39843750000000006 0.3390625000000001 0.371875 0.3390625000000001 0.37187500000000007 0.3687500000000001 0.3984375000000001 0.3687500000000001
5 0.41875 0.3453125000000001 0.371875 0.3453125000000001 0.37187500000000007 0.428125 0.41875 0.428125
5 0.56875 0.3453125000000001 0.384375 0.3453125000000001 0.384375 0.5171875 0.56875 0.5171875
5 0.6125 0.3343750000000001 0.5421875 0.3343750000000001 0.5421875 0.4234375 0.6125 0.4234375
5 0.5828125 0.4296875 0.5359375 0.4296875 0.5359375 0.51875 0.5828125 0.51875
5 0.5546875 0.4828125 0.5390625 0.4828125 0.5390625 0.51875 0.5546875 0.51875
5 0.5046875 0.49375 0.39531250000000007 0.49375 0.39531250000000007 0.571875 0.5046875 0.571875
5 0.34843750000000007 0.334375 0.2515625 0.334375 0.2515625 0.453125 0.34843750000000007 0.453125
5 0.378125 0.10156250000000004 0.190625 0.10156250000000004 0.19062500000000002 0.32812500000000006 0.378125 0.3281250000000001
5 0.38125 0.26875000000000004 0.340625 0.26875 0.340625 0.33437500000000003 0.38125 0.3343750000000001
5 0.421875 0.08906250000000003 0.246875 0.08906250000000002 0.246875 0.26250000000000007 0.421875 0.26250000000000007
5 0.41875 0.17812500000000003 0.3984375 0.17812500000000003 0.3984375 0.24375000000000008 0.41875 0.24375000000000008
5 0.4625 0.05468750000000004 0.228125 0.05468750000000002 0.228125 0.17343750000000005 0.4625 0.17343750000000005
5 0.51875 0.17343750000000005 0.3953125 0.17343750000000005 0.3953125 0.2796875000000001 0.51875 0.2796875000000001
5 0.6421875 0.09531250000000008 0.475 0.09531250000000006 0.475 0.2078125000000001 0.6421875 0.2078125000000001
5 0.61875 0.2328125000000001 0.4453125 0.2328125000000001 0.4453125 0.36406250000000007 0.61875 0.36406250000000007
5 0.515625 0.30937500000000007 0.3015625 0.309375 0.30156250000000007 0.4109375 0.515625 0.4109375
5 0.17031250000000006 0.4765625 0.06406250000000006 0.4765625 0.06406250000000006 0.578125 0.1703125000000001 0.578125
5 0.18750000000000006 0.3984375 0.09375000000000004 0.3984375 0.09375000000000006 0.4828125 0.18750000000000006 0.4828125
5 0.25781250000000006 0.321875 0.19687500000000005 0.321875 0.19687500000000005 0.440625 0.2578125000000001 0.440625
5 0.17812500000000003 0.1671875 0.1109375 0.1671875 0.11093750000000002 0.4171875 0.17812500000000003 0.4171875
5 0.2453125 0.01250000000000002 0.1078125 0.012500000000000011 0.10781250000000002 0.19062500000000002 0.2453125 0.19062500000000004
5 0.175 1.712592008182627e-17 0.1046875 1.2820521178573852e-17 0.1046875 0.023437500000000017 0.175 0.02343750000000002
5 0.3015625 3.099887210341738e-17 0.2046875 2.5066989170047385e-17 0.2046875 0.05937500000000003 0.3015625 0.059375000000000046
5 0.1140625 0.029687500000000012 0.0703125 0.029687500000000012 0.07031250000000001 0.1015625 0.1140625 0.1015625
5 0.14062500000000003 0.125 0.07656250000000002 0.125 0.07656250000000002 0.2328125 0.14062500000000006 0.2328125
5 0.050000000000000024 0.1421875 1.741294667537643e-17 0.1421875 2.401455832703013e-17 0.25 0.050000000000000024 0.25
5 0.07343750000000002 4.496749965619188e-18 0 0 1.3107547772124014e-17 0.2140625 0.07343750000000002 0.2140625
5 0.07343750000000002 0.1734375 0.05312500000000002 0.1734375 0.05312500000000002 0.209375 0.07343750000000002 0.209375
5 0.06406250000000001 0.029687500000000006 0.0328125 0.0296875 0.03281250000000001 0.1125 0.06406250000000002 0.1125
5 0.08125 7.271340369937409e-18 0.0375 4.592425496802574e-18 0.037500000000000006 0.0890625 0.08125 0.0890625
5 0.11406250000000004 0.2140625 0.02031250000000003 0.2140625 0.020312500000000032 0.315625 0.11406250000000004 0.315625
5 0.10781250000000005 0.2796875 0.017187500000000033 0.2796875 0.017187500000000043 0.446875 0.10781250000000005 0.446875
5 0.02656250000000005 0.3390625 4.152318053358994e-17 0.3390625 4.8507494309977197e-17 0.453125 0.026562500000000055 0.453125
5 0.08750000000000005 0.3875 0.010937500000000048 0.3875 0.010937500000000055 0.4890625 0.08750000000000006 0.4890625
5 0.032812500000000064 0.4578125 5.606586127346476e-17 0.4578125 6.659016970363734e-17 0.6296875 0.03281250000000008 0.6296875
5 0.03437500000000007 0.578125 0.010937500000000072 0.578125 0.010937500000000076 0.625 0.03437500000000008 0.625