5 0.9953125 6.09453133638175e-17 0 0 6.09453133638175e-17 0.9953125 0.9953125 0.9953125
5 0.990625 0.859375 0.8203125 0.859375 0.8203125 0.9953125 0.990625 0.9953125
5 0.9953125 0.875 0.965625 0.875 0.965625 0.9953125 0.9953125 0.9953125
5 0.9953125 0.7843750000000002 0.875 0.7843750000000002 0.875 0.875 0.9953125 0.875
5 0.9953125 0.6703125000000002 0.9296875 0.6703125000000002 0.9296875 0.7796875000000002 0.9953125 0.7796875000000002
5 0.9953125 0.6203125000000002 0.85 0.6203125000000002 0.85 0.7156250000000002 0.9953125 0.7156250000000002
5 0.940625 0.7406250000000002 0.7453125000000002 0.7406250000000002 0.7453125000000002 0.8546875 0.940625 0.8546875
5 0.8609375 0.9546875 0.7156250000000002 0.9546875 0.7156250000000002 0.9953125 0.8609375 0.9953125
5 0.7953125000000002 0.890625 0.7203125000000001 0.890625 0.7203125000000001 0.95 0.7953125000000002 0.95
5 0.7750000000000001 0.8546875 0.6500000000000001 0.8546875 0.6500000000000001 0.9203125 0.7750000000000001 0.9203125
5 0.7750000000000001 0.7796875000000001 0.6843750000000002 0.7796875 0.6843750000000002 0.8796875 0.7750000000000001 0.8796875
5 0.7796875000000001 0.6953125000000001 0.6296875 0.6953125 0.6296875000000001 0.7796875000000001 0.7796875000000002 0.7796875000000002
5 0.85 0.6953125000000002 0.734375 0.6953125000000002 0.7343750000000001 0.7406250000000002 0.85 0.7406250000000002
5 0.85 0.6062500000000002 0.7546875 0.6062500000000002 0.7546875000000001 0.7359375000000001 0.85 0.7359375000000001
5 0.85 0.4750000000000002 0.7453125 0.4750000000000002 0.7453125 0.6093750000000002 0.85 0.6093750000000002
5 0.9703125 0.4750000000000002 0.8203125 0.4750000000000002 0.8203125 0.5656250000000002 0.9703125 0.5656250000000002
5 0.9953125 0.5453125000000002 0.859375 0.5453125000000002 0.859375 0.6296875000000002 0.9953125 0.6296875000000002
5 0.9953125 0.3656250000000001 0.890625 0.3656250000000001 0.890625 0.5500000000000002 0.9953125 0.5500000000000002
5 0.6546875000000002 0.8203125 0.5750000000000002 0.8203125 0.5750000000000002 0.9953125 0.6546875000000002 0.9953125
5 0.7453125000000002 0.915625 0.6453125000000002 0.915625 0.6453125000000002 0.9953125 0.7453125000000002 0.9953125
5 0.5703125000000002 0.9203125 0.5250000000000001 0.9203125 0.5250000000000001 0.9953125 0.5703125000000002 0.9953125
5 0.5156250000000002 0.9046875 0.4500000000000002 0.9046875 0.4500000000000002 0.9953125 0.5156250000000002 0.9953125
5 0.5609375000000002 0.8109375 0.40625000000000017 0.8109375 0.40625000000000017 0.965625 0.5609375000000002 0.965625
5 0.5953125000000001 0.7609375 0.4703125000000002 0.7609375 0.4703125000000002 0.8359375 0.5953125000000001 0.8359375
5 0.6843750000000002 0.7359375 0.5750000000000002 0.7359375 0.5750000000000002 0.83125 0.6843750000000002 0.83125
5 0.44531250000000017 0.95 0.3750000000000001 0.95 0.3750000000000001 0.9953125 0.44531250000000017 0.9953125
5 0.4156250000000002 0.9203125 0.3046875000000001 0.9203125 0.3046875000000001 0.9953125 0.4156250000000002 0.9953125
5 0.30937500000000007 0.8796875 0.1750000000000001 0.8796875 0.1750000000000001 0.990625 0.30937500000000007 0.990625
5 0.16093750000000012 0.925 0.06093750000000011 0.925 0.06093750000000011 0.990625 0.16093750000000012 0.990625
5 0.2062500000000001 0.959375 0.13593750000000013 0.959375 0.13593750000000013 0.9953125 0.2062500000000001 0.9953125
5 0.07031250000000011 0.9296875 1.1385388210823048e-16 0.9296875 1.1787225441793274e-16 0.9953125 0.07031250000000011 0.9953125
5 0.14531250000000012 0.865625 0.02968750000000011 0.865625 0.02968750000000011 0.9296875 0.14531250000000012 0.9296875
5 0.3062500000000001 0.809375 0.11093750000000009 0.809375 0.1109375000000001 0.95 0.3062500000000001 0.95
5 0.3156250000000001 0.7796875 0.21093750000000008 0.7796875 0.21093750000000008 0.9 0.3156250000000001 0.9
5 0.39531250000000007 0.7703125 0.2750000000000001 0.7703125 0.2750000000000001 0.890625 0.39531250000000007 0.890625
5 0.4156250000000002 0.765625 0.3359375000000001 0.765625 0.3359375000000001 0.825 0.4156250000000002 0.825
5 0.5109375 0.675 0.3906250000000001 0.675 0.3906250000000001 0.8046875 0.5109375000000002 0.8046875
5 0.565625 0.6953125 0.4859375 0.6953125 0.4859375000000001 0.765625 0.5656250000000002 0.765625
5 0.6359375 0.6359375 0.53125 0.6359375 0.5312500000000001 0.740625 0.6359375000000002 0.740625
5 0.690625 0.5703125 0.5609375 0.5703125 0.5609375 0.7 0.690625 0.7
5 0.715625 0.6546875 0.6203125 0.6546875 0.6203125 0.725 0.715625 0.725
5 0.759375 0.5156250000000001 0.65 0.515625 0.65 0.6859375000000001 0.759375 0.6859375000000002
5 0.8953125 0.3546875000000001 0.759375 0.3546875000000001 0.759375 0.4656250000000002 0.8953125 0.4656250000000002
5 0.9953125 0.2796875000000001 0.85 0.2796875000000001 0.85 0.3656250000000001 0.9953125 0.3656250000000001
5 0.9953125 0.21093750000000008 0.915625 0.21093750000000008 0.915625 0.3156250000000001 0.9953125 0.3156250000000001
5 0.9953125 0.11562500000000012 0.8953125 0.11562500000000009 0.8953125 0.2156250000000001 0.9953125 0.2156250000000001
5 0.9953125 0.05468750000000011 0.909375 0.05468750000000011 0.909375 0.12500000000000014 0.9953125 0.12500000000000014
5 0.9953125 1.1701117463728229e-16 0.915625 1.1213172254692953e-16 0.915625 0.06562500000000011 0.9953125 0.06562500000000011
5 0.0906250000000001 0.7 8.572527594031472e-17 0.7 9.089175462421762e-17 0.784375 0.0906250000000001 0.784375
5 0.0843750000000001 0.775 9.491012693391987e-17 0.775 9.978957902427261e-17 0.8546875 0.08437500000000012 0.8546875
5 0.1750000000000001 0.734375 0.07968750000000009 0.734375 0.0796875000000001 0.8203125 0.1750000000000001 0.8203125
5 0.22031250000000008 0.709375 0.14062500000000008 0.709375 0.14062500000000008 0.75 0.22031250000000008 0.75
5 0.2812500000000001 0.6546875 0.1609375000000001 0.6546875 0.1609375000000001 0.740625 0.2812500000000001 0.740625
5 0.37968750000000007 0.615625 0.2406250000000001 0.615625 0.2406250000000001 0.7109375 0.37968750000000007 0.7109375
5 0.39531250000000007 0.55 0.2953125000000001 0.55 0.2953125000000001 0.634375 0.39531250000000007 0.634375
5 0.5109375 0.534375 0.3906250000000001 0.534375 0.3906250000000001 0.625 0.5109375 0.625
5 0.5703125 0.4953125 0.4703125 0.4953125 0.4703125 0.590625 0.5703125 0.590625
5 0.5953125 0.5296875 0.5046875 0.5296875 0.5046875 0.6203125 0.5953125 0.6203125
5 0.665625 0.45625 0.575 0.45625 0.575 0.5359375 0.665625 0.5359375
5 0.734375 0.4156250000000001 0.625 0.415625 0.625 0.4859375000000001 0.734375 0.4859375000000002
5 0.7796875 0.3453125000000001 0.665625 0.3453125000000001 0.665625 0.4156250000000001 0.7796875 0.4156250000000002
5 0.8703125 0.2750000000000001 0.7703125 0.2750000000000001 0.7703125 0.34062500000000007 0.8703125 0.34062500000000007
5 0.9109375 0.2312500000000001 0.80625 0.2312500000000001 0.80625 0.28593750000000007 0.9109375 0.28593750000000007
5 0.9203125 0.1796875000000001 0.8296875 0.17968750000000008 0.8296875 0.2453125000000001 0.9203125 0.2453125000000001
5 0.875 0.10000000000000009 0.790625 0.10000000000000009 0.790625 0.1843750000000001 0.875 0.1843750000000001
5 0.9296875 0.09062500000000011 0.85 0.09062500000000011 0.85 0.1906250000000001 0.9296875 0.19062500000000013
5 0.925 0.015625000000000104 0.809375 0.0156250000000001 0.809375 0.10000000000000012 0.925 0.10000000000000013
5 0.9296875 1.0686956833184323e-16 0.815625 9.9885254555456e-17 0.815625 0.040625000000000105 0.9296875 0.04062500000000011
5 0.83125 0.004687500000000094 0.7109375 0.004687500000000087 0.7109375 0.11562500000000009 0.83125 0.11562500000000009
5 0.809375 0.0906250000000001 0.725 0.0906250000000001 0.725 0.2000000000000001 0.809375 0.2000000000000001
5 0.8203125 0.18125000000000008 0.725 0.18125000000000008 0.725 0.2609375000000001 0.8203125 0.2609375000000001
5 0.7703125 0.16562500000000008 0.684375 0.16562500000000008 0.684375 0.2796875000000001 0.7703125 0.2796875000000001
5 0.7546875 0.2250000000000001 0.6296875 0.2250000000000001 0.6296875 0.3156250000000001 0.7546875 0.3156250000000001
5 0.740625 0.28593750000000007 0.6109375 0.28593750000000007 0.6109375 0.3812500000000001 0.740625 0.3812500000000001
5 0.6546875 0.3046875000000001 0.540625 0.3046875000000001 0.540625 0.4046875 0.6546875 0.4046875
5 0.65 0.3593750000000001 0.4953125 0.3593750000000001 0.4953125 0.45 0.65 0.45
5 0.540625 0.32500000000000007 0.440625 0.32500000000000007 0.440625 0.4453125 0.540625 0.4453125
5 0.5109375 0.39531250000000007 0.3906250000000001 0.39531250000000007 0.3906250000000001 0.5296875 0.5109375 0.5296875
5 0.425 0.36562500000000003 0.3296875000000001 0.365625 0.3296875000000001 0.490625 0.425 0.490625
5 0.39531250000000007 0.4796875 0.2953125000000001 0.4796875 0.2953125000000001 0.565625 0.39531250000000007 0.565625
5 0.32500000000000007 0.375 0.2093750000000001 0.375 0.2093750000000001 0.525 0.32500000000000007 0.525
5 0.3156250000000001 0.4796875 0.13593750000000004 0.4796875 0.13593750000000007 0.5703125 0.3156250000000001 0.5703125
5 0.2796875000000001 0.540625 0.17031250000000003 0.540625 0.17031250000000006 0.65 0.2796875000000001 0.65
5 0.19531250000000006 0.5203125 0.05468750000000007 0.5203125 0.054687500000000076 0.6453125 0.19531250000000008 0.6453125
5 0.1593750000000001 0.609375 7.462691432304184e-17 0.609375 8.161122809942908e-17 0.7234375 0.1593750000000001 0.7234375
5 0.12968750000000007 0.4859375 5.95101803960667e-17 0.4859375 6.840800479612169e-17 0.63125 0.1296875000000001 0.63125
5 0.16562500000000005 0.425 5.204748896376251e-17 0.425 5.663991446056509e-17 0.5 0.16562500000000005 0.5
5 0.2156250000000001 0.4 0.12968750000000004 0.4 0.12968750000000004 0.4953125 0.2156250000000001 0.4953125
5 0.12968750000000004 0.3359375 4.11404784088564e-17 0.3359375 4.7263712404593165e-17 0.4359375 0.12968750000000004 0.4359375
5 0.24531250000000004 0.3453125 0.10937500000000004 0.3453125 0.10937500000000004 0.4046875 0.2453125000000001 0.4046875
5 0.240625 0.3 0.15468750000000003 0.3 0.15468750000000003 0.359375 0.240625 0.359375
5 0.3296875 0.3 0.2203125 0.3 0.22031250000000005 0.3953125 0.3296875000000001 0.3953125
5 0.3609375 0.28125 0.290625 0.28125 0.290625 0.3609375 0.3609375 0.3609375
5 0.4109375 0.259375 0.340625 0.259375 0.34062500000000007 0.37031250000000004 0.4109375 0.3703125000000001
5 0.4359375 0.22031250000000008 0.390625 0.22031250000000008 0.390625 0.3203125000000001 0.4359375 0.3203125000000001
5 0.5609375 0.22031250000000008 0.4359375 0.22031250000000008 0.4359375 0.3296875000000001 0.5609375 0.3296875000000001
5 0.615625 0.18593750000000006 0.5109375 0.18593750000000003 0.5109375 0.28593750000000007 0.615625 0.28593750000000007
5 0.6796875 0.15000000000000008 0.590625 0.15000000000000008 0.590625 0.2500000000000001 0.6796875 0.2500000000000001
5 0.7296875 0.0046875000000000805 0.590625 0.004687500000000072 0.590625 0.16562500000000008 0.7296875 0.16562500000000008
5 0.5890625 6.266747292511846e-17 0.434375 5.319559533796316e-17 0.434375 0.18437500000000007 0.5890625 0.1843750000000001
5 0.525 0.07500000000000005 0.3453125 0.07500000000000004 0.3453125 0.22031250000000005 0.525 0.22031250000000008
5 0.440625 4.228858478305704e-17 0.25 3.061616997868383e-17 0.25 0.29531250000000003 0.440625 0.2953125000000001
5 0.259375 1.5882138176442238e-17 0 0 2.171834557862884e-17 0.3546875 0.259375 0.3546875