5 0.94375 0.4890625000000002 0.759375 0.4890625000000002 0.7593750000000001 0.9828125 0.94375 0.9828125
5 0.996875 0.5531250000000002 0.909375 0.5531250000000002 0.909375 0.88125 0.996875 0.88125
5 0.996875 0.3453125000000001 0.9171875 0.3453125000000001 0.9171875 0.5890625000000002 0.996875 0.5890625000000002
5 0.9234375 0.3156250000000001 0.6859375 0.3156250000000001 0.6859375 0.5890625 0.9234375 0.5890625000000002
5 0.9140625 0.1734375000000001 0.79375 0.17343750000000008 0.79375 0.36406250000000007 0.9140625 0.36406250000000007
5 0.946875 1.0553011089527582e-16 0.7765625 9.510147799628666e-17 0.7765625 0.1718750000000001 0.946875 0.17187500000000014
5 0.984375 0.1187500000000001 0.8640625 0.11875000000000009 0.8640625 0.3750000000000001 0.984375 0.3750000000000001
5 0.8 0.01875000000000009 0.6296875 0.01875000000000008 0.6296875 0.2687500000000001 0.8 0.2687500000000001
5 0.75625 7.979339300694474e-17 0.546875 6.697287182837088e-17 0.546875 0.11875000000000009 0.75625 0.11875000000000009
5 0.5921875 6.333720164340217e-17 0.4421875 5.415235064979703e-17 0.4421875 0.2375000000000001 0.5921875 0.2375000000000001
5 0.640625 0.07812500000000008 0.4796875 0.07812500000000007 0.4796875 0.3937500000000001 0.640625 0.3937500000000001
5 0.59375 0.30937500000000007 0.359375 0.309375 0.35937500000000006 0.571875 0.59375 0.571875
5 0.6640625 0.36406250000000007 0.584375 0.36406250000000007 0.584375 0.5125 0.6640625 0.5125
5 0.634375 0.4875 0.58125 0.4875 0.58125 0.5359375 0.634375 0.5359375
5 0.4468750000000001 0.49375 0.2468750000000001 0.49375 0.2468750000000001 0.7984375 0.4468750000000002 0.7984375
5 0.6062500000000001 0.6671875 0.22656250000000008 0.6671875 0.22656250000000008 0.99375 0.6062500000000002 0.99375
5 0.7125000000000001 0.88125 0.5734375000000002 0.88125 0.5734375000000002 0.99375 0.7125000000000001 0.99375
5 0.846875 0.7859375000000001 0.6093750000000002 0.7859375 0.6093750000000002 0.99375 0.846875 0.99375
5 0.2640625000000001 0.7140625 8.744743550161569e-17 0.7140625 1.0457335558344195e-16 0.99375 0.2640625000000001 0.99375
5 0.2796875000000001 0.4890625 0.04375000000000005 0.4890625 0.043750000000000074 0.7625 0.2796875000000001 0.7625
5 0.4765625 0.07187500000000005 0.103125 0.07187500000000002 0.10312500000000002 0.4875 0.4765625 0.4875
5 0.4890625 5.1569111307845585e-17 0.353125 4.324534009489091e-17 0.353125 0.14218750000000005 0.4890625 0.14218750000000005
5 0.3765625 3.67394039744206e-17 0.2234375 2.7363201918448673e-17 0.2234375 0.10781250000000005 0.3765625 0.10781250000000005
5 0.2328125 2.324915407756303e-17 0.146875 1.798699986247675e-17 0.146875 0.11875000000000002 0.2328125 0.11875000000000005
5 0.15625 1.3872952021591111e-17 0.0703125 8.610797806504827e-18 0.07031250000000001 0.1078125 0.15625 0.1078125
5 0.10937500000000003 6.697287182837089e-18 0 0 1.2342143522656918e-17 0.2015625 0.10937500000000004 0.2015625
5 0.24687500000000004 0.11406250000000002 0.012500000000000016 0.1140625 0.012500000000000039 0.4953125 0.2468750000000001 0.4953125
5 0.06718750000000004 0.1546875 1.894375517431062e-17 0.1546875 3.501724441311963e-17 0.4171875 0.06718750000000004 0.4171875
5 0.12656250000000008 0.375 4.592425496802575e-17 0.375 6.965178670150572e-17 0.7625 0.12656250000000008 0.7625
5 0.996875 6.104098889500089e-17 0 0 6.084963783263412e-17 0.99375 0.996875 0.99375