5 0.90625 0.1062500000000001 0.784375 0.1062500000000001 0.784375 0.8 0.90625 0.8
5 0.871875 0.10000000000000009 0.8109375 0.10000000000000009 0.8109375 0.1531250000000001 0.871875 0.1531250000000001
5 0.7578125000000001 0.0828125000000001 0.6390625 0.0828125000000001 0.6390625000000001 0.8 0.7578125000000002 0.8
5 0.7234375 0.07656250000000009 0.6671875 0.07656250000000009 0.6671875 0.1359375000000001 0.7234375 0.1359375000000001
5 0.6171875000000001 0.04687500000000007 0.4890625 0.046875000000000056 0.48906250000000007 0.8 0.6171875000000002 0.8
5 0.5828125 0.04687500000000007 0.51875 0.04687500000000007 0.51875 0.11250000000000007 0.5828125 0.11250000000000009
5 0.4375 0.04687500000000005 0.38125 0.04687500000000004 0.38125 0.10625000000000004 0.4375 0.10625000000000004
5 0.30625 0.05312500000000003 0.2453125 0.05312500000000002 0.2453125 0.18281250000000004 0.30625 0.18281250000000004
5 0.16875000000000004 0.259375 0.10468750000000004 0.259375 0.10468750000000004 0.3125 0.16875000000000004 0.3125
5 0.4687500000000001 0.04687500000000005 0.35 0.04687500000000004 0.35000000000000003 0.8 0.46875000000000017 0.8
5 0.33281250000000007 0.05312500000000003 0.21875 0.05312500000000002 0.21875000000000006 0.7875 0.33281250000000007 0.7875
5 0.19843750000000007 0.265625 0.07500000000000002 0.265625 0.07500000000000005 0.7890625 0.1984375000000001 0.7890625