5 0.10937500000000003 6.697287182837089e-18 0 0 1.1672414804373211e-17 0.190625 0.10937500000000004 0.190625
5 0.27968750000000003 1.712592008182627e-17 0 0 6.09453133638175e-17 0.9953125 0.2796875000000001 0.9953125
5 0.4265625 0.09843750000000004 0.259375 0.09843750000000002 0.259375 0.26250000000000007 0.4265625 0.26250000000000007
5 0.6296875 0.17031250000000006 0.4953125 0.17031250000000003 0.4953125 0.30156250000000007 0.6296875 0.30156250000000007
5 0.7671875 0.21875000000000008 0.6546875 0.21875000000000008 0.6546875 0.3281250000000001 0.7671875 0.3281250000000001
5 0.8765625 0.2515625000000001 0.775 0.2515625000000001 0.775 0.3500000000000001 0.8765625 0.3500000000000001
5 0.953125 0.2796875000000001 0.8796875 0.2796875000000001 0.8796875 0.35625000000000007 0.953125 0.35625000000000007
5 0.5609375000000001 0.09375000000000004 0.19375 0.09375000000000003 0.19375000000000006 0.9953125 0.5609375000000002 0.9953125
5 0.7375 0.17031250000000006 0.465625 0.17031250000000003 0.46562500000000007 0.9953125 0.7375000000000002 0.9953125
5 0.8546875 0.2250000000000001 0.646875 0.2250000000000001 0.6468750000000001 0.9953125 0.8546875 0.9953125
5 0.928125 0.2468750000000001 0.771875 0.2468750000000001 0.7718750000000001 0.9953125 0.928125 0.9953125
5 0.98125 0.2796875000000001 0.8765625 0.2796875000000001 0.8765625 0.9953125 0.98125 0.9953125