5 0.8765625 0.5468750000000002 0.7921875 0.5468750000000002 0.7921875 0.6046875000000002 0.8765625 0.6046875000000002
5 0.7734375 0.1062500000000001 0.7015625 0.1062500000000001 0.7015625 0.1468750000000001 0.7734375 0.1468750000000001
5 0.56875 0.026562500000000062 0.4984375 0.026562500000000055 0.4984375 0.06718750000000007 0.56875 0.06718750000000007
5 0.3953125 0.017187500000000043 0.3296875 0.01718750000000004 0.3296875 0.06250000000000004 0.3953125 0.06250000000000004
5 0.209375 0.17343750000000002 0.1421875 0.1734375 0.14218750000000002 0.2171875 0.209375 0.2171875
5 0.6984375 0.5734375 0.6140625 0.5734375 0.6140625 0.621875 0.6984375 0.621875
5 0.5203125 0.5421875 0.440625 0.5421875 0.440625 0.590625 0.5203125 0.590625
5 0.3468750000000001 0.5828125 0.27031250000000007 0.5828125 0.27031250000000007 0.63125 0.3468750000000001 0.63125
5 0.1828125000000001 0.590625 0.09843750000000007 0.590625 0.09843750000000008 0.640625 0.1828125000000001 0.640625
5 0.83125 0.10781250000000009 0.640625 0.10781250000000009 0.640625 0.5078125000000001 0.83125 0.5078125000000002
5 0.5921875 0.026562500000000065 0.4765625 0.026562500000000055 0.4765625 0.49375 0.5921875 0.49375
5 0.41875 0.021875000000000044 0.3078125 0.02187500000000004 0.30781250000000004 0.484375 0.41875 0.484375
5 0.26250000000000007 0.17812500000000003 0.1015625 0.178125 0.10156250000000003 0.4984375 0.26250000000000007 0.4984375
5 0.9109375 0.5515625000000002 0.7734375 0.5515625000000002 0.7734375000000001 0.9640625 0.9109375 0.9640625
5 0.7250000000000001 0.5734375 0.5953125 0.5734375 0.5953125000000001 0.9515625 0.7250000000000002 0.9515625
5 0.5515625000000001 0.546875 0.4171875 0.546875 0.4171875000000001 0.959375 0.5515625000000002 0.959375
5 0.3687500000000001 0.5875 0.2406250000000001 0.5875 0.2406250000000001 0.9609375 0.3687500000000001 0.9609375
5 0.2140625000000001 0.596875 0.07187500000000006 0.596875 0.07187500000000009 0.9609375 0.2140625000000001 0.9609375