5 0.996875 0.8203125 0.825 0.8203125 0.825 0.99375 0.996875 0.99375
5 0.9171875 0.8078125 0.7671875000000001 0.8078125 0.7671875000000001 0.9390625 0.9171875 0.9390625
5 0.9765625 0.7312500000000002 0.9 0.7312500000000002 0.9 0.875 0.9765625 0.875
5 0.996875 0.4546875000000002 0.8828125 0.4546875000000002 0.8828125 0.834375 0.996875 0.834375
5 0.9546875 0.6687500000000002 0.83125 0.6687500000000002 0.83125 0.8140625 0.9546875 0.8140625
5 0.903125 0.4625000000000002 0.8828125 0.4625000000000002 0.8828125 0.4968750000000002 0.903125 0.4968750000000002
5 0.865625 0.5312500000000002 0.7453125 0.5312500000000002 0.7453125 0.834375 0.865625 0.834375
5 0.8734375 0.4890625000000002 0.8453125 0.4890625000000002 0.8453125 0.5515625000000002 0.8734375 0.5515625000000002
5 0.825 0.93125 0.7234375000000002 0.93125 0.7234375000000002 0.9921875 0.825 0.9921875
5 0.7703125000000002 0.828125 0.7234375000000002 0.828125 0.7234375000000002 0.9375 0.7703125000000002 0.9375
5 0.759375 0.4968750000000002 0.7296875 0.4968750000000002 0.7296875 0.5515625000000002 0.759375 0.5515625000000002
5 0.884375 0.16562500000000008 0.7328125 0.16562500000000008 0.7328125 0.5718750000000001 0.884375 0.5718750000000001
5 0.996875 0.3312500000000001 0.853125 0.3312500000000001 0.853125 0.4546875000000002 0.996875 0.4546875000000002
5 0.996875 0.4421875000000002 0.9171875 0.4421875000000002 0.9171875 0.5515625000000002 0.996875 0.5515625000000002
5 0.996875 0.020312500000000115 0.865625 0.020312500000000105 0.865625 0.3593750000000001 0.996875 0.3593750000000001
5 0.7296875000000002 0.903125 0.7015625000000002 0.903125 0.7015625000000002 0.99375 0.7296875000000002 0.99375
5 0.7703125000000001 0.6140625000000001 0.6859375 0.6140625 0.6859375000000001 0.896875 0.7703125000000002 0.896875
5 0.7218750000000002 0.9109375 0.6921875000000002 0.9109375 0.6921875000000002 0.959375 0.7218750000000002 0.959375
5 0.7187500000000002 0.896875 0.6203125000000002 0.896875 0.6203125000000002 0.99375 0.7187500000000002 0.99375
5 0.6203125000000002 0.9109375 0.5375000000000002 0.9109375 0.5375000000000002 0.99375 0.6203125000000002 0.99375
5 0.7437500000000001 0.5171875000000001 0.571875 0.5171875 0.5718750000000001 0.9171875 0.7437500000000001 0.9171875
5 0.853125 0.4546875000000002 0.7421875 0.4546875000000002 0.7421875 0.6625000000000002 0.853125 0.6625000000000002
5 0.7671875 0.24218750000000008 0.7015625 0.24218750000000008 0.7015625 0.5250000000000001 0.7671875 0.5250000000000001
5 0.8484375 0.12500000000000008 0.7453125 0.12500000000000008 0.7453125 0.2906250000000001 0.8484375 0.2906250000000001
5 0.928125 0.020312500000000105 0.821875 0.0203125000000001 0.821875 0.14531250000000012 0.928125 0.14531250000000012
5 0.8515625 9.778039286942148e-17 0.7453125 9.127445674895118e-17 0.7453125 0.1312500000000001 0.8515625 0.1312500000000001
5 0.6578125 0.09687500000000009 0.640625 0.09687500000000009 0.640625 0.1453125000000001 0.6578125 0.1453125000000001
5 0.75 0.10312500000000009 0.64375 0.10312500000000009 0.64375 0.23437500000000008 0.75 0.23437500000000008
5 0.715625 0.1375000000000001 0.671875 0.1375000000000001 0.671875 0.2484375000000001 0.715625 0.2484375000000001
5 0.7125 0.1312500000000001 0.6953125 0.1312500000000001 0.6953125 0.15781250000000008 0.7125 0.15781250000000008
5 0.5859375000000002 0.834375 0.5656250000000002 0.834375 0.5656250000000002 0.8765625 0.5859375000000002 0.8765625
5 0.5859375000000001 0.640625 0.4171875 0.640625 0.4171875000000001 0.896875 0.5859375000000002 0.896875
5 0.5312500000000002 0.834375 0.2875000000000001 0.834375 0.2875000000000001 0.99375 0.5312500000000002 0.99375
5 0.5312500000000002 0.8546875 0.5140625000000002 0.8546875 0.5140625000000002 0.9109375 0.5312500000000002 0.9109375
5 0.2796875000000001 0.759375 0.21093750000000008 0.759375 0.21093750000000008 0.86875 0.2796875000000001 0.86875
5 0.3218750000000001 0.7515625 0.2062500000000001 0.7515625 0.2062500000000001 0.9515625 0.3218750000000001 0.9515625
5 0.2015625000000001 0.9453125 0.15781250000000013 0.9453125 0.15781250000000013 0.99375 0.2015625000000001 0.99375
5 0.2875000000000001 0.896875 0.15781250000000008 0.896875 0.1578125000000001 0.99375 0.2875000000000001 0.99375
5 0.4078125000000001 0.6 0.2875000000000001 0.6 0.2875000000000001 0.828125 0.4078125000000002 0.828125
5 0.45625 0.496875 0.3937500000000001 0.496875 0.3937500000000001 0.628125 0.45625 0.628125
5 0.471875 0.4484375 0.2796875000000001 0.4484375 0.2796875000000001 0.6625 0.471875 0.6625
5 0.54375 0.2765625000000001 0.4046875 0.2765625000000001 0.4046875 0.46875 0.54375 0.46875
5 0.546875 0.3312500000000001 0.471875 0.3312500000000001 0.471875 0.5515625 0.546875 0.5515625
5 0.64375 0.5390625 0.434375 0.5390625 0.434375 0.690625 0.64375 0.690625
5 0.653125 0.15937500000000007 0.5140625 0.15937500000000004 0.5140625 0.6078125 0.653125 0.6078125
5 0.653125 0.4828125 0.5953125 0.4828125 0.5953125 0.60625 0.653125 0.60625
5 0.646875 0.3031250000000001 0.6328125 0.3031250000000001 0.6328125 0.3312500000000001 0.646875 0.3312500000000001
5 0.6953125 0.3031250000000001 0.6296875 0.3031250000000001 0.6296875 0.5515625 0.6953125 0.5515625
5 0.6875 0.2000000000000001 0.5859375 0.2000000000000001 0.5859375 0.5109375 0.6875 0.5109375
5 0.7234375 0.3109375000000001 0.6609375 0.3109375000000001 0.6609375 0.5375 0.7234375 0.5375
5 0.6328125 0.1453125000000001 0.5890625 0.1453125000000001 0.5890625 0.2062500000000001 0.6328125 0.2062500000000001
5 0.6125 7.1947999449907e-17 0.5625 6.888638245203862e-17 0.5625 0.1593750000000001 0.6125 0.1593750000000001
5 0.653125 0.020312500000000074 0.60625 0.020312500000000074 0.60625 0.1515625000000001 0.653125 0.1515625000000001
5 0.6640625 7.921933981984441e-17 0.6296875 7.711447813380989e-17 0.6296875 0.07656250000000007 0.6640625 0.07656250000000009
5 0.721875 0.014062500000000085 0.6578125 0.014062500000000084 0.6578125 0.10312500000000009 0.721875 0.10312500000000009
5 0.565625 6.611179204772041e-17 0.5140625 6.295449951866863e-17 0.5140625 0.08906250000000007 0.565625 0.08906250000000007
5 0.5609375 0.06250000000000007 0.53125 0.06250000000000007 0.53125 0.12343750000000006 0.5609375 0.12343750000000009
5 0.08906250000000002 5.453505277453058e-18 0 0 1.521240945815853e-17 0.2484375 0.08906250000000002 0.2484375
5 0.11250000000000002 0.05625000000000001 0.02812500000000001 0.05625 0.02812500000000002 0.290625 0.11250000000000004 0.290625
5 0.184375 0.028125000000000018 0.0984375 0.02812500000000001 0.09843750000000001 0.2546875 0.18437500000000004 0.2546875
5 0.18125000000000005 0.2 0.15468750000000003 0.2 0.15468750000000003 0.2546875 0.18125000000000005 0.2546875
5 0.28125 0.06250000000000003 0.2703125 0.06250000000000003 0.2703125 0.12343750000000005 0.28125 0.12343750000000005
5 0.08906250000000009 0.5453125 6.678152076600411e-17 0.5453125 9.424039821563617e-17 0.99375 0.08906250000000011 0.99375
5 0.2640625000000001 0.496875 0.08593750000000007 0.496875 0.08593750000000008 0.99375 0.2640625000000001 0.99375
5 0.26406250000000003 0.3109375 0.14687500000000003 0.3109375 0.14687500000000006 0.5796875 0.2640625000000001 0.5796875
5 0.321875 0.26875 0.2265625 0.26875 0.22656250000000006 0.53125 0.3218750000000001 0.53125
5 0.18437500000000007 0.3234375 0.03125000000000004 0.3234375 0.03125000000000006 0.6625 0.1843750000000001 0.6625
5 0.10937500000000007 0.2546875 0.01093750000000003 0.2546875 0.010937500000000051 0.5859375 0.10937500000000008 0.5859375
5 0.14375000000000004 0.33125 4.0566425221756075e-17 0.33125 5.319559533796316e-17 0.5375 0.14375000000000004 0.5375
5 0.08281250000000004 0.20625 2.525834023241416e-17 0.20625 4.592425496802575e-17 0.54375 0.08281250000000007 0.54375
5 0.2765625 2.975509019803335e-17 0.209375 2.5641042357147705e-17 0.209375 0.296875 0.2765625 0.296875
5 0.2703125 0.26875 0.25625 0.26875 0.25625 0.303125 0.2703125 0.303125
5 0.2296875 2.2483749828095937e-17 0.1375 1.6838893488276106e-17 0.1375 0.2828125 0.2296875 0.2828125
5 0.1375 1.4542680739874818e-17 0.1 1.2246467991473533e-17 0.1 0.040625000000000015 0.1375 0.04062500000000002
5 0.38281250000000006 0.20625000000000004 0.3078125 0.20625 0.30781250000000004 0.36562500000000003 0.3828125000000001 0.3656250000000001
5 0.38750000000000007 0.3453125 0.328125 0.3453125 0.32812500000000006 0.4484375 0.38750000000000007 0.4484375
5 0.4109375 0.31718750000000007 0.3796875 0.31718750000000007 0.37968750000000007 0.428125 0.4109375 0.428125
5 0.4046875 0.05468750000000004 0.290625 0.05468750000000004 0.290625 0.31718750000000007 0.4046875 0.31718750000000007
5 0.5171875 5.367397299388009e-17 0.359375 4.4010744344358005e-17 0.359375 0.20000000000000004 0.5171875 0.2000000000000001
5 0.5234375 0.19375000000000003 0.4734375 0.19375000000000003 0.4734375 0.26250000000000007 0.5234375 0.26250000000000007
5 0.5171875 0.07656250000000006 0.396875 0.07656250000000005 0.396875 0.3375000000000001 0.5171875 0.3375000000000001
5 0.365625 3.9513994378738814e-17 0.2796875 3.425184016365254e-17 0.2796875 0.26250000000000007 0.365625 0.26250000000000007
5 0.996875 6.104098889500089e-17 0 0 6.084963783263412e-17 0.99375 0.996875 0.99375