5 0.996875 0.5031250000000002 0.8390625 0.5031250000000002 0.8390625 0.99375 0.996875 0.99375
5 0.684375 0.06718750000000007 0.4 0.06718750000000004 0.4 0.4421875 0.684375 0.4421875
5 0.7812500000000001 0.06718750000000007 0.30625 0.06718750000000004 0.30625 0.99375 0.7812500000000002 0.99375
5 0.996875 0.2390625000000001 0.8703125 0.2390625000000001 0.8703125 0.4359375000000002 0.996875 0.4359375000000002
5 0.996875 0.2453125000000001 0.7734375 0.2453125000000001 0.7734375000000001 0.99375 0.996875 0.99375
5 0.690625 0.2328125000000001 0.6609375 0.2328125000000001 0.6609375 0.4609375 0.690625 0.4609375
5 0.7781250000000001 0.22031250000000008 0.6515625 0.22031250000000008 0.6515625 0.99375 0.7781250000000002 0.99375
5 0.409375 0.26406250000000003 0.3 0.2640625 0.30000000000000004 0.4296875 0.409375 0.4296875
5 0.28437500000000004 0.17812500000000003 0.09375000000000003 0.178125 0.09375000000000003 0.4171875 0.2843750000000001 0.4171875
5 0.09687500000000003 0.2640625 3.2338329539984796e-17 0.2640625 4.171453159595672e-17 0.4171875 0.09687500000000004 0.4171875
5 0.4328125000000001 0.26406250000000003 0.2875 0.2640625 0.28750000000000003 0.7734375 0.43281250000000016 0.7734375
5 0.36562500000000003 0.184375 0.014062500000000023 0.184375 0.014062500000000071 0.99375 0.3656250000000001 0.99375
5 0.1218750000000001 0.2640625 3.2338329539984796e-17 0.2640625 7.701880260262651e-17 0.99375 0.12187500000000014 0.99375