5 0.9453125 0.3671875000000001 0.8296875 0.3671875000000001 0.8296875 0.9296875 0.9453125 0.9296875
5 0.9234375 0.3656250000000001 0.8578125 0.3656250000000001 0.8578125 0.4265625000000002 0.9234375 0.4265625000000002
5 0.865625 0.18125000000000008 0.7453125 0.18125000000000008 0.7453125 0.896875 0.865625 0.896875
5 0.8265625 0.1859375000000001 0.771875 0.1859375000000001 0.771875 0.23437500000000008 0.8265625 0.23437500000000008
5 0.75 0.3062500000000001 0.6953125 0.3062500000000001 0.6953125 0.37187500000000007 0.75 0.37187500000000007
5 0.6578125 0.2406250000000001 0.6 0.2406250000000001 0.6 0.3765625000000001 0.6578125 0.3765625000000001
5 0.5484375 0.2015625000000001 0.4984375 0.2015625000000001 0.4984375 0.2515625000000001 0.5484375 0.2515625000000001
5 0.5265625 0.3453125000000001 0.4765625 0.3453125000000001 0.4765625 0.4 0.5265625 0.4
5 0.4578125 0.31718750000000007 0.4 0.31718750000000007 0.4 0.3765625000000001 0.4578125 0.3765625000000001
5 0.3671875000000001 0.4328125 0.3125000000000001 0.4328125 0.3125000000000001 0.4984375 0.3671875000000001 0.4984375
5 0.3171875 0.3171875 0.259375 0.3171875 0.259375 0.3609375 0.3171875 0.3609375
5 0.22187500000000004 0.3234375 0.17500000000000004 0.3234375 0.17500000000000004 0.378125 0.2218750000000001 0.378125
5 0.13906250000000003 0.3234375 0.08437500000000005 0.3234375 0.08437500000000005 0.378125 0.13906250000000003 0.378125
5 0.6875000000000001 0.2406250000000001 0.5484375 0.2406250000000001 0.5484375000000001 0.934375 0.6875000000000002 0.934375
5 0.7750000000000001 0.3062500000000001 0.6765625 0.3062500000000001 0.6765625000000001 0.928125 0.7750000000000001 0.928125
5 0.5890625 0.2078125000000001 0.46875 0.2078125000000001 0.46875 0.4859375 0.5890625 0.4859375
5 0.5531250000000001 0.3453125000000001 0.4734375 0.3453125000000001 0.47343750000000007 0.896875 0.5531250000000002 0.896875
5 0.4843750000000001 0.31718750000000007 0.375 0.31718750000000007 0.37500000000000006 0.9234375 0.48437500000000017 0.9234375
5 0.4156250000000001 0.43125 0.2843750000000001 0.43125 0.2843750000000001 0.9296875 0.4156250000000002 0.9296875
5 0.3453125 0.3125 0.225 0.3125 0.22500000000000003 0.9078125 0.3453125000000001 0.9078125
5 0.24062500000000003 0.321875 0.15312500000000004 0.321875 0.15312500000000007 0.9015625 0.2406250000000001 0.9015625
5 0.1671875000000001 0.321875 0.06250000000000004 0.321875 0.06250000000000008 0.9125 0.16718750000000013 0.9125