5 0.996875 0.4421875000000002 0.9515625 0.4421875000000002 0.9515625 0.9265625 0.996875 0.9265625
5 0.996875 0.45312500000000017 0.978125 0.45312500000000017 0.978125 0.5703125000000002 0.996875 0.5703125000000002
5 0.996875 0.3296875000000001 0.88125 0.3296875000000001 0.88125 0.871875 0.996875 0.871875
5 0.996875 0.2500000000000001 0.8765625 0.2500000000000001 0.8765625 0.7078125000000002 0.996875 0.7078125000000002
5 0.9484375 1.0763497258131032e-16 0.809375 9.91198503059889e-17 0.809375 0.4734375000000002 0.9484375 0.4734375000000002
5 0.996875 1.174895522931992e-16 0.921875 1.1289712679639661e-16 0.921875 0.2609375000000001 0.996875 0.2609375000000001
5 0.865625 0.29375000000000007 0.790625 0.29375000000000007 0.7906250000000001 0.846875 0.865625 0.846875
5 0.7875 0.11718750000000008 0.634375 0.11718750000000008 0.634375 0.45781250000000007 0.7875 0.4578125000000002
5 0.84375 0.3078125000000001 0.7203125 0.3078125000000001 0.7203125000000001 0.93125 0.84375 0.93125
5 0.7093750000000001 0.5 0.5703125 0.5 0.5703125000000001 0.9734375 0.7093750000000002 0.9734375
5 0.7203125 0.2875000000000001 0.5890625 0.2875000000000001 0.5890625 0.68125 0.7203125 0.68125
5 0.809375 8.639500465859842e-17 0.6015625 7.367015901120797e-17 0.6015625 0.2875000000000001 0.809375 0.2875000000000001
5 0.5937500000000001 0.2453125000000001 0.503125 0.2453125000000001 0.503125 0.878125 0.5937500000000002 0.878125
5 0.5671875 0.32500000000000007 0.4625 0.32500000000000007 0.4625 0.553125 0.5671875 0.553125
5 0.5828125000000001 0.5484375 0.45625 0.5484375 0.4562500000000001 0.9046875 0.5828125000000002 0.9046875
5 0.440625 0.4796875 0.3687500000000001 0.4796875 0.3687500000000001 0.559375 0.440625 0.559375
5 0.4921875 0.29375000000000007 0.3921875 0.29375000000000007 0.3921875 0.5859375 0.4921875 0.5859375
5 0.4843750000000001 0.484375 0.32500000000000007 0.484375 0.32500000000000007 0.96875 0.48437500000000017 0.96875
5 0.4000000000000001 0.30781250000000004 0.265625 0.3078125 0.26562500000000006 0.9046875 0.4000000000000002 0.9046875
5 0.26875000000000004 0.2765625 0.07500000000000004 0.2765625 0.07500000000000008 0.8828125 0.2687500000000001 0.8828125
5 0.4296875 0.08593750000000003 0.25 0.08593750000000003 0.25000000000000006 0.4796875 0.4296875 0.4796875
5 0.615625 6.305017504985202e-17 0.4140625 5.070803152719509e-17 0.4140625 0.2609375000000001 0.615625 0.2609375000000001
5 0.403125 4.228858478305704e-17 0.2875 3.5208595475486407e-17 0.2875 0.26093750000000004 0.403125 0.2609375000000001
5 0.3140625 2.5449691294780937e-17 0.1015625 1.2437819053840305e-17 0.10156250000000003 0.43125 0.3140625000000001 0.43125
5 0.17812500000000003 1.2055116929106761e-17 0.01875 2.296212748401287e-18 0.018750000000000048 0.78125 0.1781250000000001 0.78125