5 0.996875 0.22031250000000008 0.940625 0.22031250000000008 0.940625 0.5031250000000002 0.996875 0.5031250000000002
5 0.996875 0.2375000000000001 0.8 0.2375000000000001 0.8 0.99375 0.996875 0.99375
5 0.9015625 0.2656250000000001 0.6203125 0.2656250000000001 0.6203125 0.99375 0.9015625 0.99375
5 0.7500000000000001 0.31093750000000003 0.334375 0.3109375 0.33437500000000003 0.99375 0.7500000000000002 0.99375
5 0.728125 0.20312500000000008 0.609375 0.20312500000000008 0.609375 0.49687500000000007 0.728125 0.4968750000000002
5 0.60625 0.2312500000000001 0.390625 0.2312500000000001 0.39062500000000006 0.6046875 0.60625 0.6046875
5 0.4234375000000001 0.27187500000000003 0.09218750000000002 0.271875 0.09218750000000006 0.9953125 0.4234375000000002 0.9953125
5 0.4328125 0.21562500000000004 0.2859375 0.215625 0.28593750000000007 0.6109375 0.4328125 0.6109375
5 0.22500000000000003 0.2375 2.9085361479749636e-17 0.2375 7.539231857250894e-17 0.99375 0.2250000000000001 0.99375
5 0.07812500000000004 0.209375 2.5641042357147705e-17 0.209375 4.984695174654461e-17 0.6046875 0.07812500000000007 0.6046875
5 0.996875 0.22656250000000008 0.946875 0.22656250000000008 0.946875 0.3109375000000001 0.996875 0.3109375000000001
5 0.94375 0.24375000000000008 0.8234375 0.24375000000000008 0.8234375 0.3281250000000001 0.94375 0.3281250000000001
5 0.7921875 0.2609375000000001 0.6578125 0.2609375000000001 0.6578125 0.37968750000000007 0.7921875 0.37968750000000007
5 0.7296875 0.20468750000000008 0.6125 0.20468750000000008 0.6125 0.2890625000000001 0.7296875 0.2890625000000001
5 0.6265625 0.31718750000000007 0.465625 0.31718750000000007 0.465625 0.446875 0.6265625 0.446875
5 0.575 0.24375000000000008 0.4484375 0.24375000000000008 0.4484375 0.3343750000000001 0.575 0.3343750000000001
5 0.35625000000000007 0.2765625 0.2109375 0.2765625 0.21093750000000006 0.384375 0.35625000000000007 0.384375
5 0.4015625 0.21562500000000004 0.28125 0.215625 0.28125 0.30000000000000004 0.4015625 0.3000000000000001
5 0.2109375 0.23125 0.08125000000000002 0.23125 0.08125000000000003 0.328125 0.2109375 0.328125
5 0.03906250000000003 0.215625 2.6406446606614805e-17 0.215625 3.15729252905177e-17 0.3 0.039062500000000035 0.3