5 0.984375 0.2078125000000001 0.8609375 0.2078125000000001 0.8609375 0.8390625 0.984375 0.8390625
5 0.946875 0.2078125000000001 0.896875 0.2078125000000001 0.896875 0.28593750000000007 0.946875 0.28593750000000007
5 0.9875 0.4000000000000002 0.8640625 0.4000000000000002 0.8640625 0.8046875 0.9875 0.8046875
5 0.8234375 0.1375000000000001 0.703125 0.1375000000000001 0.7031250000000001 0.809375 0.8234375 0.809375
5 0.8234375 0.3031250000000001 0.703125 0.3031250000000001 0.703125 0.4640625000000001 0.8234375 0.46406250000000016
5 0.6671875 0.09531250000000008 0.55 0.09531250000000006 0.55 0.8453125 0.6671875000000002 0.8453125
5 0.6640625 0.3625000000000001 0.553125 0.3625000000000001 0.553125 0.6609375 0.6640625 0.6609375
5 0.646875 0.09531250000000008 0.59375 0.09531250000000006 0.59375 0.17187500000000008 0.646875 0.17187500000000008
5 0.5078125000000001 0.4765625 0.38750000000000007 0.4765625 0.38750000000000007 0.75 0.5078125000000002 0.75
5 0.5109375 0.19687500000000005 0.390625 0.19687500000000005 0.39062500000000006 0.809375 0.5109375000000002 0.809375
5 0.30625 0.13750000000000004 0.253125 0.13750000000000004 0.253125 0.2140625 0.30625 0.2140625
5 0.33437500000000003 0.13125000000000003 0.2140625 0.13125000000000003 0.21406250000000004 0.7625 0.3343750000000001 0.7625
5 0.15000000000000005 0.26875 0.09062500000000002 0.26875 0.09062500000000004 0.334375 0.15000000000000005 0.334375
5 0.17656250000000007 0.2734375 0.06406250000000005 0.2734375 0.06406250000000006 0.809375 0.1765625000000001 0.809375
5 0.17343750000000008 0.4640625 0.07031250000000007 0.4640625 0.07031250000000007 0.5953125 0.17343750000000008 0.5953125
5 0.32656250000000003 0.25625 0.2171875 0.25625 0.21718750000000003 0.7625 0.3265625000000001 0.7625