5 0.909375 0.5296875000000001 0.665625 0.5296875 0.6656250000000001 0.95625 0.909375 0.95625
5 0.8515625 0.5250000000000001 0.75 0.5250000000000001 0.75 0.6562500000000002 0.8515625 0.6562500000000002
5 0.7890625 0.06562500000000009 0.690625 0.06562500000000009 0.690625 0.16406250000000008 0.7890625 0.16406250000000008
5 0.8984375 0.0703125000000001 0.665625 0.07031250000000008 0.665625 0.4703125000000001 0.8984375 0.4703125000000002
5 0.534375 0.048437500000000064 0.4546875 0.04843750000000006 0.4546875 0.12031250000000004 0.534375 0.12031250000000004
5 0.2765625 0.07031250000000003 0.18125 0.07031250000000003 0.18125 0.16406250000000003 0.2765625 0.16406250000000006
5 0.2250000000000001 0.5578125 0.13437500000000008 0.5578125 0.13437500000000008 0.65 0.2250000000000001 0.65
5 0.515625 0.525 0.4328125 0.525 0.4328125 0.6125 0.515625 0.6125
5 0.6328125 0.048437500000000064 0.35625 0.04843750000000004 0.35625000000000007 0.48125 0.6328125 0.48125
5 0.6250000000000001 0.525 0.36406250000000007 0.525 0.36406250000000007 0.9625 0.6250000000000002 0.9625
5 0.30156250000000007 0.56875 0.10937500000000008 0.56875 0.10937500000000011 0.9234375 0.30156250000000007 0.9234375
5 0.32656250000000003 0.07656250000000002 0.0875 0.0765625 0.08750000000000004 0.496875 0.3265625000000001 0.496875