5 0.3234375000000001 0.8640625 0.23593750000000008 0.8640625 0.23593750000000008 0.9515625 0.3234375000000001 0.9515625
5 0.3671875000000001 0.86875 0.3125000000000001 0.86875 0.3125000000000001 0.940625 0.3671875000000001 0.940625
5 0.01875000000000011 0.853125 1.0447768005225856e-16 0.853125 1.1012253639207839e-16 0.9453125 0.018750000000000117 0.9453125
5 0.1921875000000001 0.69375 0.16406250000000008 0.69375 0.16406250000000008 0.7328125 0.1921875000000001 0.7328125
5 0.3968750000000001 0.8359375 0.34843750000000007 0.8359375 0.34843750000000007 0.9125 0.3968750000000001 0.9125
5 0.4359375000000002 0.8140625 0.3890625000000001 0.8140625 0.3890625000000001 0.9078125 0.4359375000000002 0.9078125
5 0.4187500000000002 0.9078125 0.3703125000000001 0.9078125 0.3703125000000001 0.9515625 0.4187500000000002 0.9515625
5 0.4656250000000002 0.8796875 0.4187500000000002 0.8796875 0.4187500000000002 0.9515625 0.4656250000000002 0.9515625
5 0.4656250000000002 0.9515625 0.4390625000000002 0.9515625 0.4390625000000002 0.984375 0.4656250000000002 0.984375
5 0.4937500000000002 0.8203125 0.43281250000000016 0.8203125 0.43281250000000016 0.875 0.4937500000000002 0.875
5 0.5234375000000002 0.86875 0.4656250000000002 0.86875 0.4656250000000002 0.934375 0.5234375000000002 0.934375
5 0.7093750000000002 0.765625 0.5234375000000002 0.765625 0.5234375000000002 0.9078125 0.7093750000000002 0.9078125
5 0.7203125000000001 0.803125 0.6187500000000001 0.803125 0.6187500000000001 0.9671875 0.7203125000000001 0.9671875
5 0.6656250000000001 0.9234375 0.5703125000000002 0.9234375 0.5703125000000002 0.9953125 0.6656250000000001 0.9953125
5 0.6078125000000002 0.896875 0.5500000000000002 0.896875 0.5500000000000002 0.9734375 0.6078125000000002 0.9734375
5 0.5562500000000001 0.9125 0.5062500000000002 0.9125 0.5062500000000002 0.95625 0.5562500000000001 0.95625
5 0.7171875000000002 0.9515625 0.6734375000000001 0.9515625 0.6734375000000001 0.9953125 0.7171875000000002 0.9953125
5 0.821875 0.86875 0.7046875000000001 0.86875 0.7046875000000001 0.9953125 0.821875 0.9953125
5 0.90625 0.86875 0.8046875 0.86875 0.8046875 0.9515625 0.90625 0.9515625
5 0.9265625 0.9515625 0.84375 0.9515625 0.84375 0.9953125 0.9265625 0.9953125
5 0.9859375 0.890625 0.909375 0.890625 0.909375 0.9734375 0.9859375 0.9734375
5 0.996875 0.8359375 0.9640625 0.8359375 0.9640625 0.9125 0.996875 0.9125
5 0.9671875 0.7484375000000002 0.86875 0.7484375000000002 0.86875 0.8859375 0.9671875 0.8859375
5 0.996875 0.7265625000000002 0.928125 0.7265625000000002 0.928125 0.8359375 0.996875 0.8359375
5 0.95625 0.6937500000000002 0.8984375 0.6937500000000002 0.8984375 0.7546875000000002 0.95625 0.7546875000000002
5 0.90625 0.6828125000000002 0.8625 0.6828125000000002 0.8625 0.7437500000000001 0.90625 0.7437500000000001
5 0.8109375 0.6609375000000001 0.7046875 0.6609375 0.7046875000000001 0.896875 0.8109375 0.896875
5 0.840625 0.83125 0.803125 0.83125 0.803125 0.875 0.840625 0.875
5 0.571875 0.2953125000000001 0.4703125 0.2953125000000001 0.4703125 0.5078125 0.571875 0.5078125
5 0.596875 0.21875000000000008 0.53125 0.21875000000000008 0.53125 0.3109375000000001 0.596875 0.3109375000000001
5 0.6796875 0.21875000000000008 0.596875 0.21875000000000008 0.596875 0.31718750000000007 0.6796875 0.31718750000000007
5 0.7265625 0.2078125000000001 0.665625 0.2078125000000001 0.665625 0.3109375000000001 0.7265625 0.3109375000000001
5 0.73125 0.2515625000000001 0.690625 0.2515625000000001 0.690625 0.3000000000000001 0.73125 0.3000000000000001
5 0.78125 0.2687500000000001 0.7234375 0.2687500000000001 0.7234375 0.30156250000000007 0.78125 0.30156250000000007
5 0.8 0.3000000000000001 0.7234375 0.3000000000000001 0.7234375 0.4156250000000001 0.8 0.4156250000000002
5 0.825 0.2578125000000001 0.796875 0.2578125000000001 0.796875 0.3125000000000001 0.825 0.3125000000000001
5 0.865625 0.1859375000000001 0.8140625 0.1859375000000001 0.8140625 0.3109375000000001 0.865625 0.3109375000000001
5 0.915625 0.2515625000000001 0.8546875 0.2515625000000001 0.8546875 0.3109375000000001 0.915625 0.3109375000000001
5 0.8328125 0.12031250000000009 0.69375 0.12031250000000009 0.69375 0.2671875000000001 0.8328125 0.2671875000000001
5 0.70625 0.1359375000000001 0.6796875 0.1359375000000001 0.6796875 0.21875000000000008 0.70625 0.21875000000000008
5 0.68125 0.1312500000000001 0.6046875 0.1312500000000001 0.6046875 0.2296875000000001 0.68125 0.2296875000000001