5 0.9828125 0.6312500000000002 0.81875 0.6312500000000002 0.81875 0.7828125000000001 0.9828125 0.7828125000000001
5 0.915625 0.6312500000000002 0.840625 0.6312500000000002 0.840625 0.6937500000000002 0.915625 0.6937500000000002
5 0.9109375 0.5906250000000002 0.853125 0.5906250000000002 0.853125 0.6265625000000001 0.9109375 0.6265625000000001
5 0.9296875 0.5906250000000002 0.7953125 0.5906250000000002 0.7953125 0.7156250000000002 0.9296875 0.7156250000000002
5 0.7828125 0.6312500000000002 0.7296875 0.6312500000000002 0.7296875 0.6796875000000002 0.7828125 0.6796875000000002
5 0.69375 0.6359375 0.640625 0.6359375 0.640625 0.684375 0.69375 0.684375
5 0.6578125 0.5859375 0.6046875 0.5859375 0.6046875 0.63125 0.6578125 0.63125
5 0.8 0.6265625000000001 0.7015625 0.6265625 0.7015625000000001 0.7828125000000001 0.8 0.7828125000000001
5 0.6984375 0.64375 0.5640625 0.64375 0.5640625000000001 0.778125 0.6984375000000002 0.778125
5 0.6625000000000001 0.5921875 0.5546875 0.5921875 0.5546875000000001 0.734375 0.6625000000000002 0.734375
5 0.4359375000000001 0.20937500000000003 0.325 0.209375 0.32500000000000007 0.75625 0.4359375000000002 0.75625
5 0.34218750000000003 0.18281250000000004 0.240625 0.18281250000000004 0.24062500000000003 0.715625 0.3421875000000001 0.715625
5 0.3062500000000001 0.3875 0.17343750000000005 0.3875 0.17343750000000008 0.7953125 0.3062500000000001 0.7953125
5 0.16406250000000006 0.2 0.004687500000000025 0.2 0.0046875000000000605 0.7828125 0.16406250000000008 0.7828125
5 0.21406250000000004 0.18281250000000002 0.11093750000000005 0.1828125 0.11093750000000005 0.4796875 0.2140625000000001 0.4796875
5 0.4046875 0.20468750000000005 0.346875 0.2046875 0.346875 0.24375000000000005 0.4046875 0.24375000000000008
5 0.334375 0.17812500000000003 0.271875 0.17812500000000003 0.271875 0.221875 0.334375 0.221875
5 0.2671875000000001 0.3828125 0.20468750000000008 0.3828125 0.20468750000000008 0.4484375 0.2671875000000001 0.4484375
5 0.16875000000000004 0.1828125 0.12031250000000004 0.1828125 0.12031250000000004 0.2265625 0.16875000000000004 0.2265625
5 0.10625000000000004 0.2 0.05312500000000002 0.2 0.05312500000000002 0.23125 0.10625000000000004 0.23125