5 0.33437500000000003 0.04843750000000003 0.0515625 0.04843750000000001 0.051562500000000046 0.721875 0.3343750000000001 0.721875
5 0.30781250000000004 0.2515625 3.080752104105061e-17 0.2515625 7.33831324176578e-17 0.946875 0.3078125000000001 0.946875
5 0.1109375000000001 0.5609375 6.869503138967185e-17 0.5609375 9.127445674895116e-17 0.9296875 0.11093750000000013 0.9296875
5 0.984375 0.5718750000000001 0.5578125 0.571875 0.5578125 0.9515625 0.984375 0.9515625
5 0.9625 0.47656250000000017 0.8109375 0.47656250000000017 0.8109375 0.946875 0.9625 0.946875
5 0.8359375 0.29375000000000007 0.4609375 0.29375000000000007 0.4609375000000001 0.8078125 0.8359375 0.8078125
5 0.5140625000000001 0.20781250000000004 0.309375 0.2078125 0.30937500000000007 0.946875 0.5140625000000002 0.946875
5 0.5609375000000001 0.6578125 0.2609375000000001 0.6578125 0.2609375000000001 0.909375 0.5609375000000002 0.909375
5 0.7703125 6.764260054665459e-17 0.334375 4.0949127346489623e-17 0.33437500000000003 0.4062500000000001 0.7703125 0.40625000000000017
5 0.996875 9.357066949735246e-17 0.53125 6.505936120470313e-17 0.53125 0.4921875000000001 0.996875 0.49218750000000017
5 0.996875 1.0744362151894358e-16 0.7578125 9.280526524788537e-17 0.7578125 0.2734375000000001 0.996875 0.2734375000000001
5 0.10781250000000002 6.601611651653703e-18 0 0 1.4447005208691432e-17 0.2359375 0.10781250000000005 0.2359375
5 0.278125 2.3536180671113197e-17 0.10625 1.3011872240940627e-17 0.10625000000000002 0.21875 0.278125 0.21875