5 0.996875 0.7656250000000002 0.8515625 0.7656250000000002 0.8515625 0.99375 0.996875 0.99375
5 0.996875 0.3625000000000001 0.8828125 0.3625000000000001 0.8828125 0.7765625000000002 0.996875 0.7765625000000002
5 0.996875 0.7375000000000002 0.9 0.7375000000000002 0.9 0.971875 0.996875 0.971875
5 0.996875 0.023437500000000114 0.86875 0.023437500000000104 0.86875 0.6265625000000001 0.996875 0.6265625000000001
5 0.996875 1.094528076737947e-16 0.790625 9.682363755758761e-17 0.790625 0.1953125000000001 0.996875 0.19531250000000014
5 0.796875 9.175283440486812e-17 0.7015625 8.591662700268149e-17 0.7015625 0.021875000000000092 0.796875 0.0218750000000001
5 0.896875 9.3953371622086e-17 0.6375 7.807123344564376e-17 0.6375000000000001 0.99375 0.896875 0.99375
5 0.6984375 7.768853132091022e-17 0.5703125 6.984313776387249e-17 0.5703125 0.3296875000000001 0.6984375 0.3296875000000001
5 0.865625 0.9328125 0.6312500000000002 0.9328125 0.6312500000000002 0.9953125 0.865625 0.9953125
5 0.6734375000000001 6.429395695523605e-17 0.3765625 4.6115606030392526e-17 0.3765625 0.9671875 0.6734375000000001 0.9671875
5 0.6812500000000001 0.971875 0.4890625000000002 0.971875 0.4890625000000002 0.9953125 0.6812500000000001 0.9953125
5 0.5062500000000001 0.06250000000000004 0.1703125 0.06250000000000003 0.17031250000000006 0.9953125 0.5062500000000002 0.9953125
5 0.3796875 2.3249154077563034e-17 0 0 1.0907010554906116e-17 0.17812500000000003 0.3796875 0.17812500000000003
5 0.11718750000000004 0.290625 3.559129760021995e-17 0.290625 4.927289855944429e-17 0.5140625 0.11718750000000004 0.5140625
5 0.15625000000000003 0.128125 1.5690787114075464e-17 0.128125 2.631077107543142e-17 0.3015625 0.15625000000000006 0.3015625
5 0.18437500000000004 0.15625000000000003 1.9135106236677395e-17 0.15625 4.5541552843292194e-17 0.5875 0.1843750000000001 0.5875
5 0.2671875000000001 0.396875 0.057812500000000044 0.396875 0.057812500000000065 0.7875 0.2671875000000001 0.7875
5 0.1562500000000001 0.58125 7.11825952004399e-17 0.58125 9.644093543285407e-17 0.99375 0.15625000000000014 0.99375
5 0.26250000000000007 0.7546875 0.1765625000000001 0.7546875 0.17656250000000012 0.915625 0.26250000000000007 0.915625
5 0.2984375000000001 0.8828125 0.1281250000000001 0.8828125 0.1281250000000001 0.99375 0.2984375000000001 0.99375
5 0.9953125 6.09453133638175e-17 0 0 6.084963783263412e-17 0.99375 0.9953125 0.99375