5 0.996875 0.7593750000000001 0.5906250000000002 0.759375 0.5906250000000002 0.99375 0.996875 0.99375
5 0.996875 0.4828125000000002 0.921875 0.4828125000000002 0.921875 0.7703125000000002 0.996875 0.7703125000000002
5 0.9703125 0.10625000000000011 0.703125 0.1062500000000001 0.7031250000000001 0.99375 0.9703125 0.99375
5 0.9453125 0.1109375000000001 0.8484375 0.11093750000000009 0.8484375 0.2531250000000001 0.9453125 0.2531250000000001
5 0.7031250000000001 0.60625 0.615625 0.60625 0.6156250000000001 0.7640625 0.7031250000000002 0.7640625
5 0.7265625 0.2000000000000001 0.6421875 0.2000000000000001 0.6421875 0.31718750000000007 0.7265625 0.31718750000000007
5 0.4828125 0.05937500000000005 0.4015625 0.059375000000000046 0.4015625 0.15937500000000004 0.4828125 0.15937500000000004
5 0.22656250000000008 0.446875 0.13906250000000003 0.446875 0.13906250000000006 0.559375 0.22656250000000008 0.559375
5 0.3046875 3.23383295399848e-17 0.2234375 2.7363201918448673e-17 0.2234375 0.04687500000000003 0.3046875 0.046875000000000035
5 0.37812500000000004 3.4538866757202695e-17 0.1859375 2.27707764216461e-17 0.18593750000000006 0.99375 0.3781250000000001 0.99375
5 0.534375 0.053125000000000054 0.3171875 0.05312500000000005 0.31718750000000007 0.99375 0.5343750000000002 0.99375
5 0.7031250000000001 0.60625 0.5296875 0.60625 0.5296875000000001 0.99375 0.7031250000000002 0.99375
5 0.7796875000000001 8.065447278759521e-17 0.5375 6.582476545417023e-17 0.5375000000000001 0.9125 0.7796875000000002 0.9125
5 0.95 9.998093008663938e-17 0.6828125 8.362041425428021e-17 0.6828125 0.6359375 0.95 0.6359375000000002
5 0.996875 1.1796792994911615e-16 0.9296875 1.1385388210823048e-16 0.9296875 0.3062500000000001 0.996875 0.3062500000000001
5 0.996875 0.14062500000000014 0.9328125 0.14062500000000014 0.9328125 0.5234375000000002 0.996875 0.5234375000000002
5 0.5625 5.405667511861364e-17 0.3203125 3.922696778518866e-17 0.3203125 0.11718750000000007 0.5625 0.11718750000000008
5 0.3046875000000001 0.453125 0.08437500000000005 0.453125 0.08437500000000007 0.99375 0.3046875000000001 0.99375
5 0.23593750000000005 1.4447005208691435e-17 0 0 5.5109105961630896e-17 0.9 0.23593750000000008 0.9
5 0.1484375000000001 0.6828125 0.017187500000000085 0.6828125 0.017187500000000102 0.99375 0.14843750000000014 0.99375
5 0.11093750000000002 6.792962714020476e-18 0 0 2.554536682596432e-17 0.4171875 0.11093750000000005 0.4171875
5 0.996875 6.104098889500089e-17 0 0 6.084963783263412e-17 0.99375 0.996875 0.99375