5 0.7015625000000001 0.5296875 0.5234375 0.5296875 0.5234375000000001 0.9953125 0.7015625000000002 0.9953125
5 0.996875 0.6718750000000001 0.3453125000000001 0.671875 0.3453125000000001 0.9953125 0.996875 0.9953125
5 0.971875 0.10937500000000011 0.70625 0.10937500000000008 0.70625 0.809375 0.971875 0.809375
5 0.7015625 0.525 0.6140625 0.525 0.6140625 0.6609375 0.7015625 0.6609375
5 0.9484375 0.10937500000000011 0.8546875 0.10937500000000008 0.8546875 0.23437500000000008 0.9484375 0.23437500000000008
5 0.484375 0.054687500000000056 0.4046875 0.05468750000000004 0.4046875 0.15781250000000005 0.484375 0.15781250000000005
5 0.5312500000000001 0.060937500000000054 0.3375 0.06093750000000005 0.3375 0.9953125 0.5312500000000002 0.9953125
5 0.2296875000000001 0.4046875 0.14218750000000005 0.4046875 0.14218750000000005 0.4859375 0.2296875000000001 0.4859375
5 0.3234375000000001 0.4046875 0.12812500000000004 0.4046875 0.1281250000000001 0.99375 0.3234375000000001 0.99375
5 0.3078125 3.262535613353496e-17 0.225 2.7554552980815448e-17 0.225 0.04843750000000003 0.3078125 0.048437500000000036
5 0.4000000000000001 0.006250000000000036 0.1890625 0.006250000000000022 0.18906250000000008 0.984375 0.4000000000000002 0.984375
5 0.23281250000000003 1.425565414632466e-17 0 0 4.7837765591693485e-17 0.78125 0.2328125000000001 0.78125
5 0.13906250000000012 0.7328125 0.01875000000000009 0.7328125 0.018750000000000107 0.9953125 0.13906250000000014 0.9953125
5 0.778125 8.055879725641184e-17 0.5375 6.582476545417023e-17 0.5375 0.6937500000000001 0.778125 0.6937500000000002
5 0.95625 1.0553011089527582e-16 0.7671875 9.3953371622086e-17 0.7671875 0.3218750000000001 0.95625 0.3218750000000001