5 0.17031250000000003 0.14375 0.05468750000000002 0.14375 0.05468750000000002 0.221875 0.17031250000000003 0.221875
5 0.03906250000000003 0.2171875 2.659779766898158e-17 0.2171875 3.099887210341738e-17 0.2890625 0.039062500000000035 0.2890625
5 0.09218750000000003 0.253125 0.007812500000000031 0.253125 0.007812500000000035 0.309375 0.09218750000000005 0.309375
5 0.11250000000000004 0.2109375 0.057812500000000024 0.2109375 0.057812500000000024 0.253125 0.11250000000000004 0.253125
5 0.14687500000000003 0.2328125 0.08906250000000002 0.2328125 0.08906250000000003 0.3046875 0.14687500000000003 0.3046875
5 0.18906250000000005 0.2015625 0.13593750000000004 0.2015625 0.13593750000000004 0.2734375 0.18906250000000005 0.2734375
5 0.2171875 0.2109375 0.18281250000000004 0.2109375 0.18281250000000004 0.253125 0.2171875 0.253125
5 0.259375 0.16562500000000005 0.196875 0.16562500000000005 0.19687500000000002 0.2109375 0.259375 0.2109375
5 0.2390625 0.15000000000000005 0.2203125 0.15000000000000005 0.2203125 0.17031250000000003 0.2390625 0.17031250000000003
5 0.2859375 0.12812500000000004 0.23125 0.12812500000000004 0.23125 0.17031250000000003 0.2859375 0.17031250000000003
5 0.3046875 0.14531250000000004 0.259375 0.14531250000000004 0.259375 0.18125000000000005 0.3046875 0.18125000000000005
5 0.3203125 0.11875000000000005 0.29375 0.11875000000000005 0.29375 0.17500000000000004 0.3203125 0.17500000000000004
5 0.3546875 0.09843750000000004 0.309375 0.09843750000000004 0.309375 0.2015625 0.3546875 0.2015625
5 0.3625 0.06250000000000004 0.3359375 0.06250000000000004 0.3359375 0.10781250000000005 0.3625 0.10781250000000005
5 0.4125 0.02656250000000005 0.34375 0.026562500000000044 0.34375 0.10937500000000004 0.4125 0.10937500000000004
5 0.44375 0.03593750000000005 0.390625 0.035937500000000046 0.390625 0.07187500000000005 0.44375 0.07187500000000005
5 0.4796875 0.03593750000000005 0.4296875 0.03593750000000005 0.4296875 0.08750000000000005 0.4796875 0.08750000000000006
5 0.5328125 0.020312500000000063 0.4828125 0.02031250000000006 0.4828125 0.07187500000000006 0.5328125 0.07187500000000006
5 0.590625 0.03125000000000007 0.509375 0.03125000000000007 0.509375 0.10312500000000006 0.590625 0.10312500000000009
5 0.6265625 0.004687500000000072 0.5609375 0.004687500000000068 0.5609375 0.09843750000000007 0.6265625 0.09843750000000007
5 0.6421875 7.721015366499328e-17 0.61875 7.577502069724248e-17 0.61875 0.015625000000000076 0.6421875 0.015625000000000076
5 0.66875 0.02031250000000008 0.6265625 0.020312500000000077 0.6265625 0.09843750000000008 0.66875 0.0984375000000001
5 0.7109375 0.042187500000000086 0.653125 0.04218750000000008 0.653125 0.10937500000000008 0.7109375 0.10937500000000008
5 0.76875 0.0671875000000001 0.675 0.0671875000000001 0.675 0.15000000000000008 0.76875 0.15000000000000008
5 0.7375 0.10312500000000009 0.6875 0.10312500000000009 0.6875 0.1546875000000001 0.7375 0.1546875000000001
5 0.8078125 0.05625000000000009 0.765625 0.05625000000000009 0.765625 0.0984375000000001 0.8078125 0.0984375000000001
5 0.76875 0.04687500000000009 0.70625 0.04687500000000009 0.70625 0.10312500000000009 0.76875 0.10312500000000009
5 0.734375 0.020312500000000087 0.684375 0.020312500000000084 0.684375 0.0671875000000001 0.734375 0.0671875000000001
5 0.7265625 8.448149403493069e-17 0.653125 7.99847440693115e-17 0.653125 0.05156250000000009 0.7265625 0.05156250000000009
5 0.7875 9.223121206078505e-17 0.71875 8.802148868871601e-17 0.71875 0.035937500000000094 0.7875 0.0359375000000001
5 0.875 1.0199011624149052e-16 0.790625 9.682363755758761e-17 0.790625 0.0562500000000001 0.875 0.05625000000000011
5 0.9140625 1.086874034243276e-16 0.8609375 1.0543443536409245e-16 0.8609375 0.05625000000000011 0.9140625 0.05625000000000011
5 0.996875 0.009375000000000118 0.91875 0.009375000000000114 0.91875 0.06718750000000011 0.996875 0.06718750000000011
5 0.996875 0.04687500000000012 0.934375 0.04687500000000011 0.934375 0.14375000000000013 0.996875 0.14375000000000013
5 0.996875 0.05625000000000011 0.8609375 0.05625000000000011 0.8609375 0.1750000000000001 0.996875 0.17500000000000013
5 0.915625 0.06718750000000011 0.8375 0.06718750000000011 0.8375 0.1593750000000001 0.915625 0.15937500000000013
5 0.853125 0.0625000000000001 0.8 0.06250000000000008 0.8 0.10781250000000009 0.853125 0.10781250000000009
5 0.9421875 0.1500000000000001 0.86875 0.15000000000000008 0.86875 0.22656250000000008 0.9421875 0.22656250000000008
5 0.996875 0.18125000000000013 0.93125 0.18125000000000013 0.93125 0.2484375000000001 0.996875 0.2484375000000001
5 0.9953125 0.22656250000000008 0.9421875 0.22656250000000008 0.9421875 0.29375000000000007 0.9953125 0.29375000000000007
5 0.996875 0.2734375000000001 0.9625 0.2734375000000001 0.9625 0.30937500000000007 0.996875 0.30937500000000007
5 0.8875 0.3203125000000001 0.6875 0.3203125000000001 0.6875 0.4390625000000001 0.8875 0.4390625000000002
5 0.934375 0.3453125000000001 0.834375 0.3453125000000001 0.834375 0.4437500000000002 0.934375 0.4437500000000002
5 0.996875 0.3765625000000001 0.946875 0.3765625000000001 0.946875 0.5000000000000002 0.996875 0.5000000000000002
5 0.9890625 0.46406250000000016 0.9609375 0.46406250000000016 0.9609375 0.48437500000000017 0.9890625 0.48437500000000017
5 0.98125 0.48437500000000017 0.953125 0.48437500000000017 0.953125 0.5265625000000002 0.98125 0.5265625000000002
5 0.98125 0.4281250000000002 0.8578125 0.4281250000000002 0.8578125 0.5156250000000002 0.98125 0.5156250000000002
5 0.996875 0.48437500000000017 0.984375 0.48437500000000017 0.984375 0.5312500000000002 0.996875 0.5312500000000002
5 0.996875 0.3609375000000001 0.9078125 0.3609375000000001 0.9078125 0.43750000000000017 0.996875 0.43750000000000017
5 0.996875 0.3140625000000001 0.9546875 0.3140625000000001 0.9546875 0.35625000000000007 0.996875 0.35625000000000007
5 0.953125 0.24218750000000008 0.8421875 0.24218750000000008 0.8421875 0.3203125000000001 0.953125 0.3203125000000001
5 0.93125 0.29375000000000007 0.8578125 0.29375000000000007 0.8578125 0.3500000000000001 0.93125 0.3500000000000001
5 0.8609375 0.2734375000000001 0.76875 0.2734375000000001 0.76875 0.35625000000000007 0.8609375 0.35625000000000007
5 0.996875 0.49531250000000016 0.9 0.49531250000000016 0.9 0.6296875000000002 0.996875 0.6296875000000002
5 0.996875 0.5468750000000002 0.803125 0.5468750000000002 0.803125 0.7109375000000002 0.996875 0.7109375000000002
5 0.996875 0.7218750000000002 0.86875 0.7218750000000002 0.86875 0.8921875 0.996875 0.8921875
5 0.9109375 0.840625 0.8734375 0.840625 0.8734375 0.8921875 0.9109375 0.8921875
5 0.8078125 0.753125 0.6765625000000002 0.753125 0.6765625000000002 0.975 0.8078125 0.975
5 0.9578125 0.9375 0.7906250000000001 0.9375 0.7906250000000001 0.9953125 0.9578125 0.9953125
5 0.996875 0.8453125 0.934375 0.8453125 0.934375 0.9953125 0.996875 0.9953125
5 0.903125 0.871875 0.7531250000000002 0.871875 0.7531250000000002 0.984375 0.903125 0.984375
5 0.9953125 0.6593750000000002 0.8109375 0.6593750000000002 0.8109375 0.8765625 0.9953125 0.8765625
5 0.8453125 0.675 0.7109375 0.675 0.7109375000000001 0.7734375000000001 0.8453125 0.7734375000000002
5 0.83125 0.5265625000000002 0.7578125 0.5265625000000002 0.7578125 0.6750000000000002 0.83125 0.6750000000000002
5 0.7984375 0.5671875000000001 0.671875 0.5671875 0.671875 0.7109375000000001 0.7984375 0.7109375000000002
5 0.7796875 0.5718750000000001 0.7296875 0.5718750000000001 0.7296875 0.6343750000000001 0.7796875 0.6343750000000001
5 0.721875 0.46875 0.6375 0.46875 0.6375 0.5671875 0.721875 0.5671875
5 0.753125 0.48906250000000007 0.7109375 0.4890625 0.7109375 0.5671875000000001 0.753125 0.5671875000000002
5 0.771875 0.49531250000000016 0.753125 0.49531250000000016 0.753125 0.5265625000000002 0.771875 0.5265625000000002
5 0.815625 0.47968750000000016 0.7734375 0.47968750000000016 0.7734375 0.5468750000000002 0.815625 0.5468750000000002
5 0.9 0.5000000000000002 0.81875 0.5000000000000002 0.81875 0.5625000000000002 0.9 0.5625000000000002
5 0.8765625 0.43750000000000017 0.7953125 0.43750000000000017 0.7953125 0.5156250000000002 0.8765625 0.5156250000000002
5 0.70625 0.35625000000000007 0.621875 0.35625000000000007 0.621875 0.4640625 0.70625 0.4640625
5 0.7375 0.3609375000000001 0.6875 0.3609375000000001 0.6875 0.4484375000000001 0.7375 0.44843750000000016
5 0.66875 0.44375 0.5953125 0.44375 0.5953125 0.4890625 0.66875 0.4890625
5 0.6453125 0.4125 0.540625 0.4125 0.540625 0.540625 0.6453125 0.540625
5 0.6875 0.5109375 0.6171875 0.5109375 0.6171875 0.7171875 0.6875 0.7171875
5 0.7140625000000002 0.7265625 0.6531250000000002 0.7265625 0.6531250000000002 0.809375 0.7140625000000002 0.809375
5 0.7406250000000001 0.6453125000000001 0.6796875 0.6453125 0.6796875000000001 0.7281250000000001 0.7406250000000002 0.7281250000000001
5 0.7265625000000002 0.8046875 0.6187500000000001 0.8046875 0.6187500000000001 0.9953125 0.7265625000000002 0.9953125
5 0.6515625000000002 0.8203125 0.5484375000000001 0.8203125 0.5484375000000001 0.9390625 0.6515625000000002 0.9390625
5 0.6531250000000001 0.7015625 0.55625 0.7015625 0.5562500000000001 0.825 0.6531250000000002 0.825
5 0.6484375 0.5265625 0.509375 0.5265625 0.509375 0.7125 0.6484375 0.7125
5 0.5718750000000001 0.64375 0.5171875 0.64375 0.5171875000000001 0.7578125 0.5718750000000001 0.7578125
5 0.5484375000000001 0.8203125 0.4125000000000002 0.8203125 0.4125000000000002 0.9953125 0.5484375000000001 0.9953125
5 0.5406250000000001 0.815625 0.5093750000000001 0.815625 0.5093750000000001 0.8515625 0.5406250000000001 0.8515625
5 0.5718750000000001 0.8921875 0.5015625000000001 0.8921875 0.5015625000000001 0.9953125 0.5718750000000001 0.9953125
5 0.5718750000000001 0.9375 0.5375000000000002 0.9375 0.5375000000000002 0.9953125 0.5718750000000001 0.9953125
5 0.3437500000000001 0.9484375 0.30937500000000007 0.9484375 0.30937500000000007 0.9953125 0.3437500000000001 0.9953125
5 0.5593750000000002 0.7625 0.30937500000000007 0.7625 0.30937500000000007 0.9953125 0.5593750000000002 0.9953125
5 0.4906250000000002 0.7734375 0.27031250000000007 0.7734375 0.27031250000000007 0.9953125 0.4906250000000002 0.9953125
5 0.33281250000000007 0.865625 0.18906250000000008 0.865625 0.1890625000000001 0.9953125 0.33281250000000007 0.9953125
5 0.12343750000000013 0.953125 0.08906250000000011 0.953125 0.08906250000000011 0.9953125 0.12343750000000013 0.9953125
5 0.2656250000000001 0.834375 0.08906250000000011 0.834375 0.08906250000000011 0.9953125 0.2656250000000001 0.9953125
5 0.057812500000000114 0.9375 0.015625000000000118 0.9375 0.015625000000000118 0.9953125 0.057812500000000114 0.9953125
5 0.1578125000000001 0.85625 0.023437500000000104 0.85625 0.023437500000000114 0.9953125 0.15781250000000013 0.9953125
5 0.10937500000000011 0.7171875 0.01250000000000009 0.7171875 0.012500000000000103 0.9390625 0.10937500000000014 0.9390625
5 0.1593750000000001 0.7734375 0.08593750000000008 0.7734375 0.0859375000000001 0.8609375 0.1593750000000001 0.8609375
5 0.17343750000000008 0.7171875 0.10468750000000009 0.7171875 0.10468750000000009 0.8 0.17343750000000008 0.8
5 0.2515625000000001 0.571875 0.1546875000000001 0.571875 0.1546875000000001 0.7265625 0.2515625000000001 0.7265625
5 0.2593750000000001 0.5671875 0.2312500000000001 0.5671875 0.2312500000000001 0.5984375 0.2593750000000001 0.5984375
5 0.17343750000000008 0.65 0.1390625000000001 0.65 0.1390625000000001 0.6859375 0.17343750000000008 0.6859375
5 0.18906250000000008 0.578125 0.050000000000000065 0.578125 0.05000000000000008 0.65 0.18906250000000008 0.65
5 0.1703125000000001 0.6453125 0.007812500000000078 0.6453125 0.007812500000000083 0.7171875 0.1703125000000001 0.7171875
5 0.0843750000000001 0.715625 8.763878656398247e-17 0.715625 9.586688224575374e-17 0.85 0.08437500000000012 0.85
5 0.27031250000000007 0.76875 0.22031250000000008 0.76875 0.22031250000000008 0.840625 0.27031250000000007 0.840625
5 0.2312500000000001 0.6859375 0.20468750000000008 0.6859375 0.20468750000000008 0.70625 0.2312500000000001 0.70625
5 0.2328125000000001 0.675 0.1593750000000001 0.675 0.1593750000000001 0.8359375 0.2328125000000001 0.8359375
5 0.3515625000000001 0.665625 0.2515625000000001 0.665625 0.2515625000000001 0.7578125 0.3515625000000001 0.7578125
5 0.4406250000000001 0.65 0.27031250000000007 0.65 0.27031250000000007 0.8609375 0.44062500000000016 0.8609375
5 0.5140625000000001 0.5875 0.40625 0.5875 0.4062500000000001 0.7625 0.5140625000000002 0.7625
5 0.590625 0.4390625 0.4171875 0.4390625 0.4171875 0.5625 0.590625 0.5625
5 0.5015625 0.546875 0.4671875 0.546875 0.4671875 0.5875 0.5015625 0.5875
5 0.4984375 0.5421875 0.428125 0.5421875 0.428125 0.609375 0.4984375 0.609375
5 0.4296875 0.5984375 0.40625 0.5984375 0.40625 0.6390625 0.4296875 0.6390625
5 0.4015625 0.571875 0.28593750000000007 0.571875 0.28593750000000007 0.68125 0.4015625 0.68125
5 0.3859375000000001 0.5734375 0.2312500000000001 0.5734375 0.2312500000000001 0.7484375 0.3859375000000001 0.7484375
5 0.4328125 0.5109375 0.2890625000000001 0.5109375 0.2890625000000001 0.603125 0.4328125 0.603125
5 0.425 0.5 0.3781250000000001 0.5 0.3781250000000001 0.540625 0.425 0.540625
5 0.4359375 0.30937500000000007 0.29375 0.309375 0.29375000000000007 0.5109375 0.4359375 0.5109375
5 0.5484375 0.3359375000000001 0.4203125 0.3359375000000001 0.4203125 0.41875 0.5484375 0.41875
5 0.603125 0.3765625000000001 0.4875 0.3765625000000001 0.4875 0.46875 0.603125 0.46875
5 0.6640625 0.3203125000000001 0.5671875 0.3203125000000001 0.5671875 0.403125 0.6640625 0.403125
5 0.7078125 0.2531250000000001 0.61875 0.2531250000000001 0.61875 0.3453125000000001 0.7078125 0.3453125000000001
5 0.76875 0.2578125000000001 0.703125 0.2578125000000001 0.703125 0.3343750000000001 0.76875 0.3343750000000001
5 0.2890625000000001 0.5203125 0.18125000000000005 0.5203125 0.18125000000000008 0.5828125 0.2890625000000001 0.5828125
5 0.27031250000000007 0.46875 0.15781250000000005 0.46875 0.15781250000000008 0.546875 0.27031250000000007 0.546875
5 0.17343750000000008 0.4640625 5.683126552293186e-17 0.4640625 6.592044098535362e-17 0.6125 0.17343750000000008 0.6125
5 0.026562500000000072 0.5875 7.1947999449907e-17 0.5875 7.663610047789296e-17 0.6640625 0.02656250000000008 0.6640625
5 0.22031250000000005 0.3609375 0.12656250000000005 0.3609375 0.12656250000000005 0.5109375 0.22031250000000008 0.5109375
5 0.21718750000000003 0.35625 0.19375000000000003 0.35625 0.19375000000000003 0.3765625 0.2171875000000001 0.3765625
5 0.15468750000000003 0.4375 0.08437500000000005 0.4375 0.08437500000000006 0.53125 0.15468750000000003 0.53125
5 0.16718750000000004 0.3609375 0.020312500000000046 0.3609375 0.02031250000000005 0.4328125 0.16718750000000004 0.4328125
5 0.026562500000000055 0.4109375 5.032532940246154e-17 0.4109375 5.2908568744412996e-17 0.453125 0.026562500000000055 0.453125
5 0.10000000000000005 0.4234375 5.1856137901395736e-17 0.4234375 5.597018574228137e-17 0.490625 0.10000000000000005 0.490625
5 0.06250000000000004 0.3296875 4.0375074159389303e-17 0.3296875 4.4776148593825096e-17 0.4015625 0.06250000000000004 0.4015625
5 0.17343750000000005 0.309375 0.057812500000000044 0.309375 0.057812500000000044 0.3609375 0.17343750000000005 0.3609375
5 0.2890625 0.284375 0.13125000000000003 0.284375 0.13125000000000003 0.3515625 0.2890625 0.3515625
5 0.31250000000000006 0.35 0.18906250000000005 0.35 0.18906250000000005 0.484375 0.3125000000000001 0.484375
5 0.09218750000000005 0.2828125 3.463454228838608e-17 0.2828125 3.7791834817437855e-17 0.334375 0.09218750000000005 0.334375
5 0.3359375 3.2816707195901736e-17 0.2 2.4492935982947065e-17 0.2 0.13437500000000005 0.3359375 0.13437500000000005
5 0.290625 0.284375 0.13593750000000004 0.284375 0.13593750000000004 0.3515625 0.290625 0.3515625
5 0.325 0.20625 0.19375000000000003 0.20625 0.19375000000000003 0.29375 0.325 0.29375
5 0.2703125 0.2734375 0.246875 0.2734375 0.246875 0.309375 0.2703125 0.309375
5 0.3625 0.246875 0.2515625 0.246875 0.2515625 0.3046875 0.3625 0.3046875
5 0.425 0.20156250000000003 0.359375 0.2015625 0.359375 0.29375000000000007 0.425 0.29375000000000007
5 0.3671875 0.20156250000000003 0.325 0.2015625 0.325 0.24687500000000004 0.3671875 0.2468750000000001
5 0.478125 0.12343750000000005 0.3515625 0.12343750000000005 0.3515625 0.21093750000000006 0.478125 0.21093750000000008
5 0.39375 0.10781250000000005 0.3625 0.10781250000000005 0.3625 0.13906250000000003 0.39375 0.13906250000000003
5 0.4296875 0.10312500000000005 0.3984375 0.10312500000000005 0.3984375 0.13437500000000005 0.4296875 0.13437500000000005
5 0.4453125 0.08281250000000004 0.421875 0.08281250000000004 0.421875 0.13437500000000005 0.4453125 0.13437500000000005
5 0.4796875 0.09375000000000006 0.4484375 0.09375000000000004 0.4484375 0.12500000000000006 0.4796875 0.12500000000000006
5 0.5875 0.03593750000000006 0.4796875 0.03593750000000005 0.4796875 0.14375000000000007 0.5875 0.1437500000000001
5 0.5671875 0.11406250000000007 0.5171875 0.11406250000000004 0.5171875 0.18125000000000008 0.5671875 0.18125000000000008
5 0.6140625 0.10781250000000009 0.55625 0.10781250000000009 0.55625 0.2062500000000001 0.6140625 0.2062500000000001
5 0.65625 0.10312500000000009 0.60625 0.10312500000000009 0.60625 0.1750000000000001 0.65625 0.1750000000000001
5 0.7375 0.13437500000000008 0.653125 0.13437500000000008 0.653125 0.2015625000000001 0.7375 0.2015625000000001
5 0.7875 0.1750000000000001 0.7296875 0.1750000000000001 0.7296875 0.22656250000000008 0.7875 0.22656250000000008
5 0.8578125 0.10781250000000009 0.7765625 0.10781250000000009 0.7765625 0.2015625000000001 0.8578125 0.2015625000000001
5 0.8375 0.17968750000000008 0.784375 0.17968750000000008 0.784375 0.2734375000000001 0.8375 0.2734375000000001
5 0.865625 0.2015625000000001 0.8375 0.2015625000000001 0.8375 0.2328125000000001 0.865625 0.2328125000000001
5 0.75625 0.2015625000000001 0.671875 0.2015625000000001 0.671875 0.2531250000000001 0.75625 0.2531250000000001
5 0.6875 0.15000000000000008 0.5796875 0.15000000000000008 0.5796875 0.2843750000000001 0.6875 0.2843750000000001
5 0.6375 0.2218750000000001 0.5796875 0.2218750000000001 0.5796875 0.2984375000000001 0.6375 0.2984375000000001
5 0.553125 0.24218750000000008 0.4640625 0.24218750000000008 0.4640625 0.34062500000000007 0.553125 0.34062500000000007
5 0.5796875 0.2218750000000001 0.5296875 0.2218750000000001 0.5296875 0.2828125000000001 0.5796875 0.2828125000000001
5 0.6140625 0.2640625000000001 0.540625 0.2640625000000001 0.540625 0.3359375000000001 0.6140625 0.3359375000000001
5 0.54375 0.2218750000000001 0.475 0.2218750000000001 0.475 0.27812500000000007 0.54375 0.27812500000000007
5 0.55625 0.17968750000000006 0.490625 0.17968750000000006 0.490625 0.2218750000000001 0.55625 0.2218750000000001
5 0.525 0.15468750000000003 0.3984375 0.15468750000000003 0.3984375 0.21093750000000008 0.525 0.21093750000000008
5 0.471875 0.21250000000000008 0.421875 0.21250000000000008 0.421875 0.2843750000000001 0.471875 0.2843750000000001
5 0.471875 0.27812500000000007 0.40625 0.27812500000000007 0.40625 0.3453125000000001 0.471875 0.3453125000000001
5 0.996875 0.13437500000000008 1.6456191363542558e-17 0.134375 6.917340904558878e-17 0.9953125 0.996875 0.9953125
5 0.9953125 8.122852597469554e-17 0.33125 4.0566425221756075e-17 0.33125 0.17968750000000008 0.9953125 0.17968750000000014