5 0.8890625 0.0750000000000001 0.7140625 0.0750000000000001 0.7140625 0.890625 0.8890625 0.890625
5 0.8421875 0.0750000000000001 0.7546875 0.0750000000000001 0.7546875 0.1546875000000001 0.8421875 0.1546875000000001
5 0.6390625 0.07500000000000008 0.54375 0.07500000000000007 0.54375 0.15000000000000008 0.6390625 0.15000000000000008
5 0.6875000000000001 0.07500000000000008 0.5046875 0.07500000000000007 0.5046875000000001 0.9 0.6875000000000002 0.9
5 0.48125000000000007 0.07500000000000005 0.290625 0.07500000000000004 0.290625 0.9 0.4812500000000002 0.9
5 0.471875 0.37031250000000004 0.2984375000000001 0.3703125 0.2984375000000001 0.55 0.471875 0.55
5 0.6828125 0.3656250000000001 0.5078125 0.3656250000000001 0.5078125 0.5359375 0.6828125 0.5359375
5 0.4296875 0.07500000000000004 0.3421875 0.07500000000000004 0.3421875 0.15000000000000005 0.4296875 0.15000000000000005
5 0.884375 0.5953125000000001 0.71875 0.5953125 0.7187500000000001 0.7703125000000001 0.884375 0.7703125000000002
5 0.26562500000000006 0.07968750000000001 0.0828125 0.0796875 0.08281250000000005 0.9 0.2656250000000001 0.9
5 0.26250000000000007 0.5609375 0.08281250000000007 0.5609375 0.08281250000000008 0.765625 0.26250000000000007 0.765625
5 0.21875 0.07968750000000002 0.1265625 0.07968750000000002 0.1265625 0.15468750000000003 0.21875 0.15468750000000003