5 0.9234375 0.5703125000000002 0.7625 0.5703125000000002 0.7625000000000001 0.99375 0.9234375 0.99375
5 0.996875 0.6468750000000002 0.9203125 0.6468750000000002 0.9203125 0.99375 0.996875 0.99375
5 0.9375 0.3062500000000001 0.6859375 0.3062500000000001 0.6859375000000001 0.7296875 0.9375 0.7296875000000002
5 0.996875 0.2984375000000001 0.9203125 0.2984375000000001 0.9203125 0.7437500000000001 0.996875 0.7437500000000001
5 0.9171875 0.04218750000000011 0.796875 0.0421875000000001 0.796875 0.3750000000000001 0.9171875 0.3750000000000001
5 0.996875 1.146192863576976e-16 0.875 1.0715659492539341e-16 0.875 0.4859375000000002 0.996875 0.4859375000000002
5 0.996875 1.1787225441793274e-16 0.928125 1.1366253104586372e-16 0.928125 0.16718750000000013 0.996875 0.16718750000000013
5 0.871875 9.165715887368473e-17 0.625 7.654042494670958e-17 0.625 0.2218750000000001 0.871875 0.2218750000000001
5 0.7796875 0.021875000000000082 0.5890625 0.02187500000000007 0.5890625 0.3343750000000001 0.7796875 0.3343750000000001
5 0.8234375 0.2015625000000001 0.6796875 0.2015625000000001 0.6796875 0.5062500000000001 0.8234375 0.5062500000000002
5 0.7 0.3187500000000001 0.6140625 0.3187500000000001 0.6140625 0.590625 0.7 0.590625
5 0.6265625 6.764260054665459e-17 0.478125 5.855342508423283e-17 0.478125 0.471875 0.6265625 0.471875
5 0.6312500000000001 0.2984375 0.3609375 0.2984375 0.3609375 0.8546875 0.6312500000000002 0.8546875
5 0.7281250000000001 0.6390625000000001 0.5234375 0.6390625 0.5234375000000001 0.9921875 0.7281250000000001 0.9921875
5 0.7828125000000001 0.5906250000000001 0.6171875 0.590625 0.6171875000000001 0.99375 0.7828125000000001 0.99375
5 0.4406250000000001 0.5765625 0.25468750000000007 0.5765625 0.25468750000000007 0.9921875 0.44062500000000016 0.9921875
5 0.5406250000000001 0.61875 0.3921875000000001 0.61875 0.3921875000000001 0.99375 0.5406250000000001 0.99375
5 0.4734375 3.530427100666979e-17 0.103125 1.262917011620708e-17 0.10312500000000005 0.6390625 0.4734375 0.6390625
5 0.5453125 6.037126017671718e-17 0.440625 5.3960999587430256e-17 0.440625 0.16718750000000007 0.5453125 0.1671875000000001
5 0.21093750000000006 1.39686275527745e-17 0.0171875 2.1048616860345133e-18 0.017187500000000036 0.590625 0.21093750000000008 0.590625
5 0.2828125000000001 0.5703125 0.040625000000000064 0.5703125 0.04062500000000009 0.99375 0.2828125000000001 0.99375
5 0.1921875000000001 0.375 4.592425496802575e-17 0.375 8.381176531664698e-17 0.99375 0.19218750000000012 0.99375
5 0.06875000000000003 0.028125000000000004 3.444319122601931e-18 0.028125 3.0616169978683824e-17 0.471875 0.06875000000000006 0.471875
5 0.1421875 8.706473337688215e-18 0 0 8.036744619404505e-18 0.13125 0.1421875 0.13125
5 0.996875 6.104098889500089e-17 0 0 6.084963783263412e-17 0.99375 0.996875 0.99375