5 0.90625 0.12656250000000008 0.7859375 0.12656250000000008 0.7859375000000001 0.9125 0.90625 0.9125
5 0.8734375 0.12031250000000009 0.8125 0.12031250000000009 0.8125 0.1765625000000001 0.8734375 0.1765625000000001
5 0.725 0.08125000000000009 0.6640625 0.08125000000000009 0.6640625 0.1453125000000001 0.725 0.1453125000000001
5 0.5828125 0.056250000000000064 0.525 0.056250000000000064 0.525 0.12656250000000008 0.5828125 0.12656250000000008
5 0.440625 0.05625000000000004 0.3828125 0.05625000000000004 0.3828125 0.12031250000000004 0.440625 0.12031250000000004
5 0.30625 0.06250000000000003 0.24375 0.06250000000000003 0.24375 0.2078125 0.30625 0.2078125
5 0.16718750000000004 0.290625 0.10156250000000004 0.290625 0.10156250000000004 0.346875 0.16718750000000004 0.346875
5 0.7593750000000001 0.08750000000000009 0.6359375 0.08750000000000009 0.6359375 0.90625 0.7593750000000001 0.90625
5 0.6171875000000001 0.050000000000000065 0.490625 0.050000000000000065 0.4906250000000001 0.9125 0.6171875000000002 0.9125
5 0.4718750000000001 0.05625000000000006 0.3515625 0.05625000000000004 0.35156250000000006 0.90625 0.47187500000000016 0.90625
5 0.33281250000000007 0.06250000000000003 0.225 0.06250000000000003 0.22500000000000003 0.9 0.33281250000000007 0.9
5 0.20312500000000006 0.2953125 0.07343750000000004 0.2953125 0.07343750000000007 0.9 0.20312500000000008 0.9