5 0.9671875 0.875 0.8578125 0.875 0.8578125 0.9953125 0.9671875 0.9953125
5 0.996875 0.809375 0.9671875 0.809375 0.9671875 0.9953125 0.996875 0.9953125
5 0.9890625 0.7156250000000002 0.865625 0.7156250000000002 0.865625 0.8859375 0.9890625 0.8859375
5 0.996875 0.6062500000000002 0.8734375 0.6062500000000002 0.8734375 0.7328125000000002 0.996875 0.7328125000000002
5 0.953125 0.5953125000000001 0.8953125 0.5953125000000001 0.8953125 0.6718750000000002 0.953125 0.6718750000000002
5 0.996875 0.4859375000000002 0.9234375 0.4859375000000002 0.9234375 0.6171875000000002 0.996875 0.6171875000000002
5 0.9015625 0.7375000000000002 0.7343750000000002 0.7375000000000002 0.7343750000000002 0.9953125 0.9015625 0.9953125
5 0.8953125 0.9234375 0.840625 0.9234375 0.840625 0.9953125 0.8953125 0.9953125
5 0.8734375 0.6281250000000002 0.8 0.6281250000000002 0.8 0.7437500000000001 0.8734375 0.7437500000000001
5 0.9453125 0.5359375000000002 0.8546875 0.5359375000000002 0.8546875 0.6937500000000002 0.9453125 0.6937500000000002
5 0.9421875 0.3343750000000001 0.6984375 0.3343750000000001 0.6984375 0.5531250000000001 0.9421875 0.5531250000000002
5 0.7234375 0.3390625000000001 0.7015625 0.3390625000000001 0.7015625 0.37187500000000007 0.7234375 0.37187500000000007
5 0.996875 0.37187500000000007 0.934375 0.37187500000000007 0.934375 0.4859375000000002 0.996875 0.4859375000000002
5 0.9609375 0.2140625000000001 0.8703125 0.2140625000000001 0.8703125 0.3671875000000001 0.9609375 0.3671875000000001
5 0.996875 0.2078125000000001 0.953125 0.2078125000000001 0.953125 0.3656250000000001 0.996875 0.3656250000000001
5 0.996875 0.010937500000000117 0.9234375 0.010937500000000114 0.9234375 0.21250000000000008 0.996875 0.21250000000000008
5 0.975 9.758904180705471e-17 0.61875 7.577502069724248e-17 0.61875 0.2078125000000001 0.975 0.2078125000000001
5 0.9234375 8.821283975108278e-17 0.5171875 6.333720164340217e-17 0.5171875 0.2953125000000001 0.9234375 0.2953125000000001
5 0.5484375 0.010937500000000063 0.509375 0.010937500000000062 0.509375 0.08125000000000007 0.5484375 0.08125000000000007
5 0.7484375 0.3828125000000001 0.6875 0.3828125000000001 0.6875 0.4640625000000001 0.7484375 0.46406250000000016
5 0.7453125 0.3765625000000001 0.6578125 0.3765625000000001 0.6578125 0.5250000000000001 0.7453125 0.5250000000000001
5 0.7015625 0.5578125 0.640625 0.5578125 0.640625 0.6390625 0.7015625 0.6390625
5 0.6984375 0.503125 0.5703125 0.503125 0.5703125 0.6671875 0.6984375 0.6671875
5 0.8109375 0.6234375000000001 0.5203125 0.6234375 0.5203125000000001 0.803125 0.8109375 0.803125
5 0.6687500000000001 0.7046875 0.484375 0.7046875 0.4843750000000001 0.890625 0.6687500000000002 0.890625
5 0.7375000000000002 0.803125 0.6109375000000001 0.803125 0.6109375000000001 0.9953125 0.7375000000000002 0.9953125
5 0.6437500000000002 0.9078125 0.5921875000000002 0.9078125 0.5921875000000002 0.978125 0.6437500000000002 0.978125
5 0.6921875000000002 0.9515625 0.6046875000000002 0.9515625 0.6046875000000002 0.9953125 0.6921875000000002 0.9953125
5 0.6000000000000001 0.678125 0.403125 0.678125 0.40312500000000007 0.9953125 0.6000000000000002 0.9953125
5 0.5781250000000002 0.9234375 0.46875000000000017 0.9234375 0.46875000000000017 0.9953125 0.5781250000000002 0.9953125
5 0.4812500000000002 0.8578125 0.3609375000000001 0.8578125 0.3609375000000001 0.9953125 0.4812500000000002 0.9953125
5 0.3671875000000001 0.9234375 0.26250000000000007 0.9234375 0.26250000000000007 0.9953125 0.3671875000000001 0.9953125
5 0.3828125000000001 0.7046875 0.2843750000000001 0.7046875 0.2843750000000001 0.9671875 0.3828125000000001 0.9671875
5 0.43281250000000016 0.7703125 0.3859375000000001 0.7703125 0.3859375000000001 0.8578125 0.43281250000000016 0.8578125
5 0.5718750000000001 0.590625 0.2375000000000001 0.590625 0.2375000000000001 0.7765625 0.5718750000000001 0.7765625
5 0.2875000000000001 0.74375 0.18125000000000008 0.74375 0.1812500000000001 0.9890625 0.2875000000000001 0.9890625
5 0.16406250000000014 0.934375 0.10156250000000014 0.934375 0.10156250000000014 0.9953125 0.16406250000000014 0.9953125
5 0.6546875 0.4203125 0.6109375 0.4203125 0.6109375 0.5140625 0.6546875 0.5140625
5 0.65 0.4203125 0.2984375000000001 0.4203125 0.2984375000000001 0.7109375 0.65 0.7109375
5 0.446875 0.4203125 0.4078125 0.4203125 0.4078125 0.5140625 0.446875 0.5140625
5 0.44375 0.36562500000000003 0.2906250000000001 0.365625 0.2906250000000001 0.5140625 0.44375 0.5140625
5 0.6078125 0.3390625000000001 0.4140625 0.3390625000000001 0.4140625 0.4703125 0.6078125 0.4703125
5 0.6984375 0.17500000000000007 0.45 0.17500000000000004 0.45 0.3437500000000001 0.6984375 0.3437500000000001
5 0.73125 0.08750000000000008 0.5203125 0.08750000000000006 0.5203125 0.2843750000000001 0.73125 0.2843750000000001
5 0.10468750000000011 0.8796875 1.0773064811249373e-16 0.8796875 1.1471496188888098e-16 0.99375 0.10468750000000013 0.99375
5 0.2218750000000001 0.7765625 0.10468750000000009 0.7765625 0.10468750000000011 0.9625 0.2218750000000001 0.9625
5 0.1531250000000001 0.5515625 6.754692501547121e-17 0.5515625 8.869121740699973e-17 0.896875 0.1531250000000001 0.896875
5 0.07968750000000008 0.6234375 7.634907388434281e-17 0.6234375 8.802148868871601e-17 0.8140625 0.07968750000000009 0.8140625
5 0.2140625000000001 0.446875 5.472640383689735e-17 0.446875 6.879070692085523e-17 0.6765625 0.2140625000000001 0.6765625
5 0.15312500000000004 0.234375 2.870265935501609e-17 0.234375 4.649830815512606e-17 0.525 0.15312500000000004 0.525
5 0.2 0.203125 0.14843750000000006 0.203125 0.14843750000000006 0.290625 0.2 0.290625
5 0.30625 0.17031250000000003 0.2515625 0.17031250000000003 0.2515625 0.2359375 0.30625 0.2359375
5 0.3015625 2.918103701093302e-17 0.175 2.143131898507868e-17 0.17500000000000002 0.240625 0.3015625 0.240625
5 0.221875 1.9613483892594332e-17 0.0984375 1.2055116929106758e-17 0.09843750000000002 0.2953125 0.221875 0.2953125
5 0.09843750000000001 6.027558464553379e-18 0 0 1.071565949253934e-17 0.175 0.09843750000000002 0.175
5 0.006250000000000004 3.827021247335481e-19 0 0 3.6356701849687045e-18 0.059375 0.006250000000000008 0.059375
5 0.10937500000000003 0.153125 1.8752404111943846e-17 0.153125 3.1094547634600764e-17 0.3546875 0.10937500000000004 0.3546875
5 0.3953125 4.5350201780925416e-17 0.3453125 4.228858478305704e-17 0.3453125 0.07031250000000004 0.3953125 0.07031250000000004
5 0.3921875 4.0949127346489623e-17 0.2765625 3.386913803891899e-17 0.2765625 0.14218750000000005 0.3921875 0.14218750000000005
5 0.5234375 0.010937500000000048 0.2734375 0.010937500000000034 0.2734375 0.32812500000000006 0.5234375 0.3281250000000001
5 0.4375 0.27343750000000006 0.3609375 0.2734375 0.3609375 0.3765625 0.4375 0.3765625000000001
5 0.5125 5.903180274014976e-17 0.4515625 5.5300457023997667e-17 0.4515625 0.01093750000000006 0.5125 0.010937500000000063
5 0.5828125 6.046693570790056e-17 0.4046875 4.955992515299445e-17 0.4046875 0.054687500000000056 0.5828125 0.05468750000000007
5 0.37500000000000006 0.27343750000000006 0.3015625 0.2734375 0.30156250000000007 0.37187500000000007 0.3750000000000001 0.37187500000000007
5 0.3375 0.321875 0.18906250000000005 0.321875 0.18906250000000008 0.5578125 0.3375000000000001 0.5578125
5 0.28125000000000006 0.2078125 0.17187500000000006 0.2078125 0.17187500000000006 0.3765625 0.2812500000000001 0.3765625
5 0.2984375000000001 0.5515625 0.1531250000000001 0.5515625 0.1531250000000001 0.759375 0.2984375000000001 0.759375
5 0.996875 6.104098889500089e-17 0 0 6.09453133638175e-17 0.9953125 0.996875 0.9953125