5 0.11250000000000002 6.8886382452038635e-18 0 0 1.2724845647390467e-17 0.2078125 0.11250000000000004 0.2078125
5 0.16406250000000003 0.03593750000000002 0.09375 0.03593750000000001 0.09375000000000001 0.2078125 0.16406250000000006 0.2078125
5 0.234375 0.059375000000000025 0.1640625 0.059375000000000025 0.16406250000000003 0.2265625 0.234375 0.2265625
5 0.4703125 0.07656250000000006 0.3671875 0.07656250000000005 0.3671875 0.28593750000000007 0.4703125 0.28593750000000007
5 0.5640625 6.31458505810354e-17 0.4671875 5.72139676476654e-17 0.4671875 0.22031250000000008 0.5640625 0.22031250000000008
5 0.5828125 0.19062500000000007 0.453125 0.19062500000000004 0.453125 0.3921875000000001 0.5828125 0.3921875000000001
5 0.94375 0.08437500000000012 0.8234375 0.08437500000000012 0.8234375 0.2750000000000001 0.94375 0.2750000000000001
5 0.99375 0.7859375000000002 0.85 0.7859375000000002 0.85 0.99375 0.99375 0.99375
5 0.8203125 0.934375 0.7468750000000002 0.934375 0.7468750000000002 0.99375 0.8203125 0.99375
5 0.85625 0.7500000000000001 0.7234375000000002 0.75 0.7234375000000002 0.953125 0.85625 0.953125
5 0.9140625 0.7437500000000001 0.8109375 0.7437500000000001 0.8109375 0.9234375 0.9140625 0.9234375
5 0.9359375 0.5890625000000002 0.79375 0.5890625000000002 0.7937500000000001 0.803125 0.9359375 0.803125
5 0.9875 0.5781250000000002 0.890625 0.5781250000000002 0.890625 0.7437500000000001 0.9875 0.7437500000000001
5 0.9703125 0.7453125000000002 0.9359375 0.7453125000000002 0.9359375 0.834375 0.9703125 0.834375
5 0.996875 0.4281250000000002 0.9359375 0.4281250000000002 0.9359375 0.6906250000000002 0.996875 0.6906250000000002
5 0.9703125 0.3515625000000001 0.8359375 0.3515625000000001 0.8359375 0.5781250000000002 0.9703125 0.5781250000000002
5 0.9796875 0.2500000000000001 0.9 0.2500000000000001 0.9 0.3921875000000001 0.9796875 0.3921875000000001
5 0.996875 0.2328125000000001 0.95 0.2328125000000001 0.95 0.3750000000000001 0.996875 0.3750000000000001
5 0.996875 0.12500000000000014 0.9390625 0.12500000000000014 0.9390625 0.2562500000000001 0.996875 0.2562500000000001
5 0.9734375 0.035937500000000115 0.9125 0.03593750000000011 0.9125 0.16718750000000013 0.9734375 0.16718750000000013
5 0.996875 0.02343750000000012 0.9765625 0.02343750000000012 0.9765625 0.13125000000000014 0.996875 0.13125000000000014
5 0.909375 1.041906534587084e-16 0.7921875 9.701498861995439e-17 0.7921875 0.11250000000000011 0.909375 0.11250000000000013
5 0.7828125 0.01250000000000009 0.6765625 0.012500000000000084 0.6765625 0.2078125000000001 0.7828125 0.2078125000000001
5 0.7703125 0.19687500000000008 0.6625 0.19687500000000008 0.6625 0.41093750000000007 0.7703125 0.4109375000000002
5 0.8765625 0.2750000000000001 0.7640625 0.2750000000000001 0.7640625 0.4593750000000002 0.8765625 0.4593750000000002
5 0.85 0.4578125000000002 0.753125 0.4578125000000002 0.753125 0.5953125000000001 0.85 0.5953125000000001
5 0.7765625 0.4703125000000001 0.65625 0.4703125 0.65625 0.6968750000000001 0.7765625 0.6968750000000001
5 0.7968750000000001 0.6375000000000001 0.7203125 0.6375 0.7203125000000001 0.7500000000000001 0.7968750000000002 0.7500000000000002
5 0.7140625 0.559375 0.5796875 0.559375 0.5796875000000001 0.8328125 0.7140625000000002 0.8328125
5 0.7062500000000002 0.7390625 0.5937500000000002 0.7390625 0.5937500000000002 0.9 0.7062500000000002 0.9
5 0.7437500000000001 0.9234375 0.6296875000000002 0.9234375 0.6296875000000002 0.99375 0.7437500000000001 0.99375
5 0.7468750000000002 0.8453125 0.6296875000000002 0.8453125 0.6296875000000002 0.946875 0.7468750000000002 0.946875
5 0.65625 0.4109375 0.553125 0.4109375 0.553125 0.5828125 0.65625 0.5828125
5 0.6734375 0.3390625000000001 0.59375 0.3390625000000001 0.59375 0.4765625 0.6734375 0.4765625
5 0.6828125 0.1609375000000001 0.6 0.1609375000000001 0.6 0.33281250000000007 0.6828125 0.33281250000000007
5 0.6765625 7.711447813380989e-17 0.5828125 7.137394626280668e-17 0.5828125 0.1671875000000001 0.6765625 0.1671875000000001
5 0.4640625 4.7646414529326714e-17 0.3140625 3.846156353572156e-17 0.3140625 0.13750000000000004 0.4640625 0.13750000000000004
5 0.334375 3.482589335075286e-17 0.234375 2.870265935501609e-17 0.234375 0.09531250000000004 0.334375 0.09531250000000005
5 0.359375 0.05312500000000003 0.2171875 0.05312500000000002 0.2171875 0.2796875 0.359375 0.2796875
5 0.3765625 0.24375000000000005 0.17968750000000006 0.24375 0.17968750000000006 0.565625 0.3765625000000001 0.565625
5 0.409375 0.35156250000000006 0.3234375 0.3515625 0.32343750000000004 0.5171875 0.409375 0.5171875
5 0.37968750000000007 0.625 0.2765625000000001 0.625 0.2765625000000001 0.7921875 0.37968750000000007 0.7921875
5 0.38750000000000007 0.5296875 0.3078125000000001 0.5296875 0.3078125000000001 0.690625 0.38750000000000007 0.690625
5 0.4796875000000001 0.5125 0.3531250000000001 0.5125 0.3531250000000001 0.8453125 0.47968750000000016 0.8453125
5 0.4937500000000002 0.834375 0.3859375000000001 0.834375 0.3859375000000001 0.9953125 0.4937500000000002 0.9953125
5 0.5640625000000001 0.8390625 0.48750000000000016 0.8390625 0.48750000000000016 0.99375 0.5640625000000001 0.99375
5 0.6328125000000002 0.803125 0.5203125000000002 0.803125 0.5203125000000002 0.99375 0.6328125000000002 0.99375
5 0.5843750000000001 0.690625 0.484375 0.690625 0.4843750000000001 0.8515625 0.5843750000000002 0.8515625
5 0.5875 0.5421875 0.4875 0.5421875 0.4875 0.7140625 0.5875 0.7140625
5 0.5859375 0.38750000000000007 0.5 0.38750000000000007 0.5 0.559375 0.5859375 0.559375
5 0.509375 0.3625000000000001 0.396875 0.3625000000000001 0.39687500000000003 0.565625 0.509375 0.565625
5 0.4625 0.3046875000000001 0.3703125 0.3046875000000001 0.37031250000000004 0.459375 0.4625 0.459375
5 0.09687500000000003 0.25625 3.138157422815093e-17 0.25625 4.228858478305704e-17 0.434375 0.09687500000000004 0.434375
5 0.23750000000000004 0.2625 0.08750000000000002 0.2625 0.08750000000000005 0.553125 0.2375000000000001 0.553125
5 0.3203125000000001 0.49375 0.17343750000000005 0.49375 0.17343750000000008 0.690625 0.3203125000000001 0.690625
5 0.17343750000000008 0.4953125 0.01718750000000006 0.4953125 0.017187500000000078 0.76875 0.17343750000000008 0.76875
5 0.15000000000000008 0.5421875 6.639881864127056e-17 0.5421875 8.792581315753262e-17 0.89375 0.15000000000000008 0.89375
5 0.1875000000000001 0.7796875 0.1140625000000001 0.7796875 0.11406250000000011 0.99375 0.18750000000000014 0.99375
5 0.31718750000000007 0.7390625 0.15625000000000008 0.7390625 0.1562500000000001 0.9953125 0.31718750000000007 0.9953125
5 0.11406250000000011 0.88125 0.03750000000000011 0.88125 0.03750000000000012 0.99375 0.11406250000000014 0.99375
5 0.3968750000000001 0.7734375 0.3031250000000001 0.7734375 0.3031250000000001 0.99375 0.3968750000000001 0.99375
5 0.2906250000000001 0.65 0.16406250000000008 0.65 0.16406250000000008 0.834375 0.2906250000000001 0.834375
5 0.996875 6.104098889500089e-17 0 0 6.084963783263412e-17 0.99375 0.996875 0.99375