5 0.996875 0.2734375000000001 0.85 0.2734375000000001 0.85 0.9953125 0.996875 0.9953125
5 0.996875 0.16718750000000013 0.9140625 0.16718750000000013 0.9140625 0.31718750000000007 0.996875 0.31718750000000007
5 0.96875 1.1165334489101257e-16 0.8546875 1.0466903111462534e-16 0.8546875 0.27812500000000007 0.96875 0.27812500000000007
5 0.996875 1.1787225441793274e-16 0.928125 1.1366253104586372e-16 0.928125 0.16718750000000013 0.996875 0.16718750000000013
5 0.91875 0.0828125000000001 0.8078125 0.0828125000000001 0.8078125 0.3781250000000001 0.91875 0.3781250000000001
5 0.8859375 0.1781250000000001 0.7421875 0.1781250000000001 0.7421875 0.4500000000000002 0.8859375 0.4500000000000002
5 0.8609375 0.31718750000000007 0.646875 0.31718750000000007 0.6468750000000001 0.9953125 0.8609375 0.9953125
5 0.6578125000000001 0.3390625000000001 0.4390625 0.3390625000000001 0.4390625000000001 0.9890625 0.6578125000000001 0.9890625
5 0.4390625000000001 0.3609375 0.225 0.3609375 0.22500000000000003 0.9953125 0.4390625000000002 0.9953125
5 0.22812500000000008 0.371875 4.55415528432922e-17 0.371875 8.362041425428021e-17 0.99375 0.22812500000000008 0.99375
5 0.5046875 0.22812500000000005 0.3546875 0.228125 0.35468750000000004 0.571875 0.5046875 0.571875
5 0.7109375 0.2218750000000001 0.55 0.2218750000000001 0.55 0.5171875 0.7109375 0.5171875
5 0.30000000000000004 0.25 0.15000000000000005 0.25 0.15000000000000008 0.5890625 0.3000000000000001 0.5890625
5 0.09687500000000006 0.2671875 3.2721031664718344e-17 0.2671875 5.587451021109799e-17 0.6453125 0.09687500000000009 0.6453125
5 0.18906250000000002 0.15468750000000003 0.057812500000000024 0.1546875 0.05781250000000003 0.3890625 0.18906250000000005 0.3890625
5 0.39687500000000003 0.13281250000000006 0.228125 0.13281250000000006 0.22812500000000005 0.36718750000000006 0.3968750000000001 0.3671875000000001
5 0.575 0.11718750000000007 0.428125 0.11718750000000004 0.428125 0.3453125000000001 0.575 0.3453125000000001
5 0.7390625 0.09531250000000008 0.6078125 0.09531250000000006 0.6078125 0.3234375000000001 0.7390625 0.3234375000000001
5 0.925 0.0828125000000001 0.746875 0.0828125000000001 0.746875 0.27812500000000007 0.925 0.27812500000000007
5 0.9671875 1.1107929170391224e-16 0.846875 1.0371227580279147e-16 0.846875 0.16093750000000012 0.9671875 0.16093750000000012
5 0.996875 1.1815928101148291e-16 0.9328125 1.1423658423296405e-16 0.9328125 0.16718750000000013 0.996875 0.16718750000000013
5 0.85 9.797174393178826e-17 0.75 9.18485099360515e-17 0.75 0.0828125000000001 0.85 0.08281250000000011
5 0.7890625 8.983932378120038e-17 0.678125 8.304636106717989e-17 0.678125 0.1937500000000001 0.7890625 0.1937500000000001
5 0.68125 7.759285578972683e-17 0.5859375 7.175664838754022e-17 0.5859375 0.10000000000000009 0.68125 0.10000000000000009
5 0.625 0.01718750000000007 0.5140625 0.01718750000000006 0.5140625 0.21093750000000008 0.625 0.21093750000000008
5 0.521875 5.845774955304943e-17 0.4328125 5.300424427559639e-17 0.4328125 0.11718750000000004 0.521875 0.11718750000000004
5 0.4609375 0.03906250000000005 0.35 0.03906250000000004 0.35 0.22812500000000005 0.4609375 0.22812500000000008
5 0.3671875 3.88442656604551e-17 0.2671875 3.2721031664718344e-17 0.2671875 0.13281250000000006 0.3671875 0.13281250000000006
5 0.271875 0.043750000000000025 0.178125 0.043750000000000025 0.17812500000000003 0.25 0.271875 0.25
5 0.19375 1.731727114419304e-17 0.0890625 1.0907010554906114e-17 0.08906250000000002 0.1609375 0.19375 0.16093750000000004
5 0.0921875 0.06562500000000002 8.036744619404505e-18 0.065625 2.0283212610878037e-17 0.265625 0.09218750000000002 0.265625
5 0.017187500000000005 1.052430843017257e-18 0 0 4.783776559169349e-18 0.078125 0.017187500000000012 0.078125
5 0.0921875 7.175664838754022e-18 0.025 3.061616997868383e-18 0.025000000000000005 0.07812500000000001 0.0921875 0.07812500000000003
5 0.996875 0.2828125000000001 0.9 0.2828125000000001 0.9 0.41718750000000016 0.996875 0.41718750000000016
5 0.996875 0.17187500000000014 0.9421875 0.17187500000000014 0.9421875 0.2718750000000001 0.996875 0.2718750000000001
5 0.9359375 1.0973983426734483e-16 0.85625 1.0486038217699211e-16 0.85625 0.07812500000000011 0.9359375 0.07812500000000011
5 0.8921875 0.0843750000000001 0.8109375 0.08437500000000009 0.8109375 0.17343750000000008 0.8921875 0.17343750000000008
5 0.84375 0.1843750000000001 0.7546875 0.1843750000000001 0.7546875 0.2843750000000001 0.84375 0.2843750000000001
5 0.80625 0.31718750000000007 0.7109375 0.31718750000000007 0.7109375 0.4453125000000001 0.80625 0.44531250000000017
5 0.6640625 0.21093750000000008 0.578125 0.21093750000000008 0.578125 0.3218750000000001 0.6640625 0.3218750000000001
5 0.71875 0.09531250000000008 0.6296875 0.09531250000000006 0.6296875 0.19531250000000008 0.71875 0.19531250000000008
5 0.7671875 8.916959506291665e-17 0.6890625 8.438581850374731e-17 0.6890625 0.0828125000000001 0.7671875 0.0828125000000001
5 0.821875 9.672796202640423e-17 0.7578125 9.280526524788537e-17 0.7578125 0.0171875000000001 0.821875 0.0171875000000001
5 0.6671875 7.740150472736006e-17 0.596875 7.309610582410764e-17 0.596875 0.017187500000000078 0.6671875 0.017187500000000085
5 0.5109375 5.817072295949927e-17 0.4390625 5.376964852506348e-17 0.4390625 0.021875000000000058 0.5109375 0.02187500000000006
5 0.6078125 0.01718750000000007 0.5328125 0.017187500000000067 0.5328125 0.10625000000000007 0.6078125 0.1062500000000001
5 0.596875 0.3500000000000001 0.496875 0.3500000000000001 0.496875 0.4671875 0.596875 0.4671875
5 0.475 0.22812500000000008 0.3828125 0.22812500000000008 0.3828125 0.3437500000000001 0.475 0.3437500000000001
5 0.54375 0.11718750000000004 0.4640625 0.11718750000000004 0.4640625 0.2218750000000001 0.54375 0.2218750000000001
5 0.44375 0.03906250000000005 0.36875 0.03906250000000004 0.36875 0.12812500000000004 0.44375 0.12812500000000004
5 0.353125 0.12812500000000004 0.271875 0.12812500000000004 0.271875 0.2328125 0.353125 0.2328125
5 0.3859375000000001 0.36718750000000006 0.2812500000000001 0.3671875 0.2812500000000001 0.4890625 0.3859375000000001 0.4890625
5 0.16406250000000006 0.371875 0.057812500000000044 0.371875 0.05781250000000006 0.50625 0.16406250000000006 0.50625
5 0.2671875 0.25 0.17500000000000004 0.25 0.17500000000000004 0.3671875 0.2671875000000001 0.3671875
5 0.2609375 0.050000000000000024 0.18125 0.050000000000000024 0.18125 0.14375000000000002 0.2609375 0.14375000000000004
5 0.346875 3.827021247335479e-17 0.278125 3.406048910128576e-17 0.278125 0.050000000000000044 0.346875 0.050000000000000044
5 0.1890625 1.8178350924843526e-17 0.1078125 1.3203223303307403e-17 0.1078125 0.050000000000000024 0.1890625 0.050000000000000024
5 0.09375000000000001 0.07187500000000001 0.007812500000000009 0.071875 0.007812500000000014 0.1609375 0.09375000000000003 0.1609375
5 0.06093750000000003 0.2671875 3.2721031664718344e-17 0.2671875 3.951399437873882e-17 0.378125 0.06093750000000005 0.378125
5 0.1609375 0.1609375 0.08125000000000002 0.1609375 0.08125000000000002 0.25 0.16093750000000004 0.25