5 0.6734375000000001 0.7703125 0.5937500000000002 0.7703125 0.5937500000000002 0.890625 0.6734375000000001 0.890625
5 0.996875 0.7218750000000002 0.9640625 0.7218750000000002 0.9640625 0.803125 0.996875 0.803125
5 0.996875 0.8421875 0.884375 0.8421875 0.884375 0.9953125 0.996875 0.9953125
5 0.8984375 0.9296875 0.7859375000000002 0.9296875 0.7859375000000002 0.9953125 0.8984375 0.9953125
5 0.8625 0.3500000000000001 0.621875 0.3500000000000001 0.6218750000000001 0.86875 0.8625 0.86875
5 0.909375 0.7546875000000002 0.8515625 0.7546875000000002 0.8515625 0.875 0.909375 0.875
5 0.9421875 0.7156250000000002 0.8796875 0.7156250000000002 0.8796875 0.8359375 0.9421875 0.8359375
5 0.996875 0.7375000000000002 0.909375 0.7375000000000002 0.909375 0.853125 0.996875 0.853125
5 0.8703125 0.8640625 0.815625 0.8640625 0.815625 0.934375 0.8703125 0.934375
5 0.996875 0.3062500000000001 0.7203125 0.3062500000000001 0.7203125000000001 0.7703125000000001 0.996875 0.7703125000000002
5 0.996875 0.08281250000000011 0.8578125 0.08281250000000011 0.8578125 0.4656250000000002 0.996875 0.4656250000000002
5 0.9859375 0.4046875000000002 0.934375 0.4046875000000002 0.934375 0.5078125000000002 0.9859375 0.5078125000000002
5 0.996875 0.4593750000000002 0.975 0.4593750000000002 0.975 0.5250000000000001 0.996875 0.5250000000000001
5 0.996875 0.3281250000000001 0.959375 0.3281250000000001 0.959375 0.4703125000000002 0.996875 0.4703125000000002
5 0.975 0.07031250000000011 0.821875 0.07031250000000011 0.821875 0.31718750000000007 0.975 0.31718750000000007
5 0.9953125 1.116533448910126e-16 0.828125 1.0141606305439018e-16 0.828125 0.11406250000000011 0.9953125 0.11406250000000014
5 0.828125 9.079607909303422e-17 0.6546875 8.017609513167828e-17 0.6546875 0.23437500000000008 0.828125 0.23437500000000008
5 0.8296875 0.1687500000000001 0.771875 0.1687500000000001 0.771875 0.2296875000000001 0.8296875 0.2296875000000001
5 0.775 0.19687500000000008 0.7203125 0.19687500000000008 0.7203125 0.2562500000000001 0.775 0.2562500000000001
5 0.734375 0.12031250000000009 0.6765625 0.12031250000000009 0.6765625 0.2015625000000001 0.734375 0.2015625000000001
5 0.7234375 0.1312500000000001 0.575 0.1312500000000001 0.575 0.4046875 0.7234375 0.4046875
5 0.8546875 0.2406250000000001 0.709375 0.2406250000000001 0.709375 0.3828125000000001 0.8546875 0.3828125000000001
5 0.6109375 5.501343043044751e-17 0.2875 3.5208595475486407e-17 0.28750000000000003 0.37187500000000007 0.6109375 0.37187500000000007
5 0.69375 7.520096751014216e-17 0.534375 6.544206332943669e-17 0.534375 0.2015625000000001 0.69375 0.2015625000000001
5 0.6359375 6.783395160902136e-17 0.471875 5.778802083476573e-17 0.471875 0.07031250000000008 0.6359375 0.07031250000000008
5 0.38906250000000003 0.14218750000000002 0.1203125 0.1421875 0.12031250000000002 0.51875 0.3890625000000001 0.51875
5 0.4140625 0.36718750000000006 0.3421875000000001 0.3671875 0.3421875000000001 0.4546875 0.4140625 0.4546875
5 0.490625 0.3281250000000001 0.440625 0.3281250000000001 0.440625 0.4046875 0.490625 0.4046875
5 0.4546875000000001 0.2671875 0.246875 0.2671875 0.24687500000000004 0.74375 0.4546875000000002 0.74375
5 0.6078125 0.3453125000000001 0.55625 0.3453125000000001 0.55625 0.4 0.6078125 0.4
5 0.6156250000000001 0.36562500000000003 0.3281250000000001 0.365625 0.3281250000000001 0.83125 0.6156250000000002 0.83125
5 0.6406250000000001 0.4265625 0.4546875 0.4265625 0.4546875000000001 0.86875 0.6406250000000002 0.86875
5 0.6765625 0.546875 0.515625 0.546875 0.515625 0.671875 0.6765625 0.671875
5 0.7093750000000001 0.6390625 0.578125 0.6390625 0.5781250000000001 0.7703125 0.7093750000000002 0.7703125
5 0.7343750000000002 0.7703125000000001 0.5812500000000002 0.7703125 0.5812500000000002 0.9953125 0.7343750000000002 0.9953125
5 0.8140625 0.7984375000000001 0.7125000000000001 0.7984375 0.7125000000000001 0.9953125 0.8140625 0.9953125
5 0.6109375000000001 0.759375 0.5531250000000002 0.759375 0.5531250000000002 0.9953125 0.6109375000000001 0.9953125
5 0.5609375000000002 0.9078125 0.5125000000000002 0.9078125 0.5125000000000002 0.95625 0.5609375000000002 0.95625
5 0.5640625000000001 0.803125 0.4906250000000002 0.803125 0.4906250000000002 0.95625 0.5640625000000001 0.95625
5 0.5671875000000002 0.9453125 0.5093750000000001 0.9453125 0.5093750000000001 0.9953125 0.5671875000000002 0.9953125
5 0.5640625000000001 0.6609375 0.4515625 0.6609375 0.4515625000000001 0.8640625 0.5640625000000001 0.8640625
5 0.4515625000000002 0.8421875 0.3937500000000001 0.8421875 0.3937500000000001 0.9453125 0.4515625000000002 0.9453125
5 0.4625000000000002 0.7375 0.3890625000000001 0.7375 0.3890625000000001 0.9515625 0.4625000000000002 0.9515625
5 0.5171875000000001 0.8578125 0.44062500000000016 0.8578125 0.44062500000000016 0.9953125 0.5171875000000001 0.9953125
5 0.4078125000000002 0.803125 0.3234375000000001 0.803125 0.3234375000000001 0.9953125 0.4078125000000002 0.9953125
5 0.6000000000000001 0.35468750000000004 0.3203125 0.3546875 0.32031250000000006 0.825 0.6000000000000002 0.825
5 0.3343750000000001 0.7265625 0.2218750000000001 0.7265625 0.2218750000000001 0.9953125 0.3343750000000001 0.9953125
5 0.3281250000000001 0.9734375 0.22656250000000008 0.9734375 0.22656250000000008 0.9953125 0.3281250000000001 0.9953125
5 0.29375000000000007 0.5359375 0.10937500000000004 0.5359375 0.10937500000000008 0.9953125 0.29375000000000007 0.9953125
5 0.2468750000000001 0.5140625 0.18906250000000005 0.5140625 0.18906250000000008 0.5625 0.2468750000000001 0.5625
5 0.3859375000000001 0.459375 0.25468750000000007 0.459375 0.25468750000000007 0.7375 0.3859375000000001 0.7375
5 0.2953125 2.6310771075431413e-17 0.134375 1.6456191363542558e-17 0.13437500000000002 0.3171875 0.2953125 0.3171875
5 0.03593750000000004 0.246875 0.007812500000000031 0.246875 0.007812500000000035 0.3234375 0.035937500000000046 0.3234375
5 0.10625000000000004 0.328125 0.06875000000000005 0.328125 0.06875000000000005 0.39375 0.10625000000000004 0.39375
5 0.08750000000000005 0.371875 0.014062500000000044 0.371875 0.01406250000000005 0.4421875 0.08750000000000005 0.4421875
5 0.09531250000000008 0.6015625 0.04062500000000008 0.6015625 0.04062500000000008 0.6671875 0.09531250000000009 0.6671875
5 0.1281250000000001 0.671875 0.0906250000000001 0.671875 0.0906250000000001 0.7 0.1281250000000001 0.7
5 0.014062500000000113 0.9234375 1.130884778587634e-16 0.9234375 1.1471496188888098e-16 0.95 0.014062500000000117 0.95
5 0.12031250000000013 0.9234375 1.130884778587634e-16 0.9234375 1.174895522931992e-16 0.9953125 0.12031250000000013 0.9953125
5 0.11562500000000012 0.825 1.0103336092965664e-16 0.825 1.0734794598776019e-16 0.928125 0.11562500000000013 0.928125
5 0.11250000000000009 0.6453125 7.902798875747763e-17 0.6453125 9.203986099841827e-17 0.8578125 0.11250000000000009 0.8578125
5 0.1312500000000001 0.6125 0.057812500000000065 0.6125 0.05781250000000008 0.7109375 0.1312500000000001 0.7109375
5 0.18906250000000008 0.4703125 0.07968750000000006 0.4703125 0.07968750000000006 0.628125 0.18906250000000008 0.628125
5 0.11718750000000007 0.4484375 0.059375000000000046 0.4484375 0.05937500000000005 0.6125 0.11718750000000008 0.6125
5 0.09062500000000007 0.409375 5.013397834009477e-17 0.409375 6.620746757890379e-17 0.671875 0.0906250000000001 0.671875
5 0.08437500000000005 0.2953125 3.6165350787320275e-17 0.2953125 4.5158850718558645e-17 0.4421875 0.08437500000000005 0.4421875
5 0.15625000000000003 0.02187500000000001 0.010937500000000003 0.021875 0.01093750000000002 0.328125 0.15625000000000006 0.328125
5 0.1421875 8.706473337688215e-18 0 0 6.027558464553379e-18 0.09843750000000001 0.1421875 0.09843750000000002
5 0.09843750000000004 0.109375 1.3394574365674177e-17 0.109375 2.5449691294780937e-17 0.30625 0.09843750000000004 0.30625
5 0.996875 6.104098889500089e-17 0 0 6.09453133638175e-17 0.9953125 0.996875 0.9953125