5 0.996875 0.5906250000000002 0.7859375 0.5906250000000002 0.7859375000000001 0.9953125 0.996875 0.9953125
5 0.996875 0.5515625000000002 0.9171875 0.5515625000000002 0.9171875 0.9953125 0.996875 0.9953125
5 0.98125 1.0840037683077745e-16 0.7890625 9.663228649522084e-17 0.7890625 0.6015625000000002 0.98125 0.6015625000000002
5 0.996875 1.1739387676201583e-16 0.9203125 1.1270577573402985e-16 0.9203125 0.5953125000000001 0.996875 0.5953125000000001
5 0.86875 0.017187500000000095 0.6984375 0.017187500000000085 0.6984375 0.6171875000000001 0.86875 0.6171875000000002
5 0.032812500000000036 2.0091861548511285e-18 0 0 3.1764276352884476e-17 0.51875 0.032812500000000064 0.51875
5 0.05156250000000009 0.496875 6.084963783263412e-17 0.496875 9.137013228013456e-17 0.9953125 0.05156250000000011 0.9953125
5 0.2296875000000001 0.78125 0.05156250000000009 0.78125 0.0515625000000001 0.9953125 0.2296875000000001 0.9953125
5 0.32031250000000006 0.17031250000000003 0.134375 0.1703125 0.13437500000000005 0.825 0.3203125000000001 0.825
5 0.4296875 0.3546875000000001 0.375 0.3546875000000001 0.37500000000000006 0.415625 0.4296875 0.415625
5 0.6296875 0.3062500000000001 0.5640625 0.3062500000000001 0.5640625 0.37187500000000007 0.6296875 0.37187500000000007
5 0.7312500000000002 0.8640625 0.6734375000000001 0.8640625 0.6734375000000001 0.984375 0.7312500000000002 0.984375
5 0.0296875 1.8178350924843522e-18 0 0 2.678914873134835e-18 0.04375 0.0296875 0.04375
5 0.1921875 0.16406250000000003 0.134375 0.1640625 0.13437500000000002 0.2296875 0.19218750000000004 0.2296875
5 0.271875 0.26875 0.2328125 0.26875 0.2328125 0.35625 0.271875 0.35625
5 0.2000000000000001 0.3875 0.14531250000000004 0.3875 0.14531250000000004 0.4265625 0.2000000000000001 0.4265625
5 0.353125 0.032812500000000036 0.2953125 0.032812500000000036 0.2953125 0.10937500000000004 0.353125 0.10937500000000004
5 0.4828125 0.07187500000000005 0.4328125 0.07187500000000005 0.4328125 0.14843750000000006 0.4828125 0.14843750000000006
5 0.625 7.40528611359415e-17 0.584375 7.156529732517345e-17 0.584375 0.10312500000000009 0.625 0.10312500000000009
5 0.7421875 8.773446209516585e-17 0.690625 8.457716956611408e-17 0.690625 0.04375000000000009 0.7421875 0.04375000000000009
5 0.8625 0.4812500000000002 0.8 0.4812500000000002 0.8 0.5468750000000002 0.8625 0.5468750000000002
5 0.9046875 0.6125 0.7203125 0.6125 0.7203125000000001 0.9953125 0.9046875 0.9953125
5 0.7500000000000001 0.4765625000000001 0.528125 0.4765625 0.5281250000000001 0.9953125 0.7500000000000002 0.9953125
5 0.996875 0.5953125000000001 0.6796875 0.5953125 0.6796875000000001 0.978125 0.996875 0.978125
5 0.7015625 0.09843750000000007 0.35 0.09843750000000004 0.35 0.35468750000000004 0.7015625 0.3546875000000001
5 0.6375000000000001 0.31718750000000007 0.4046875 0.31718750000000007 0.4046875000000001 0.99375 0.6375000000000002 0.99375
5 0.690625 0.3453125000000001 0.4953125 0.3453125000000001 0.4953125000000001 0.9953125 0.6906250000000002 0.9953125
5 0.7015625 7.673177600907635e-17 0.5515625 6.754692501547121e-17 0.5515625 0.1140625000000001 0.7015625 0.1140625000000001
5 0.6296875 5.86491006154162e-17 0.328125 4.0183723097022526e-17 0.328125 0.13125000000000006 0.6296875 0.1312500000000001
5 0.21875000000000006 1.5595111582892078e-17 0.0359375 4.401074434435801e-18 0.03593750000000003 0.525 0.21875000000000008 0.525
5 0.07656250000000002 4.688101027985963e-18 0 0 1.741294667537643e-17 0.284375 0.07656250000000005 0.284375
5 0.19218750000000004 1.17680903355566e-17 0 0 3.941831884755543e-17 0.64375 0.1921875000000001 0.64375
5 0.18906250000000008 0.634375 0.007812500000000078 0.634375 0.007812500000000094 0.8796875 0.18906250000000008 0.8796875
5 0.1703125000000001 0.825 0.10937500000000008 0.825 0.10937500000000008 0.86875 0.1703125000000001 0.86875
5 0.3312500000000001 0.809375 0.2328125000000001 0.809375 0.2328125000000001 0.9953125 0.3312500000000001 0.9953125
5 0.4796875000000001 0.3609375 0.33125 0.3609375 0.33125000000000004 0.99375 0.47968750000000016 0.99375
5 0.375 3.7887510348621247e-17 0.24375 2.985076572921674e-17 0.24375 0.24062500000000003 0.375 0.2406250000000001
5 0.996875 6.104098889500089e-17 0 0 6.09453133638175e-17 0.9953125 0.996875 0.9953125