5 0.9421875 0.3656250000000001 0.8296875 0.3656250000000001 0.8296875 0.9234375 0.9421875 0.9234375
5 0.865625 0.1859375000000001 0.7453125 0.1859375000000001 0.7453125 0.8953125 0.865625 0.8953125
5 0.7781250000000001 0.3062500000000001 0.684375 0.3062500000000001 0.6843750000000001 0.9171875 0.7781250000000002 0.9171875
5 0.6921875000000001 0.23437500000000008 0.55 0.23437500000000008 0.55 0.9453125 0.6921875000000002 0.9453125
5 0.59375 0.2078125000000001 0.4625 0.2078125000000001 0.4625 0.525 0.59375 0.525
5 0.5750000000000001 0.3437500000000001 0.4625 0.3437500000000001 0.4625000000000001 0.9234375 0.5750000000000002 0.9234375
5 0.4875000000000001 0.31718750000000007 0.378125 0.31718750000000007 0.37812500000000004 0.928125 0.48750000000000016 0.928125
5 0.4218750000000001 0.4375 0.2828125000000001 0.4375 0.2828125000000001 0.99375 0.42187500000000017 0.99375
5 0.3453125 0.3109375 0.2296875 0.3109375 0.22968750000000004 0.9125 0.3453125000000001 0.9125
5 0.24062500000000003 0.3171875 0.15625000000000006 0.3171875 0.15625000000000006 0.90625 0.2406250000000001 0.90625
5 0.16406250000000008 0.321875 0.057812500000000044 0.321875 0.05781250000000008 0.9125 0.16406250000000014 0.9125
5 0.14218750000000005 0.3109375 0.08437500000000005 0.3109375 0.08437500000000005 0.39375 0.14218750000000005 0.39375
5 0.22187500000000004 0.3125 0.17500000000000004 0.3125 0.17500000000000004 0.3890625 0.2218750000000001 0.3890625
5 0.31718750000000007 0.3015625 0.2625 0.3015625 0.26250000000000007 0.378125 0.31718750000000007 0.378125
5 0.3703125000000001 0.4328125 0.30937500000000007 0.4328125 0.30937500000000007 0.509375 0.3703125000000001 0.509375
5 0.4578125 0.31718750000000007 0.4 0.31718750000000007 0.4 0.38750000000000007 0.4578125 0.38750000000000007
5 0.528125 0.3500000000000001 0.4734375 0.3500000000000001 0.4734375 0.409375 0.528125 0.409375
5 0.553125 0.2140625000000001 0.4984375 0.2140625000000001 0.4984375 0.2687500000000001 0.553125 0.2687500000000001
5 0.6578125 0.2468750000000001 0.596875 0.2468750000000001 0.596875 0.3781250000000001 0.6578125 0.3781250000000001
5 0.75 0.3062500000000001 0.6953125 0.3062500000000001 0.6953125 0.3765625000000001 0.75 0.3765625000000001
5 0.8296875 0.17968750000000008 0.775 0.17968750000000008 0.775 0.2406250000000001 0.8296875 0.2406250000000001
5 0.9171875 0.37187500000000007 0.859375 0.37187500000000007 0.859375 0.4312500000000002 0.9171875 0.4312500000000002