5 0.953125 0.0937500000000001 0.8046875 0.09375000000000008 0.8046875 0.6546875000000002 0.953125 0.6546875000000002
5 0.8265625 0.0656250000000001 0.6859375 0.06562500000000009 0.6859375 0.5093750000000001 0.8265625 0.5093750000000001
5 0.6890625 0.037500000000000075 0.540625 0.03750000000000007 0.540625 0.5 0.6890625 0.5
5 0.5609375 0.02812500000000006 0.4171875 0.028125000000000056 0.4171875 0.471875 0.5609375 0.471875
5 0.4390625 4.5158850718558645e-17 0.2984375 3.654805291205382e-17 0.2984375 0.4578125 0.4390625 0.4578125
5 0.7156250000000002 0.8 0.6125000000000002 0.8 0.6125000000000002 0.94375 0.7156250000000002 0.94375
5 0.9953125 0.7109375000000002 0.821875 0.7109375000000002 0.821875 0.915625 0.9953125 0.915625
5 0.928125 0.09843750000000011 0.846875 0.09843750000000011 0.846875 0.2375000000000001 0.928125 0.2375000000000001
5 0.778125 0.06562500000000009 0.70625 0.06562500000000009 0.70625 0.2093750000000001 0.778125 0.2093750000000001
5 0.6515625 0.04218750000000007 0.5703125 0.042187500000000065 0.5703125 0.1781250000000001 0.6515625 0.1781250000000001
5 0.528125 0.02812500000000006 0.4515625 0.028125000000000056 0.4515625 0.15937500000000004 0.528125 0.15937500000000004
5 0.3953125 0.004687500000000044 0.328125 0.004687500000000041 0.328125 0.12656250000000005 0.3953125 0.12656250000000005
5 0.8296875 0.3187500000000001 0.659375 0.3187500000000001 0.659375 0.85625 0.8296875 0.85625
5 0.6515625 0.5046875 0.39531250000000007 0.5046875 0.39531250000000007 0.9015625 0.6515625000000002 0.9015625
5 0.5156250000000002 0.7765625 0.39531250000000007 0.7765625 0.39531250000000007 0.90625 0.5156250000000002 0.90625
5 0.3625000000000001 0.7296875 0.2562500000000001 0.7296875 0.2562500000000001 0.8640625 0.3625000000000001 0.8640625
5 0.24218750000000008 0.678125 0.12343750000000009 0.678125 0.12343750000000009 0.803125 0.24218750000000008 0.803125
5 0.12343750000000009 0.640625 0.004687500000000079 0.640625 0.004687500000000086 0.7578125 0.12343750000000009 0.7578125
5 0.5750000000000001 0.4765625 0.25468750000000007 0.4765625 0.25468750000000007 0.859375 0.5750000000000002 0.859375
5 0.4765625000000001 0.4671875 0.12812500000000004 0.4671875 0.12812500000000007 0.803125 0.47656250000000017 0.803125
5 0.3187500000000001 0.4203125 5.147343577666219e-17 0.4203125 7.204367498109039e-17 0.75625 0.3187500000000001 0.75625