5 0.996875 0.6562500000000001 0.3421875000000001 0.65625 0.3421875000000001 0.9953125 0.996875 0.9953125
5 0.996875 0.13125000000000014 0.9421875 0.13125000000000014 0.9421875 0.6828125000000002 0.996875 0.6828125000000002
5 0.9703125 0.0984375000000001 0.6875 0.0984375000000001 0.6875000000000001 0.8421875 0.9703125 0.8421875
5 0.7015625000000001 0.5296875 0.5203125 0.5296875 0.5203125000000001 0.8859375 0.7015625000000002 0.8859375
5 0.7812500000000001 8.036744619404506e-17 0.53125 6.505936120470313e-17 0.5312500000000001 0.7656250000000001 0.7812500000000002 0.7656250000000002
5 0.996875 1.0361660027160808e-16 0.6953125 8.51512227532144e-17 0.6953125 0.5734375 0.996875 0.5734375000000002
5 0.7125 0.17968750000000008 0.640625 0.17968750000000008 0.640625 0.3062500000000001 0.7125 0.3062500000000001
5 0.9453125 0.10937500000000011 0.846875 0.10937500000000008 0.846875 0.23437500000000008 0.9453125 0.23437500000000008
5 0.7046875 0.5359375 0.6109375 0.5359375 0.6109375 0.6609375 0.7046875 0.6609375
5 0.5234375000000001 0.060937500000000054 0.328125 0.06093750000000005 0.32812500000000006 0.9953125 0.5234375000000002 0.9953125
5 0.3203125000000001 0.4 0.12031250000000004 0.4 0.12031250000000009 0.9953125 0.3203125000000001 0.9953125
5 0.3265625000000001 0.81875 1.0026795668018954e-16 0.81875 1.1098361617272889e-16 0.99375 0.3265625000000001 0.99375
5 0.14218750000000008 0.525 0.007812500000000064 0.525 0.007812500000000094 0.9953125 0.14218750000000013 0.9953125
5 0.2296875 2.516266470123077e-17 0.18125 2.2196723234545777e-17 0.18125 0.043750000000000025 0.2296875 0.04375000000000003
5 0.3015625 3.224265400880141e-17 0.225 2.7554552980815448e-17 0.225 0.04843750000000003 0.3015625 0.048437500000000036
5 0.2296875000000001 0.4109375 0.13437500000000005 0.4109375 0.13437500000000005 0.4875 0.2296875000000001 0.4875
5 0.38125000000000003 3.425184016365254e-17 0.178125 2.181402110981223e-17 0.17812500000000003 0.825 0.3812500000000001 0.825
5 0.10937500000000003 6.697287182837089e-18 0 0 1.8369701987210297e-17 0.3 0.10937500000000004 0.3
5 0.22500000000000003 1.3777276490407727e-17 0 0 4.716803687340978e-17 0.7703125 0.2250000000000001 0.7703125
5 0.996875 6.104098889500089e-17 0 0 6.09453133638175e-17 0.9953125 0.996875 0.9953125