5 0.93125 0.4203125000000002 0.81875 0.4203125000000002 0.81875 0.7703125000000002 0.93125 0.7703125000000002
5 0.771875 0.2671875000000001 0.640625 0.2671875000000001 0.640625 0.4921875000000001 0.771875 0.49218750000000017
5 0.93125 0.4203125000000002 0.821875 0.4203125000000002 0.821875 0.5843750000000002 0.93125 0.5843750000000002
5 0.8140625 0.6171875000000001 0.640625 0.6171875 0.6406250000000001 0.896875 0.8140625 0.896875
5 0.778125 0.2671875000000001 0.6328125 0.2671875000000001 0.6328125 0.6671875 0.778125 0.6671875000000002
5 0.6359375 0.5734375 0.4625 0.5734375 0.4625000000000001 0.86875 0.6359375000000002 0.86875
5 0.5015625000000001 0.4921875 0.2515625000000001 0.4921875 0.2515625000000001 0.8140625 0.5015625000000001 0.8140625
5 0.6140625 0.2515625000000001 0.4875 0.2515625000000001 0.4875 0.5953125 0.6140625 0.5953125
5 0.34843750000000007 0.30625 0.2109375 0.30625 0.21093750000000006 0.6828125 0.34843750000000007 0.6828125
5 0.18593750000000003 0.153125 0.051562500000000025 0.153125 0.05156250000000003 0.3875 0.18593750000000003 0.3875
5 0.20000000000000004 0.14843750000000003 0.043750000000000025 0.1484375 0.04375000000000005 0.678125 0.2000000000000001 0.678125