5 0.9578125 0.4312500000000001 0.6828125 0.43125 0.6828125 0.9859375 0.9578125 0.9859375
5 0.6609375000000001 0.5140625 0.5015625 0.5140625 0.5015625000000001 0.971875 0.6609375000000002 0.971875
5 0.6265625 0.5140625 0.540625 0.5140625 0.540625 0.578125 0.6265625 0.578125
5 0.8453125 0.4312500000000002 0.790625 0.4312500000000002 0.790625 0.4593750000000002 0.8453125 0.4593750000000002
5 0.4859375000000001 0.565625 0.3312500000000001 0.565625 0.3312500000000001 0.96875 0.4859375000000002 0.96875
5 0.4546875 0.565625 0.3687500000000001 0.565625 0.3687500000000001 0.6203125 0.4546875 0.6203125
5 0.3265625000000001 0.5890625 0.21093750000000008 0.5890625 0.21093750000000008 0.9734375 0.3265625000000001 0.9734375
5 0.3046875000000001 0.5875 0.22812500000000008 0.5875 0.22812500000000008 0.6296875 0.3046875000000001 0.6296875
5 0.19375000000000012 0.6203125 0.039062500000000076 0.6203125 0.0390625000000001 0.9671875 0.19375000000000014 0.9671875
5 0.1593750000000001 0.6203125 0.07343750000000007 0.6203125 0.07343750000000007 0.6859375 0.1593750000000001 0.6859375
5 0.93125 0.028125000000000105 0.8546875 0.0281250000000001 0.8546875 0.33281250000000007 0.93125 0.33281250000000007
5 0.909375 0.02812500000000011 0.871875 0.02812500000000011 0.871875 0.05937500000000011 0.909375 0.05937500000000011
5 0.8453125 0.0234375000000001 0.76875 0.023437500000000094 0.76875 0.3281250000000001 0.8453125 0.3281250000000001
5 0.8234375 0.0281250000000001 0.7859375 0.0281250000000001 0.7859375 0.0593750000000001 0.8234375 0.05937500000000011
5 0.7375 0.028125000000000087 0.6953125 0.028125000000000087 0.6953125 0.05937500000000009 0.7375 0.05937500000000009
5 0.7546875 0.028125000000000087 0.6828125 0.028125000000000087 0.6828125 0.3281250000000001 0.7546875 0.3281250000000001
5 0.6703125 0.028125000000000077 0.5921875 0.028125000000000077 0.5921875 0.33281250000000007 0.6703125 0.33281250000000007
5 0.6484375 0.028125000000000077 0.6140625 0.028125000000000077 0.6140625 0.06406250000000008 0.6484375 0.06406250000000009
5 0.5328125 0.06562500000000006 0.434375 0.06562500000000004 0.434375 0.4546875 0.5328125 0.4546875
5 0.4984375 0.06562500000000007 0.46875 0.06562500000000007 0.46875 0.09687500000000007 0.4984375 0.09687500000000007
5 0.4125 0.06562500000000004 0.309375 0.06562500000000004 0.30937500000000007 0.459375 0.4125 0.459375
5 0.378125 0.06093750000000005 0.3390625 0.06093750000000005 0.3390625 0.10156250000000004 0.378125 0.10156250000000004
5 0.2828125 0.06562500000000003 0.184375 0.06562500000000002 0.184375 0.459375 0.2828125000000001 0.459375
5 0.25 0.06562500000000002 0.215625 0.06562500000000002 0.215625 0.09687500000000002 0.25 0.09687500000000002
5 0.15468750000000003 0.028125000000000018 0.0515625 0.02812500000000001 0.05156250000000003 0.4578125 0.15468750000000003 0.4578125
5 0.1203125 0.02812500000000001 0.0859375 0.02812500000000001 0.0859375 0.05625000000000001 0.1203125 0.05625000000000002