5 0.14375000000000007 0.159375 1.951780836141094e-17 0.159375 7.060854201333958e-17 0.99375 0.14375000000000013 0.99375
5 0.27812500000000007 0.571875 0.08750000000000006 0.571875 0.08750000000000009 0.884375 0.27812500000000007 0.884375
5 0.64375 0.7203125 0.2484375000000001 0.7203125 0.2484375000000001 0.9953125 0.6437500000000002 0.9953125
5 0.2562500000000001 0.390625 0.11562500000000005 0.390625 0.11562500000000006 0.59375 0.2562500000000001 0.59375
5 0.996875 0.6484375000000001 0.640625 0.6484375 0.6406250000000001 0.99375 0.996875 0.99375
5 0.996875 0.9234375 0.7453125000000002 0.9234375 0.7453125000000002 0.99375 0.996875 0.99375
5 0.6937500000000001 4.535020178092543e-17 0.046875 5.7405318710032185e-18 0.04687500000000005 0.775 0.6937500000000002 0.775
5 0.496875 4.41064198755414e-17 0.2234375 2.7363201918448673e-17 0.2234375 0.34687500000000004 0.496875 0.3468750000000001
5 0.996875 1.1768090335556595e-16 0.925 1.1327982892113018e-16 0.925 0.2640625000000001 0.996875 0.2640625000000001
5 0.996875 1.0352092474042471e-16 0.69375 8.495987169084762e-17 0.69375 0.6484375000000001 0.996875 0.6484375000000002
5 0.5906250000000001 0.24218750000000006 0.007812500000000031 0.2421875 0.007812500000000068 0.8515625 0.5906250000000002 0.8515625
5 0.0328125 2.009186154851126e-18 0 0 1.7221595613009655e-18 0.028125 0.0328125 0.028125
5 0.06406250000000001 3.922696778518867e-18 0 0 1.042863289898918e-17 0.1703125 0.06406250000000002 0.1703125
5 0.9953125 6.09453133638175e-17 0 0 6.084963783263412e-17 0.99375 0.9953125 0.99375