5 0.29687500000000006 0.2921875 0.12187500000000004 0.2921875 0.12187500000000007 0.7703125 0.2968750000000001 0.7703125
5 0.41875000000000007 0.540625 0.13437500000000005 0.540625 0.13437500000000008 0.8015625 0.4187500000000002 0.8015625
5 0.6171875000000001 0.24218750000000008 0.421875 0.24218750000000008 0.4218750000000001 0.8640625 0.6171875000000002 0.8640625
5 0.7796875000000001 0.2296875000000001 0.5875 0.2296875000000001 0.5875000000000001 0.8140625 0.7796875000000002 0.8140625
5 0.828125 0.2796875000000001 0.7375 0.2796875000000001 0.7375 0.7328125000000002 0.828125 0.7328125000000002
5 0.9015625 0.28593750000000007 0.815625 0.28593750000000007 0.815625 0.7390625000000002 0.9015625 0.7390625000000002
5 0.7125 0.1312500000000001 0.6609375 0.1312500000000001 0.6609375 0.1937500000000001 0.7125 0.1937500000000001
5 0.753125 0.11875000000000009 0.6359375 0.11875000000000009 0.6359375 0.37968750000000007 0.753125 0.37968750000000007
5 0.584375 0.21093750000000008 0.5140625 0.21093750000000008 0.5140625 0.415625 0.584375 0.415625
5 0.6359375 0.2171875000000001 0.571875 0.2171875000000001 0.571875 0.4046875 0.6359375 0.4046875
5 0.528125 0.24218750000000008 0.4546875 0.24218750000000008 0.4546875 0.3109375000000001 0.528125 0.3109375000000001
5 0.725 0.2296875000000001 0.6515625 0.2296875000000001 0.6515625 0.3046875000000001 0.725 0.3046875000000001
5 0.803125 0.28593750000000007 0.7484375 0.28593750000000007 0.7484375 0.34843750000000007 0.803125 0.34843750000000007
5 0.865625 0.2984375000000001 0.821875 0.2984375000000001 0.821875 0.34843750000000007 0.865625 0.34843750000000007
5 0.4671875 0.2609375000000001 0.4125 0.2609375000000001 0.4125 0.3421875000000001 0.4671875 0.3421875000000001
5 0.3515625 0.2484375 0.31875 0.2484375 0.31875 0.2984375 0.3515625 0.2984375
5 0.39375000000000004 0.24218750000000006 0.3171875 0.2421875 0.31718750000000007 0.603125 0.3937500000000001 0.603125
5 0.3296875 0.2046875 0.253125 0.2046875 0.25312500000000004 0.434375 0.3296875000000001 0.434375
5 0.3265625 0.2171875 0.271875 0.2171875 0.271875 0.2734375 0.3265625 0.2734375
5 0.23750000000000004 0.2796875 0.17343750000000005 0.2796875 0.17343750000000005 0.371875 0.2375000000000001 0.371875