5 0.23437500000000006 0.3203125 0.12656250000000005 0.3203125 0.12656250000000008 0.884375 0.23437500000000008 0.884375
5 0.3031250000000001 0.528125 0.22812500000000008 0.528125 0.22812500000000008 0.9203125 0.3031250000000001 0.9203125
5 0.3734375000000001 0.66875 0.30156250000000007 0.66875 0.30156250000000007 0.95625 0.3734375000000001 0.95625
5 0.5359375000000002 0.7359375 0.39531250000000007 0.7359375 0.39531250000000007 0.9515625 0.5359375000000002 0.9515625
5 0.6390625000000002 0.7546875 0.5750000000000002 0.7546875 0.5750000000000002 0.840625 0.6390625000000002 0.840625
5 0.6718750000000002 0.7609375 0.5453125000000002 0.7609375 0.5453125000000002 0.9625 0.6718750000000002 0.9625
5 0.7343750000000001 0.4843750000000001 0.6390625 0.484375 0.6390625000000001 0.9328125 0.7343750000000002 0.9328125
5 0.8734375 0.12343750000000009 0.7171875 0.12343750000000009 0.7171875000000001 0.9015625 0.8734375 0.9015625
5 0.7890625000000001 0.03750000000000009 0.659375 0.037500000000000075 0.659375 0.7859375000000001 0.7890625000000002 0.7859375000000002
5 0.6953125000000001 0.12343750000000009 0.5625 0.12343750000000009 0.5625000000000001 0.9140625 0.6953125000000002 0.9140625
5 0.55625 0.4421875 0.5171875 0.4421875 0.5171875 0.515625 0.55625 0.515625
5 0.5750000000000001 0.4421875 0.490625 0.4421875 0.4906250000000001 0.8828125 0.5750000000000002 0.8828125
5 0.6265625000000001 0.042187500000000065 0.49375 0.04218750000000006 0.4937500000000001 0.7609375 0.6265625000000001 0.7609375
5 0.5359375000000001 0.11718750000000004 0.4125 0.11718750000000004 0.4125000000000001 0.821875 0.5359375000000002 0.821875
5 0.45781250000000007 0.04218750000000005 0.33125 0.042187500000000044 0.33125000000000004 0.840625 0.4578125000000002 0.840625
5 0.4328125000000001 0.4484375 0.3515625000000001 0.4484375 0.3515625000000001 0.9265625 0.43281250000000016 0.9265625
5 0.37031250000000004 0.24531250000000004 0.2625 0.2453125 0.26250000000000007 0.878125 0.3703125000000001 0.878125
5 0.30468750000000006 0.043750000000000025 0.165625 0.043750000000000025 0.16562500000000005 0.890625 0.3046875000000001 0.890625