5 0.9703125 0.04062500000000011 0.853125 0.0406250000000001 0.853125 0.946875 0.9703125 0.946875
5 0.93125 0.04687500000000011 0.8859375 0.04687500000000011 0.8859375 0.11250000000000011 0.93125 0.11250000000000013
5 0.7828125 0.0390625000000001 0.734375 0.03906250000000009 0.734375 0.1062500000000001 0.7828125 0.1062500000000001
5 0.6359375 0.1984375000000001 0.5796875 0.1984375000000001 0.5796875 0.2718750000000001 0.6359375 0.2718750000000001
5 0.5078125 0.19218750000000004 0.4390625 0.19218750000000004 0.4390625 0.2843750000000001 0.5078125 0.2843750000000001
5 0.3890625 0.19843750000000004 0.3140625 0.19843750000000004 0.3140625 0.29218750000000004 0.3890625 0.2921875000000001
5 0.2359375 0.07968750000000002 0.196875 0.07968750000000002 0.196875 0.15937500000000004 0.2359375 0.15937500000000004
5 0.09843750000000001 0.07343750000000002 0.059375 0.0734375 0.05937500000000001 0.1390625 0.09843750000000002 0.1390625
5 0.659375 0.1984375000000001 0.546875 0.1984375000000001 0.5468750000000001 0.940625 0.6593750000000002 0.940625
5 0.8171875 0.04062500000000009 0.7015625 0.04062500000000009 0.7015625000000001 0.946875 0.8171875 0.946875
5 0.534375 0.19843750000000004 0.4171875 0.19843750000000004 0.4171875000000001 0.946875 0.5343750000000002 0.946875
5 0.39687500000000003 0.19843750000000004 0.2984375 0.19843750000000004 0.2984375 0.940625 0.3968750000000001 0.940625
5 0.27187500000000003 0.07968750000000002 0.1640625 0.07968750000000002 0.16406250000000006 0.940625 0.2718750000000001 0.940625
5 0.13125000000000006 0.07343750000000002 0.01875000000000001 0.0734375 0.018750000000000065 0.946875 0.13125000000000014 0.946875