5 0.940625 0.5593750000000002 0.78125 0.5593750000000002 0.7812500000000001 0.825 0.940625 0.825
5 0.8703125 0.3781250000000001 0.78125 0.3781250000000001 0.7812500000000001 0.83125 0.8703125 0.83125
5 0.7859375000000001 0.4062500000000001 0.7109375 0.40625 0.7109375000000001 0.7859375000000001 0.7859375000000002 0.7859375000000002
5 0.6578125000000001 0.740625 0.6234375000000002 0.740625 0.6234375000000002 0.8140625 0.6578125000000001 0.8140625
5 0.753125 0.6609375000000001 0.6203125 0.6609375 0.6203125 0.83125 0.7531250000000002 0.83125
5 0.69375 0.1750000000000001 0.6515625 0.1750000000000001 0.6515625 0.2312500000000001 0.69375 0.2312500000000001
5 0.584375 0.1859375000000001 0.55 0.1859375000000001 0.55 0.22656250000000008 0.584375 0.22656250000000008
5 0.609375 0.2656250000000001 0.5703125 0.2656250000000001 0.5703125 0.3156250000000001 0.609375 0.3156250000000001
5 0.503125 0.2093750000000001 0.46875 0.2093750000000001 0.46875 0.2375000000000001 0.503125 0.2375000000000001
5 0.5109375 0.3906250000000001 0.471875 0.3906250000000001 0.471875 0.440625 0.5109375 0.440625
5 0.4765625000000001 0.4296875 0.39531250000000007 0.4296875 0.39531250000000007 0.846875 0.47656250000000017 0.846875
5 0.45 0.3671875000000001 0.4015625 0.3671875000000001 0.4015625 0.525 0.45 0.525
5 0.5171875 0.2093750000000001 0.44375 0.2093750000000001 0.44375 0.46875 0.5171875 0.46875
5 0.60625 0.18750000000000006 0.5171875 0.18750000000000006 0.5171875 0.3453125000000001 0.60625 0.3453125000000001
5 0.7109375 0.18125000000000008 0.6203125 0.18125000000000008 0.6203125 0.7234375 0.7109375 0.7234375
5 0.6375 0.4125 0.6015625 0.4125 0.6015625 0.4578125 0.6375 0.4578125
5 0.6625000000000001 0.4125 0.578125 0.4125 0.5781250000000001 0.88125 0.6625000000000002 0.88125
5 0.5281250000000001 0.3843750000000001 0.4609375 0.3843750000000001 0.4609375000000001 0.8578125 0.5281250000000002 0.8578125
5 0.5984375000000001 0.3218750000000001 0.49375 0.3218750000000001 0.4937500000000001 0.8640625 0.5984375000000002 0.8640625