5 0.2328125000000001 0.6796875 0.1671875000000001 0.6796875 0.1671875000000001 0.775 0.2328125000000001 0.775
5 0.2734375000000001 0.5171875 0.2296875000000001 0.5171875 0.2296875000000001 0.625 0.2734375000000001 0.625
5 0.09062500000000007 0.4640625 0.020312500000000056 0.4640625 0.02031250000000006 0.559375 0.09062500000000007 0.559375
5 0.290625 0.08281250000000004 0.2296875 0.08281250000000002 0.2296875 0.16718750000000004 0.290625 0.16718750000000004
5 0.1609375 0.07187500000000002 0.1078125 0.07187500000000002 0.1078125 0.13125 0.1609375 0.13125
5 0.4640625 0.07187500000000005 0.4109375 0.07187500000000005 0.4109375 0.17343750000000005 0.4640625 0.17343750000000005
5 0.6671875 0.12500000000000008 0.6140625 0.12500000000000008 0.6140625 0.2078125000000001 0.6671875 0.2078125000000001
5 0.6796875 0.04218750000000008 0.6296875 0.04218750000000008 0.6296875 0.11875000000000009 0.6796875 0.11875000000000009
5 0.5828125 0.14375000000000007 0.5265625 0.14375000000000004 0.5265625 0.20312500000000008 0.5828125 0.20312500000000008
5 0.8234375 0.6609375000000002 0.7671875 0.6609375000000002 0.7671875000000001 0.7500000000000002 0.8234375 0.7500000000000002
5 0.7734375 0.6250000000000001 0.7171875 0.625 0.7171875 0.6968750000000001 0.7734375 0.6968750000000001
5 0.7843750000000002 0.8640625 0.7375000000000002 0.8640625 0.7375000000000002 0.965625 0.7843750000000002 0.965625
5 0.9265625 0.8328125 0.890625 0.8328125 0.890625 0.9109375 0.9265625 0.9109375
5 0.996875 0.3750000000000001 0.959375 0.3750000000000001 0.959375 0.4343750000000002 0.996875 0.4343750000000002
5 0.9171875 0.1968750000000001 0.8734375 0.19687500000000008 0.8734375 0.3390625000000001 0.9171875 0.3390625000000001
5 0.6703125000000001 0.6421875 0.6203125 0.6421875 0.6203125 0.7265625 0.6703125000000002 0.7265625
5 0.5796875 0.6015625 0.5265625 0.6015625 0.5265625 0.696875 0.5796875 0.696875
5 0.6265625000000001 0.803125 0.5828125000000002 0.803125 0.5828125000000002 0.8578125 0.6265625000000001 0.8578125
5 0.7031250000000002 0.934375 0.6468750000000002 0.934375 0.6468750000000002 0.99375 0.7031250000000002 0.99375
5 0.0859375000000001 0.7265625 0.02343750000000009 0.7265625 0.023437500000000097 0.86875 0.08593750000000011 0.86875
5 0.4 0.5 0.3437500000000001 0.5 0.3437500000000001 0.571875 0.4 0.571875
5 0.4734375 0.61875 0.4171875 0.61875 0.4171875 0.690625 0.4734375 0.690625
5 0.5265625 0.50625 0.4640625 0.50625 0.4640625 0.5828125 0.5265625 0.5828125
5 0.10000000000000002 0.07187500000000001 0.05 0.071875 0.05000000000000001 0.2140625 0.10000000000000005 0.2140625
5 0.08281250000000004 0.3640625 0.04062500000000004 0.3640625 0.04062500000000005 0.4234375 0.08281250000000004 0.4234375
5 0.996875 0.6484375000000002 0.959375 0.6484375000000002 0.959375 0.7203125000000001 0.996875 0.7203125000000001
5 0.996875 0.6484375000000002 0.94375 0.6484375000000002 0.94375 0.99375 0.996875 0.99375
5 0.946875 0.821875 0.84375 0.821875 0.84375 0.99375 0.946875 0.99375
5 0.959375 0.6125000000000002 0.8734375 0.6125000000000002 0.8734375 0.821875 0.959375 0.821875
5 0.996875 0.3750000000000001 0.9390625 0.3750000000000001 0.9390625 0.6421875000000001 0.996875 0.6421875000000001
5 0.996875 1.188290097297666e-16 0.94375 1.1557604166953146e-16 0.94375 0.3750000000000001 0.996875 0.3750000000000001
5 0.9671875 0.3343750000000001 0.8796875 0.3343750000000001 0.8796875 0.6140625000000002 0.9671875 0.6140625000000002
5 0.9765625 0.10781250000000012 0.8765625 0.10781250000000009 0.8765625 0.3343750000000001 0.9765625 0.3343750000000001
5 0.95 1.1107929170391227e-16 0.8640625 1.0581713748882599e-16 0.8640625 0.16093750000000012 0.95 0.16093750000000012
5 0.9109375 0.5125000000000002 0.840625 0.5125000000000002 0.840625 0.6781250000000002 0.9109375 0.6781250000000002
5 0.8796875 0.6187500000000001 0.8140625 0.6187500000000001 0.8140625 0.7734375000000002 0.8796875 0.7734375000000002
5 0.8703125 0.7500000000000002 0.7937500000000002 0.7500000000000002 0.7937500000000002 0.9828125 0.8703125 0.9828125
5 0.9203125 1.0371227580279148e-16 0.7734375 9.47187758715531e-17 0.7734375 0.3156250000000001 0.9203125 0.3156250000000001
5 0.890625 0.22031250000000008 0.7171875 0.22031250000000008 0.7171875 0.4218750000000001 0.890625 0.42187500000000017
5 0.88125 0.4234375000000002 0.734375 0.4234375000000002 0.734375 0.6796875000000002 0.88125 0.6796875000000002
5 0.803125 0.5953125000000001 0.7 0.5953125 0.7000000000000001 0.9640625 0.803125 0.9640625
5 0.7937500000000001 0.2687500000000001 0.6640625 0.2687500000000001 0.6640625000000001 0.9640625 0.7937500000000002 0.9640625
5 0.75 8.658635572096521e-17 0.6640625 8.132420150587893e-17 0.6640625 0.22031250000000008 0.75 0.22031250000000008
5 0.7265625 0.2328125000000001 0.6265625 0.2328125000000001 0.6265625 0.51875 0.7265625 0.5187500000000002
5 0.6796875 8.065447278759521e-17 0.6375 7.807123344564376e-17 0.6375 0.1375000000000001 0.6796875 0.1375000000000001
5 0.6671875 7.778420685209361e-17 0.603125 7.386151007357474e-17 0.603125 0.20312500000000008 0.6671875 0.20312500000000008
5 0.60625 6.898205798322201e-17 0.5203125 6.371990376813572e-17 0.5203125 0.22031250000000008 0.60625 0.22031250000000008
5 0.640625 0.22031250000000008 0.5609375 0.22031250000000008 0.5609375 0.428125 0.640625 0.428125
5 0.55625 6.343287717458556e-17 0.4796875 5.87447761465996e-17 0.4796875 0.3921875000000001 0.55625 0.3921875000000001
5 0.5234375 0.16718750000000004 0.4265625 0.16718750000000004 0.4265625 0.5890625 0.5234375 0.5890625
5 0.6 0.434375 0.5203125 0.434375 0.5203125 0.6078125 0.6 0.6078125
5 0.6640625 0.5125 0.6140625 0.5125 0.6140625 0.5828125 0.6640625 0.5828125
5 0.6640625000000001 0.50625 0.553125 0.50625 0.5531250000000001 0.821875 0.6640625000000002 0.821875
5 0.6765625000000002 0.809375 0.5593750000000002 0.809375 0.5593750000000002 0.99375 0.6765625000000002 0.99375
5 0.503125 5.616153680464816e-17 0.4140625 5.070803152719509e-17 0.4140625 0.16718750000000004 0.503125 0.16718750000000004
5 0.4 0.446875 0.3703125000000001 0.446875 0.3703125000000001 0.5234375 0.4 0.5234375
5 0.09218750000000002 5.644856339819833e-18 0 0 2.6215095544248028e-17 0.428125 0.09218750000000005 0.428125
5 0.3203125000000001 0.7734375 0.2093750000000001 0.7734375 0.2093750000000001 0.99375 0.3203125000000001 0.99375
5 0.40937500000000016 0.7859375 0.3234375000000001 0.7859375 0.3234375000000001 0.99375 0.40937500000000016 0.99375
5 0.4203125000000001 0.5 0.3234375000000001 0.5 0.3234375000000001 0.99375 0.4203125000000002 0.99375
5 0.5468750000000002 0.76875 0.40937500000000016 0.76875 0.40937500000000016 0.9953125 0.5468750000000002 0.9953125
5 0.4796875000000001 0.684375 0.4265625 0.684375 0.42656250000000007 0.9109375 0.47968750000000016 0.9109375
5 0.55 0.5953125 0.4671875 0.5953125 0.4671875000000001 0.796875 0.5500000000000002 0.796875
5 0.4375 4.582857943684236e-17 0.3109375 3.807886141098801e-17 0.31093750000000003 0.50625 0.4375 0.50625
5 0.2328125000000001 0.6671875 0.11718750000000008 0.6671875 0.11718750000000011 0.99375 0.2328125000000001 0.99375
5 0.3468750000000001 0.5234375 0.20312500000000008 0.5234375 0.20312500000000008 0.7921875 0.3468750000000001 0.7921875
5 0.3437500000000001 0.4109375 0.29375000000000007 0.4109375 0.29375000000000007 0.5296875 0.3437500000000001 0.5296875
5 0.3609375 3.760048375507108e-17 0.253125 3.099887210341738e-17 0.253125 0.13750000000000004 0.3609375 0.13750000000000004
5 0.36406250000000007 0.08906250000000004 0.2765625 0.08906250000000004 0.27656250000000004 0.5234375 0.36406250000000007 0.5234375
5 0.28750000000000003 0.15468750000000003 0.203125 0.15468750000000003 0.20312500000000006 0.3921875 0.2875000000000001 0.3921875
5 0.25625 2.7363201918448673e-17 0.190625 2.3344829608746423e-17 0.190625 0.16718750000000004 0.25625 0.16718750000000004
5 0.13281250000000003 0.06562500000000002 0.096875 0.06562500000000002 0.09687500000000002 0.2265625 0.13281250000000006 0.2265625
5 0.24687500000000004 0.19062500000000002 0.10000000000000005 0.190625 0.10000000000000006 0.571875 0.2468750000000001 0.571875
5 0.19687500000000002 1.798699986247675e-17 0.096875 1.1863765866739984e-17 0.09687500000000002 0.19687500000000002 0.19687500000000005 0.19687500000000005
5 0.02656250000000008 0.3984375 4.8794520903527353e-17 0.3984375 7.797555791446039e-17 0.875 0.02656250000000011 0.875
5 0.014062500000000103 0.75625 9.26139141855186e-17 0.75625 1.0065065880492311e-16 0.8875 0.014062500000000111 0.8875
5 0.14687500000000012 0.7859375 0.0062500000000000975 0.7859375 0.00625000000000011 0.99375 0.14687500000000014 0.99375
5 0.08281250000000008 0.4578125 0.020312500000000056 0.4578125 0.02031250000000007 0.684375 0.0828125000000001 0.684375
5 0.996875 6.104098889500089e-17 0 0 6.084963783263412e-17 0.99375 0.996875 0.99375