5 0.7953125000000001 0.06250000000000007 0.3015625 0.06250000000000004 0.30156250000000007 0.784375 0.7953125000000002 0.7843750000000002
5 0.996875 0.24218750000000008 0.75 0.24218750000000008 0.7500000000000001 0.9953125 0.996875 0.9953125
5 0.91875 0.5781250000000001 0.6171875 0.578125 0.6171875000000001 0.9953125 0.91875 0.9953125
5 0.6562500000000001 0.6546875 0.30937500000000007 0.6546875 0.30937500000000007 0.9953125 0.6562500000000002 0.9953125
5 0.3437500000000001 0.7171875 0.12031250000000009 0.7171875 0.12031250000000011 0.9953125 0.3437500000000001 0.9953125
5 0.18593750000000012 0.7625 9.337931843498569e-17 0.7625 1.0763497258131035e-16 0.9953125 0.18593750000000014 0.9953125
5 0.35937500000000006 0.253125 3.099887210341738e-17 0.253125 6.630314311008717e-17 0.8296875 0.3593750000000001 0.8296875
5 0.10468750000000002 0.04687500000000001 5.7405318710032185e-18 0.046875 2.4684287045313837e-17 0.35625 0.10468750000000004 0.35625
4 0.33593750000000006 0.07187500000000002 0.0546875 0.071875 0.05468750000000002 0.365625 0.3359375000000001 0.365625
4 0.65625 5.960585592725007e-17 0.3171875 3.884426566045511e-17 0.31718750000000007 0.4078125 0.65625 0.4078125
4 0.9921875 9.998093008663938e-17 0.640625 7.845393557037732e-17 0.640625 0.2531250000000001 0.9921875 0.2531250000000001