5 0.965625 1.1040956298562856e-16 0.8375 1.0256416942859082e-16 0.8375 0.9015625 0.965625 0.9015625
5 0.9546875 1.1031388745444516e-16 0.846875 1.0371227580279147e-16 0.846875 0.12968750000000012 0.9546875 0.12968750000000012
5 0.7734375 0.0062500000000000906 0.70625 0.006250000000000086 0.70625 0.08593750000000008 0.7734375 0.08593750000000008
5 0.60625 0.14218750000000008 0.5453125 0.14218750000000008 0.5453125 0.2218750000000001 0.60625 0.2218750000000001
5 0.45625 0.09218750000000006 0.3953125 0.09218750000000005 0.3953125 0.18593750000000003 0.45625 0.18593750000000003
5 0.2953125 0.04375000000000003 0.234375 0.04375000000000003 0.234375 0.13593750000000004 0.2953125 0.13593750000000004
5 0.128125 0.04375000000000001 0.0703125 0.04375000000000001 0.07031250000000001 0.1296875 0.128125 0.1296875
5 0.6375000000000001 0.14218750000000008 0.509375 0.14218750000000005 0.5093750000000001 0.8953125 0.6375000000000002 0.8953125
5 0.8015625 0.0062500000000000906 0.6734375 0.006250000000000084 0.6734375000000001 0.9078125 0.8015625 0.9078125
5 0.48125000000000007 0.09843750000000005 0.3625 0.09843750000000004 0.36250000000000004 0.8953125 0.4812500000000002 0.8953125
5 0.32656250000000003 0.05000000000000003 0.2015625 0.050000000000000024 0.20156250000000003 0.9015625 0.3265625000000001 0.9015625
5 0.16406250000000006 0.04375000000000001 0.0359375 0.04375 0.03593750000000005 0.9078125 0.16406250000000014 0.9078125