5 0.6578125 0.6171875 0.6109375 0.6171875 0.6109375 0.721875 0.6578125 0.721875
5 0.5125000000000001 0.634375 0.465625 0.634375 0.46562500000000007 0.7375 0.5125000000000002 0.7375
5 0.73125 0.2734375000000001 0.665625 0.2734375000000001 0.665625 0.37187500000000007 0.73125 0.37187500000000007
5 0.6953125 0.20312500000000008 0.6265625 0.20312500000000008 0.6265625 0.30156250000000007 0.6953125 0.30156250000000007
5 0.934375 0.1421875000000001 0.865625 0.14218750000000008 0.865625 0.21250000000000008 0.934375 0.21250000000000008
5 0.61875 0.004687500000000072 0.5609375 0.004687500000000068 0.5609375 0.10937500000000008 0.61875 0.10937500000000008
5 0.86875 0.021875000000000103 0.8109375 0.0218750000000001 0.8109375 0.0984375000000001 0.86875 0.09843750000000011
5 0.2984375 0.054687500000000035 0.2359375 0.05468750000000002 0.2359375 0.13593750000000004 0.2984375 0.13593750000000004
5 0.4296875 0.2843750000000001 0.38125 0.2843750000000001 0.38125000000000003 0.38750000000000007 0.4296875 0.38750000000000007
5 0.30937500000000007 0.51875 0.2578125000000001 0.51875 0.2578125000000001 0.5953125 0.30937500000000007 0.5953125
5 0.1859375000000001 0.546875 0.11250000000000009 0.546875 0.11250000000000009 0.590625 0.1859375000000001 0.590625
5 0.19375000000000014 0.9125 0.15000000000000013 0.9125 0.15000000000000013 0.9890625 0.19375000000000014 0.9890625
5 0.16406250000000003 0.18125 0.09843750000000002 0.18125 0.09843750000000002 0.26875 0.16406250000000006 0.26875
5 0.084375 0.059375 0.029687500000000012 0.059375 0.029687500000000016 0.1421875 0.08437500000000002 0.1421875
5 0.9484375 0.1421875000000001 0.665625 0.14218750000000008 0.6656250000000001 0.7265625000000001 0.9484375 0.7265625000000002
5 0.996875 0.6671875000000002 0.825 0.6671875000000002 0.825 0.853125 0.996875 0.853125
5 0.996875 0.8421875 0.8359375 0.8421875 0.8359375 0.9953125 0.996875 0.9953125
5 0.8359375 0.7265625000000001 0.14218750000000008 0.7265625 0.1421875000000001 0.9953125 0.8359375 0.9953125
5 0.95625 0.1484375000000001 0.6765625 0.14843750000000008 0.6765625000000001 0.8203125 0.95625 0.8203125
5 0.996875 0.6562500000000002 0.825 0.6562500000000002 0.825 0.853125 0.996875 0.853125
5 0.996875 0.13750000000000012 0.9453125 0.13750000000000012 0.9453125 0.6500000000000001 0.996875 0.6500000000000001
5 0.996875 0.07031250000000011 0.9640625 0.07031250000000011 0.9640625 0.13125000000000014 0.996875 0.13125000000000014
5 0.996875 1.1854198313621646e-16 0.9390625 1.1500198848243113e-16 0.9390625 0.14218750000000013 0.996875 0.14218750000000013
5 0.7859375 8.237663234889618e-17 0.559375 6.850368032730508e-17 0.559375 0.14218750000000008 0.7859375 0.14218750000000008
5 0.9453125 1.0600848855119278e-16 0.7859375 9.62495843704873e-17 0.7859375 0.1421875000000001 0.9453125 0.14218750000000013
5 0.73125 0.26250000000000007 0.309375 0.2625 0.30937500000000007 0.721875 0.73125 0.7218750000000002
5 0.3046875000000001 0.51875 6.352855270576895e-17 0.51875 8.926527059410003e-17 0.9390625 0.3046875000000001 0.9390625
5 0.17812500000000006 0.3609375 4.420209540672478e-17 0.3609375 6.429395695523604e-17 0.6890625 0.1781250000000001 0.6890625
5 0.22968750000000004 0.2796875 3.425184016365254e-17 0.2796875 4.898587196589413e-17 0.5203125 0.2296875000000001 0.5203125
5 0.17500000000000004 0.1859375 0.007812500000000023 0.1859375 0.00781250000000003 0.2890625 0.17500000000000004 0.2890625
5 0.31250000000000006 0.34375 0.2328125 0.34375 0.23281250000000003 0.525 0.3125000000000001 0.525
5 0.1453125 8.897824400054989e-18 0 0 1.3011872240940627e-17 0.2125 0.14531250000000004 0.2125
5 0.246875 2.4397260451763677e-17 0.1515625 1.8561053049577072e-17 0.1515625 0.09218750000000002 0.246875 0.09218750000000002
5 0.5125 4.582857943684235e-17 0.2359375 2.8894010417382865e-17 0.2359375 0.24062500000000003 0.5125 0.2406250000000001
5 0.3734375 4.286263797015736e-17 0.3265625 3.999237203465575e-17 0.3265625 0.07031250000000004 0.3734375 0.07031250000000004
5 0.425 4.0949127346489623e-17 0.24375 2.985076572921674e-17 0.24375 0.13125000000000003 0.425 0.13125000000000003
5 0.5609375 0.010937500000000067 0.5171875 0.010937500000000063 0.5171875 0.2562500000000001 0.5609375 0.2562500000000001
5 0.7734375 8.180257916179587e-17 0.5625 6.888638245203862e-17 0.5625 0.2453125000000001 0.7734375 0.2453125000000001
5 0.35937500000000006 0.054687500000000035 0.153125 0.05468750000000002 0.153125 0.371875 0.3593750000000001 0.371875
5 0.509375 4.142750500240656e-17 0.1671875 2.0474563673244812e-17 0.16718750000000002 0.48125 0.509375 0.48125
5 0.4625000000000002 0.846875 0.3203125000000001 0.846875 0.3203125000000001 0.9953125 0.4625000000000002 0.9953125
5 0.996875 6.104098889500089e-17 0 0 6.09453133638175e-17 0.9953125 0.996875 0.9953125