5 0.996875 0.23593750000000008 0.696875 0.23593750000000008 0.6968750000000001 0.7750000000000001 0.996875 0.7750000000000001
5 0.64375 0.7015625 0.4875 0.7015625 0.4875000000000001 0.915625 0.6437500000000002 0.915625
5 0.9953125 0.07343750000000007 0.4375 0.07343750000000004 0.4375 0.6546875000000001 0.9953125 0.6546875000000002
5 0.996875 0.6765625000000001 0.4875 0.6765625 0.4875000000000001 0.9171875 0.996875 0.9171875
5 0.64375 0.690625 0.2140625000000001 0.690625 0.2140625000000001 0.9109375 0.6437500000000002 0.9109375
5 0.27031250000000007 0.8109375 0.1218750000000001 0.8109375 0.12187500000000011 0.9109375 0.27031250000000007 0.9109375
5 0.3421875000000001 0.440625 5.3960999587430256e-17 0.440625 8.275933447362974e-17 0.9109375 0.3421875000000001 0.9109375
5 0.5515625000000001 0.45625 0.27812500000000007 0.45625 0.27812500000000007 0.7703125 0.5515625000000002 0.7703125
5 0.24687500000000004 0.14687500000000003 1.798699986247675e-17 0.146875 4.429777093790816e-17 0.5765625 0.2468750000000001 0.5765625
5 0.35000000000000003 0.10937500000000003 1.3394574365674177e-17 0.109375 3.329508485181867e-17 0.434375 0.3500000000000001 0.434375
5 0.7875 0.06250000000000008 0.6546875 0.06250000000000008 0.6546875 0.18906250000000008 0.7875 0.18906250000000008
5 0.7375 8.400311637901375e-17 0.634375 7.768853132091022e-17 0.634375 0.07343750000000007 0.7375 0.07343750000000009
5 0.665625 5.443937724334719e-17 0.2234375 2.7363201918448673e-17 0.2234375 0.3609375 0.665625 0.3609375000000001
5 0.9921875 1.0619983961355955e-16 0.7421875 9.089175462421762e-17 0.7421875 0.0687500000000001 0.9921875 0.06875000000000012
5 0.2546875 1.5595111582892075e-17 0 0 1.2820521178573852e-17 0.209375 0.2546875 0.209375
5 0.996875 6.104098889500089e-17 0 0 5.673558999174847e-17 0.9265625 0.996875 0.9265625