5 0.9421875 0.41406250000000017 0.8625 0.41406250000000017 0.8625 0.5515625000000002 0.9421875 0.5515625000000002
5 0.7875 0.45781250000000007 0.7109375 0.4578125 0.7109375 0.5828125000000001 0.7875 0.5828125000000002
5 0.65 0.5109375 0.5609375 0.5109375 0.5609375 0.640625 0.65 0.640625
5 0.49375 0.5515625 0.421875 0.5515625 0.421875 0.6671875 0.49375 0.6671875
5 0.3593750000000001 0.578125 0.2890625000000001 0.578125 0.2890625000000001 0.69375 0.3593750000000001 0.69375
5 0.2218750000000001 0.5953125 0.15625000000000008 0.5953125 0.15625000000000008 0.715625 0.2218750000000001 0.715625
5 0.10156250000000008 0.61875 0.031250000000000076 0.61875 0.03125000000000008 0.7390625 0.10156250000000008 0.7390625
5 0.28437500000000004 0.24375 0.209375 0.24375 0.20937500000000003 0.3734375 0.2843750000000001 0.3734375
5 0.4671875 0.16875000000000004 0.390625 0.16875000000000004 0.390625 0.2984375000000001 0.4671875 0.2984375000000001
5 0.6671875 0.06718750000000008 0.5828125 0.06718750000000007 0.5828125 0.1906250000000001 0.6671875 0.1906250000000001
5 0.903125 0.017187500000000105 0.8140625 0.0171875000000001 0.8140625 0.14218750000000008 0.903125 0.14218750000000008
5 0.13281250000000006 0.240625 0.05312500000000002 0.240625 0.05312500000000003 0.36875 0.13281250000000006 0.36875
5 0.9609375 0.41406250000000017 0.840625 0.41406250000000017 0.840625 0.934375 0.9609375 0.934375
5 0.959375 0.018750000000000107 0.7515625 0.018750000000000093 0.7515625000000001 0.7921875000000002 0.959375 0.7921875000000002
5 0.7250000000000001 0.06718750000000008 0.5328125 0.06718750000000007 0.5328125000000001 0.778125 0.7250000000000002 0.778125
5 0.5109375 0.16875000000000004 0.346875 0.16875000000000004 0.34687500000000004 0.7875 0.5109375000000002 0.7875
5 0.31562500000000004 0.2453125 0.17343750000000005 0.2453125 0.17343750000000008 0.7875 0.3156250000000001 0.7875
5 0.15468750000000006 0.24375 0.031250000000000035 0.24375 0.03125000000000007 0.778125 0.1546875000000001 0.778125
5 0.809375 0.4531250000000001 0.69375 0.453125 0.6937500000000001 0.9328125 0.809375 0.9328125
5 0.6671875 0.5109375 0.5515625 0.5109375 0.5515625000000001 0.9296875 0.6671875000000002 0.9296875
5 0.5109375 0.5515625 0.409375 0.5515625 0.4093750000000001 0.9328125 0.5109375000000002 0.9328125
5 0.3734375000000001 0.578125 0.2750000000000001 0.578125 0.2750000000000001 0.9328125 0.3734375000000001 0.9328125
5 0.23593750000000008 0.6 0.14218750000000008 0.6 0.1421875000000001 0.9328125 0.23593750000000008 0.9328125
5 0.10625000000000011 0.61875 0.02656250000000008 0.61875 0.026562500000000093 0.9390625 0.10625000000000014 0.9390625