5 0.875 0.3187500000000001 0.6828125 0.3187500000000001 0.6828125 0.8890625 0.875 0.8890625
5 0.5859375000000001 0.2656250000000001 0.375 0.2656250000000001 0.37500000000000006 0.9546875 0.5859375000000002 0.9546875
5 0.74375 0.22812500000000008 0.659375 0.22812500000000008 0.659375 0.6296875000000001 0.74375 0.6296875000000002
5 0.7015625 0.2734375000000001 0.59375 0.2734375000000001 0.59375 0.6234375 0.7015625 0.6234375
5 0.6125 0.2671875000000001 0.50625 0.2671875000000001 0.5062500000000001 0.8125 0.6125000000000002 0.8125
5 0.4093750000000001 0.259375 0.2203125 0.259375 0.22031250000000005 0.921875 0.40937500000000016 0.921875
5 0.26562500000000006 0.3109375 0.17343750000000005 0.3109375 0.17343750000000008 0.909375 0.2656250000000001 0.909375
5 0.20781250000000004 0.33125 0.03906250000000004 0.33125 0.03906250000000007 0.81875 0.2078125000000001 0.81875
5 0.859375 0.6296875000000001 0.5609375 0.6296875 0.5609375000000001 0.903125 0.859375 0.903125
5 0.8234375 0.3125000000000001 0.753125 0.3125000000000001 0.753125 0.4031250000000002 0.8234375 0.4031250000000002
5 0.7234375 0.23437500000000008 0.66875 0.23437500000000008 0.66875 0.2921875000000001 0.7234375 0.2921875000000001
5 0.6703125 0.2734375000000001 0.634375 0.2734375000000001 0.634375 0.3187500000000001 0.6703125 0.3187500000000001
5 0.5828125 0.2921875000000001 0.53125 0.2921875000000001 0.53125 0.3828125000000001 0.5828125 0.3828125000000001
5 0.5375 0.2671875000000001 0.4609375 0.2671875000000001 0.4609375 0.3515625000000001 0.5375 0.3515625000000001
5 0.3359375 0.259375 0.26875 0.259375 0.26875 0.31875 0.3359375 0.31875
5 0.24375000000000005 0.3125 0.18906250000000005 0.3125 0.18906250000000005 0.3828125 0.24375000000000008 0.3828125
5 0.17031250000000003 0.325 0.12812500000000004 0.325 0.12812500000000004 0.3765625 0.17031250000000003 0.3765625